   0.000000    0.388886    0.333706    0.000000    0.000000   19.122767   21.821095    0.125000    0.250000
   0.005025    0.388886    0.333706    0.096092    0.109651   16.477546   19.930420    0.125000    0.250000
   0.010050    0.389369    0.334257    0.178892    0.209801   12.362922   15.518007    0.125000    0.250000
   0.015075    0.390268    0.335311    0.241015    0.287779    7.436201    9.066560    0.125000    0.250000
   0.020101    0.391479    0.336758    0.278390    0.333348    3.430232    3.415605    0.125000    0.250000
   0.025126    0.392878    0.338433    0.295627    0.350511    0.533263   -0.597675    0.125000    0.250000
   0.030151    0.394364    0.340194    0.298306    0.347508   -1.115638   -2.392180    0.125000    0.250000
   0.035176    0.395863    0.341940    0.292700    0.335487   -1.322131   -1.685166    0.125000    0.250000
   0.040201    0.397333    0.343626    0.286056    0.327019   -1.106659   -0.454430    0.125000    0.250000
   0.045226    0.398771    0.345269    0.280495    0.324736   -1.115777    0.192829    0.125000    0.250000
   0.050251    0.400180    0.346901    0.274889    0.325705   -1.244173    0.453613    0.125000    0.250000
   0.055276    0.401562    0.348538    0.268637    0.327984   -1.299078    0.650636    0.125000    0.250000
   0.060302    0.402912    0.350186    0.262108    0.331254   -1.335158    0.805931    0.125000    0.250000
   0.065327    0.404229    0.351851    0.255398    0.335304   -1.426292    0.856745    0.125000    0.250000
   0.070352    0.405512    0.353536    0.248231    0.339609   -1.509848    0.859238    0.125000    0.250000
   0.075377    0.406760    0.355242    0.240644    0.343927   -1.500334    0.913630    0.125000    0.250000
   0.080402    0.407969    0.356970    0.233105    0.348518   -1.466682    0.974140    0.125000    0.250000
   0.085427    0.409140    0.358722    0.225735    0.353413   -1.476589    0.967841    0.125000    0.250000
   0.090452    0.410275    0.360498    0.218315    0.358276   -1.486719    0.925881    0.125000    0.250000
   0.095477    0.411372    0.362298    0.210844    0.362929   -1.432029    0.923613    0.125000    0.250000
   0.100503    0.412431    0.364122    0.203647    0.367571   -1.361814    0.933896    0.125000    0.250000
   0.105528    0.413455    0.365969    0.196804    0.372264   -1.328153    0.899185    0.125000    0.250000
   0.110553    0.414444    0.367840    0.190130    0.376782   -1.298692    0.837596    0.125000    0.250000
   0.115578    0.415399    0.369733    0.183604    0.380991   -1.223878    0.805754    0.125000    0.250000
   0.120603    0.416322    0.371648    0.177454    0.385040   -1.140078    0.789016    0.125000    0.250000
   0.125628    0.417213    0.373582    0.171725    0.389005   -1.087076    0.742552    0.125000    0.250000
   0.130653    0.418076    0.375537    0.166263    0.392736   -1.039614    0.675979    0.125000    0.250000
   0.135678    0.418912    0.377511    0.161038    0.396133   -0.959858    0.631411    0.125000    0.250000
   0.140704    0.419721    0.379502    0.156214    0.399306   -0.875894    0.602240    0.125000    0.250000
   0.145729    0.420506    0.381508    0.151813    0.402333   -0.818188    0.553918    0.125000    0.250000
   0.150754    0.421269    0.383530    0.147701    0.405116   -0.765896    0.490671    0.125000    0.250000
   0.155779    0.422011    0.385566    0.143853    0.407582   -0.689830    0.443505    0.125000    0.250000
   0.160804    0.422734    0.387614    0.140386    0.409810   -0.612970    0.410768    0.125000    0.250000
   0.165829    0.423439    0.389673    0.137306    0.411874   -0.558820    0.366098    0.125000    0.250000
   0.170854    0.424129    0.391743    0.134498    0.413714   -0.509273    0.310413    0.125000    0.250000
   0.175879    0.424805    0.393822    0.131939    0.415274   -0.441347    0.266301    0.125000    0.250000
   0.180905    0.425468    0.395909    0.129721    0.416612   -0.374906    0.235008    0.125000    0.250000
   0.185930    0.426120    0.398002    0.127837    0.417793   -0.328526    0.196661    0.125000    0.250000
   0.190955    0.426763    0.400102    0.126186    0.418781   -0.285689    0.150243    0.125000    0.250000
   0.195980    0.427397    0.402206    0.124751    0.419536   -0.227704    0.112034    0.125000    0.250000
   0.201005    0.428023    0.404314    0.123606    0.420099   -0.172616    0.084817    0.125000    0.250000
   0.206030    0.428645    0.406425    0.122739    0.420526   -0.135619    0.053754    0.125000    0.250000
   0.211055    0.429261    0.408538    0.122057    0.420796   -0.101152    0.016792    0.125000    0.250000
   0.216080    0.429875    0.410653    0.121549    0.420880   -0.053359   -0.014478    0.125000    0.250000
   0.221106    0.430486    0.412768    0.121281    0.420807   -0.009161   -0.036591    0.125000    0.250000
   0.226131    0.431095    0.414883    0.121235    0.420623    0.018343   -0.060475    0.125000    0.250000
   0.231156    0.431704    0.416996    0.121327    0.420320    0.044183   -0.088689    0.125000    0.250000
   0.236181    0.432314    0.419108    0.121549    0.419874    0.082462   -0.113079    0.125000    0.250000
   0.241206    0.432925    0.421218    0.121964    0.419306    0.116967   -0.129969    0.125000    0.250000
   0.246231    0.433538    0.423325    0.122551    0.418653    0.135788   -0.147378    0.125000    0.250000
   0.251256    0.434153    0.425429    0.123234    0.417912    0.153675   -0.168176    0.125000    0.250000
   0.256281    0.434773    0.427529    0.124006    0.417067    0.183762   -0.186660    0.125000    0.250000
   0.261307    0.435396    0.429625    0.124929    0.416129    0.210220   -0.198895    0.125000    0.250000
   0.266332    0.436024    0.431716    0.125986    0.415129    0.221725   -0.210960    0.125000    0.250000
   0.271357    0.436657    0.433802    0.127100    0.414069    0.233341   -0.226605    0.125000    0.250000
   0.276382    0.437295    0.435883    0.128272    0.412931    0.257722   -0.241683    0.125000    0.250000
   0.281407    0.437940    0.437958    0.129568    0.411716    0.278292   -0.250396    0.125000    0.250000
   0.286432    0.438591    0.440027    0.130966    0.410458    0.284336   -0.258298    0.125000    0.250000
   0.291457    0.439249    0.442089    0.132395    0.409160    0.293477   -0.273015    0.125000    0.250000
   0.296482    0.439914    0.444145    0.133869    0.407788    0.318241   -0.290950    0.125000    0.250000
   0.301508    0.440587    0.446195    0.135469    0.406326    0.336356   -0.297456    0.125000    0.250000
   0.306533    0.441268    0.448237    0.137159    0.404831    0.338475   -0.299645    0.125000    0.250000
   0.311558    0.441957    0.450271    0.138860    0.403325    0.353136   -0.318895    0.125000    0.250000
   0.316583    0.442655    0.452298    0.140634    0.401723    0.393628   -0.350644    0.125000    0.250000
   0.321608    0.443362    0.454316    0.142612    0.399961    0.414098   -0.349796    0.125000    0.250000
   0.326633    0.444078    0.456326    0.144693    0.398203    0.406698   -0.326742    0.125000    0.250000
   0.331658    0.444805    0.458327    0.146737    0.396561    0.435250   -0.339549    0.125000    0.250000
   0.336683    0.445543    0.460320    0.148924    0.394855    0.517088   -0.377805    0.125000    0.250000
   0.341709    0.446291    0.462304    0.151523    0.392956    0.533768   -0.320047    0.125000    0.250000
   0.346734    0.447053    0.464279    0.154205    0.391348    0.471858   -0.180353    0.125000    0.250000
   0.351759    0.447828    0.466246    0.156576    0.390442    0.482116   -0.081482    0.125000    0.250000
   0.356784    0.448614    0.468208    0.158999    0.390032    0.589129    0.021876    0.125000    0.250000
   0.361809    0.449413    0.470167    0.161959    0.390142    0.510080    0.370698    0.125000    0.250000
   0.366834    0.450227    0.472128    0.164522    0.392005    0.208685    0.915950    0.125000    0.250000
   0.371859    0.451054    0.474098    0.165571    0.396608   -0.016560    1.499118    0.125000    0.250000
   0.376884    0.451886    0.476091    0.165488    0.404141   -0.167868    2.332513    0.125000    0.250000
   0.381910    0.452718    0.478122    0.164644    0.415864   -0.768709    3.690154    0.125000    0.250000
   0.386935    0.453545    0.480212    0.160781    0.434407   -1.831684    5.254854    0.125000    0.250000
   0.391960    0.454353    0.482395    0.151577    0.460813   -2.933102    7.010336    0.125000    0.250000
   0.396985    0.455115    0.484710    0.136838    0.496039   -4.291685    9.666976    0.125000    0.250000
   0.402010    0.455802    0.487203    0.115273    0.544616   -6.546212   13.176432    0.125000    0.250000
   0.407035    0.456381    0.489939    0.082378    0.610828   -9.294280   16.261201    0.125000    0.250000
   0.412060    0.456795    0.493009    0.035674    0.692540  -12.135199   19.113617    0.125000    0.250000
   0.417085    0.456975    0.496489   -0.025305    0.788586  -15.857667   23.026390    0.125000    0.250000
   0.422111    0.456847    0.500452   -0.105006    0.904317  -20.908631   27.692981    0.125000    0.250000
   0.427136    0.456320    0.504996   -0.210072    1.043474  -25.827955   31.155069    0.125000    0.250000
   0.432161    0.455264    0.510240   -0.339857    1.200028  -30.189738   33.257349    0.125000    0.250000
   0.437186    0.453556    0.516270   -0.491561    1.367146  -34.709114   33.187675    0.125000    0.250000
   0.442211    0.451086    0.523140   -0.665974    1.533914  -38.945229   28.740499    0.125000    0.250000
   0.447236    0.447740    0.530848   -0.861674    1.678335  -42.081949   22.252268    0.125000    0.250000
   0.452261    0.443410    0.539281   -1.073136    1.790153  -44.784545   16.437150    0.125000    0.250000
   0.457286    0.438017    0.548277   -1.298178    1.872750  -44.903619    5.967429    0.125000    0.250000
   0.462312    0.431493    0.557689   -1.523863    1.902742  -35.713080  -19.887969    0.125000    0.250000
   0.467337    0.423835    0.567251   -1.703322    1.802805  -19.362892  -56.128484    0.125000    0.250000
   0.472362    0.415276    0.576310   -1.800620    1.520759   -3.158221  -92.234168    0.125000    0.250000
   0.477387    0.406228    0.583952   -1.816490    1.057283   14.509007 -120.911082    0.125000    0.250000
   0.482412    0.397100    0.589264   -1.743583    0.449704   40.971739 -123.922868    0.125000    0.250000
   0.487437    0.388339    0.591524   -1.537700   -0.173008   73.800018 -101.233797    0.125000    0.250000
   0.492462    0.380612    0.590655   -1.166854   -0.681708  106.396388  -73.048896    0.125000    0.250000
   0.497487    0.374748    0.587229   -0.632213   -1.048779  133.374497  -46.185870    0.125000    0.250000
   0.502513    0.371571    0.581958    0.038128   -1.280909  138.096448  -20.060517    0.125000    0.250000
   0.507538    0.371762    0.575522    0.732062   -1.381713  118.202223    4.064883    0.125000    0.250000
   0.512563    0.375441    0.568578    1.326028   -1.361287   92.140013   26.163945    0.125000    0.250000
   0.517588    0.382104    0.561738    1.789032   -1.229813   66.162127   45.622463    0.125000    0.250000
   0.522613    0.391094    0.555558    2.121497   -1.000560   38.005489   54.105434    0.125000    0.250000
   0.527638    0.401755    0.550530    2.312474   -0.728680    9.812328   48.497876    0.125000    0.250000
   0.532663    0.413375    0.546869    2.361781   -0.484978  -15.648858   38.509827    0.125000    0.250000
   0.537688    0.425243    0.544432    2.283146   -0.291467  -37.729647   29.873094    0.125000    0.250000
   0.542714    0.436718    0.542967    2.093517   -0.141324  -50.335781   24.307261    0.125000    0.250000
   0.547739    0.447238    0.542257    1.840579   -0.019180  -50.690367   20.913873    0.125000    0.250000
   0.552764    0.456487    0.542160    1.585860    0.085912  -46.782040   17.571328    0.125000    0.250000
   0.557789    0.464456    0.542592    1.350780    0.174208  -43.005096   13.489030    0.125000    0.250000
   0.562814    0.471243    0.543467    1.134680    0.241990  -39.020573    9.135178    0.125000    0.250000
   0.567839    0.476945    0.544683    0.938601    0.287894  -34.179669    5.984805    0.125000    0.250000
   0.572864    0.481662    0.546130    0.766849    0.317968  -29.079647    4.069356    0.125000    0.250000
   0.577889    0.485515    0.547728    0.620723    0.338417  -23.793824    2.601997    0.125000    0.250000
   0.582915    0.488635    0.549429    0.501136    0.351494  -18.352963    1.383313    0.125000    0.250000
   0.587940    0.491153    0.551195    0.408912    0.358445  -13.866494    0.626167    0.125000    0.250000
   0.592965    0.493208    0.552996    0.339233    0.361592  -10.568957    0.208271    0.125000    0.250000
   0.597990    0.494912    0.554813    0.286124    0.362638   -7.755335   -0.067526    0.125000    0.250000
   0.603015    0.496350    0.556635    0.247153    0.362299   -5.232590   -0.209816    0.125000    0.250000
   0.608040    0.497592    0.558456    0.220859    0.361245   -3.406826   -0.235190    0.125000    0.250000
   0.613065    0.498702    0.560271    0.203740    0.360063   -2.187595   -0.242741    0.125000    0.250000
   0.618090    0.499726    0.562081    0.192748    0.358843   -1.242690   -0.254292    0.125000    0.250000
   0.623116    0.500694    0.563884    0.186502    0.357565   -0.554471   -0.239573    0.125000    0.250000
   0.628141    0.501632    0.565681    0.183716    0.356361   -0.170204   -0.202324    0.125000    0.250000
   0.633166    0.502555    0.567472    0.182860    0.355345    0.081887   -0.175855    0.125000    0.250000
   0.638191    0.503474    0.569257    0.183272    0.354461    0.287018   -0.163116    0.125000    0.250000
   0.643216    0.504395    0.571038    0.184714    0.353641    0.384243   -0.154037    0.125000    0.250000
   0.648241    0.505323    0.572815    0.186645    0.352867    0.373871   -0.142952    0.125000    0.250000
   0.653266    0.506261    0.574589    0.188524    0.352149    0.363516   -0.132178    0.125000    0.250000
   0.658291    0.507208    0.576358    0.190350    0.351485    0.373539   -0.124753    0.125000    0.250000
   0.663317    0.508165    0.578125    0.192228    0.350858    0.361923   -0.121802    0.125000    0.250000
   0.668342    0.509131    0.579888    0.194046    0.350246    0.317221   -0.119714    0.125000    0.250000
   0.673367    0.510106    0.581648    0.195640    0.349644    0.278003   -0.115166    0.125000    0.250000
   0.678392    0.511089    0.583405    0.197037    0.349065    0.257574   -0.110295    0.125000    0.250000
   0.683417    0.512079    0.585159    0.198332    0.348511    0.245053   -0.107432    0.125000    0.250000
   0.688442    0.513076    0.586910    0.199563    0.347971    0.223976   -0.104981    0.125000    0.250000
   0.693467    0.514078    0.588659    0.200688    0.347444    0.196659   -0.100938    0.125000    0.250000
   0.698492    0.515087    0.590404    0.201677    0.346936    0.177569   -0.096762    0.125000    0.250000
   0.703518    0.516100    0.592148    0.202569    0.346450    0.173312   -0.093612    0.125000    0.250000
   0.708543    0.517118    0.593889    0.203440    0.345980    0.167953   -0.090144    0.125000    0.250000
   0.713568    0.518141    0.595628    0.204284    0.345527    0.149523   -0.085816    0.125000    0.250000
   0.718593    0.519167    0.597364    0.205035    0.345096    0.133350   -0.082194    0.125000    0.250000
   0.723618    0.520197    0.599098    0.205705    0.344683    0.133570   -0.079528    0.125000    0.250000
   0.728643    0.521231    0.600830    0.206377    0.344283    0.135237   -0.075819    0.125000    0.250000
   0.733668    0.522268    0.602560    0.207056    0.343902    0.120489   -0.071375    0.125000    0.250000
   0.738693    0.523309    0.604288    0.207662    0.343543    0.105352   -0.068520    0.125000    0.250000
   0.743719    0.524352    0.606015    0.208191    0.343199    0.107892   -0.066936    0.125000    0.250000
   0.748744    0.525399    0.607739    0.208733    0.342863    0.113398   -0.063319    0.125000    0.250000
   0.753769    0.526447    0.609462    0.209303    0.342544    0.099861   -0.058605    0.125000    0.250000
   0.758794    0.527499    0.611184    0.209805    0.342250    0.084397   -0.056600    0.125000    0.250000
   0.763819    0.528553    0.612903    0.210229    0.341965    0.088687   -0.056549    0.125000    0.250000
   0.768844    0.529610    0.614622    0.210675    0.341681    0.097627   -0.052990    0.125000    0.250000
   0.773869    0.530668    0.616339    0.211165    0.341415    0.084246   -0.047479    0.125000    0.250000
   0.778894    0.531730    0.618054    0.211589    0.341176    0.067318   -0.046351    0.125000    0.250000
   0.783920    0.532793    0.619769    0.211927    0.340943    0.073333   -0.048455    0.125000    0.250000
   0.788945    0.533858    0.621482    0.212295    0.340700    0.086419   -0.044867    0.125000    0.250000
   0.793970    0.534925    0.623194    0.212730    0.340475    0.072605   -0.037685    0.125000    0.250000
   0.798995    0.535994    0.624905    0.213095    0.340285    0.052900   -0.037366    0.125000    0.250000
   0.804020    0.537064    0.626615    0.213360    0.340097    0.060679   -0.042515    0.125000    0.250000
   0.809045    0.538137    0.628324    0.213665    0.339884    0.079282   -0.038900    0.125000    0.250000
   0.814070    0.539210    0.630032    0.214064    0.339688    0.064689   -0.028811    0.125000    0.250000
   0.819095    0.540286    0.631739    0.214389    0.339544    0.040470   -0.029119    0.125000    0.250000
   0.824121    0.541363    0.633446    0.214592    0.339397    0.049827   -0.038591    0.125000    0.250000
   0.829146    0.542442    0.635151    0.214842    0.339203    0.075857   -0.035196    0.125000    0.250000
   0.834171    0.543521    0.636855    0.215224    0.339026    0.060479   -0.020552    0.125000    0.250000
   0.839196    0.544603    0.638559    0.215528    0.338923    0.029610   -0.021043    0.125000    0.250000
   0.844221    0.545686    0.640262    0.215676    0.338817    0.039931   -0.036421    0.125000    0.250000
   0.849246    0.546770    0.641965    0.215877    0.338634    0.075692   -0.033858    0.125000    0.250000
   0.854271    0.547854    0.643666    0.216257    0.338464    0.060040   -0.012675    0.125000    0.250000
   0.859296    0.548941    0.645367    0.216559    0.338401    0.020034   -0.012571    0.125000    0.250000
   0.864322    0.550030    0.647068    0.216660    0.338337    0.029987   -0.035691    0.125000    0.250000
   0.869347    0.551118    0.648768    0.216810    0.338158    0.077819   -0.035111    0.125000    0.250000
   0.874372    0.552208    0.650467    0.217201    0.337982    0.063175   -0.005267    0.125000    0.250000
   0.879397    0.553299    0.652166    0.217519    0.337955    0.011641   -0.003302    0.125000    0.250000
   0.884422    0.554392    0.653864    0.217577    0.337938    0.019097   -0.035831    0.125000    0.250000
   0.889447    0.555486    0.655562    0.217673    0.337758    0.080836   -0.038922    0.125000    0.250000
   0.894472    0.556579    0.657259    0.218080    0.337563    0.069337    0.001468    0.125000    0.250000
   0.899497    0.557675    0.658956    0.218428    0.337570    0.004445    0.007024    0.125000    0.250000
   0.904523    0.558773    0.660652    0.218450    0.337606    0.006558   -0.036118    0.125000    0.250000
   0.909548    0.559871    0.662349    0.218483    0.337424    0.082963   -0.045037    0.125000    0.250000
   0.914573    0.560969    0.664044    0.218900    0.337198    0.077501    0.007084    0.125000    0.250000
   0.919598    0.562069    0.665739    0.219290    0.337233   -0.001421    0.018301    0.125000    0.250000
   0.924623    0.563171    0.667433    0.219282    0.337325   -0.007838   -0.035723    0.125000    0.250000
   0.929648    0.564272    0.669128    0.219243    0.337146    0.082512   -0.052842    0.125000    0.250000
   0.934673    0.565374    0.670822    0.219658    0.336880    0.086417    0.011136    0.125000    0.250000
   0.939698    0.566478    0.672515    0.220092    0.336936   -0.005774    0.030185    0.125000    0.250000
   0.944724    0.567584    0.674209    0.220063    0.337088   -0.023738   -0.034013    0.125000    0.250000
   0.949749    0.568690    0.675903    0.219944    0.336917    0.078370   -0.061400    0.125000    0.250000
   0.954774    0.569795    0.677596    0.220337    0.336608    0.094721    0.014133    0.125000    0.250000
   0.959799    0.570902    0.679287    0.220813    0.336679   -0.009094    0.044843    0.125000    0.250000
   0.964824    0.572012    0.680979    0.220768    0.336905   -0.042357   -0.024364    0.125000    0.250000
   0.969849    0.573121    0.682672    0.220555    0.336782    0.065107   -0.060106    0.125000    0.250000
   0.974874    0.574230    0.684364    0.220882    0.336480    0.089345    0.029489    0.125000    0.250000
   0.979899    0.575339    0.686055    0.221331    0.336629   -0.045349    0.089489    0.125000    0.250000
   0.984925    0.576452    0.687747    0.221103    0.337078   -0.158905    0.048287    0.125000    0.250000
   0.989950    0.577563    0.689441    0.220305    0.337321   -0.161807   -0.004397    0.125000    0.250000
   0.994975    0.578670    0.691136    0.219492    0.337299   -0.205950   -0.016114    0.125000    0.250000
   1.000000    0.579773    0.692831    0.218457    0.337218   -0.378036   -0.083231    0.125000    0.250000