   0.000000    0.388886    0.333706    0.000000    0.000000   19.122759   21.821040    0.125000    0.125000
   0.005025    0.388886    0.333706    0.096092    0.109651   16.477543   19.930391    0.125000    0.125000
   0.010050    0.389369    0.334257    0.178892    0.209801   12.362927   15.518010    0.125000    0.125000
   0.015075    0.390268    0.335311    0.241015    0.287779    7.436209    9.066585    0.125000    0.125000
   0.020101    0.391479    0.336758    0.278390    0.333348    3.430238    3.415634    0.125000    0.125000
   0.025126    0.392878    0.338433    0.295627    0.350511    0.533265   -0.597651    0.125000    0.125000
   0.030151    0.394364    0.340194    0.298306    0.347508   -1.115637   -2.392161    0.125000    0.125000
   0.035176    0.395863    0.341940    0.292700    0.335487   -1.322129   -1.685150    0.125000    0.125000
   0.040201    0.397333    0.343626    0.286056    0.327019   -1.106655   -0.454414    0.125000    0.125000
   0.045226    0.398771    0.345269    0.280495    0.324736   -1.115772    0.192844    0.125000    0.125000
   0.050251    0.400180    0.346901    0.274889    0.325705   -1.244169    0.453624    0.125000    0.125000
   0.055276    0.401562    0.348538    0.268637    0.327985   -1.299076    0.650641    0.125000    0.125000
   0.060302    0.402912    0.350186    0.262108    0.331255   -1.335157    0.805932    0.125000    0.125000
   0.065327    0.404229    0.351851    0.255398    0.335304   -1.426292    0.856744    0.125000    0.125000
   0.070352    0.405512    0.353536    0.248231    0.339610   -1.509849    0.859237    0.125000    0.125000
   0.075377    0.406760    0.355242    0.240644    0.343927   -1.500334    0.913628    0.125000    0.125000
   0.080402    0.407969    0.356970    0.233105    0.348518   -1.466683    0.974138    0.125000    0.125000
   0.085427    0.409140    0.358722    0.225735    0.353413   -1.476590    0.967838    0.125000    0.125000
   0.090452    0.410275    0.360498    0.218315    0.358277   -1.486720    0.925878    0.125000    0.125000
   0.095477    0.411372    0.362298    0.210844    0.362929   -1.432030    0.923611    0.125000    0.125000
   0.100503    0.412431    0.364122    0.203647    0.367571   -1.361815    0.933893    0.125000    0.125000
   0.105528    0.413455    0.365969    0.196804    0.372264   -1.328154    0.899182    0.125000    0.125000
   0.110553    0.414444    0.367840    0.190130    0.376783   -1.298693    0.837593    0.125000    0.125000
   0.115578    0.415399    0.369733    0.183604    0.380991   -1.223879    0.805751    0.125000    0.125000
   0.120603    0.416322    0.371648    0.177454    0.385040   -1.140079    0.789014    0.125000    0.125000
   0.125628    0.417213    0.373582    0.171725    0.389005   -1.087077    0.742550    0.125000    0.125000
   0.130653    0.418076    0.375537    0.166263    0.392736   -1.039615    0.675977    0.125000    0.125000
   0.135678    0.418912    0.377511    0.161039    0.396133   -0.959859    0.631408    0.125000    0.125000
   0.140704    0.419721    0.379502    0.156214    0.399307   -0.875895    0.602238    0.125000    0.125000
   0.145729    0.420506    0.381508    0.151813    0.402333   -0.818189    0.553915    0.125000    0.125000
   0.150754    0.421269    0.383530    0.147702    0.405116   -0.765897    0.490669    0.125000    0.125000
   0.155779    0.422011    0.385566    0.143853    0.407582   -0.689831    0.443502    0.125000    0.125000
   0.160804    0.422734    0.387614    0.140386    0.409811   -0.612971    0.410766    0.125000    0.125000
   0.165829    0.423439    0.389673    0.137306    0.411875   -0.558821    0.366096    0.125000    0.125000
   0.170854    0.424129    0.391743    0.134498    0.413714   -0.509274    0.310411    0.125000    0.125000
   0.175879    0.424805    0.393822    0.131939    0.415274   -0.441348    0.266298    0.125000    0.125000
   0.180905    0.425468    0.395909    0.129721    0.416612   -0.374907    0.235006    0.125000    0.125000
   0.185930    0.426120    0.398002    0.127837    0.417793   -0.328527    0.196659    0.125000    0.125000
   0.190955    0.426763    0.400102    0.126186    0.418782   -0.285691    0.150241    0.125000    0.125000
   0.195980    0.427397    0.402206    0.124751    0.419537   -0.227706    0.112033    0.125000    0.125000
   0.201005    0.428023    0.404314    0.123606    0.420100   -0.172619    0.084817    0.125000    0.125000
   0.206030    0.428645    0.406425    0.122739    0.420526   -0.135622    0.053756    0.125000    0.125000
   0.211055    0.429261    0.408538    0.122057    0.420796   -0.101158    0.016799    0.125000    0.125000
   0.216080    0.429875    0.410653    0.121549    0.420880   -0.053369   -0.014465    0.125000    0.125000
   0.221106    0.430486    0.412768    0.121281    0.420808   -0.009174   -0.036575    0.125000    0.125000
   0.226131    0.431095    0.414883    0.121235    0.420624    0.018325   -0.060449    0.125000    0.125000
   0.231156    0.431704    0.416996    0.121327    0.420320    0.044145   -0.088631    0.125000    0.125000
   0.236181    0.432314    0.419108    0.121549    0.419875    0.082399   -0.112982    0.125000    0.125000
   0.241206    0.432925    0.421218    0.121963    0.419307    0.116890   -0.129859    0.125000    0.125000
   0.246231    0.433538    0.423325    0.122550    0.418654    0.135679   -0.147228    0.125000    0.125000
   0.251256    0.434153    0.425429    0.123232    0.417915    0.153458   -0.167864    0.125000    0.125000
   0.256281    0.434773    0.427529    0.124003    0.417071    0.183392   -0.186142    0.125000    0.125000
   0.261307    0.435396    0.429625    0.124925    0.416135    0.209789   -0.198344    0.125000    0.125000
   0.266332    0.436024    0.431716    0.125979    0.415139    0.221175   -0.210304    0.125000    0.125000
   0.271357    0.436657    0.433802    0.127090    0.414082    0.232280   -0.225286    0.125000    0.125000
   0.276382    0.437295    0.435883    0.128258    0.412950    0.255908   -0.239477    0.125000    0.125000
   0.281407    0.437940    0.437958    0.129544    0.411747    0.276261   -0.248263    0.125000    0.125000
   0.286432    0.438591    0.440027    0.130932    0.410499    0.282034   -0.256261    0.125000    0.125000
   0.291457    0.439249    0.442090    0.132349    0.409211    0.289248   -0.268976    0.125000    0.125000
   0.296482    0.439914    0.444146    0.133802    0.407860    0.310961   -0.284065    0.125000    0.125000
   0.301508    0.440586    0.446196    0.135365    0.406432    0.328649   -0.292102    0.125000    0.125000
   0.306533    0.441266    0.448239    0.137017    0.404964    0.331117   -0.297334    0.125000    0.125000
   0.311558    0.441955    0.450274    0.138681    0.403470    0.340472   -0.313579    0.125000    0.125000
   0.316583    0.442652    0.452301    0.140391    0.401894    0.371515   -0.340400    0.125000    0.125000
   0.321608    0.443357    0.454320    0.142258    0.400184    0.393187   -0.350919    0.125000    0.125000
   0.326633    0.444072    0.456331    0.144234    0.398421    0.393423   -0.348642    0.125000    0.125000
   0.331658    0.444797    0.458333    0.146211    0.396669    0.415004   -0.371067    0.125000    0.125000
   0.336683    0.445532    0.460327    0.148296    0.394804    0.478949   -0.420284    0.125000    0.125000
   0.341709    0.446277    0.462311    0.150704    0.392692    0.513040   -0.421596    0.125000    0.125000
   0.346734    0.447034    0.464284    0.153282    0.390573    0.497997   -0.374955    0.125000    0.125000
   0.351759    0.447804    0.466247    0.155784    0.388689    0.532154   -0.367991    0.125000    0.125000
   0.356784    0.448587    0.468200    0.158458    0.386840    0.650233   -0.393008    0.125000    0.125000
   0.361809    0.449384    0.470144    0.161726    0.384865    0.673710   -0.275604    0.125000    0.125000
   0.366834    0.450196    0.472078    0.165111    0.383480    0.561776   -0.026388    0.125000    0.125000
   0.371859    0.451026    0.474005    0.167934    0.383347    0.531339    0.193439    0.125000    0.125000
   0.376884    0.451870    0.475931    0.170604    0.384319    0.619356    0.487352    0.125000    0.125000
   0.381910    0.452727    0.477863    0.173717    0.386769    0.421909    1.196099    0.125000    0.125000
   0.386935    0.453600    0.479806    0.175837    0.392779   -0.110757    2.165229    0.125000    0.125000
   0.391960    0.454484    0.481780    0.175280    0.403660   -0.551877    3.156885    0.125000    0.125000
   0.396985    0.455364    0.483808    0.172507    0.419523   -0.972080    4.641780    0.125000    0.125000
   0.402010    0.456231    0.485917    0.167622    0.442848   -2.189889    7.192028    0.125000    0.125000
   0.407035    0.457074    0.488142    0.156618    0.478988   -4.092299   10.067576    0.125000    0.125000
   0.412060    0.457861    0.490549    0.136054    0.529577   -5.903658   12.924497    0.125000    0.125000
   0.417085    0.458544    0.493210    0.106389    0.594523   -8.098546   17.024652    0.125000    0.125000
   0.422111    0.459079    0.496198    0.065685    0.680089  -12.200228   23.308339    0.125000    0.125000
   0.427136    0.459409    0.499615    0.004379    0.797213  -17.617699   30.192330    0.125000    0.125000
   0.432161    0.459431    0.503621   -0.084150    0.948930  -23.190063   37.481796    0.125000    0.125000
   0.437186    0.459008    0.508390   -0.200680    1.137276  -29.677326   45.609511    0.125000    0.125000
   0.442211    0.458000    0.514105   -0.349808    1.366464  -37.713959   50.442490    0.125000    0.125000
   0.447236    0.456242    0.520971   -0.539321    1.619937  -46.124792   49.671775    0.125000    0.125000
   0.452261    0.453532    0.529111   -0.771098    1.869538  -55.306601   46.175393    0.125000    0.125000
   0.457286    0.449657    0.538506   -1.049014    2.101569  -63.902943   33.557731    0.125000    0.125000
   0.462312    0.444385    0.549068   -1.370190    2.270230  -62.162791   -3.465493    0.125000    0.125000
   0.467337    0.437500    0.560476   -1.682558    2.252816  -47.947844  -56.986668    0.125000    0.125000
   0.472362    0.429045    0.571796   -1.923496    1.966458  -29.956920 -111.973938    0.125000    0.125000
   0.477387    0.419379    0.581678   -2.074029    1.403789   -6.547388 -160.155813    0.125000    0.125000
   0.482412    0.408957    0.588732   -2.106930    0.599006   31.959051 -173.988696    0.125000    0.125000
   0.487437    0.398370    0.591742   -1.946336   -0.275287   79.703828 -146.099343    0.125000    0.125000
   0.492462    0.388590    0.590359   -1.545824   -1.009436  126.878891 -102.703298    0.125000    0.125000
   0.497487    0.380822    0.585286   -0.908258   -1.525520  167.864433  -52.787411    0.125000    0.125000
   0.502513    0.376257    0.577619   -0.064571   -1.790830  179.499707   -0.751932    0.125000    0.125000
   0.507538    0.375932    0.568620    0.837415   -1.794608  154.394365   39.034062    0.125000    0.125000
   0.512563    0.380140    0.559602    1.613247   -1.598462  116.007066   65.730867    0.125000    0.125000
   0.517588    0.388247    0.551570    2.196182   -1.268165   72.202063   81.512494    0.125000    0.125000
   0.522613    0.399283    0.545197    2.558998   -0.858564   23.463126   78.017660    0.125000    0.125000
   0.527638    0.412142    0.540883    2.676900   -0.466526  -18.301712   58.958200    0.125000    0.125000
   0.532663    0.425593    0.538539    2.584934   -0.170261  -48.953233   39.214470    0.125000    0.125000
   0.537688    0.438582    0.537683    2.338944    0.026792  -70.100206   23.654174    0.125000    0.125000
   0.542714    0.450338    0.537818    1.986620    0.145678  -75.131542   14.199225    0.125000    0.125000
   0.547739    0.460321    0.538550    1.609084    0.217029  -65.503884   10.268539    0.125000    0.125000
   0.552764    0.468406    0.539640    1.279927    0.268629  -53.629393    7.814171    0.125000    0.125000
   0.557789    0.474838    0.540990    1.010439    0.307895  -43.313248    5.187469    0.125000    0.125000
   0.562814    0.479916    0.542537    0.792790    0.333962  -33.936922    2.916087    0.125000    0.125000
   0.567839    0.483899    0.544216    0.622257    0.348615  -26.120938    1.700411    0.125000    0.125000
   0.572864    0.487026    0.545967    0.490999    0.357160  -19.921643    1.057848    0.125000    0.125000
   0.577889    0.489493    0.547762    0.390893    0.362475  -14.541058    0.500010    0.125000    0.125000
   0.582915    0.491458    0.549584    0.317810    0.364988  -10.047644    0.024928    0.125000    0.125000
   0.587940    0.493055    0.551418    0.267320    0.365114   -6.998913   -0.210264    0.125000    0.125000
   0.592965    0.494398    0.553253    0.232151    0.364057   -4.852253   -0.286201    0.125000    0.125000
   0.597990    0.495565    0.555082    0.207768    0.362619   -3.027871   -0.316498    0.125000    0.125000
   0.603015    0.496609    0.556904    0.192553    0.361029   -1.620922   -0.318032    0.125000    0.125000
   0.608040    0.497576    0.558718    0.184408    0.359430   -0.818065   -0.293251    0.125000    0.125000
   0.613065    0.498503    0.560525    0.180297    0.357957   -0.308245   -0.265077    0.125000    0.125000
   0.618090    0.499409    0.562323    0.178748    0.356625    0.109747   -0.238868    0.125000    0.125000
   0.623116    0.500308    0.564116    0.179300    0.355424    0.359312   -0.209533    0.125000    0.125000
   0.628141    0.501209    0.565902    0.181106    0.354371    0.422788   -0.181962    0.125000    0.125000
   0.633166    0.502119    0.567682    0.183230    0.353457    0.453890   -0.162353    0.125000    0.125000
   0.638191    0.503039    0.569459    0.185511    0.352641    0.491697   -0.148507    0.125000    0.125000
   0.643216    0.503971    0.571231    0.187982    0.351895    0.480150   -0.138075    0.125000    0.125000
   0.648241    0.504916    0.572999    0.190394    0.351201    0.418376   -0.129487    0.125000    0.125000
   0.653266    0.505873    0.574764    0.192497    0.350550    0.370505   -0.121663    0.125000    0.125000
   0.658291    0.506840    0.576525    0.194359    0.349939    0.345050   -0.115364    0.125000    0.125000
   0.663317    0.507817    0.578284    0.196093    0.349359    0.317299   -0.111700    0.125000    0.125000
   0.668342    0.508802    0.580039    0.197687    0.348798    0.276481   -0.108758    0.125000    0.125000
   0.673367    0.509796    0.581792    0.199076    0.348251    0.238981   -0.104451    0.125000    0.125000
   0.678392    0.510796    0.583542    0.200277    0.347727    0.215175   -0.100119    0.125000    0.125000
   0.683417    0.511802    0.585289    0.201359    0.347223    0.203320   -0.097127    0.125000    0.125000
   0.688442    0.512814    0.587034    0.202380    0.346735    0.188436   -0.094197    0.125000    0.125000
   0.693467    0.513831    0.588777    0.203327    0.346262    0.165345   -0.090224    0.125000    0.125000
   0.698492    0.514853    0.590517    0.204158    0.345809    0.147704   -0.086470    0.125000    0.125000
   0.703518    0.515879    0.592255    0.204900    0.345374    0.145285   -0.083602    0.125000    0.125000
   0.708543    0.516909    0.593990    0.205630    0.344954    0.142982   -0.080263    0.125000    0.125000
   0.713568    0.517942    0.595724    0.206349    0.344551    0.126887   -0.076226    0.125000    0.125000
   0.718593    0.518979    0.597455    0.206987    0.344168    0.112090   -0.073030    0.125000    0.125000
   0.723618    0.520019    0.599184    0.207550    0.343801    0.113582   -0.070763    0.125000    0.125000
   0.728643    0.521062    0.600912    0.208121    0.343445    0.116710   -0.067399    0.125000    0.125000
   0.733668    0.522108    0.602638    0.208707    0.343106    0.103210   -0.063323    0.125000    0.125000
   0.738693    0.523157    0.604362    0.209226    0.342788    0.089049   -0.060860    0.125000    0.125000
   0.743719    0.524208    0.606085    0.209673    0.342482    0.092478   -0.059654    0.125000    0.125000
   0.748744    0.525262    0.607806    0.210138    0.342183    0.098868   -0.056388    0.125000    0.125000
   0.753769    0.526318    0.609525    0.210635    0.341899    0.086143   -0.052015    0.125000    0.125000
   0.758794    0.527376    0.611243    0.211068    0.341638    0.071406   -0.050344    0.125000    0.125000
   0.763819    0.528437    0.612960    0.211426    0.341385    0.076375   -0.050612    0.125000    0.125000
   0.768844    0.529499    0.614675    0.211810    0.341131    0.085965   -0.047355    0.125000    0.125000
   0.773869    0.530563    0.616390    0.212242    0.340893    0.073195   -0.042130    0.125000    0.125000
   0.778894    0.531630    0.618103    0.212610    0.340681    0.056841   -0.041276    0.125000    0.125000
   0.783920    0.532699    0.619815    0.212896    0.340473    0.063397   -0.043641    0.125000    0.125000
   0.788945    0.533768    0.621526    0.213214    0.340254    0.076996   -0.040301    0.125000    0.125000
   0.793970    0.534840    0.623235    0.213601    0.340052    0.063669   -0.033353    0.125000    0.125000
   0.798995    0.535913    0.624944    0.213921    0.339884    0.044425   -0.033257    0.125000    0.125000
   0.804020    0.536988    0.626652    0.214144    0.339717    0.052640   -0.038617    0.125000    0.125000
   0.809045    0.538064    0.628359    0.214409    0.339523    0.071657   -0.035204    0.125000    0.125000
   0.814070    0.539142    0.630065    0.214769    0.339346    0.057457   -0.025305    0.125000    0.125000
   0.819095    0.540221    0.631771    0.215058    0.339219    0.033610   -0.025793    0.125000    0.125000
   0.824121    0.541302    0.633475    0.215227    0.339089    0.043321   -0.035436    0.125000    0.125000
   0.829146    0.542383    0.635179    0.215444    0.338911    0.069686   -0.032203    0.125000    0.125000
   0.834171    0.543466    0.636882    0.215794    0.338749    0.054625   -0.017713    0.125000    0.125000
   0.839196    0.544550    0.638585    0.216069    0.338660    0.024058   -0.018351    0.125000    0.125000
   0.844221    0.545636    0.640286    0.216190    0.338568    0.034665   -0.033867    0.125000    0.125000
   0.849246    0.546722    0.641988    0.216364    0.338398    0.070696   -0.031435    0.125000    0.125000
   0.854271    0.547809    0.643688    0.216719    0.338240    0.055302   -0.010378    0.125000    0.125000
   0.859296    0.548898    0.645388    0.216997    0.338188    0.015540   -0.010391    0.125000    0.125000
   0.864322    0.549989    0.647088    0.217075    0.338136    0.025725   -0.033623    0.125000    0.125000
   0.869347    0.551080    0.648787    0.217205    0.337967    0.073776   -0.033149    0.125000    0.125000
   0.874372    0.552171    0.650485    0.217575    0.337800    0.059340   -0.003407    0.125000    0.125000
   0.879397    0.553265    0.652182    0.217873    0.337783    0.008004   -0.001537    0.125000    0.125000
   0.884422    0.554359    0.653880    0.217914    0.337775    0.015648   -0.034157    0.125000    0.125000
   0.889447    0.555454    0.655577    0.217992    0.337604    0.077564   -0.037334    0.125000    0.125000
   0.894472    0.556550    0.657274    0.218382    0.337416    0.066234    0.002975    0.125000    0.125000
   0.899497    0.557647    0.658969    0.218715    0.337431    0.001502    0.008453    0.125000    0.125000
   0.904523    0.558747    0.660665    0.218722    0.337473    0.003767   -0.034763    0.125000    0.125000
   0.909548    0.559846    0.662361    0.218741    0.337299    0.080315   -0.043752    0.125000    0.125000
   0.914573    0.560945    0.664056    0.219145    0.337079    0.074990    0.008303    0.125000    0.125000
   0.919598    0.562046    0.665750    0.219522    0.337121   -0.003802    0.019458    0.125000    0.125000
   0.924623    0.563149    0.667444    0.219503    0.337218   -0.010097   -0.034626    0.125000    0.125000
   0.929648    0.564252    0.669138    0.219452    0.337044    0.080368   -0.051802    0.125000    0.125000
   0.934673    0.565355    0.670832    0.219856    0.336784    0.084384    0.012122    0.125000    0.125000
   0.939698    0.566460    0.672524    0.220280    0.336845   -0.007702    0.031121    0.125000    0.125000
   0.944724    0.567567    0.674217    0.220241    0.337001   -0.025566   -0.033125    0.125000    0.125000
   0.949749    0.568673    0.675910    0.220113    0.336835    0.076635   -0.060558    0.125000    0.125000
   0.954774    0.569779    0.677603    0.220498    0.336531    0.093076    0.014931    0.125000    0.125000
   0.959799    0.570887    0.679294    0.220965    0.336606   -0.010654    0.045600    0.125000    0.125000
   0.964824    0.571998    0.680986    0.220912    0.336835   -0.043835   -0.023646    0.125000    0.125000
   0.969849    0.573108    0.682678    0.220692    0.336716    0.063706   -0.059426    0.125000    0.125000
   0.974874    0.574217    0.684370    0.221012    0.336417    0.088017    0.030134    0.125000    0.125000
   0.979899    0.575327    0.686061    0.221454    0.336569   -0.046608    0.090102    0.125000    0.125000
   0.984925    0.576441    0.687752    0.221220    0.337022   -0.160098    0.048868    0.125000    0.125000
   0.989950    0.577552    0.689446    0.220415    0.337267   -0.162938   -0.003846    0.125000    0.125000
   0.994975    0.578660    0.691141    0.219596    0.337248   -0.207022   -0.015591    0.125000    0.125000
   1.000000    0.579763    0.692835    0.218556    0.337169   -0.379053   -0.082736    0.125000    0.125000