  0.000000   0.423463   0.315224   0.000000   0.000000  17.504185  22.613129   0.250000   0.875000
  0.005025   0.423463   0.315224   0.087959   0.113631  14.585787  20.788525   0.250000   0.875000
  0.010050   0.423905   0.315795   0.161252   0.218093  10.788949  16.168822   0.250000   0.875000
  0.015075   0.424715   0.316891   0.215467   0.299342   6.656390   9.391658   0.250000   0.875000
  0.020101   0.425798   0.318395   0.248922   0.346544   3.317911   3.564596   0.250000   0.875000
  0.025126   0.427049   0.320137   0.265594   0.364456   0.797922  -0.496131   0.250000   0.875000
  0.030151   0.428384   0.321968   0.269604   0.361963  -0.841578  -2.256069   0.250000   0.875000
  0.035176   0.429738   0.323787   0.265375   0.350626  -1.438215  -1.426128   0.250000   0.875000
  0.040201   0.431072   0.325549   0.258148   0.343460  -1.669711  -0.047569   0.250000   0.875000
  0.045226   0.432369   0.327275   0.249757   0.343221  -1.996948   0.722434   0.250000   0.875000
  0.050251   0.433624   0.329000   0.239723   0.346851  -2.340312   1.080405   0.250000   0.875000
  0.055276   0.434829   0.330742   0.227963   0.352280  -2.546799   1.351459   0.250000   0.875000
  0.060302   0.435974   0.332513   0.215162   0.359073  -2.692130   1.556816   0.250000   0.875000
  0.065327   0.437056   0.334317   0.201635   0.366896  -2.861009   1.640974   0.250000   0.875000
  0.070352   0.438069   0.336161   0.187258   0.375142  -2.997294   1.668016   0.250000   0.875000
  0.075377   0.439010   0.338046   0.172197   0.383523  -3.018314   1.736909   0.250000   0.875000
  0.080402   0.439875   0.339973   0.157029   0.392251  -2.994378   1.796980   0.250000   0.875000
  0.085427   0.440664   0.341944   0.141983   0.401281  -2.996983   1.780338   0.250000   0.875000
  0.090452   0.441378   0.343961   0.126923   0.410227  -2.986932   1.725353   0.250000   0.875000
  0.095477   0.442015   0.346022   0.111914   0.418897  -2.900734   1.706093   0.250000   0.875000
  0.100503   0.442578   0.348128   0.097334   0.427472  -2.787745   1.689535   0.250000   0.875000
  0.105528   0.443067   0.350276   0.083326   0.435962  -2.702660   1.622102   0.250000   0.875000
  0.110553   0.443486   0.352466   0.069745   0.444113  -2.616368   1.528818   0.250000   0.875000
  0.115578   0.443836   0.354698   0.056598   0.451795  -2.480203   1.465260   0.250000   0.875000
  0.120603   0.444121   0.356968   0.044135   0.459158  -2.329750   1.410208   0.250000   0.875000
  0.125628   0.444342   0.359276   0.032428   0.466245  -2.206538   1.321852   0.250000   0.875000
  0.130653   0.444505   0.361618   0.021340   0.472887  -2.087972   1.216540   0.250000   0.875000
  0.135678   0.444613   0.363995   0.010848   0.479000  -1.936730   1.135725   0.250000   0.875000
  0.140704   0.444667   0.366402   0.001114   0.484708  -1.779529   1.065737   0.250000   0.875000
  0.145729   0.444673   0.368838  -0.007828   0.490064  -1.647991   0.974216   0.250000   0.875000
  0.150754   0.444633   0.371300  -0.016109   0.494959  -1.523536   0.872003   0.250000   0.875000
  0.155779   0.444552   0.373788  -0.023765   0.499341  -1.377309   0.789926   0.250000   0.875000
  0.160804   0.444433   0.376297  -0.030686   0.503310  -1.230568   0.718971   0.250000   0.875000
  0.165829   0.444279   0.378826  -0.036870   0.506923  -1.107469   0.634158   0.250000   0.875000
  0.170854   0.444094   0.381373  -0.042435   0.510110  -0.991937   0.542954   0.250000   0.875000
  0.175879   0.443880   0.383936  -0.047419   0.512838  -0.861270   0.468319   0.250000   0.875000
  0.180905   0.443642   0.386514  -0.051748   0.515192  -0.733382   0.403970   0.250000   0.875000
  0.185930   0.443382   0.389103  -0.055433   0.517222  -0.627154   0.330670   0.250000   0.875000
  0.190955   0.443103   0.391702  -0.058585   0.518883  -0.527935   0.253881   0.250000   0.875000
  0.195980   0.442809   0.394309  -0.061237   0.520159  -0.417358   0.190840   0.250000   0.875000
  0.201005   0.442501   0.396923  -0.063335   0.521118  -0.311411   0.136775   0.250000   0.875000
  0.206030   0.442183   0.399542  -0.064900   0.521805  -0.225251   0.076717   0.250000   0.875000
  0.211055   0.441857   0.402164  -0.066031   0.522191  -0.145101   0.015043   0.250000   0.875000
  0.216080   0.441525   0.404788  -0.066761   0.522266  -0.055568  -0.035049   0.250000   0.875000
  0.221106   0.441190   0.407413  -0.067040   0.522090   0.028532  -0.077585   0.250000   0.875000
  0.226131   0.440853   0.410036  -0.066896   0.521700   0.094453  -0.124433   0.250000   0.875000
  0.231156   0.440517   0.412658  -0.066422   0.521075   0.155489  -0.171718   0.250000   0.875000
  0.236181   0.440183   0.415276  -0.065640   0.520212   0.224875  -0.208736   0.250000   0.875000
  0.241206   0.439853   0.417890  -0.064510   0.519163   0.288425  -0.239166   0.250000   0.875000
  0.246231   0.439529   0.420499  -0.063061   0.517962   0.335265  -0.273166   0.250000   0.875000
  0.251256   0.439212   0.423102  -0.061376   0.516589   0.378336  -0.306841   0.250000   0.875000
  0.256281   0.438903   0.425698  -0.059475   0.515047   0.428367  -0.329680   0.250000   0.875000
  0.261307   0.438605   0.428286  -0.057322   0.513390   0.471113  -0.344974   0.250000   0.875000
  0.266332   0.438317   0.430866  -0.054955   0.511657   0.498504  -0.363774   0.250000   0.875000
  0.271357   0.438040   0.433437  -0.052450   0.509829   0.523481  -0.381481   0.250000   0.875000
  0.276382   0.437777   0.435999  -0.049820   0.507912   0.550535  -0.382155   0.250000   0.875000
  0.281407   0.437526   0.438551  -0.047053   0.505991   0.562651  -0.367528   0.250000   0.875000
  0.286432   0.437290   0.441094  -0.044226   0.504145   0.560336  -0.356800   0.250000   0.875000
  0.291457   0.437068   0.443627  -0.041410   0.502352   0.558160  -0.343589   0.250000   0.875000
  0.296482   0.436860   0.446151  -0.038605   0.500625   0.541800  -0.292262   0.250000   0.875000
  0.301508   0.436666   0.448668  -0.035882   0.499156   0.481958  -0.199228   0.250000   0.875000
  0.306533   0.436485   0.451176  -0.033460   0.498155   0.405641  -0.110755   0.250000   0.875000
  0.311558   0.436317   0.453679  -0.031422   0.497599   0.335686  -0.017366   0.250000   0.875000
  0.316583   0.436159   0.456180  -0.029735   0.497511   0.208918   0.165360   0.250000   0.875000
  0.321608   0.436010   0.458680  -0.028685   0.498342  -0.040729   0.451909   0.250000   0.875000
  0.326633   0.435866   0.461184  -0.028890   0.500613  -0.318530   0.729831   0.250000   0.875000
  0.331658   0.435721   0.463699  -0.030491   0.504280  -0.575005   1.013010   0.250000   0.875000
  0.336683   0.435567   0.466233  -0.033380   0.509371  -0.972429   1.474010   0.250000   0.875000
  0.341709   0.435400   0.468793  -0.038268   0.516779  -1.654559   2.133640   0.250000   0.875000
  0.346734   0.435207   0.471390  -0.046582   0.527501  -2.390426   2.757767   0.250000   0.875000
  0.351759   0.434973   0.474041  -0.058594   0.541358  -3.070758   3.369449   0.250000   0.875000
  0.356784   0.434679   0.476761  -0.074024   0.558290  -3.999926   4.241880   0.250000   0.875000
  0.361809   0.434307   0.479567  -0.094124   0.579605  -5.421163   5.355730   0.250000   0.875000
  0.366834   0.433834   0.482479  -0.121365   0.606518  -6.908703   6.335520   0.250000   0.875000
  0.371859   0.433224   0.485527  -0.156081   0.638354  -8.265572   7.231631   0.250000   0.875000
  0.376884   0.432440   0.488735  -0.197616   0.674693  -9.888403   8.323422   0.250000   0.875000
  0.381910   0.431446   0.492126  -0.247315   0.716526 -12.034811   9.445995   0.250000   0.875000
  0.386935   0.430204   0.495726  -0.307790   0.763993 -14.154606  10.228378   0.250000   0.875000
  0.391960   0.428657   0.499565  -0.378917   0.815390 -16.011819  10.800246   0.250000   0.875000
  0.396985   0.426753   0.503663  -0.459376   0.869661 -17.832825  11.181189   0.250000   0.875000
  0.402010   0.424445   0.508033  -0.548986   0.925847 -19.609522  10.949567   0.250000   0.875000
  0.407035   0.421686   0.512685  -0.647524   0.980868 -21.072867  10.190514   0.250000   0.875000
  0.412060   0.418432   0.517614  -0.753415   1.032076 -22.194523   9.237895   0.250000   0.875000
  0.417085   0.414646   0.522800  -0.864943   1.078496 -22.571863   7.566984   0.250000   0.875000
  0.422111   0.410299   0.528221  -0.978389   1.116528 -21.500347   4.473499   0.250000   0.875000
  0.427136   0.405383   0.533831  -1.086428   1.139007 -19.720012   0.961148   0.250000   0.875000
  0.432161   0.399923   0.539555  -1.185521   1.143837 -17.964836  -2.210860   0.250000   0.875000
  0.437186   0.393966   0.545302  -1.275794   1.132727 -15.049712  -5.827226   0.250000   0.875000
  0.442211   0.387555   0.550994  -1.351419   1.103446  -9.259276 -10.716661   0.250000   0.875000
  0.447236   0.380764   0.556539  -1.397947   1.049594  -2.450900 -15.681034   0.250000   0.875000
  0.452261   0.373740   0.561813  -1.410263   0.970797   3.324884 -19.649449   0.250000   0.875000
  0.457286   0.366653   0.566692  -1.393555   0.872059   8.956019 -22.448447   0.250000   0.875000
  0.462312   0.359649   0.571075  -1.348542   0.759233  16.639100 -24.234147   0.250000   0.875000
  0.467337   0.352873   0.574890  -1.264931   0.637456  25.535289 -25.892374   0.250000   0.875000
  0.472362   0.346516   0.578093  -1.136616   0.507347  33.339872 -27.899052   0.250000   0.875000
  0.477387   0.340805   0.580642  -0.969083   0.367154  39.075805 -29.352492   0.250000   0.875000
  0.482412   0.335935   0.582487  -0.772727   0.219658  42.838621 -27.839008   0.250000   0.875000
  0.487437   0.332052   0.583591  -0.557463   0.079767  46.349156 -23.746001   0.250000   0.875000
  0.492462   0.329251   0.583992  -0.324559  -0.039557  50.450461 -20.069757   0.250000   0.875000
  0.497487   0.327620   0.583793  -0.071045  -0.140407  53.825207 -18.074255   0.250000   0.875000
  0.502513   0.327263   0.583087   0.199480  -0.231248  53.095981 -16.208492   0.250000   0.875000
  0.507538   0.328265   0.581925   0.466288  -0.312696  48.513368 -12.062620   0.250000   0.875000
  0.512563   0.330609   0.580354   0.710067  -0.373311  44.063870  -6.354011   0.250000   0.875000
  0.517588   0.334177   0.578478   0.931488  -0.405240  40.993999  -0.414784   0.250000   0.875000
  0.522613   0.338857   0.576442   1.137483  -0.407324  36.766900   4.433345   0.250000   0.875000
  0.527638   0.344573   0.574395   1.322237  -0.385046  29.177083   7.537617   0.250000   0.875000
  0.532663   0.351217   0.572460   1.468852  -0.347170  20.342109  10.050636   0.250000   0.875000
  0.537688   0.358598   0.570716   1.571071  -0.296665  12.034277  12.908631   0.250000   0.875000
  0.542714   0.366495   0.569225   1.631555  -0.231787   4.703976  15.350046   0.250000   0.875000
  0.547739   0.374693   0.568060   1.655193  -0.154653  -1.833305  15.868620   0.250000   0.875000
  0.552764   0.383011   0.567283   1.645980  -0.074913  -8.053654  15.177371   0.250000   0.875000
  0.557789   0.391282   0.566906   1.605511   0.001353 -14.140567  14.368085   0.250000   0.875000
  0.562814   0.399349   0.566913   1.534454   0.073553 -19.077053  13.468010   0.250000   0.875000
  0.567839   0.407060   0.567283   1.438592   0.141230 -21.679755  12.018144   0.250000   0.875000
  0.572864   0.414289   0.567992   1.329651   0.201621 -23.041551  10.225165   0.250000   0.875000
  0.577889   0.420970   0.569006   1.213867   0.253002 -24.207705   8.413844   0.250000   0.875000
  0.582915   0.427071   0.570277   1.092200   0.295290 -24.681824   6.734656   0.250000   0.875000
  0.587940   0.432560   0.571761   0.968173   0.329132 -23.676779   5.302844   0.250000   0.875000
  0.592965   0.437425   0.573415   0.849198   0.355779 -21.968141   4.051931   0.250000   0.875000
  0.597990   0.441692   0.575203   0.738808   0.376140 -20.235227   2.869819   0.250000   0.875000
  0.603015   0.445404   0.577093   0.637126   0.390561 -18.347820   1.831791   0.250000   0.875000
  0.608040   0.448606   0.579055   0.544928   0.399765 -16.138882   1.127898   0.250000   0.875000
  0.613065   0.451344   0.581064   0.463830   0.405433 -13.910002   0.651074   0.250000   0.875000
  0.618090   0.453675   0.583102   0.393932   0.408705 -11.806949   0.228384   0.250000   0.875000
  0.623116   0.455655   0.585156   0.334590   0.409853  -9.822912  -0.131030   0.250000   0.875000
  0.628141   0.457336   0.587215   0.285230   0.409194  -8.070130  -0.318242   0.250000   0.875000
  0.633166   0.458769   0.589271   0.244678   0.407595  -6.565034  -0.385988   0.250000   0.875000
  0.638191   0.459999   0.591320   0.211689   0.405655  -5.194698  -0.432830   0.250000   0.875000
  0.643216   0.461063   0.593358   0.185585   0.403480  -3.968957  -0.473527   0.250000   0.875000
  0.648241   0.461995   0.595385   0.165641   0.401101  -3.030691  -0.471440   0.250000   0.875000
  0.653266   0.462828   0.597401   0.150412   0.398732  -2.317093  -0.432966   0.250000   0.875000
  0.658291   0.463583   0.599405   0.138769   0.396556  -1.682517  -0.388906   0.250000   0.875000
  0.663317   0.464281   0.601398   0.130312   0.394602  -1.126459  -0.352214   0.250000   0.875000
  0.668342   0.464936   0.603381   0.124652   0.392832  -0.745467  -0.320204   0.250000   0.875000
  0.673367   0.465562   0.605355   0.120906   0.391223  -0.494508  -0.286574   0.250000   0.875000
  0.678392   0.466170   0.607320   0.118421   0.389783  -0.275662  -0.251661   0.250000   0.875000
  0.683417   0.466765   0.609279   0.117036   0.388518  -0.079728  -0.219701   0.250000   0.875000
  0.688442   0.467353   0.611231   0.116635   0.387414   0.041089  -0.196901   0.250000   0.875000
  0.693467   0.467939   0.613178   0.116842   0.386425   0.100199  -0.180996   0.250000   0.875000
  0.698492   0.468526   0.615120   0.117345   0.385515   0.149922  -0.165404   0.250000   0.875000
  0.703518   0.469116   0.617058   0.118099   0.384684   0.203137  -0.147771   0.250000   0.875000
  0.708543   0.469709   0.618991   0.119119   0.383941   0.231695  -0.133733   0.250000   0.875000
  0.713568   0.470308   0.620920   0.120284   0.383269   0.230407  -0.126902   0.250000   0.875000
  0.718593   0.470912   0.622846   0.121441   0.382632   0.227581  -0.121723   0.250000   0.875000
  0.723618   0.471522   0.624769   0.122585   0.382020   0.237477  -0.112313   0.250000   0.875000
  0.728643   0.472138   0.626688   0.123778   0.381456   0.241298  -0.101897   0.250000   0.875000
  0.733668   0.472760   0.628605   0.124991   0.380944   0.225644  -0.097996   0.250000   0.875000
  0.738693   0.473389   0.630519   0.126125   0.380451   0.210441  -0.097273   0.250000   0.875000
  0.743719   0.474022   0.632431   0.127182   0.379962   0.211390  -0.091734   0.250000   0.875000
  0.748744   0.474662   0.634341   0.128245   0.379501   0.211706  -0.082084   0.250000   0.875000
  0.753769   0.475306   0.636248   0.129308   0.379089   0.193676  -0.078620   0.250000   0.875000
  0.758794   0.475956   0.638153   0.130282   0.378694   0.176386  -0.080311   0.250000   0.875000
  0.763819   0.476610   0.640056   0.131168   0.378290   0.177945  -0.077238   0.250000   0.875000
  0.768844   0.477270   0.641956   0.132062   0.377902   0.180428  -0.067077   0.250000   0.875000
  0.773869   0.477933   0.643855   0.132969   0.377565   0.161900  -0.062917   0.250000   0.875000
  0.778894   0.478601   0.645753   0.133782   0.377249   0.143917  -0.066729   0.250000   0.875000
  0.783920   0.479274   0.647649   0.134506   0.376913   0.148469  -0.066272   0.250000   0.875000
  0.788945   0.479950   0.649543   0.135252   0.376580   0.154909  -0.054870   0.250000   0.875000
  0.793970   0.480629   0.651435   0.136030   0.376305   0.135378  -0.048954   0.250000   0.875000
  0.798995   0.481313   0.653326   0.136711   0.376059   0.115808  -0.055088   0.250000   0.875000
  0.804020   0.482000   0.655216   0.137292   0.375782   0.124128  -0.058134   0.250000   0.875000
  0.809045   0.482690   0.657104   0.137916   0.375490   0.135915  -0.044908   0.250000   0.875000
  0.814070   0.483383   0.658991   0.138599   0.375264   0.114462  -0.035825   0.250000   0.875000
  0.819095   0.484079   0.660877   0.139174   0.375084   0.091601  -0.044606   0.250000   0.875000
  0.824121   0.484779   0.662762   0.139635   0.374860   0.104072  -0.052632   0.250000   0.875000
  0.829146   0.485480   0.664645   0.140158   0.374595   0.123014  -0.037150   0.250000   0.875000
  0.834171   0.486185   0.666528   0.140776   0.374409   0.098823  -0.022970   0.250000   0.875000
  0.839196   0.486892   0.668409   0.141272   0.374293   0.070449  -0.034607   0.250000   0.875000
  0.844221   0.487602   0.670290   0.141626   0.374119   0.087118  -0.049591   0.250000   0.875000
  0.849246   0.488314   0.672170   0.142064   0.373870   0.115537  -0.031725   0.250000   0.875000
  0.854271   0.489027   0.674049   0.142645   0.373711   0.088188  -0.010009   0.250000   0.875000
  0.859296   0.489744   0.675927   0.143088   0.373661   0.051623  -0.024444   0.250000   0.875000
  0.864322   0.490463   0.677805   0.143347   0.373538   0.071921  -0.048825   0.250000   0.875000
  0.869347   0.491184   0.679682   0.143709   0.373292   0.112394  -0.029035   0.250000   0.875000
  0.874372   0.491906   0.681557   0.144274   0.373146   0.082202   0.002985   0.250000   0.875000
  0.879397   0.492631   0.683432   0.144687   0.373161   0.034681  -0.013648   0.250000   0.875000
  0.884422   0.493358   0.685308   0.144861   0.373093   0.057171  -0.049889   0.250000   0.875000
  0.889447   0.494086   0.687182   0.145148   0.372842   0.112033  -0.029397   0.250000   0.875000
  0.894472   0.494815   0.689056   0.145711   0.372694   0.080309   0.015650   0.250000   0.875000
  0.899497   0.495547   0.690929   0.146115   0.372773   0.019422  -0.001879   0.250000   0.875000
  0.904523   0.496282   0.692802   0.146212   0.372764   0.041747  -0.052102   0.250000   0.875000
  0.909548   0.497016   0.694675   0.146422   0.372502   0.112509  -0.033001   0.250000   0.875000
  0.914573   0.497752   0.696547   0.146987   0.372336   0.081631   0.027181   0.250000   0.875000
  0.919598   0.498491   0.698418   0.147398   0.372473   0.005941   0.010793   0.250000   0.875000
  0.924623   0.499231   0.700290   0.147427   0.372527   0.025004  -0.054563   0.250000   0.875000
  0.929648   0.499972   0.702162   0.147553   0.372253   0.111859  -0.039652   0.250000   0.875000
  0.934673   0.500714   0.704032   0.148115   0.372053   0.085079   0.036716   0.250000   0.875000
  0.939698   0.501458   0.705902   0.148543   0.372238  -0.005538   0.024079   0.250000   0.875000
  0.944724   0.502205   0.707773   0.148515   0.372359   0.006925  -0.056412   0.250000   0.875000
  0.949749   0.502951   0.709644   0.148550   0.372075   0.108550  -0.048599   0.250000   0.875000
  0.954774   0.503697   0.711514   0.149095   0.371831   0.089055   0.044460   0.250000   0.875000
  0.959799   0.504447   0.713382   0.149543   0.372055  -0.016418   0.040276   0.250000   0.875000
  0.964824   0.505198   0.715252   0.149460   0.372257  -0.016298  -0.050747   0.250000   0.875000
  0.969849   0.505949   0.717122   0.149378   0.372002   0.093363  -0.050087   0.250000   0.875000
  0.974874   0.506700   0.718991   0.149847   0.371750   0.076454   0.060371   0.250000   0.875000
  0.979899   0.507453   0.720860   0.150232   0.372054  -0.067567   0.076484   0.250000   0.875000
  0.984925   0.508208   0.722729   0.149892   0.372438  -0.150333  -0.013272   0.250000   0.875000
  0.989950   0.508961   0.724601   0.149137   0.372371  -0.131087  -0.073449   0.250000   0.875000
  0.994975   0.509710   0.726472   0.148478   0.372002  -0.165470  -0.103194   0.250000   0.875000
  1.000000   0.510456   0.728341   0.147646   0.371484  -0.289858  -0.243523   0.250000   0.875000