  0.000000   0.460982   0.303843   0.000000   0.000000  15.788708  22.924344   0.375000   0.375000
  0.005025   0.460982   0.303843   0.079338   0.115195  12.578555  21.235084   0.375000   0.375000
  0.010050   0.461381   0.304422   0.142545   0.221901   9.116216  16.622138   0.375000   0.375000
  0.015075   0.462097   0.305537   0.188354   0.305427   5.811330   9.731168   0.375000   0.375000
  0.020101   0.463044   0.307072   0.217562   0.354336   3.157490   3.791214   0.375000   0.375000
  0.025126   0.464137   0.308853   0.233429   0.373387   1.016986  -0.333011   0.375000   0.375000
  0.030151   0.465310   0.310729   0.238539   0.371714  -0.620262  -2.077962   0.375000   0.375000
  0.035176   0.466509   0.312597   0.235422   0.361272  -1.624818  -1.145995   0.375000   0.375000
  0.040201   0.467692   0.314412   0.227257   0.355513  -2.323334   0.340292   0.375000   0.375000
  0.045226   0.468833   0.316199   0.215583   0.357223  -2.984738   1.182406   0.375000   0.375000
  0.050251   0.469917   0.317994   0.200584   0.363165  -3.555236   1.584552   0.375000   0.375000
  0.055276   0.470925   0.319818   0.182719   0.371127  -3.922085   1.882774   0.375000   0.375000
  0.060302   0.471843   0.321684   0.163007   0.380590  -4.182116   2.104622   0.375000   0.375000
  0.065327   0.472662   0.323596   0.141992   0.391166  -4.431795   2.196860   0.375000   0.375000
  0.070352   0.473376   0.325562   0.119722   0.402205  -4.622472   2.224511   0.375000   0.375000
  0.075377   0.473977   0.327583   0.096494   0.413383  -4.674214   2.287886   0.375000   0.375000
  0.080402   0.474462   0.329660   0.073006   0.424880  -4.658190   2.337791   0.375000   0.375000
  0.085427   0.474829   0.331795   0.049599   0.436627  -4.650338   2.306869   0.375000   0.375000
  0.090452   0.475078   0.333989   0.026231   0.448219  -4.616486   2.233736   0.375000   0.375000
  0.095477   0.475210   0.336242   0.003033   0.459444  -4.494582   2.193312   0.375000   0.375000
  0.100503   0.475225   0.338551  -0.019557   0.470467  -4.333387   2.153709   0.375000   0.375000
  0.105528   0.475127   0.340915  -0.041332   0.481290  -4.190710   2.061616   0.375000   0.375000
  0.110553   0.474919   0.343333  -0.062390   0.491649  -4.041510   1.941997   0.375000   0.375000
  0.115578   0.474606   0.345804  -0.082699   0.501408  -3.837909   1.850960   0.375000   0.375000
  0.120603   0.474190   0.348323  -0.101984   0.510709  -3.613963   1.768220   0.375000   0.375000
  0.125628   0.473678   0.350890  -0.120145   0.519594  -3.413316   1.652055   0.375000   0.375000
  0.130653   0.473074   0.353501  -0.137297   0.527896  -3.216833   1.518554   0.375000   0.375000
  0.135678   0.472384   0.356153  -0.153461   0.535527  -2.987635   1.409479   0.375000   0.375000
  0.140704   0.471613   0.358845  -0.168477   0.542611  -2.750261   1.311949   0.375000   0.375000
  0.145729   0.470766   0.361571  -0.182297   0.549203  -2.537748   1.193620   0.375000   0.375000
  0.150754   0.469850   0.364331  -0.195049   0.555201  -2.334558   1.064937   0.375000   0.375000
  0.155779   0.468870   0.367121  -0.206780   0.560552  -2.112153   0.956870   0.375000   0.375000
  0.160804   0.467831   0.369938  -0.217394   0.565361  -1.889217   0.861112   0.375000   0.375000
  0.165829   0.466739   0.372779  -0.226887   0.569688  -1.690720   0.752655   0.375000   0.375000
  0.170854   0.465599   0.375642  -0.235383   0.573470  -1.503382   0.638492   0.375000   0.375000
  0.175879   0.464416   0.378523  -0.242938   0.576678  -1.304827   0.541602   0.375000   0.375000
  0.180905   0.463195   0.381422  -0.249496   0.579400  -1.110137   0.456352   0.375000   0.375000
  0.185930   0.461941   0.384333  -0.255074   0.581694  -0.938582   0.363487   0.375000   0.375000
  0.190955   0.460659   0.387256  -0.259790   0.583520  -0.778123   0.267939   0.375000   0.375000
  0.195980   0.459354   0.390188  -0.263701   0.584866  -0.610815   0.186861   0.375000   0.375000
  0.201005   0.458029   0.393127  -0.266770   0.585805  -0.449705   0.116100   0.375000   0.375000
  0.206030   0.456688   0.396071  -0.269030   0.586389  -0.309930   0.040700   0.375000   0.375000
  0.211055   0.455336   0.399018  -0.270587   0.586593  -0.180219  -0.035526   0.375000   0.375000
  0.216080   0.453977   0.401965  -0.271493   0.586415  -0.045709  -0.099601   0.375000   0.375000
  0.221106   0.452612   0.404912  -0.271722   0.585914   0.081758  -0.154955   0.375000   0.375000
  0.226131   0.451247   0.407857  -0.271312   0.585136   0.189708  -0.213307   0.375000   0.375000
  0.231156   0.449883   0.410797  -0.270358   0.584064   0.289064  -0.271448   0.375000   0.375000
  0.236181   0.448525   0.413732  -0.268906   0.582700   0.392606  -0.319312   0.375000   0.375000
  0.241206   0.447174   0.416660  -0.266933   0.581095   0.489097  -0.359964   0.375000   0.375000
  0.246231   0.445832   0.419580  -0.264475   0.579286   0.567877  -0.402899   0.375000   0.375000
  0.251256   0.444503   0.422491  -0.261622   0.577262   0.639764  -0.445271   0.375000   0.375000
  0.256281   0.443189   0.425392  -0.258407   0.575024   0.716110  -0.478897   0.375000   0.375000
  0.261307   0.441890   0.428282  -0.254808   0.572617   0.785740  -0.506431   0.375000   0.375000
  0.266332   0.440609   0.431159  -0.250859   0.570073   0.839311  -0.536090   0.375000   0.375000
  0.271357   0.439349   0.434024  -0.246642   0.567379   0.888379  -0.565726   0.375000   0.375000
  0.276382   0.438109   0.436875  -0.242178   0.564536   0.942939  -0.587896   0.375000   0.375000
  0.281407   0.436893   0.439712  -0.237439   0.561582   0.989921  -0.603588   0.375000   0.375000
  0.286432   0.435699   0.442534  -0.232465   0.558549   1.022106  -0.621317   0.375000   0.375000
  0.291457   0.434531   0.445340  -0.227329   0.555427   1.054935  -0.641485   0.375000   0.375000
  0.296482   0.433389   0.448131  -0.222028   0.552203   1.095735  -0.655243   0.375000   0.375000
  0.301508   0.432273   0.450907  -0.216521   0.548910   1.121707  -0.656869   0.375000   0.375000
  0.306533   0.431185   0.453665  -0.210884   0.545609   1.131110  -0.658383   0.375000   0.375000
  0.311558   0.430125   0.456407  -0.205200   0.542301   1.154499  -0.668559   0.375000   0.375000
  0.316583   0.429094   0.459132  -0.199399   0.538941   1.191856  -0.671693   0.375000   0.375000
  0.321608   0.428092   0.461840  -0.193410   0.535566   1.183897  -0.640665   0.375000   0.375000
  0.326633   0.427120   0.464531  -0.187461   0.532347   1.142353  -0.597905   0.375000   0.375000
  0.331658   0.426178   0.467206  -0.181720   0.529342   1.144382  -0.573060   0.375000   0.375000
  0.336683   0.425265   0.469866  -0.175970   0.526462   1.170494  -0.529509   0.375000   0.375000
  0.341709   0.424381   0.472512  -0.170087   0.523801   1.055620  -0.390663   0.375000   0.375000
  0.346734   0.423526   0.475144  -0.164783   0.521838   0.838004  -0.204335   0.375000   0.375000
  0.351759   0.422698   0.477766  -0.160572   0.520811   0.705415  -0.032217   0.375000   0.375000
  0.356784   0.421891   0.480383  -0.157027   0.520649   0.589917   0.218005   0.375000   0.375000
  0.361809   0.421102   0.483000  -0.154063   0.521745   0.103910   0.683836   0.375000   0.375000
  0.366834   0.420328   0.485621  -0.153540   0.525181  -0.663486   1.248926   0.375000   0.375000
  0.371859   0.419556   0.488261  -0.156874   0.531457  -1.346762   1.855718   0.375000   0.375000
  0.376884   0.418768   0.490931  -0.163642   0.540782  -2.133729   2.728376   0.375000   0.375000
  0.381910   0.417946   0.493649  -0.174366   0.554495  -3.677094   3.939528   0.375000   0.375000
  0.386935   0.417069   0.496435  -0.192843   0.574291  -5.732132   5.162051   0.375000   0.375000
  0.391960   0.416100   0.499321  -0.221647   0.600230  -7.826281   6.504007   0.375000   0.375000
  0.396985   0.414987   0.502337  -0.260974   0.632913 -10.415313   8.414299   0.375000   0.375000
  0.402010   0.413675   0.505518  -0.313311   0.675195 -14.026754  10.491590   0.375000   0.375000
  0.407035   0.412101   0.508911  -0.383796   0.727915 -17.886000  11.921998   0.375000   0.375000
  0.412060   0.410172   0.512568  -0.473673   0.787823 -21.753502  13.138771   0.375000   0.375000
  0.417085   0.407792   0.516527  -0.582984   0.853845 -26.383632  14.582410   0.375000   0.375000
  0.422111   0.404862   0.520819  -0.715588   0.927137 -31.292675  15.204669   0.375000   0.375000
  0.427136   0.401266   0.525477  -0.872834   1.003540 -34.978641  14.275337   0.375000   0.375000
  0.432161   0.396880   0.530520  -1.048602   1.075274 -37.791722  12.311113   0.375000   0.375000
  0.437186   0.391611   0.535924  -1.238505   1.137137 -39.579829   8.240725   0.375000   0.375000
  0.442211   0.385387   0.541638  -1.437394   1.178547 -38.016553   0.681957   0.375000   0.375000
  0.447236   0.378165   0.547560  -1.628427   1.181973 -33.687465  -7.592432   0.375000   0.375000
  0.452261   0.369982   0.553499  -1.797707   1.143821 -29.052416 -14.697094   0.375000   0.375000
  0.457286   0.360948   0.559247  -1.943695   1.069969 -21.539904 -22.819832   0.375000   0.375000
  0.462312   0.351179   0.564625  -2.051954   0.955276  -4.897618 -34.864610   0.375000   0.375000
  0.467337   0.340868   0.569425  -2.076565   0.780081  17.262064 -48.715330   0.375000   0.375000
  0.472362   0.330433   0.573345  -1.989823   0.535287  38.147657 -61.761284   0.375000   0.375000
  0.477387   0.320435   0.576035  -1.798131   0.224936  57.249342 -70.057407   0.375000   0.375000
  0.482412   0.311399   0.577165  -1.510453  -0.127102  74.333948 -62.990550   0.375000   0.375000
  0.487437   0.303809   0.576526  -1.136925  -0.443630  88.348989 -42.439453   0.375000   0.375000
  0.492462   0.298096   0.574297  -0.692971  -0.656888 100.816399 -20.679520   0.375000   0.375000
  0.497487   0.294614   0.570996  -0.186369  -0.760802 110.140733  -2.097133   0.375000   0.375000
  0.502513   0.293677   0.567172   0.367198  -0.771343 106.171433  11.958363   0.375000   0.375000
  0.507538   0.295522   0.563296   0.900710  -0.711252  88.188043  22.450052   0.375000   0.375000
  0.512563   0.300048   0.559722   1.343855  -0.598440  67.568659  32.524022   0.375000   0.375000
  0.517588   0.306801   0.556715   1.683387  -0.435007  47.891943  42.429007   0.375000   0.375000
  0.522613   0.315260   0.554529   1.924044  -0.221801  27.904460  46.091308   0.375000   0.375000
  0.527638   0.324928   0.553415   2.064264   0.009807   8.607134  40.198743   0.375000   0.375000
  0.532663   0.335301   0.553464   2.107515   0.211806  -9.037947  30.770253   0.375000   0.375000
  0.537688   0.345892   0.554528   2.062099   0.366427 -25.340628  21.663706   0.375000   0.375000
  0.542714   0.356256   0.556370   1.934737   0.475308 -37.014527  14.421688   0.375000   0.375000
  0.547739   0.365978   0.558758   1.748739   0.547777 -41.161845   9.514877   0.375000   0.375000
  0.552764   0.374765   0.561511   1.541901   0.595590 -41.725918   5.558421   0.375000   0.375000
  0.557789   0.382513   0.564504   1.332228   0.623521 -41.403582   1.549592   0.375000   0.375000
  0.562814   0.389208   0.567637   1.124175   0.631307 -39.420529  -2.069963   0.375000   0.375000
  0.567839   0.394857   0.570809   0.926087   0.620906 -35.481455  -4.147376   0.375000   0.375000
  0.572864   0.399510   0.573929   0.747793   0.600065 -31.134640  -5.064237   0.375000   0.375000
  0.577889   0.403268   0.576945   0.591341   0.574618 -26.701597  -5.468959   0.375000   0.375000
  0.582915   0.406240   0.579833   0.457139   0.547131 -21.821725  -5.308613   0.375000   0.375000
  0.587940   0.408537   0.582582   0.347485   0.520455 -17.270760  -4.692399   0.375000   0.375000
  0.592965   0.410283   0.585197   0.260699   0.496875 -13.642687  -4.068543   0.375000   0.375000
  0.597990   0.411593   0.587694   0.192145   0.476431 -10.530565  -3.495093   0.375000   0.375000
  0.603015   0.412559   0.590088   0.139229   0.458868  -7.743915  -2.846371   0.375000   0.375000
  0.608040   0.413258   0.592394   0.100315   0.444565  -5.587215  -2.206396   0.375000   0.375000
  0.613065   0.413762   0.594628   0.072240   0.433478  -3.984330  -1.705595   0.375000   0.375000
  0.618090   0.414126   0.596806   0.052218   0.424907  -2.661906  -1.309020   0.375000   0.375000
  0.623116   0.414388   0.598942   0.038840   0.418328  -1.645030  -0.985785   0.375000   0.375000
  0.628141   0.414583   0.601044   0.030573   0.413375  -1.008676  -0.744031   0.375000   0.375000
  0.633166   0.414737   0.603121   0.025505   0.409636  -0.548904  -0.556399   0.375000   0.375000
  0.638191   0.414865   0.605179   0.022747   0.406840  -0.149484  -0.401992   0.375000   0.375000
  0.643216   0.414979   0.607224   0.021995   0.404820   0.117954  -0.298910   0.375000   0.375000
  0.648241   0.415090   0.609258   0.022588   0.403318   0.223723  -0.247086   0.375000   0.375000
  0.653266   0.415203   0.611285   0.023712   0.402076   0.291807  -0.204798   0.375000   0.375000
  0.658291   0.415322   0.613305   0.025179   0.401047   0.369387  -0.161681   0.375000   0.375000
  0.663317   0.415449   0.615321   0.027035   0.400235   0.414733  -0.134942   0.375000   0.375000
  0.668342   0.415585   0.617332   0.029119   0.399557   0.405192  -0.129160   0.375000   0.375000
  0.673367   0.415731   0.619340   0.031155   0.398908   0.386628  -0.124810   0.375000   0.375000
  0.678392   0.415888   0.621344   0.033098   0.398280   0.382360  -0.115426   0.375000   0.375000
  0.683417   0.416054   0.623346   0.035020   0.397700   0.380358  -0.106751   0.375000   0.375000
  0.688442   0.416230   0.625344   0.036931   0.397164   0.362468  -0.104048   0.375000   0.375000
  0.693467   0.416416   0.627340   0.038752   0.396641   0.336608  -0.104105   0.375000   0.375000
  0.698492   0.416610   0.629333   0.040444   0.396118   0.318817  -0.102318   0.375000   0.375000
  0.703518   0.416814   0.631324   0.042046   0.395604   0.311832  -0.096876   0.375000   0.375000
  0.708543   0.417025   0.633312   0.043613   0.395117   0.300263  -0.091516   0.375000   0.375000
  0.713568   0.417244   0.635297   0.045122   0.394657   0.278405  -0.090448   0.375000   0.375000
  0.718593   0.417471   0.637280   0.046521   0.394203   0.260955  -0.090421   0.375000   0.375000
  0.723618   0.417704   0.639261   0.047832   0.393748   0.256388  -0.085969   0.375000   0.375000
  0.728643   0.417945   0.641240   0.049120   0.393316   0.249655  -0.078928   0.375000   0.375000
  0.733668   0.418192   0.643216   0.050375   0.392920   0.230467  -0.076895   0.375000   0.375000
  0.738693   0.418445   0.645191   0.051533   0.392533   0.214737  -0.078046   0.375000   0.375000
  0.743719   0.418704   0.647164   0.052612   0.392141   0.213471  -0.074807   0.375000   0.375000
  0.748744   0.418968   0.649134   0.053685   0.391765   0.209970  -0.066757   0.375000   0.375000
  0.753769   0.419238   0.651103   0.054740   0.391430   0.191496  -0.063915   0.375000   0.375000
  0.758794   0.419513   0.653070   0.055702   0.391108   0.176888  -0.066486   0.375000   0.375000
  0.763819   0.419793   0.655035   0.056591   0.390774   0.179279  -0.064999   0.375000   0.375000
  0.768844   0.420077   0.656999   0.057492   0.390448   0.178633  -0.055888   0.375000   0.375000
  0.773869   0.420366   0.658961   0.058390   0.390167   0.159362  -0.051800   0.375000   0.375000
  0.778894   0.420660   0.660921   0.059191   0.389907   0.144997  -0.056138   0.375000   0.375000
  0.783920   0.420957   0.662881   0.059919   0.389624   0.151679  -0.057189   0.375000   0.375000
  0.788945   0.421258   0.664839   0.060682   0.389337   0.154295  -0.046642   0.375000   0.375000
  0.793970   0.421563   0.666795   0.061457   0.389103   0.132785  -0.040334   0.375000   0.375000
  0.798995   0.421872   0.668750   0.062124   0.388900   0.117529  -0.046768   0.375000   0.375000
  0.804020   0.422184   0.670705   0.062715   0.388665   0.129402  -0.051493   0.375000   0.375000
  0.809045   0.422499   0.672658   0.063365   0.388406   0.136330  -0.039080   0.375000   0.375000
  0.814070   0.422818   0.674609   0.064050   0.388210   0.111051  -0.029073   0.375000   0.375000
  0.819095   0.423140   0.676560   0.064608   0.388064   0.093322  -0.037912   0.375000   0.375000
  0.824121   0.423464   0.678511   0.065077   0.387873   0.111397  -0.047967   0.375000   0.375000
  0.829146   0.423791   0.680460   0.065637   0.387632   0.124339  -0.033386   0.375000   0.375000
  0.834171   0.424121   0.682407   0.066262   0.387464   0.093742  -0.017631   0.375000   0.375000
  0.839196   0.424454   0.684354   0.066733   0.387376   0.071419  -0.029015   0.375000   0.375000
  0.844221   0.424789   0.686301   0.067092   0.387230   0.096553  -0.046543   0.375000   0.375000
  0.849246   0.425127   0.688247   0.067577   0.386996   0.117869  -0.029833   0.375000   0.375000
  0.854271   0.425466   0.690191   0.068169   0.386846   0.080651  -0.005749   0.375000   0.375000
  0.859296   0.425809   0.692135   0.068574   0.386817   0.051050  -0.019491   0.375000   0.375000
  0.864322   0.426153   0.694080   0.068831   0.386719   0.083607  -0.047079   0.375000   0.375000
  0.869347   0.426499   0.696023   0.069251   0.386483   0.116118  -0.028909   0.375000   0.375000
  0.874372   0.426847   0.697965   0.069835   0.386338   0.071636   0.006391   0.375000   0.375000
  0.879397   0.427198   0.699906   0.070194   0.386370   0.031772  -0.008939   0.375000   0.375000
  0.884422   0.427551   0.701848   0.070354   0.386325   0.071180  -0.049141   0.375000   0.375000
  0.889447   0.427904   0.703789   0.070712   0.386078   0.117748  -0.030966   0.375000   0.375000
  0.894472   0.428260   0.705729   0.071303   0.385922   0.066456   0.018341   0.375000   0.375000
  0.899497   0.428618   0.707668   0.071637   0.386014   0.013455   0.002925   0.375000   0.375000
  0.904523   0.428978   0.709608   0.071705   0.386029   0.058014  -0.052026   0.375000   0.375000
  0.909548   0.429338   0.711548   0.071997   0.385768   0.120950  -0.036175   0.375000   0.375000
  0.914573   0.429700   0.713487   0.072604   0.385586   0.064661   0.029219   0.375000   0.375000
  0.919598   0.430065   0.715424   0.072929   0.385733  -0.003625   0.015945   0.375000   0.375000
  0.924623   0.430431   0.717363   0.072911   0.385813   0.043231  -0.054811   0.375000   0.375000
  0.929648   0.430798   0.719301   0.073128   0.385537   0.123746  -0.044279   0.375000   0.375000
  0.934673   0.431165   0.721239   0.073750   0.385315   0.065574   0.038111   0.375000   0.375000
  0.939698   0.431536   0.723175   0.074080   0.385506  -0.019015   0.029740   0.375000   0.375000
  0.944724   0.431908   0.725112   0.073984   0.385656   0.026601  -0.056636   0.375000   0.375000
  0.949749   0.432280   0.727050   0.074118   0.385371   0.124375  -0.054446   0.375000   0.375000
  0.954774   0.432652   0.728987   0.074743   0.385098   0.067557   0.045280   0.375000   0.375000
  0.959799   0.433028   0.730922   0.075082   0.385325  -0.034908   0.046788   0.375000   0.375000
  0.964824   0.433405   0.732858   0.074907   0.385560   0.001832  -0.050001   0.375000   0.375000
  0.969849   0.433782   0.734796   0.074916   0.385309   0.110060  -0.055828   0.375000   0.375000
  0.974874   0.434158   0.736732   0.075469   0.385029   0.049999   0.062239   0.375000   0.375000
  0.979899   0.434537   0.738667   0.075720   0.385341  -0.097789   0.087553   0.375000   0.375000
  0.984925   0.434918   0.740603   0.075229   0.385781  -0.143560  -0.003049   0.375000   0.375000
  0.989950   0.435296   0.742542   0.074507   0.385766  -0.100763  -0.068165   0.375000   0.375000
  0.994975   0.435670   0.744480   0.074001   0.385423  -0.122830  -0.097855   0.375000   0.375000
  1.000000   0.436042   0.746417   0.073384   0.384932  -0.190479  -0.239678   0.375000   0.375000