  0.000000   0.460982   0.303843   0.000000   0.000000  15.788710  22.924343   0.375000   0.750000
  0.005025   0.460982   0.303843   0.079338   0.115195  12.578556  21.235093   0.375000   0.750000
  0.010050   0.461381   0.304422   0.142546   0.221901   9.116217  16.622149   0.375000   0.750000
  0.015075   0.462097   0.305537   0.188355   0.305427   5.811331   9.731171   0.375000   0.750000
  0.020101   0.463044   0.307072   0.217562   0.354336   3.157489   3.791209   0.375000   0.750000
  0.025126   0.464137   0.308853   0.233429   0.373387   1.016985  -0.333022   0.375000   0.750000
  0.030151   0.465310   0.310729   0.238539   0.371714  -0.620264  -2.077974   0.375000   0.750000
  0.035176   0.466509   0.312597   0.235422   0.361272  -1.624820  -1.146004   0.375000   0.750000
  0.040201   0.467692   0.314412   0.227257   0.355513  -2.323336   0.340288   0.375000   0.750000
  0.045226   0.468833   0.316199   0.215583   0.357223  -2.984739   1.182406   0.375000   0.750000
  0.050251   0.469917   0.317994   0.200584   0.363165  -3.555236   1.584554   0.375000   0.750000
  0.055276   0.470925   0.319818   0.182719   0.371127  -3.922086   1.882776   0.375000   0.750000
  0.060302   0.471843   0.321684   0.163007   0.380590  -4.182116   2.104623   0.375000   0.750000
  0.065327   0.472662   0.323596   0.141992   0.391166  -4.431795   2.196861   0.375000   0.750000
  0.070352   0.473376   0.325562   0.119722   0.402205  -4.622472   2.224512   0.375000   0.750000
  0.075377   0.473977   0.327583   0.096494   0.413383  -4.674214   2.287887   0.375000   0.750000
  0.080402   0.474462   0.329660   0.073006   0.424880  -4.658190   2.337792   0.375000   0.750000
  0.085427   0.474829   0.331795   0.049599   0.436627  -4.650338   2.306870   0.375000   0.750000
  0.090452   0.475078   0.333989   0.026231   0.448219  -4.616486   2.233737   0.375000   0.750000
  0.095477   0.475210   0.336242   0.003033   0.459444  -4.494582   2.193312   0.375000   0.750000
  0.100503   0.475225   0.338551  -0.019557   0.470467  -4.333387   2.153709   0.375000   0.750000
  0.105528   0.475127   0.340915  -0.041332   0.481290  -4.190710   2.061616   0.375000   0.750000
  0.110553   0.474919   0.343333  -0.062390   0.491649  -4.041510   1.941997   0.375000   0.750000
  0.115578   0.474606   0.345804  -0.082699   0.501408  -3.837909   1.850961   0.375000   0.750000
  0.120603   0.474190   0.348323  -0.101984   0.510709  -3.613963   1.768221   0.375000   0.750000
  0.125628   0.473678   0.350890  -0.120145   0.519594  -3.413316   1.652055   0.375000   0.750000
  0.130653   0.473074   0.353501  -0.137297   0.527896  -3.216832   1.518554   0.375000   0.750000
  0.135678   0.472384   0.356153  -0.153461   0.535527  -2.987635   1.409479   0.375000   0.750000
  0.140704   0.471613   0.358845  -0.168477   0.542611  -2.750260   1.311949   0.375000   0.750000
  0.145729   0.470766   0.361571  -0.182297   0.549203  -2.537748   1.193620   0.375000   0.750000
  0.150754   0.469850   0.364331  -0.195049   0.555201  -2.334558   1.064938   0.375000   0.750000
  0.155779   0.468870   0.367121  -0.206780   0.560552  -2.112152   0.956871   0.375000   0.750000
  0.160804   0.467831   0.369938  -0.217394   0.565361  -1.889217   0.861113   0.375000   0.750000
  0.165829   0.466739   0.372779  -0.226887   0.569688  -1.690719   0.752655   0.375000   0.750000
  0.170854   0.465599   0.375642  -0.235383   0.573470  -1.503381   0.638492   0.375000   0.750000
  0.175879   0.464416   0.378523  -0.242938   0.576678  -1.304826   0.541602   0.375000   0.750000
  0.180905   0.463195   0.381422  -0.249496   0.579400  -1.110136   0.456353   0.375000   0.750000
  0.185930   0.461941   0.384333  -0.255074   0.581694  -0.938579   0.363486   0.375000   0.750000
  0.190955   0.460659   0.387256  -0.259790   0.583520  -0.778117   0.267936   0.375000   0.750000
  0.195980   0.459354   0.390188  -0.263700   0.584866  -0.610808   0.186861   0.375000   0.750000
  0.201005   0.458029   0.393127  -0.266770   0.585805  -0.449703   0.116107   0.375000   0.750000
  0.206030   0.456688   0.396071  -0.269030   0.586389  -0.309924   0.040708   0.375000   0.750000
  0.211055   0.455336   0.399017  -0.270587   0.586593  -0.180194  -0.035526   0.375000   0.750000
  0.216080   0.453977   0.401965  -0.271492   0.586415  -0.045690  -0.099580   0.375000   0.750000
  0.221106   0.452612   0.404912  -0.271722   0.585914   0.081725  -0.154868   0.375000   0.750000
  0.226131   0.451247   0.407857  -0.271311   0.585136   0.189663  -0.213181   0.375000   0.750000
  0.231156   0.449883   0.410797  -0.270358   0.584065   0.289086  -0.271317   0.375000   0.750000
  0.236181   0.448525   0.413732  -0.268906   0.582702   0.392546  -0.319001   0.375000   0.750000
  0.241206   0.447174   0.416660  -0.266933   0.581099   0.488638  -0.359200   0.375000   0.750000
  0.246231   0.445832   0.419580  -0.264478   0.579294   0.567135  -0.401745   0.375000   0.750000
  0.251256   0.444503   0.422491  -0.261628   0.577275   0.639063  -0.443809   0.375000   0.750000
  0.256281   0.443189   0.425392  -0.258417   0.575045   0.714663  -0.476247   0.375000   0.750000
  0.261307   0.441890   0.428282  -0.254825   0.572651   0.781834  -0.501232   0.375000   0.750000
  0.266332   0.440609   0.431160  -0.250896   0.570132   0.833052  -0.528331   0.375000   0.750000
  0.271357   0.439348   0.434024  -0.246710   0.567478   0.880678  -0.555299   0.375000   0.750000
  0.276382   0.438109   0.436876  -0.242284   0.564687   0.930210  -0.570976   0.375000   0.750000
  0.281407   0.436891   0.439714  -0.237610   0.561818   0.964804  -0.574897   0.375000   0.750000
  0.286432   0.435697   0.442537  -0.232762   0.558929   0.983715  -0.580233   0.375000   0.750000
  0.291457   0.434528   0.445345  -0.227819   0.556013   1.004344  -0.585858   0.375000   0.750000
  0.296482   0.433383   0.448139  -0.222772   0.553070   1.018616  -0.570886   0.375000   0.750000
  0.301508   0.432263   0.450919  -0.217652   0.550200   0.993049  -0.528189   0.375000   0.750000
  0.306533   0.431170   0.453684  -0.212662   0.547546   0.946039  -0.484120   0.375000   0.750000
  0.311558   0.430101   0.456435  -0.207909   0.545113   0.908844  -0.437895   0.375000   0.750000
  0.316583   0.429056   0.459174  -0.203342   0.542913   0.836288  -0.340972   0.375000   0.750000
  0.321608   0.428034   0.461903  -0.199139   0.541200   0.653004  -0.177235   0.375000   0.750000
  0.326633   0.427034   0.464622  -0.195858   0.540309   0.427856  -0.009673   0.375000   0.750000
  0.331658   0.426050   0.467337  -0.193708   0.540260   0.220032   0.169918   0.375000   0.750000
  0.336683   0.425076   0.470052  -0.192602   0.541114  -0.102925   0.471637   0.375000   0.750000
  0.341709   0.424108   0.472772  -0.193120   0.543485  -0.690393   0.906043   0.375000   0.750000
  0.346734   0.423138   0.475503  -0.196589   0.548038  -1.352784   1.323040   0.375000   0.750000
  0.351759   0.422150   0.478256  -0.203387   0.554686  -1.989873   1.759010   0.375000   0.750000
  0.356784   0.421128   0.481044  -0.213386   0.563525  -2.899316   2.424653   0.375000   0.750000
  0.361809   0.420056   0.483875  -0.227955   0.575709  -4.309087   3.275736   0.375000   0.750000
  0.366834   0.418910   0.486768  -0.249608   0.592169  -5.788920   4.009289   0.375000   0.750000
  0.371859   0.417656   0.489744  -0.278697   0.612316  -7.187750   4.707526   0.375000   0.750000
  0.376884   0.416255   0.492821  -0.314816   0.635971  -9.005501   5.651062   0.375000   0.750000
  0.381910   0.414673   0.496017  -0.360077   0.664374 -11.484364   6.680645   0.375000   0.750000
  0.386935   0.412864   0.499356  -0.417786   0.697944 -13.889392   7.396211   0.375000   0.750000
  0.391960   0.410764   0.502863  -0.487580   0.735110 -16.003498   7.907566   0.375000   0.750000
  0.396985   0.408314   0.506557  -0.567998   0.774845 -18.295281   8.306098   0.375000   0.750000
  0.402010   0.405460   0.510450  -0.659932   0.816583 -20.848620   8.284194   0.375000   0.750000
  0.407035   0.402144   0.514554  -0.764696   0.858211 -23.042820   7.825746   0.375000   0.750000
  0.412060   0.398301   0.518866  -0.880486   0.897536 -24.680507   7.113906   0.375000   0.750000
  0.417085   0.393877   0.523376  -1.004506   0.933283 -25.461674   5.607780   0.375000   0.750000
  0.422111   0.388828   0.528067  -1.132476   0.961468 -24.871454   2.733611   0.375000   0.750000
  0.427136   0.383137   0.532898  -1.257455   0.975204 -23.651429  -0.429943   0.375000   0.750000
  0.432161   0.376819   0.537799  -1.376304   0.973044 -22.302911  -3.216206   0.375000   0.750000
  0.437186   0.369903   0.542688  -1.488376   0.956882 -19.173179  -6.559329   0.375000   0.750000
  0.442211   0.362424   0.547497  -1.584721   0.923922 -12.288850 -11.443019   0.375000   0.750000
  0.447236   0.354461   0.552139  -1.646473   0.866421  -4.335204 -16.519047   0.375000   0.750000
  0.452261   0.346187   0.556493  -1.668257   0.783412   2.116158 -20.407363   0.375000   0.750000
  0.457286   0.337804   0.560430  -1.657623   0.680865   8.457238 -22.627978   0.375000   0.750000
  0.462312   0.329473   0.563852  -1.615117   0.567137  17.993626 -23.442340   0.375000   0.750000
  0.467337   0.321357   0.566702  -1.524699   0.449339  29.668718 -24.518380   0.375000   0.750000
  0.472362   0.313695   0.568960  -1.375614   0.326135  40.030133 -26.532058   0.375000   0.750000
  0.477387   0.306783   0.570599  -1.174462   0.192811  47.404200 -27.906583   0.375000   0.750000
  0.482412   0.300881   0.571567  -0.936256   0.052580  51.650577 -24.803897   0.375000   0.750000
  0.487437   0.296176   0.571832  -0.676712  -0.072059  55.450705 -17.719679   0.375000   0.750000
  0.492462   0.292776   0.571470  -0.398072  -0.161101  60.409536 -11.175270   0.375000   0.750000
  0.497487   0.290776   0.570660  -0.094514  -0.217256  64.762570  -7.436237   0.375000   0.750000
  0.502513   0.290301   0.569568   0.230982  -0.254631  63.338655  -5.409103   0.375000   0.750000
  0.507538   0.291461   0.568289   0.549259  -0.281812  55.935217  -1.494121   0.375000   0.750000
  0.512563   0.294221   0.566872   0.830333  -0.289320  48.298663   4.741558   0.375000   0.750000
  0.517588   0.298394   0.565419   1.073034  -0.265493  42.640047  11.758684   0.375000   0.750000
  0.522613   0.303786   0.564085   1.287300  -0.206406  36.390706  16.564018   0.375000   0.750000
  0.527638   0.310254   0.563047   1.470164  -0.123172  26.710388  17.469672   0.375000   0.750000
  0.532663   0.317642   0.562428   1.604383  -0.035387  15.457030  17.053824   0.375000   0.750000
  0.537688   0.325704   0.562251   1.682055   0.050309   4.651733  17.353788   0.375000   0.750000
  0.542714   0.334158   0.562503   1.705435   0.137529  -4.225382  17.812858   0.375000   0.750000
  0.547739   0.342728   0.563195   1.684202   0.227039 -10.708982  16.480367   0.375000   0.750000
  0.552764   0.351191   0.564335   1.630389   0.309853 -16.306005  13.749021   0.375000   0.750000
  0.557789   0.359384   0.565892   1.548452   0.378941 -21.935701  10.775447   0.375000   0.750000
  0.562814   0.367165   0.567797   1.438225   0.433088 -26.330773   8.134269   0.375000   0.750000
  0.567839   0.374392   0.569973   1.305913   0.473963 -27.758856   5.928523   0.375000   0.750000
  0.572864   0.380954   0.572354   1.166424   0.503753 -27.569703   3.883879   0.375000   0.750000
  0.577889   0.386815   0.574886   1.027887   0.523270 -27.184689   1.819624   0.375000   0.750000
  0.582915   0.391981   0.577516   0.891256   0.532415 -26.322240  -0.003936   0.375000   0.750000
  0.587940   0.396460   0.580191   0.758987   0.532396 -24.299288  -1.096684   0.375000   0.750000
  0.592965   0.400274   0.582866   0.636883   0.526885 -21.724280  -1.699105   0.375000   0.750000
  0.597990   0.403474   0.585514   0.527719   0.518347 -19.130973  -2.200753   0.375000   0.750000
  0.603015   0.406126   0.588119   0.431586   0.507288 -16.514382  -2.586923   0.375000   0.750000
  0.608040   0.408295   0.590668   0.348601   0.494289 -13.969785  -2.647511   0.375000   0.750000
  0.613065   0.410046   0.593152   0.278403   0.480985 -11.660026  -2.494910   0.375000   0.750000
  0.618090   0.411445   0.595569   0.219811   0.468448  -9.506463  -2.302278   0.375000   0.750000
  0.623116   0.412550   0.597923   0.172032   0.456877  -7.495384  -2.088295   0.375000   0.750000
  0.628141   0.413415   0.600219   0.134367   0.446383  -5.857476  -1.829490   0.375000   0.750000
  0.633166   0.414090   0.602462   0.104933   0.437190  -4.573399  -1.560338   0.375000   0.750000
  0.638191   0.414617   0.604659   0.081952   0.429349  -3.438857  -1.305509   0.375000   0.750000
  0.643216   0.415029   0.606816   0.064672   0.422789  -2.436813  -1.072286   0.375000   0.750000
  0.648241   0.415354   0.608941   0.052427   0.417401  -1.710905  -0.877864   0.375000   0.750000
  0.653266   0.415617   0.611038   0.043830   0.412990  -1.199435  -0.717658   0.375000   0.750000
  0.658291   0.415838   0.613114   0.037802   0.409383  -0.760557  -0.574949   0.375000   0.750000
  0.663317   0.416028   0.615171   0.033980   0.406494  -0.388642  -0.453209   0.375000   0.750000
  0.668342   0.416198   0.617214   0.032027   0.404216  -0.153121  -0.367398   0.375000   0.750000
  0.673367   0.416359   0.619245   0.031257   0.402370  -0.010390  -0.305103   0.375000   0.750000
  0.678392   0.416516   0.621267   0.031205   0.400837   0.112298  -0.249553   0.375000   0.750000
  0.683417   0.416673   0.623281   0.031770   0.399583   0.217068  -0.202061   0.375000   0.750000
  0.688442   0.416833   0.625289   0.032860   0.398568   0.269487  -0.172053   0.375000   0.750000
  0.693467   0.416998   0.627292   0.034215   0.397703   0.285560  -0.153858   0.375000   0.750000
  0.698492   0.417170   0.629290   0.035649   0.396930   0.300757  -0.137231   0.375000   0.750000
  0.703518   0.417349   0.631285   0.037161   0.396240   0.320141  -0.120112   0.375000   0.750000
  0.708543   0.417536   0.633276   0.038770   0.395637   0.322746  -0.108039   0.375000   0.750000
  0.713568   0.417731   0.635264   0.040392   0.395094   0.307451  -0.102930   0.375000   0.750000
  0.718593   0.417933   0.637250   0.041937   0.394576   0.295257  -0.099279   0.375000   0.750000
  0.723618   0.418144   0.639232   0.043420   0.394078   0.294609  -0.091990   0.375000   0.750000
  0.728643   0.418362   0.641213   0.044901   0.393615   0.288651  -0.083648   0.375000   0.750000
  0.733668   0.418588   0.643191   0.046351   0.393195   0.268589  -0.080959   0.375000   0.750000
  0.738693   0.418821   0.645166   0.047701   0.392788   0.252058  -0.081372   0.375000   0.750000
  0.743719   0.419061   0.647141   0.048968   0.392379   0.249917  -0.077502   0.375000   0.750000
  0.748744   0.419307   0.649112   0.050223   0.391990   0.244953  -0.069188   0.375000   0.750000
  0.753769   0.419559   0.651082   0.051454   0.391642   0.224767  -0.066219   0.375000   0.750000
  0.758794   0.419818   0.653050   0.052584   0.391309   0.208592  -0.068609   0.375000   0.750000
  0.763819   0.420082   0.655016   0.053632   0.390965   0.209508  -0.066942   0.375000   0.750000
  0.768844   0.420351   0.656981   0.054685   0.390628   0.207356  -0.057723   0.375000   0.750000
  0.773869   0.420626   0.658944   0.055727   0.390338   0.186599  -0.053555   0.375000   0.750000
  0.778894   0.420906   0.660905   0.056664   0.390069   0.170844  -0.057801   0.375000   0.750000
  0.783920   0.421191   0.662866   0.057523   0.389779   0.176215  -0.058758   0.375000   0.750000
  0.788945   0.421480   0.664824   0.058408   0.389483   0.177574  -0.048132   0.375000   0.750000
  0.793970   0.421774   0.666782   0.059301   0.389241   0.154862  -0.041751   0.375000   0.750000
  0.798995   0.422072   0.668738   0.060079   0.389032   0.138470  -0.048113   0.375000   0.750000
  0.804020   0.422373   0.670692   0.060775   0.388790   0.149268  -0.052768   0.375000   0.750000
  0.809045   0.422679   0.672646   0.061525   0.388525   0.155175  -0.040290   0.375000   0.750000
  0.814070   0.422988   0.674598   0.062305   0.388322   0.128925  -0.030221   0.375000   0.750000
  0.819095   0.423301   0.676550   0.062952   0.388170   0.110277  -0.039002   0.375000   0.750000
  0.824121   0.423617   0.678501   0.063507   0.387974   0.127479  -0.049001   0.375000   0.750000
  0.829146   0.423937   0.680450   0.064147   0.387728   0.139595  -0.034367   0.375000   0.750000
  0.834171   0.424259   0.682399   0.064849   0.387555   0.108212  -0.018562   0.375000   0.750000
  0.839196   0.424585   0.684346   0.065393   0.387462   0.085145  -0.029897   0.375000   0.750000
  0.844221   0.424913   0.686293   0.065820   0.387312   0.109574  -0.047380   0.375000   0.750000
  0.849246   0.425244   0.688239   0.066371   0.387074   0.130220  -0.030627   0.375000   0.750000
  0.854271   0.425578   0.690184   0.067025   0.386920   0.092366  -0.006503   0.375000   0.750000
  0.859296   0.425914   0.692129   0.067489   0.386887   0.062163  -0.020206   0.375000   0.750000
  0.864322   0.426254   0.694073   0.067802   0.386786   0.094148  -0.047757   0.375000   0.750000
  0.869347   0.426594   0.696017   0.068275   0.386546   0.126117  -0.029552   0.375000   0.750000
  0.874372   0.426937   0.697959   0.068909   0.386397   0.081120   0.005781   0.375000   0.750000
  0.879397   0.427284   0.699901   0.069316   0.386426   0.040769  -0.009518   0.375000   0.750000
  0.884422   0.427632   0.701843   0.069521   0.386378   0.079713  -0.049690   0.375000   0.750000
  0.889447   0.427981   0.703784   0.069922   0.386129   0.125842  -0.031487   0.375000   0.750000
  0.894472   0.428333   0.705724   0.070554   0.385971   0.074134   0.017847   0.375000   0.750000
  0.899497   0.428687   0.707664   0.070927   0.386060   0.020738   0.002456   0.375000   0.750000
  0.904523   0.429044   0.709604   0.071031   0.386073   0.064922  -0.052471   0.375000   0.750000
  0.909548   0.429401   0.711544   0.071357   0.385809   0.127502  -0.036597   0.375000   0.750000
  0.914573   0.429759   0.713483   0.071998   0.385625   0.070876   0.028819   0.375000   0.750000
  0.919598   0.430121   0.715421   0.072354   0.385770   0.002270   0.015565   0.375000   0.750000
  0.924623   0.430485   0.717359   0.072365   0.385848   0.048823  -0.055171   0.375000   0.750000
  0.929648   0.430848   0.719298   0.072611   0.385571   0.129051  -0.044621   0.375000   0.750000
  0.934673   0.431213   0.721236   0.073259   0.385347   0.070605   0.037787   0.375000   0.750000
  0.939698   0.431581   0.723172   0.073614   0.385536  -0.014243   0.029433   0.375000   0.750000
  0.944724   0.431951   0.725110   0.073542   0.385684   0.031127  -0.056927   0.375000   0.750000
  0.949749   0.432321   0.727048   0.073699   0.385398   0.128669  -0.054722   0.375000   0.750000
  0.954774   0.432691   0.728984   0.074345   0.385123   0.071630   0.045017   0.375000   0.750000
  0.959799   0.433065   0.730920   0.074705   0.385350  -0.031045   0.046539   0.375000   0.750000
  0.964824   0.433440   0.732856   0.074549   0.385583   0.005496  -0.050237   0.375000   0.750000
  0.969849   0.433815   0.734793   0.074577   0.385331   0.113536  -0.056052   0.375000   0.750000
  0.974874   0.434189   0.736730   0.075147   0.385049   0.053296   0.062027   0.375000   0.750000
  0.979899   0.434567   0.738665   0.075415   0.385361  -0.094662   0.087352   0.375000   0.750000
  0.984925   0.434946   0.740601   0.074939   0.385800  -0.140594  -0.003239   0.375000   0.750000
  0.989950   0.435323   0.742540   0.074233   0.385784  -0.097949  -0.068346   0.375000   0.750000
  0.994975   0.435696   0.744479   0.073741   0.385440  -0.120161  -0.098026   0.375000   0.750000
  1.000000   0.436066   0.746416   0.073137   0.384948  -0.187948  -0.239841   0.375000   0.750000