  0.000000   0.460982   0.303843   0.000000   0.000000  15.788708  22.924344   0.375000   0.625000
  0.005025   0.460982   0.303843   0.079338   0.115195  12.578555  21.235084   0.375000   0.625000
  0.010050   0.461381   0.304422   0.142545   0.221901   9.116216  16.622138   0.375000   0.625000
  0.015075   0.462097   0.305537   0.188354   0.305427   5.811330   9.731168   0.375000   0.625000
  0.020101   0.463044   0.307072   0.217562   0.354336   3.157490   3.791214   0.375000   0.625000
  0.025126   0.464137   0.308853   0.233429   0.373387   1.016986  -0.333011   0.375000   0.625000
  0.030151   0.465310   0.310729   0.238539   0.371714  -0.620262  -2.077962   0.375000   0.625000
  0.035176   0.466509   0.312597   0.235422   0.361272  -1.624818  -1.145995   0.375000   0.625000
  0.040201   0.467692   0.314412   0.227257   0.355513  -2.323334   0.340292   0.375000   0.625000
  0.045226   0.468833   0.316199   0.215583   0.357223  -2.984738   1.182406   0.375000   0.625000
  0.050251   0.469917   0.317994   0.200584   0.363165  -3.555236   1.584552   0.375000   0.625000
  0.055276   0.470925   0.319818   0.182719   0.371127  -3.922085   1.882774   0.375000   0.625000
  0.060302   0.471843   0.321684   0.163007   0.380590  -4.182116   2.104622   0.375000   0.625000
  0.065327   0.472662   0.323596   0.141992   0.391166  -4.431795   2.196860   0.375000   0.625000
  0.070352   0.473376   0.325562   0.119722   0.402205  -4.622472   2.224511   0.375000   0.625000
  0.075377   0.473977   0.327583   0.096494   0.413383  -4.674214   2.287886   0.375000   0.625000
  0.080402   0.474462   0.329660   0.073006   0.424880  -4.658190   2.337791   0.375000   0.625000
  0.085427   0.474829   0.331795   0.049599   0.436627  -4.650338   2.306869   0.375000   0.625000
  0.090452   0.475078   0.333989   0.026231   0.448219  -4.616486   2.233736   0.375000   0.625000
  0.095477   0.475210   0.336242   0.003033   0.459444  -4.494582   2.193312   0.375000   0.625000
  0.100503   0.475225   0.338551  -0.019557   0.470467  -4.333387   2.153709   0.375000   0.625000
  0.105528   0.475127   0.340915  -0.041332   0.481290  -4.190710   2.061616   0.375000   0.625000
  0.110553   0.474919   0.343333  -0.062390   0.491649  -4.041510   1.941997   0.375000   0.625000
  0.115578   0.474606   0.345804  -0.082699   0.501408  -3.837909   1.850960   0.375000   0.625000
  0.120603   0.474190   0.348323  -0.101984   0.510709  -3.613963   1.768220   0.375000   0.625000
  0.125628   0.473678   0.350890  -0.120145   0.519594  -3.413316   1.652055   0.375000   0.625000
  0.130653   0.473074   0.353501  -0.137297   0.527896  -3.216833   1.518554   0.375000   0.625000
  0.135678   0.472384   0.356153  -0.153461   0.535527  -2.987635   1.409479   0.375000   0.625000
  0.140704   0.471613   0.358845  -0.168477   0.542611  -2.750261   1.311949   0.375000   0.625000
  0.145729   0.470766   0.361571  -0.182297   0.549203  -2.537748   1.193620   0.375000   0.625000
  0.150754   0.469850   0.364331  -0.195049   0.555201  -2.334558   1.064937   0.375000   0.625000
  0.155779   0.468870   0.367121  -0.206780   0.560552  -2.112153   0.956870   0.375000   0.625000
  0.160804   0.467831   0.369938  -0.217394   0.565361  -1.889217   0.861112   0.375000   0.625000
  0.165829   0.466739   0.372779  -0.226887   0.569688  -1.690719   0.752655   0.375000   0.625000
  0.170854   0.465599   0.375642  -0.235383   0.573470  -1.503381   0.638492   0.375000   0.625000
  0.175879   0.464416   0.378523  -0.242938   0.576678  -1.304826   0.541602   0.375000   0.625000
  0.180905   0.463195   0.381422  -0.249496   0.579400  -1.110136   0.456352   0.375000   0.625000
  0.185930   0.461941   0.384333  -0.255074   0.581694  -0.938580   0.363485   0.375000   0.625000
  0.190955   0.460659   0.387256  -0.259790   0.583520  -0.778119   0.267936   0.375000   0.625000
  0.195980   0.459354   0.390188  -0.263701   0.584866  -0.610809   0.186858   0.375000   0.625000
  0.201005   0.458029   0.393127  -0.266770   0.585805  -0.449700   0.116098   0.375000   0.625000
  0.206030   0.456688   0.396071  -0.269030   0.586389  -0.309921   0.040697   0.375000   0.625000
  0.211055   0.455336   0.399018  -0.270587   0.586593  -0.180197  -0.035536   0.375000   0.625000
  0.216080   0.453977   0.401965  -0.271492   0.586415  -0.045681  -0.099611   0.375000   0.625000
  0.221106   0.452612   0.404912  -0.271722   0.585914   0.081772  -0.154944   0.375000   0.625000
  0.226131   0.451247   0.407857  -0.271311   0.585135   0.189725  -0.213287   0.375000   0.625000
  0.231156   0.449883   0.410797  -0.270358   0.584064   0.289129  -0.271441   0.375000   0.625000
  0.236181   0.448525   0.413732  -0.268905   0.582700   0.392674  -0.319259   0.375000   0.625000
  0.241206   0.447174   0.416660  -0.266932   0.581095   0.489032  -0.359748   0.375000   0.625000
  0.246231   0.445832   0.419580  -0.264474   0.579288   0.567719  -0.402534   0.375000   0.625000
  0.251256   0.444503   0.422491  -0.261621   0.577265   0.639665  -0.444794   0.375000   0.625000
  0.256281   0.443189   0.425392  -0.258407   0.575030   0.715779  -0.477956   0.375000   0.625000
  0.261307   0.441890   0.428282  -0.254810   0.572628   0.784446  -0.504441   0.375000   0.625000
  0.266332   0.440609   0.431159  -0.250868   0.570093   0.837019  -0.532972   0.375000   0.625000
  0.271357   0.439349   0.434024  -0.246662   0.567415   0.885334  -0.561252   0.375000   0.625000
  0.276382   0.438109   0.436875  -0.242213   0.564594   0.937476  -0.580212   0.375000   0.625000
  0.281407   0.436892   0.439712  -0.237502   0.561679   0.978907  -0.590436   0.375000   0.625000
  0.286432   0.435699   0.442535  -0.232583   0.558712   1.004862  -0.602209   0.375000   0.625000
  0.291457   0.434530   0.445342  -0.227534   0.555686   1.030533  -0.614158   0.375000   0.625000
  0.296482   0.433387   0.448135  -0.222355   0.552600   1.055928  -0.611451   0.375000   0.625000
  0.301508   0.432269   0.450912  -0.217048   0.549526   1.055730  -0.589848   0.375000   0.625000
  0.306533   0.431178   0.453673  -0.211743   0.546562   1.036702  -0.567797   0.375000   0.625000
  0.311558   0.430114   0.456420  -0.206534   0.543709   1.023099  -0.544197   0.375000   0.625000
  0.316583   0.429077   0.459152  -0.201393   0.540975   0.989539  -0.483828   0.375000   0.625000
  0.321608   0.428065   0.461870  -0.196420   0.538543   0.881360  -0.374219   0.375000   0.625000
  0.326633   0.427078   0.464576  -0.191991   0.536663   0.740829  -0.261562   0.375000   0.625000
  0.331658   0.426113   0.467273  -0.188269   0.535349   0.611538  -0.139923   0.375000   0.625000
  0.336683   0.425167   0.469963  -0.185196   0.534646   0.396873   0.080714   0.375000   0.625000
  0.341709   0.424236   0.472650  -0.183201   0.535051  -0.020713   0.418892   0.375000   0.625000
  0.346734   0.423315   0.475339  -0.183305   0.537156  -0.497827   0.750249   0.375000   0.625000
  0.351759   0.422394   0.478038  -0.185807   0.540926  -0.952780   1.095686   0.375000   0.625000
  0.356784   0.421461   0.480756  -0.190594   0.546432  -1.642716   1.653264   0.375000   0.625000
  0.361809   0.420503   0.483502  -0.198849   0.554740  -2.793826   2.431630   0.375000   0.625000
  0.366834   0.419504   0.486290  -0.212888   0.566959  -4.029541   3.146939   0.375000   0.625000
  0.371859   0.418434   0.489139  -0.233137   0.582772  -5.183433   3.833558   0.375000   0.625000
  0.376884   0.417262   0.492067  -0.259183   0.602036  -6.752622   4.799538   0.375000   0.625000
  0.381910   0.415960   0.495093  -0.293122   0.626158  -9.106677   6.004587   0.375000   0.625000
  0.386935   0.414487   0.498240  -0.338883   0.656331 -11.524545   7.013155   0.375000   0.625000
  0.391960   0.412784   0.501538  -0.396794   0.691572 -13.669459   7.856384   0.375000   0.625000
  0.396985   0.410790   0.505013  -0.465483   0.731051 -16.102584   8.717774   0.375000   0.625000
  0.402010   0.408451   0.508686  -0.546398   0.774857 -19.207005   9.365392   0.375000   0.625000
  0.407035   0.405705   0.512580  -0.642914   0.821918 -22.235958   9.614752   0.375000   0.625000
  0.412060   0.402475   0.516710  -0.754649   0.870233 -24.752089   9.619632   0.375000   0.625000
  0.417085   0.398683   0.521083  -0.879029   0.918571 -26.631689   8.934273   0.375000   0.625000
  0.422111   0.394265   0.525700  -1.012879   0.963475 -27.558605   6.759577   0.375000   0.625000
  0.427136   0.389175   0.530541  -1.151361   0.997442 -27.927566   3.931857   0.375000   0.625000
  0.432161   0.383389   0.535553  -1.291697   1.017199 -28.077444   1.280720   0.375000   0.625000
  0.437186   0.376898   0.540665  -1.432787   1.023635 -26.405042  -2.243386   0.375000   0.625000
  0.442211   0.369699   0.545809  -1.565472   1.012362 -20.514207  -8.140859   0.375000   0.625000
  0.447236   0.361832   0.550896  -1.668556   0.971454 -12.871861 -14.812437   0.375000   0.625000
  0.452261   0.353448   0.555777  -1.733237   0.897022  -6.452712 -20.395476   0.375000   0.625000
  0.457286   0.344738   0.560285  -1.765662   0.794534   0.393230 -24.656619   0.375000   0.625000
  0.462312   0.335864   0.564278  -1.763685   0.670610  12.023225 -28.037997   0.375000   0.625000
  0.467337   0.327002   0.567648  -1.703269   0.529719  26.943225 -31.558804   0.375000   0.625000
  0.472362   0.318443   0.570310  -1.567879   0.371136  40.613725 -35.647167   0.375000   0.625000
  0.477387   0.310564   0.572175  -1.363795   0.192009  51.340377 -38.360818   0.375000   0.625000
  0.482412   0.303711   0.573140  -1.105810  -0.000754  58.820993 -34.330973   0.375000   0.625000
  0.487437   0.298154   0.573136  -0.810234  -0.173267  65.120812 -24.217095   0.375000   0.625000
  0.492462   0.294083   0.572265  -0.483002  -0.294958  72.031650 -14.231581   0.375000   0.625000
  0.497487   0.291656   0.570783  -0.121043  -0.366472  77.710406  -7.080324   0.375000   0.625000
  0.502513   0.291047   0.568941   0.269530  -0.402057  75.559243  -1.970039   0.375000   0.625000
  0.507538   0.292402   0.566921   0.649215  -0.411957  65.330188   4.140615   0.375000   0.625000
  0.512563   0.295664   0.564851   0.977499  -0.391150  54.404421  11.990378   0.375000   0.625000
  0.517588   0.300576   0.562885   1.250881  -0.330899  45.367877  20.204040   0.375000   0.625000
  0.522613   0.306862   0.561222   1.478855  -0.229373  35.592315  24.880524   0.375000   0.625000
  0.527638   0.314293   0.560070   1.657706  -0.104349  22.855497  24.129504   0.375000   0.625000
  0.532663   0.322623   0.559545   1.772555   0.016902   9.141336  21.650285   0.375000   0.625000
  0.537688   0.331530   0.559630   1.818490   0.125695  -3.714259  19.929040   0.375000   0.625000
  0.542714   0.340670   0.560262   1.799822   0.225858 -13.580209  18.565353   0.375000   0.625000
  0.547739   0.349714   0.561397   1.731582   0.319149 -19.622775  15.900943   0.375000   0.625000
  0.552764   0.358415   0.563001   1.632977   0.399051 -24.246065  12.196057   0.375000   0.625000
  0.557789   0.366621   0.565006   1.511141   0.460337 -28.761709   8.406133   0.375000   0.625000
  0.562814   0.374214   0.567319   1.366613   0.502577 -31.676915   5.286644   0.375000   0.625000
  0.567839   0.381081   0.569845   1.207437   0.529143 -31.410417   3.103760   0.375000   0.625000
  0.572864   0.387149   0.572504   1.049599   0.544739 -29.688181   1.290648   0.375000   0.625000
  0.577889   0.392423   0.575241   0.900416   0.551225 -27.916336  -0.499864   0.375000   0.625000
  0.582915   0.396949   0.578011   0.760109   0.548712 -25.832007  -1.946573   0.375000   0.625000
  0.587940   0.400768   0.580769   0.630303   0.538931 -22.954864  -2.576728   0.375000   0.625000
  0.592965   0.403935   0.583477   0.514955   0.525983 -19.809263  -2.750306   0.375000   0.625000
  0.597990   0.406523   0.586120   0.415413   0.512162 -16.774638  -2.878759   0.375000   0.625000
  0.603015   0.408610   0.588693   0.331121   0.497697 -13.921746  -2.954720   0.375000   0.625000
  0.608040   0.410274   0.591194   0.261164   0.482849 -11.420155  -2.794433   0.375000   0.625000
  0.613065   0.411587   0.593621   0.203778   0.468807  -9.256789  -2.477905   0.375000   0.625000
  0.618090   0.412611   0.595976   0.157262   0.456356  -7.259660  -2.148211   0.375000   0.625000
  0.623116   0.413401   0.598270   0.120775   0.445559  -5.466398  -1.847387   0.375000   0.625000
  0.628141   0.414008   0.600509   0.093307   0.436276  -4.116205  -1.569906   0.375000   0.625000
  0.633166   0.414477   0.602701   0.072623   0.428387  -3.107409  -1.305752   0.375000   0.625000
  0.638191   0.414842   0.604854   0.057008   0.421826  -2.216901  -1.054797   0.375000   0.625000
  0.643216   0.415128   0.606974   0.045868   0.416525  -1.444022  -0.835196   0.375000   0.625000
  0.648241   0.415359   0.609067   0.038612   0.412328  -0.921387  -0.672829   0.375000   0.625000
  0.653266   0.415553   0.611139   0.033982   0.408947  -0.578186  -0.548156   0.375000   0.625000
  0.658291   0.415723   0.613193   0.031076   0.406193  -0.285280  -0.435636   0.375000   0.625000
  0.663317   0.415880   0.615235   0.029643   0.404003  -0.037472  -0.339331   0.375000   0.625000
  0.668342   0.416029   0.617265   0.029454   0.402298   0.107807  -0.275960   0.375000   0.625000
  0.673367   0.416177   0.619287   0.029996   0.400912   0.183427  -0.234118   0.375000   0.625000
  0.678392   0.416327   0.621301   0.030918   0.399735   0.247535  -0.196784   0.375000   0.625000
  0.683417   0.416483   0.623310   0.032162   0.398746   0.304512  -0.163322   0.375000   0.625000
  0.688442   0.416644   0.625314   0.033692   0.397926   0.327338  -0.142262   0.375000   0.625000
  0.693467   0.416814   0.627313   0.035337   0.397211   0.324083  -0.131163   0.375000   0.625000
  0.698492   0.416991   0.629309   0.036965   0.396552   0.322012  -0.121331   0.375000   0.625000
  0.703518   0.417177   0.631302   0.038584   0.395942   0.327450  -0.109412   0.375000   0.625000
  0.708543   0.417371   0.633292   0.040229   0.395392   0.322776  -0.099955   0.375000   0.625000
  0.713568   0.417573   0.635279   0.041851   0.394890   0.303707  -0.096577   0.375000   0.625000
  0.718593   0.417783   0.637263   0.043377   0.394404   0.287988  -0.094785   0.375000   0.625000
  0.723618   0.418001   0.639245   0.044824   0.393928   0.284480  -0.088984   0.375000   0.625000
  0.728643   0.418227   0.641224   0.046254   0.393481   0.277488  -0.081272   0.375000   0.625000
  0.733668   0.418459   0.643202   0.047648   0.393073   0.257342  -0.078905   0.375000   0.625000
  0.738693   0.418698   0.645177   0.048941   0.392676   0.240683  -0.079730   0.375000   0.625000
  0.743719   0.418944   0.647150   0.050151   0.392275   0.238465  -0.076226   0.375000   0.625000
  0.748744   0.419196   0.649122   0.051349   0.391892   0.233799  -0.068066   0.375000   0.625000
  0.753769   0.419454   0.651091   0.052524   0.391550   0.214105  -0.065166   0.375000   0.625000
  0.758794   0.419718   0.653058   0.053600   0.391223   0.198376  -0.067654   0.375000   0.625000
  0.763819   0.419988   0.655024   0.054597   0.390883   0.199708  -0.066087   0.375000   0.625000
  0.768844   0.420262   0.656988   0.055600   0.390551   0.198015  -0.056924   0.375000   0.625000
  0.773869   0.420541   0.658951   0.056595   0.390265   0.177734  -0.052794   0.375000   0.625000
  0.778894   0.420826   0.660912   0.057488   0.389999   0.162424  -0.057083   0.375000   0.625000
  0.783920   0.421115   0.662872   0.058305   0.389713   0.168214  -0.058084   0.375000   0.625000
  0.788945   0.421408   0.664831   0.059150   0.389421   0.169978  -0.047493   0.375000   0.625000
  0.793970   0.421705   0.666787   0.060004   0.389182   0.147658  -0.041144   0.375000   0.625000
  0.798995   0.422006   0.668743   0.060746   0.388975   0.131636  -0.047537   0.375000   0.625000
  0.804020   0.422312   0.670698   0.061408   0.388736   0.142783  -0.052223   0.375000   0.625000
  0.809045   0.422620   0.672651   0.062125   0.388474   0.149024  -0.039772   0.375000   0.625000
  0.814070   0.422932   0.674603   0.062874   0.388274   0.123091  -0.029730   0.375000   0.625000
  0.819095   0.423248   0.676554   0.063493   0.388125   0.104743  -0.038536   0.375000   0.625000
  0.824121   0.423568   0.678505   0.064019   0.387931   0.122230  -0.048559   0.375000   0.625000
  0.829146   0.423889   0.680454   0.064633   0.387687   0.134615  -0.033948   0.375000   0.625000
  0.834171   0.424214   0.682402   0.065310   0.387516   0.103489  -0.018164   0.375000   0.625000
  0.839196   0.424542   0.684350   0.065830   0.387425   0.080665  -0.029520   0.375000   0.625000
  0.844221   0.424873   0.686296   0.066235   0.387277   0.105324  -0.047022   0.375000   0.625000
  0.849246   0.425206   0.688243   0.066764   0.387041   0.126189  -0.030287   0.375000   0.625000
  0.854271   0.425541   0.690187   0.067398   0.386888   0.088543  -0.006180   0.375000   0.625000
  0.859296   0.425880   0.692131   0.067843   0.386857   0.058536  -0.019900   0.375000   0.625000
  0.864322   0.426221   0.694076   0.068137   0.386757   0.090708  -0.047467   0.375000   0.625000
  0.869347   0.426563   0.696019   0.068593   0.386519   0.122854  -0.029277   0.375000   0.625000
  0.874372   0.426908   0.697962   0.069211   0.386372   0.078025   0.006042   0.375000   0.625000
  0.879397   0.427256   0.699903   0.069603   0.386402   0.037833  -0.009270   0.375000   0.625000
  0.884422   0.427606   0.701845   0.069793   0.386355   0.076929  -0.049455   0.375000   0.625000
  0.889447   0.427956   0.703786   0.070179   0.386107   0.123201  -0.031264   0.375000   0.625000
  0.894472   0.428309   0.705726   0.070798   0.385950   0.071629   0.018058   0.375000   0.625000
  0.899497   0.428665   0.707666   0.071158   0.386041   0.018362   0.002657   0.375000   0.625000
  0.904523   0.429022   0.709606   0.071251   0.386054   0.062668  -0.052280   0.375000   0.625000
  0.909548   0.429380   0.711546   0.071566   0.385791   0.125364  -0.036416   0.375000   0.625000
  0.914573   0.429740   0.713485   0.072196   0.385608   0.068849   0.028990   0.375000   0.625000
  0.919598   0.430103   0.715422   0.072542   0.385754   0.000347   0.015728   0.375000   0.625000
  0.924623   0.430467   0.717361   0.072543   0.385833   0.046999  -0.055016   0.375000   0.625000
  0.929648   0.430832   0.719299   0.072779   0.385556   0.127320  -0.044474   0.375000   0.625000
  0.934673   0.431198   0.721237   0.073419   0.385333   0.068964   0.037926   0.375000   0.625000
  0.939698   0.431566   0.723173   0.073766   0.385524  -0.015800   0.029564   0.375000   0.625000
  0.944724   0.431937   0.725111   0.073686   0.385672   0.029651  -0.056802   0.375000   0.625000
  0.949749   0.432307   0.727049   0.073835   0.385387   0.127269  -0.054604   0.375000   0.625000
  0.954774   0.432679   0.728985   0.074475   0.385112   0.070302   0.045130   0.375000   0.625000
  0.959799   0.433053   0.730921   0.074828   0.385339  -0.032305   0.046646   0.375000   0.625000
  0.964824   0.433429   0.732857   0.074666   0.385573   0.004301  -0.050136   0.375000   0.625000
  0.969849   0.433804   0.734794   0.074687   0.385322   0.112402  -0.055956   0.375000   0.625000
  0.974874   0.434179   0.736731   0.075252   0.385040   0.052221   0.062118   0.375000   0.625000
  0.979899   0.434557   0.738665   0.075515   0.385353  -0.095681   0.087438   0.375000   0.625000
  0.984925   0.434937   0.740602   0.075034   0.385792  -0.141562  -0.003158   0.375000   0.625000
  0.989950   0.435314   0.742541   0.074322   0.385776  -0.098867  -0.068269   0.375000   0.625000
  0.994975   0.435687   0.744479   0.073826   0.385433  -0.121031  -0.097953   0.375000   0.625000
  1.000000   0.436058   0.746416   0.073217   0.384941  -0.188773  -0.239771   0.375000   0.625000