   0.000000    0.539018    0.303843    0.000000    0.000000   12.241269   22.924293    0.625000    0.125000
   0.005025    0.539018    0.303843    0.061512    0.115195    8.747181   21.235070    0.625000    0.125000
   0.010050    0.539327    0.304422    0.105467    0.221901    6.225781   16.622154    0.625000    0.125000
   0.015075    0.539857    0.305537    0.136752    0.305427    4.456155    9.731191    0.625000    0.125000
   0.020101    0.540544    0.307072    0.159148    0.354336    2.715329    3.791229    0.625000    0.125000
   0.025126    0.541344    0.308853    0.172793    0.373387    0.896608   -0.333006    0.625000    0.125000
   0.030151    0.542212    0.310729    0.177298    0.371714   -0.853487   -2.077963    0.625000    0.125000
   0.035176    0.543103    0.312597    0.173009    0.361272   -2.439076   -1.145992    0.625000    0.125000
   0.040201    0.543973    0.314412    0.160753    0.355513   -3.836245    0.340302    0.625000    0.125000
   0.045226    0.544780    0.316198    0.141476    0.357223   -5.063749    1.182420    0.625000    0.125000
   0.050251    0.545491    0.317994    0.116031    0.363165   -6.073358    1.584564    0.625000    0.125000
   0.055276    0.546074    0.319818    0.085512    0.371127   -6.773372    1.882780    0.625000    0.125000
   0.060302    0.546504    0.321684    0.051469    0.380590   -7.263571    2.104623    0.625000    0.125000
   0.065327    0.546763    0.323596    0.014969    0.391166   -7.671301    2.196860    0.625000    0.125000
   0.070352    0.546838    0.325562   -0.023579    0.402205   -7.980069    2.224511    0.625000    0.125000
   0.075377    0.546720    0.327583   -0.063679    0.413383   -8.105695    2.287885    0.625000    0.125000
   0.080402    0.546400    0.329660   -0.104410    0.424880   -8.100684    2.337790    0.625000    0.125000
   0.085427    0.545875    0.331795   -0.145116    0.436627   -8.061301    2.306868    0.625000    0.125000
   0.090452    0.545146    0.333989   -0.185624    0.448219   -7.982245    2.233735    0.625000    0.125000
   0.095477    0.544213    0.336242   -0.225735    0.459444   -7.796828    2.193310    0.625000    0.125000
   0.100503    0.543078    0.338551   -0.264921    0.470467   -7.531036    2.153707    0.625000    0.125000
   0.105528    0.541747    0.340915   -0.302765    0.481290   -7.258612    2.061614    0.625000    0.125000
   0.110553    0.540226    0.343333   -0.339239    0.491649   -6.981997    1.941995    0.625000    0.125000
   0.115578    0.538521    0.345804   -0.374324    0.501408   -6.649449    1.850959    0.625000    0.125000
   0.120603    0.536640    0.348323   -0.407737    0.510709   -6.269391    1.768219    0.625000    0.125000
   0.125628    0.534591    0.350890   -0.439241    0.519594   -5.897560    1.652053    0.625000    0.125000
   0.130653    0.532384    0.353501   -0.468876    0.527896   -5.541487    1.518552    0.625000    0.125000
   0.135678    0.530028    0.356153   -0.496722    0.535527   -5.161858    1.409477    0.625000    0.125000
   0.140704    0.527531    0.358845   -0.522666    0.542611   -4.755553    1.311947    0.625000    0.125000
   0.145729    0.524905    0.361572   -0.546562    0.549203   -4.364365    1.193618    0.625000    0.125000
   0.150754    0.522159    0.364331   -0.568493    0.555201   -3.998885    1.064936    0.625000    0.125000
   0.155779    0.519302    0.367121   -0.588588    0.560552   -3.629982    0.956869    0.625000    0.125000
   0.160804    0.516344    0.369938   -0.606828    0.565361   -3.247459    0.861111    0.625000    0.125000
   0.165829    0.513295    0.372779   -0.623147    0.569688   -2.881801    0.752654    0.625000    0.125000
   0.170854    0.510164    0.375642   -0.637628    0.573470   -2.545546    0.638492    0.625000    0.125000
   0.175879    0.506960    0.378523   -0.650419    0.576678   -2.217833    0.541602    0.625000    0.125000
   0.180905    0.503691    0.381422   -0.661566    0.579400   -1.884170    0.456352    0.625000    0.125000
   0.185930    0.500366    0.384333   -0.671034    0.581694   -1.566384    0.363486    0.625000    0.125000
   0.190955    0.496994    0.387256   -0.678905    0.583520   -1.277945    0.267939    0.625000    0.125000
   0.195980    0.493583    0.390188   -0.685327    0.584866   -1.004655    0.186862    0.625000    0.125000
   0.201005    0.490139    0.393127   -0.690375    0.585805   -0.729871    0.116101    0.625000    0.125000
   0.206030    0.486670    0.396071   -0.694043    0.586389   -0.468289    0.040703    0.625000    0.125000
   0.211055    0.483182    0.399018   -0.696396    0.586593   -0.233871   -0.035517    0.625000    0.125000
   0.216080    0.479683    0.401965   -0.697571    0.586415   -0.017782   -0.099588    0.625000    0.125000
   0.221106    0.476177    0.404912   -0.697661    0.585914    0.197542   -0.154943    0.625000    0.125000
   0.226131    0.472671    0.407857   -0.696668    0.585136    0.402902   -0.213288    0.625000    0.125000
   0.231156    0.469170    0.410797   -0.694643    0.584064    0.584365   -0.271400    0.625000    0.125000
   0.236181    0.465680    0.413732   -0.691707    0.582700    0.746457   -0.319243    0.625000    0.125000
   0.241206    0.462204    0.416660   -0.687956    0.581096    0.906656   -0.359918    0.625000    0.125000
   0.246231    0.458747    0.419580   -0.683400    0.579287    1.060396   -0.402845    0.625000    0.125000
   0.251256    0.455313    0.422491   -0.678072    0.577263    1.194033   -0.445095    0.625000    0.125000
   0.256281    0.451906    0.425392   -0.672072    0.575027    1.308607   -0.478652    0.625000    0.125000
   0.261307    0.448528    0.428282   -0.665494    0.572621    1.420809   -0.506400    0.625000    0.125000
   0.266332    0.445184    0.431159   -0.658355    0.570076    1.529855   -0.536195    0.625000    0.125000
   0.271357    0.441875    0.434024   -0.650667    0.567382    1.623109   -0.565497    0.625000    0.125000
   0.276382    0.438606    0.436875   -0.642511    0.564540    1.698798   -0.587637    0.625000    0.125000
   0.281407    0.435377    0.439712   -0.633975    0.561587    1.771414   -0.604805    0.625000    0.125000
   0.286432    0.432191    0.442534   -0.625073    0.558548    1.843775   -0.624027    0.625000    0.125000
   0.291457    0.429050    0.445340   -0.615808    0.555412    1.906308   -0.644094    0.625000    0.125000
   0.296482    0.425956    0.448131   -0.606229    0.552176    1.955154   -0.659353    0.625000    0.125000
   0.301508    0.422909    0.450907   -0.596403    0.548862    1.998198   -0.669153    0.625000    0.125000
   0.306533    0.419912    0.453665   -0.586362    0.545500    2.041854   -0.680182    0.625000    0.125000
   0.311558    0.416966    0.456406   -0.576101    0.542082    2.086640   -0.695772    0.625000    0.125000
   0.316583    0.414071    0.459130   -0.565616    0.538585    2.128195   -0.711582    0.625000    0.125000
   0.321608    0.411229    0.461836   -0.554922    0.535010    2.153344   -0.717629    0.625000    0.125000
   0.326633    0.408440    0.464525   -0.544101    0.531404    2.171058   -0.719774    0.625000    0.125000
   0.331658    0.405706    0.467195   -0.533192    0.527787    2.211091   -0.733552    0.625000    0.125000
   0.336683    0.403027    0.469847   -0.522081    0.524101    2.271766   -0.756872    0.625000    0.125000
   0.341709    0.400403    0.472481   -0.510663    0.520297    2.280891   -0.756100    0.625000    0.125000
   0.346734    0.397837    0.475096   -0.499202    0.516497    2.244469   -0.733877    0.625000    0.125000
   0.351759    0.395328    0.477691   -0.487923    0.512809    2.260900   -0.730175    0.625000    0.125000
   0.356784    0.392876    0.480268   -0.476562    0.509140    2.327171   -0.741252    0.625000    0.125000
   0.361809    0.390482    0.482826   -0.464868    0.505415    2.235946   -0.688161    0.625000    0.125000
   0.366834    0.388146    0.485366   -0.453632    0.501957    1.991364   -0.575365    0.625000    0.125000
   0.371859    0.385866    0.487888   -0.443626    0.499066    1.815875   -0.478786    0.625000    0.125000
   0.376884    0.383637    0.490396   -0.434501    0.496660    1.638437   -0.361879    0.625000    0.125000
   0.381910    0.381453    0.492892   -0.426266    0.494842    0.995346   -0.073327    0.625000    0.125000
   0.386935    0.379311    0.495379   -0.421265    0.494473   -0.011577    0.329100    0.625000    0.125000
   0.391960    0.377194    0.497864   -0.421323    0.496127   -0.978232    0.715830    0.625000    0.125000
   0.396985    0.375077    0.500357   -0.426238    0.499724   -2.307558    1.225227    0.625000    0.125000
   0.402010    0.372935    0.502868   -0.437834    0.505881   -4.887128    2.112354    0.625000    0.125000
   0.407035    0.370735    0.505410   -0.462392    0.516495   -8.090524    3.152824    0.625000    0.125000
   0.412060    0.368412    0.508005   -0.503047    0.532338  -11.222790    4.095202    0.625000    0.125000
   0.417085    0.365884    0.510680   -0.559441    0.552917  -15.532031    5.154476    0.625000    0.125000
   0.422111    0.363072    0.513459   -0.637505    0.578823  -22.624270    6.768668    0.625000    0.125000
   0.427136    0.359869    0.516368   -0.751192    0.612835  -30.852691    8.902587    0.625000    0.125000
   0.432161    0.356094    0.519447   -0.906227    0.657571  -39.232239   11.397501    0.625000    0.125000
   0.437186    0.351540    0.522752   -1.103369    0.714843  -48.768063   13.112119    0.625000    0.125000
   0.442211    0.345996    0.526344   -1.348428    0.780732  -57.751662   10.955520    0.625000    0.125000
   0.447236    0.339220    0.530267   -1.638631    0.835783  -63.702749    5.590750    0.625000    0.125000
   0.452261    0.330986    0.534467   -1.958737    0.863877  -67.750565   -0.593884    0.625000    0.125000
   0.457286    0.321143    0.538808   -2.299183    0.860893  -64.215149  -12.170201    0.625000    0.125000
   0.462312    0.309587    0.543134   -2.621929    0.799725  -38.222499  -37.507742    0.625000    0.125000
   0.467337    0.296412    0.547153   -2.813997    0.611249    4.206468  -70.837446    0.625000    0.125000
   0.472362    0.282272    0.550225   -2.792859    0.255291   48.095651 -103.056618    0.625000    0.125000
   0.477387    0.268238    0.551507   -2.551179   -0.262569   91.873173 -123.327607    0.625000    0.125000
   0.482412    0.255418    0.550188   -2.089516   -0.882290  129.463348 -105.297044    0.625000    0.125000
   0.487437    0.244918    0.545755   -1.438963   -1.411408  152.007108  -52.663795    0.625000    0.125000
   0.492462    0.237687    0.538662   -0.675127   -1.676043  164.117962    7.563922    0.625000    0.125000
   0.497487    0.234295    0.530240    0.149566   -1.638035  163.502925   67.540895    0.625000    0.125000
   0.502513    0.235047    0.522007    0.971332   -1.298574  134.964216  112.841533    0.625000    0.125000
   0.507538    0.239928    0.515482    1.649527   -0.731545   87.527325  128.886998    0.625000    0.125000
   0.512563    0.248216    0.511806    2.089352   -0.083888   42.034987  126.843129    0.625000    0.125000
   0.517588    0.258715    0.511384    2.300577    0.553498    1.695291  110.710673    0.625000    0.125000
   0.522613    0.270276    0.514166    2.309096    1.109820  -30.615974   74.292989    0.625000    0.125000
   0.527638    0.281879    0.519743    2.155251    1.483142  -50.561082   31.545385    0.625000    0.125000
   0.532663    0.292709    0.527195    1.901181    1.641657  -62.985883   -2.501350    0.625000    0.125000
   0.537688    0.302263    0.535445    1.584677    1.629088  -69.976379  -26.917636    0.625000    0.125000
   0.542714    0.310227    0.543633    1.232976    1.493800  -66.541887  -37.630005    0.625000    0.125000
   0.547739    0.316423    0.551139    0.898603    1.304709  -54.938063  -35.597506    0.625000    0.125000
   0.552764    0.320938    0.557695    0.622539    1.125832  -43.551922  -30.600467    0.625000    0.125000
   0.557789    0.324067    0.563352    0.403691    0.972065  -34.017177  -26.097354    0.625000    0.125000
   0.562814    0.326095    0.568237    0.232755    0.840925  -25.715378  -21.480714    0.625000    0.125000
   0.567839    0.327265    0.572463    0.103535    0.732985  -19.177648  -17.119394    0.625000    0.125000
   0.572864    0.327785    0.576146    0.007167    0.646960  -14.117500  -13.586859    0.625000    0.125000
   0.577889    0.327821    0.579397   -0.063773    0.578686   -9.784286  -10.504558    0.625000    0.125000
   0.582915    0.327501    0.582305   -0.112949    0.525890   -6.304345   -7.741268    0.625000    0.125000
   0.587940    0.326933    0.584948   -0.144628    0.486990   -4.041298   -5.711850    0.625000    0.125000
   0.592965    0.326206    0.587395   -0.164936    0.458288   -2.446236   -4.284769    0.625000    0.125000
   0.597990    0.325377    0.589698   -0.177228    0.436757   -1.109400   -3.069213    0.625000    0.125000
   0.603015    0.324487    0.591893   -0.182803    0.421334   -0.170034   -2.029256    0.625000    0.125000
   0.608040    0.323568    0.594010   -0.183657    0.411137    0.304465   -1.347531    0.625000    0.125000
   0.613065    0.322645    0.596076   -0.182127    0.404366    0.622165   -0.920779    0.625000    0.125000
   0.618090    0.321730    0.598108   -0.179001    0.399739    0.883235   -0.582769    0.625000    0.125000
   0.623116    0.320831    0.600117   -0.174562    0.396810    0.978621   -0.328238    0.625000    0.125000
   0.628141    0.319953    0.602111   -0.169644    0.395161    0.940351   -0.191439    0.625000    0.125000
   0.633166    0.319101    0.604096   -0.164919    0.394199    0.925120   -0.112029    0.625000    0.125000
   0.638191    0.318272    0.606077   -0.160270    0.393636    0.924798   -0.049197    0.625000    0.125000
   0.643216    0.317467    0.608055   -0.155623    0.393388    0.863264   -0.016938    0.625000    0.125000
   0.648241    0.316685    0.610032   -0.151285    0.393303    0.768592   -0.017029    0.625000    0.125000
   0.653266    0.315925    0.612008   -0.147423    0.393218    0.715834   -0.019061    0.625000    0.125000
   0.658291    0.315184    0.613984   -0.143826    0.393122    0.684498   -0.016227    0.625000    0.125000
   0.663317    0.314461    0.615960   -0.140386    0.393040    0.630599   -0.019451    0.625000    0.125000
   0.668342    0.313756    0.617935   -0.137217    0.392943    0.568287   -0.030667    0.625000    0.125000
   0.673367    0.313066    0.619910   -0.134361    0.392789    0.533383   -0.039527    0.625000    0.125000
   0.678392    0.312391    0.621884   -0.131681    0.392590    0.511649   -0.043400    0.625000    0.125000
   0.683417    0.311729    0.623856   -0.129110    0.392372    0.477998   -0.044902    0.625000    0.125000
   0.688442    0.311080    0.625828   -0.126708    0.392146    0.440246   -0.047554    0.625000    0.125000
   0.693467    0.310444    0.627799   -0.124496    0.391907    0.419893   -0.051751    0.625000    0.125000
   0.698492    0.309818    0.629768   -0.122386    0.391647    0.407651   -0.054522    0.625000    0.125000
   0.703518    0.309203    0.631736   -0.120337    0.391373    0.385311   -0.052946    0.625000    0.125000
   0.708543    0.308598    0.633703   -0.118401    0.391107    0.357737   -0.050063    0.625000    0.125000
   0.713568    0.308003    0.635668   -0.116603    0.390856    0.343912   -0.051129    0.625000    0.125000
   0.718593    0.307417    0.637632   -0.114875    0.390599    0.337724   -0.053397    0.625000    0.125000
   0.723618    0.306840    0.639595   -0.113178    0.390330    0.321525   -0.051082    0.625000    0.125000
   0.728643    0.306271    0.641556   -0.111562    0.390074    0.297064   -0.045805    0.625000    0.125000
   0.733668    0.305711    0.643517   -0.110070    0.389843    0.285440   -0.045411    0.625000    0.125000
   0.738693    0.305158    0.645476   -0.108635    0.389615    0.283742   -0.048200    0.625000    0.125000
   0.743719    0.304612    0.647434   -0.107209    0.389373    0.272168   -0.046523    0.625000    0.125000
   0.748744    0.304073    0.649390   -0.105842    0.389139    0.248037   -0.039909    0.625000    0.125000
   0.753769    0.303541    0.651346   -0.104595    0.388939    0.236493   -0.038424    0.625000    0.125000
   0.758794    0.303016    0.653300   -0.103407    0.388746    0.238953   -0.042302    0.625000    0.125000
   0.763819    0.302496    0.655254   -0.102206    0.388533    0.232107   -0.042060    0.625000    0.125000
   0.768844    0.301982    0.657206   -0.101040    0.388322    0.206935   -0.034122    0.625000    0.125000
   0.773869    0.301475    0.659157   -0.100000    0.388150    0.193893   -0.031148    0.625000    0.125000
   0.778894    0.300972    0.661108   -0.099026    0.387994    0.200714   -0.036547    0.625000    0.125000
   0.783920    0.300474    0.663058   -0.098017    0.387810    0.199474   -0.038606    0.625000    0.125000
   0.788945    0.299982    0.665007   -0.097015    0.387616    0.172201   -0.029014    0.625000    0.125000
   0.793970    0.299494    0.666954   -0.096149    0.387470    0.155902   -0.023613    0.625000    0.125000
   0.798995    0.299011    0.668901   -0.095366    0.387352    0.167520   -0.030906    0.625000    0.125000
   0.804020    0.298532    0.670848   -0.094524    0.387196    0.173362   -0.036448    0.625000    0.125000
   0.809045    0.298057    0.672793   -0.093653    0.387013    0.142997   -0.024808    0.625000    0.125000
   0.814070    0.297586    0.674738   -0.092934    0.386888    0.121187   -0.015535    0.625000    0.125000
   0.819095    0.297119    0.676682   -0.092325    0.386810    0.138118   -0.025071    0.625000    0.125000
   0.824121    0.296655    0.678626   -0.091631    0.386684    0.153138   -0.035787    0.625000    0.125000
   0.829146    0.296195    0.680570   -0.090862    0.386505    0.118844   -0.021833    0.625000    0.125000
   0.834171    0.295738    0.682512   -0.090264    0.386395    0.088711   -0.006672    0.625000    0.125000
   0.839196    0.295285    0.684453   -0.089819    0.386361    0.111379   -0.018620    0.625000    0.125000
   0.844221    0.294833    0.686395   -0.089259    0.386268    0.138211   -0.036683    0.625000    0.125000
   0.849246    0.294385    0.688336   -0.088565    0.386083    0.099561   -0.020480    0.625000    0.125000
   0.854271    0.293940    0.690276   -0.088064    0.385981    0.057818    0.003122    0.625000    0.125000
   0.859296    0.293497    0.692215   -0.087774    0.385996    0.086318   -0.011076    0.625000    0.125000
   0.864322    0.293056    0.694155   -0.087340    0.385941    0.127929   -0.039097    0.625000    0.125000
   0.869347    0.292617    0.696095   -0.086697    0.385744    0.085193   -0.021338    0.625000    0.125000
   0.874372    0.292182    0.698033   -0.086269    0.385637    0.028450    0.013573    0.625000    0.125000
   0.879397    0.291748    0.699971   -0.086126    0.385705    0.062278   -0.002126    0.625000    0.125000
   0.884422    0.291315    0.701909   -0.085813    0.385694    0.121435   -0.042679    0.625000    0.125000
   0.889447    0.290884    0.703847   -0.085203    0.385480    0.075900   -0.024837    0.625000    0.125000
   0.894472    0.290456    0.705784   -0.084821    0.385355    0.001196    0.024155    0.625000    0.125000
   0.899497    0.290030    0.707721   -0.084815    0.385476    0.038988    0.008439    0.625000    0.125000
   0.904523    0.289604    0.709658   -0.084619    0.385519    0.117696   -0.046796    0.625000    0.125000
   0.909548    0.289178    0.711595   -0.084028    0.385284    0.071671   -0.031214    0.625000    0.125000
   0.914573    0.288756    0.713531   -0.083668    0.385127   -0.022875    0.033925    0.625000    0.125000
   0.919598    0.288336    0.715467   -0.083783    0.385297    0.016663    0.020408    0.625000    0.125000
   0.924623    0.287915    0.717403   -0.083699    0.385400    0.115535   -0.050577    0.625000    0.125000
   0.929648    0.287494    0.719339   -0.083118    0.385146    0.072199   -0.040263    0.625000    0.125000
   0.934673    0.287076    0.721275   -0.082756    0.384943   -0.042628    0.041920    0.625000    0.125000
   0.939698    0.286661    0.723209   -0.082970    0.385154   -0.004294    0.033353    0.625000    0.125000
   0.944724    0.286244    0.725145   -0.082991    0.385322    0.113871   -0.053209    0.625000    0.125000
   0.949749    0.285826    0.727081   -0.082419    0.385054    0.076458   -0.051195    0.625000    0.125000
   0.954774    0.285412    0.729016   -0.082035    0.384797   -0.058449    0.048362    0.625000    0.125000
   0.959799    0.285000    0.730950   -0.082329    0.385040   -0.026729    0.049712    0.625000    0.125000
   0.964824    0.284586    0.732884   -0.082463    0.385290    0.104634   -0.047228    0.625000    0.125000
   0.969849    0.284172    0.734821   -0.081937    0.385053    0.073764   -0.053198    0.625000    0.125000
   0.974874    0.283760    0.736755   -0.081567    0.384785   -0.078962    0.064734    0.625000    0.125000
   0.979899    0.283350    0.738689   -0.081963    0.385111   -0.060400    0.089920    0.625000    0.125000
   0.984925    0.282938    0.740625   -0.082267    0.385562    0.090489   -0.000803    0.625000    0.125000
   0.989950    0.282525    0.742562   -0.081812    0.385558    0.169241   -0.066035    0.625000    0.125000
   0.994975    0.282114    0.744499   -0.080962    0.385227    0.219854   -0.095835    0.625000    0.125000
   1.000000    0.281707    0.746435   -0.079857    0.384745    0.448967   -0.237763    0.625000    0.125000