  0.000000   0.539018   0.303843   0.000000   0.000000  12.241266  22.924344   0.625000   0.375000
  0.005025   0.539018   0.303843   0.061512   0.115195   8.747180  21.235084   0.625000   0.375000
  0.010050   0.539327   0.304422   0.105467   0.221901   6.225782  16.622138   0.625000   0.375000
  0.015075   0.539857   0.305537   0.136751   0.305427   4.456156   9.731168   0.625000   0.375000
  0.020101   0.540544   0.307072   0.159148   0.354336   2.715329   3.791214   0.625000   0.375000
  0.025126   0.541344   0.308853   0.172793   0.373387   0.896606  -0.333011   0.625000   0.375000
  0.030151   0.542212   0.310729   0.177298   0.371714  -0.853489  -2.077962   0.625000   0.375000
  0.035176   0.543103   0.312597   0.173009   0.361272  -2.439079  -1.145995   0.625000   0.375000
  0.040201   0.543973   0.314412   0.160753   0.355513  -3.836248   0.340292   0.625000   0.375000
  0.045226   0.544780   0.316199   0.141476   0.357223  -5.063750   1.182406   0.625000   0.375000
  0.050251   0.545491   0.317994   0.116030   0.363165  -6.073359   1.584552   0.625000   0.375000
  0.055276   0.546074   0.319818   0.085512   0.371127  -6.773372   1.882774   0.625000   0.375000
  0.060302   0.546504   0.321684   0.051469   0.380590  -7.263571   2.104622   0.625000   0.375000
  0.065327   0.546763   0.323596   0.014969   0.391166  -7.671301   2.196860   0.625000   0.375000
  0.070352   0.546838   0.325562  -0.023579   0.402205  -7.980069   2.224511   0.625000   0.375000
  0.075377   0.546720   0.327583  -0.063679   0.413383  -8.105695   2.287886   0.625000   0.375000
  0.080402   0.546400   0.329660  -0.104410   0.424880  -8.100683   2.337791   0.625000   0.375000
  0.085427   0.545875   0.331795  -0.145116   0.436627  -8.061301   2.306869   0.625000   0.375000
  0.090452   0.545146   0.333989  -0.185624   0.448219  -7.982245   2.233736   0.625000   0.375000
  0.095477   0.544213   0.336242  -0.225735   0.459444  -7.796828   2.193312   0.625000   0.375000
  0.100503   0.543078   0.338551  -0.264921   0.470467  -7.531036   2.153709   0.625000   0.375000
  0.105528   0.541747   0.340915  -0.302765   0.481290  -7.258611   2.061616   0.625000   0.375000
  0.110553   0.540226   0.343333  -0.339239   0.491649  -6.981996   1.941997   0.625000   0.375000
  0.115578   0.538521   0.345804  -0.374324   0.501408  -6.649448   1.850960   0.625000   0.375000
  0.120603   0.536640   0.348323  -0.407737   0.510709  -6.269390   1.768220   0.625000   0.375000
  0.125628   0.534591   0.350890  -0.439241   0.519594  -5.897559   1.652055   0.625000   0.375000
  0.130653   0.532384   0.353501  -0.468876   0.527896  -5.541486   1.518554   0.625000   0.375000
  0.135678   0.530028   0.356153  -0.496722   0.535527  -5.161858   1.409479   0.625000   0.375000
  0.140704   0.527531   0.358845  -0.522666   0.542611  -4.755552   1.311949   0.625000   0.375000
  0.145729   0.524905   0.361571  -0.546562   0.549203  -4.364365   1.193620   0.625000   0.375000
  0.150754   0.522159   0.364331  -0.568493   0.555201  -3.998884   1.064937   0.625000   0.375000
  0.155779   0.519302   0.367121  -0.588588   0.560552  -3.629982   0.956870   0.625000   0.375000
  0.160804   0.516344   0.369938  -0.606828   0.565361  -3.247458   0.861112   0.625000   0.375000
  0.165829   0.513295   0.372779  -0.623147   0.569688  -2.881800   0.752655   0.625000   0.375000
  0.170854   0.510164   0.375642  -0.637628   0.573470  -2.545545   0.638492   0.625000   0.375000
  0.175879   0.506960   0.378523  -0.650419   0.576678  -2.217832   0.541603   0.625000   0.375000
  0.180905   0.503691   0.381422  -0.661566   0.579400  -1.884170   0.456353   0.625000   0.375000
  0.185930   0.500366   0.384333  -0.671034   0.581694  -1.566383   0.363487   0.625000   0.375000
  0.190955   0.496994   0.387256  -0.678905   0.583520  -1.277943   0.267939   0.625000   0.375000
  0.195980   0.493583   0.390188  -0.685327   0.584866  -1.004652   0.186862   0.625000   0.375000
  0.201005   0.490139   0.393127  -0.690375   0.585805  -0.729868   0.116100   0.625000   0.375000
  0.206030   0.486670   0.396071  -0.694043   0.586389  -0.468284   0.040701   0.625000   0.375000
  0.211055   0.483182   0.399018  -0.696396   0.586593  -0.233861  -0.035524   0.625000   0.375000
  0.216080   0.479683   0.401965  -0.697571   0.586415  -0.017767  -0.099599   0.625000   0.375000
  0.221106   0.476177   0.404912  -0.697660   0.585914   0.197555  -0.154954   0.625000   0.375000
  0.226131   0.472671   0.407857  -0.696668   0.585136   0.402923  -0.213305   0.625000   0.375000
  0.231156   0.469170   0.410797  -0.694643   0.584064   0.584420  -0.271440   0.625000   0.375000
  0.236181   0.465680   0.413732  -0.691706   0.582700   0.746535  -0.319305   0.625000   0.375000
  0.241206   0.462204   0.416660  -0.687955   0.581095   0.906706  -0.359970   0.625000   0.375000
  0.246231   0.458747   0.419580  -0.683399   0.579286   1.060458  -0.402909   0.625000   0.375000
  0.251256   0.455313   0.422491  -0.678070   0.577262   1.194240  -0.445263   0.625000   0.375000
  0.256281   0.451906   0.425392  -0.672069   0.575024   1.308891  -0.478909   0.625000   0.375000
  0.261307   0.448528   0.428282  -0.665490   0.572617   1.420829  -0.506547   0.625000   0.375000
  0.266332   0.445184   0.431159  -0.658351   0.570072   1.529726  -0.536288   0.625000   0.375000
  0.271357   0.441875   0.434024  -0.650664   0.567377   1.623421  -0.565929   0.625000   0.375000
  0.276382   0.438606   0.436875  -0.642506   0.564533   1.699153  -0.588322   0.625000   0.375000
  0.281407   0.435377   0.439712  -0.633968   0.561577   1.769932  -0.604718   0.625000   0.375000
  0.286432   0.432192   0.442533  -0.625074   0.558538   1.840545  -0.623144   0.625000   0.375000
  0.291457   0.429051   0.445340  -0.615825   0.555407   1.903519  -0.643825   0.625000   0.375000
  0.296482   0.425956   0.448131  -0.606260   0.552172   1.950774  -0.659287   0.625000   0.375000
  0.301508   0.422909   0.450906  -0.596455   0.548858   1.983488  -0.664911   0.625000   0.375000
  0.306533   0.419912   0.453664  -0.586488   0.545517   2.015500  -0.670692   0.625000   0.375000
  0.311558   0.416965   0.456406  -0.576361   0.542147   2.055262  -0.685115   0.625000   0.375000
  0.316583   0.414069   0.459130  -0.566033   0.538704   2.082918  -0.698187   0.625000   0.375000
  0.321608   0.411224   0.461837  -0.555566   0.535196   2.060297  -0.686359   0.625000   0.375000
  0.326633   0.408433   0.464526  -0.545213   0.531747   2.020560  -0.664296   0.625000   0.375000
  0.331658   0.405693   0.467198  -0.535060   0.528409   2.018363  -0.662557   0.625000   0.375000
  0.336683   0.403004   0.469853  -0.524918   0.525079   2.004191  -0.665551   0.625000   0.375000
  0.341709   0.400366   0.472492  -0.514845   0.521734   1.831833  -0.604688   0.625000   0.375000
  0.346734   0.397779   0.475114  -0.505640   0.518696   1.574432  -0.499856   0.625000   0.375000
  0.351759   0.395238   0.477721  -0.497728   0.516184   1.390902  -0.422811   0.625000   0.375000
  0.356784   0.392737   0.480314  -0.490739   0.514059   1.158317  -0.349403   0.625000   0.375000
  0.361809   0.390271   0.482898  -0.484918   0.512304   0.515000  -0.148188   0.625000   0.375000
  0.366834   0.387834   0.485472  -0.482330   0.511559  -0.379570   0.157677   0.625000   0.375000
  0.371859   0.385410   0.488043  -0.484238   0.512351  -1.212377   0.462565   0.625000   0.375000
  0.376884   0.382977   0.490617  -0.490330   0.514676  -2.278446   0.800366   0.625000   0.375000
  0.381910   0.380513   0.493204  -0.501781   0.518698  -4.164343   1.282661   0.625000   0.375000
  0.386935   0.377991   0.495810  -0.522707   0.525144  -6.470913   1.861166   0.625000   0.375000
  0.391960   0.375365   0.498449  -0.555224   0.534496  -8.827688   2.492115   0.625000   0.375000
  0.396985   0.372575   0.501135  -0.599583   0.547019 -11.865298   3.190375   0.625000   0.375000
  0.402010   0.369562   0.503884  -0.659206   0.563050 -15.950854   3.755649   0.625000   0.375000
  0.407035   0.366249   0.506713  -0.739359   0.581923 -20.031632   4.057774   0.625000   0.375000
  0.412060   0.362534   0.509637  -0.840018   0.602313 -23.994147   4.222113   0.625000   0.375000
  0.417085   0.358313   0.512664  -0.960588   0.623529 -28.718847   3.982649   0.625000   0.375000
  0.422111   0.353485   0.515798  -1.104929   0.643546 -33.528304   2.742643   0.625000   0.375000
  0.427136   0.347933   0.519032  -1.273409   0.657328 -36.780151   0.873760   0.625000   0.375000
  0.432161   0.341534   0.522335  -1.458229   0.661718 -38.814733  -1.428010   0.625000   0.375000
  0.437186   0.334206   0.525660  -1.653273   0.654543 -39.081888  -5.651882   0.625000   0.375000
  0.442211   0.325899   0.528949  -1.849660   0.626142 -35.196767 -12.604193   0.625000   0.375000
  0.447236   0.316604   0.532095  -2.026524   0.562806 -28.706562 -19.235690   0.625000   0.375000
  0.452261   0.306421   0.534923  -2.170774   0.466146 -22.061740 -23.874894   0.625000   0.375000
  0.457286   0.295513   0.537266  -2.281634   0.346175 -11.594743 -27.615547   0.625000   0.375000
  0.462312   0.284045   0.539006  -2.339909   0.207379   8.998606 -32.653084   0.625000   0.375000
  0.467337   0.272287   0.540048  -2.294691   0.043298  34.290874 -39.421115   0.625000   0.375000
  0.472362   0.260756   0.540265  -2.122380  -0.154794  57.071338 -46.056925   0.625000   0.375000
  0.477387   0.250091   0.539487  -1.835596  -0.386230  76.444668 -46.839845   0.625000   0.375000
  0.482412   0.240867   0.537547  -1.451462  -0.621600  90.303056 -32.011354   0.625000   0.375000
  0.487437   0.233574   0.534423  -0.997689  -0.782457  98.430776  -6.959906   0.625000   0.375000
  0.492462   0.228560   0.530491  -0.503074  -0.817430 104.410989  16.618116   0.625000   0.375000
  0.497487   0.226033   0.526384   0.021591  -0.733924 106.408739  35.575525   0.625000   0.375000
  0.502513   0.226141   0.522695   0.556401  -0.555122  95.298375  47.096861   0.625000   0.375000
  0.507538   0.228937   0.519905   1.035275  -0.318460  73.162346  52.018223   0.625000   0.375000
  0.512563   0.234139   0.518305   1.402916  -0.057068  50.779346  55.484601   0.625000   0.375000
  0.517588   0.241189   0.518018   1.658082   0.221742  30.485019  57.752756   0.625000   0.375000
  0.522613   0.249521   0.519133   1.811270   0.511949  11.643005  52.927865   0.625000   0.375000
  0.527638   0.258622   0.521705   1.869776   0.777912  -4.731134  40.234038   0.625000   0.375000
  0.532663   0.268018   0.525614   1.846002   0.980088 -18.962217  25.930271   0.625000   0.375000
  0.537688   0.277294   0.530539   1.750717   1.110387 -31.669963  12.353229   0.625000   0.375000
  0.542714   0.286093   0.536120   1.591543   1.172475 -39.914877   1.262580   0.625000   0.375000
  0.547739   0.294091   0.542012   1.390971   1.178819 -41.785810  -5.310968   0.625000   0.375000
  0.552764   0.301080   0.547935   1.180998   1.152132 -40.991236  -9.358071   0.625000   0.375000
  0.557789   0.307015   0.553725   0.975017   1.105107 -39.487013 -12.960872   0.625000   0.375000
  0.562814   0.311914   0.559278   0.776594   1.039979 -36.400207 -15.796356   0.625000   0.375000
  0.567839   0.315817   0.564504   0.593683   0.960602 -31.879163 -16.651469   0.625000   0.375000
  0.572864   0.318800   0.569331   0.433490   0.876929 -27.420578 -16.190381   0.625000   0.375000
  0.577889   0.320978   0.573737   0.295702   0.795572 -23.088349 -15.100885   0.625000   0.375000
  0.582915   0.322464   0.577736   0.179660   0.719675 -18.473188 -13.272070   0.625000   0.375000
  0.587940   0.323367   0.581352   0.086832   0.652983 -14.276659 -11.161400   0.625000   0.375000
  0.592965   0.323804   0.584633   0.015092   0.596897 -10.985032  -9.384757   0.625000   0.375000
  0.597990   0.323879   0.587633  -0.040108   0.549738  -8.223841  -7.775254   0.625000   0.375000
  0.603015   0.323678   0.590395  -0.081433   0.510668  -5.847065  -6.098860   0.625000   0.375000
  0.608040   0.323269   0.592961  -0.110814   0.480021  -4.049966  -4.642058   0.625000   0.375000
  0.613065   0.322712   0.595373  -0.131165   0.456695  -2.696562  -3.580070   0.625000   0.375000
  0.618090   0.322053   0.597668  -0.144715   0.438705  -1.591477  -2.720021   0.625000   0.375000
  0.623116   0.321325   0.599873  -0.152714   0.425034  -0.805474  -1.972670   0.625000   0.375000
  0.628141   0.320558   0.602009  -0.156762   0.415121  -0.349713  -1.421917   0.625000   0.375000
  0.633166   0.319770   0.604095  -0.158519   0.407976   0.004161  -1.036937   0.625000   0.375000
  0.638191   0.318974   0.606145  -0.158498   0.402765   0.316641  -0.726582   0.625000   0.375000
  0.643216   0.318177   0.608169  -0.156907   0.399114   0.486331  -0.489767   0.625000   0.375000
  0.648241   0.317389   0.610175  -0.154463   0.396653   0.520294  -0.349619   0.625000   0.375000
  0.653266   0.316613   0.612168  -0.151849   0.394896   0.558228  -0.255492   0.625000   0.375000
  0.658291   0.315850   0.614152  -0.149044   0.393613   0.611695  -0.172420   0.625000   0.375000
  0.663317   0.315101   0.616130  -0.145969   0.392746   0.616537  -0.113436   0.625000   0.375000
  0.668342   0.314367   0.618104  -0.142871   0.392176   0.576092  -0.089691   0.625000   0.375000
  0.673367   0.313649   0.620075  -0.139976   0.391725   0.554248  -0.076896   0.625000   0.375000
  0.678392   0.312946   0.622043  -0.137191   0.391339   0.548498  -0.061326   0.625000   0.375000
  0.683417   0.312256   0.624010  -0.134435   0.391031   0.525056  -0.048296   0.625000   0.375000
  0.688442   0.311581   0.625975  -0.131796   0.390788   0.487190  -0.044875   0.625000   0.375000
  0.693467   0.310919   0.627938  -0.129348   0.390563   0.465253  -0.046176   0.625000   0.375000
  0.698492   0.310269   0.629901  -0.127010   0.390331   0.453509  -0.045743   0.625000   0.375000
  0.703518   0.309630   0.631863  -0.124731   0.390101   0.430920  -0.041864   0.625000   0.375000
  0.708543   0.309003   0.633823  -0.122566   0.389890   0.400792  -0.038764   0.625000   0.375000
  0.713568   0.308388   0.635782  -0.120552   0.389695   0.384337  -0.040204   0.625000   0.375000
  0.718593   0.307782   0.637740  -0.118620   0.389493   0.376356  -0.042523   0.625000   0.375000
  0.723618   0.307186   0.639697  -0.116729   0.389280   0.358443  -0.040323   0.625000   0.375000
  0.728643   0.306599   0.641654  -0.114928   0.389077   0.331897  -0.035568   0.625000   0.375000
  0.733668   0.306022   0.643609  -0.113260   0.388898   0.318283  -0.035763   0.625000   0.375000
  0.738693   0.305452   0.645563  -0.111661   0.388719   0.314884  -0.039006   0.625000   0.375000
  0.743719   0.304891   0.647517  -0.110078   0.388523   0.301726  -0.037748   0.625000   0.375000
  0.748744   0.304338   0.649469  -0.108562   0.388333   0.276019  -0.031602   0.625000   0.375000
  0.753769   0.303793   0.651420  -0.107175   0.388174   0.262980  -0.030574   0.625000   0.375000
  0.758794   0.303254   0.653371  -0.105854   0.388021   0.264064  -0.034859   0.625000   0.375000
  0.763819   0.302722   0.655321  -0.104527   0.387845   0.255924  -0.034996   0.625000   0.375000
  0.768844   0.302197   0.657270  -0.103241   0.387670   0.229514  -0.027429   0.625000   0.375000
  0.773869   0.301678   0.659218  -0.102087   0.387532   0.215299  -0.024807   0.625000   0.375000
  0.778894   0.301165   0.661165  -0.101006   0.387407   0.221015  -0.030534   0.625000   0.375000
  0.783920   0.300657   0.663112  -0.099895   0.387254   0.218729  -0.032902   0.625000   0.375000
  0.788945   0.300155   0.665058  -0.098796   0.387088   0.190462  -0.023605   0.625000   0.375000
  0.793970   0.299659   0.667003  -0.097839   0.386970   0.173222  -0.018483   0.625000   0.375000
  0.798995   0.299167   0.668948  -0.096968   0.386877   0.183948  -0.026040   0.625000   0.375000
  0.804020   0.298680   0.670892  -0.096044   0.386746   0.188943  -0.031832   0.625000   0.375000
  0.809045   0.298198   0.672835  -0.095094   0.386586   0.157776  -0.020430   0.625000   0.375000
  0.814070   0.297720   0.674778  -0.094302   0.386483   0.135205  -0.011383   0.625000   0.375000
  0.819095   0.297246   0.676720  -0.093622   0.386426   0.151414  -0.021132   0.625000   0.375000
  0.824121   0.296775   0.678662  -0.092861   0.386320   0.165749  -0.032051   0.625000   0.375000
  0.829146   0.296309   0.680603  -0.092028   0.386159   0.130807  -0.018289   0.625000   0.375000
  0.834171   0.295846   0.682544  -0.091371   0.386067   0.100057  -0.003311   0.625000   0.375000
  0.839196   0.295387   0.684484  -0.090868   0.386050   0.122141  -0.015432   0.625000   0.375000
  0.844221   0.294930   0.686424  -0.090254   0.385973   0.148419  -0.033659   0.625000   0.375000
  0.849246   0.294477   0.688363  -0.089509   0.385804   0.109243  -0.017612   0.625000   0.375000
  0.854271   0.294027   0.690302  -0.088960   0.385715   0.067001   0.005843   0.625000   0.375000
  0.859296   0.293580   0.692240  -0.088623   0.385744   0.095028  -0.008496   0.625000   0.375000
  0.864322   0.293135   0.694179  -0.088145   0.385702   0.136191  -0.036649   0.625000   0.375000
  0.869347   0.292692   0.696117  -0.087461   0.385518   0.093029  -0.019016   0.625000   0.375000
  0.874372   0.292252   0.698054  -0.086993   0.385422   0.035883   0.015774   0.625000   0.375000
  0.879397   0.291815   0.699991  -0.086813   0.385501   0.069328  -0.000038   0.625000   0.375000
  0.884422   0.291379   0.701928  -0.086465   0.385501   0.128122  -0.040699   0.625000   0.375000
  0.889447   0.290944   0.703865  -0.085821   0.385297   0.082243  -0.022958   0.625000   0.375000
  0.894472   0.290513   0.705801  -0.085408   0.385181   0.007212   0.025937   0.625000   0.375000
  0.899497   0.290084   0.707737  -0.085371   0.385312   0.044694   0.010129   0.625000   0.375000
  0.904523   0.289655   0.709673  -0.085147   0.385362   0.123107  -0.045192   0.625000   0.375000
  0.909548   0.289227   0.711610  -0.084528   0.385135   0.076804  -0.029693   0.625000   0.375000
  0.914573   0.288802   0.713545  -0.084142   0.384986  -0.018006   0.035367   0.625000   0.375000
  0.919598   0.288379   0.715480  -0.084233   0.385164   0.021281   0.021776   0.625000   0.375000
  0.924623   0.287956   0.717415  -0.084126   0.385273   0.119915  -0.049279   0.625000   0.375000
  0.929648   0.287533   0.719351  -0.083523   0.385026   0.076354  -0.039033   0.625000   0.375000
  0.934673   0.287114   0.721286  -0.083140   0.384830  -0.038688   0.043087   0.625000   0.375000
  0.939698   0.286696   0.723220  -0.083334   0.385046  -0.000557   0.034460   0.625000   0.375000
  0.944724   0.286277   0.725155  -0.083337   0.385219   0.117415  -0.052159   0.625000   0.375000
  0.949749   0.285858   0.727091  -0.082747   0.384957   0.079821  -0.050199   0.625000   0.375000
  0.954774   0.285443   0.729025  -0.082346   0.384705  -0.055259   0.049308   0.625000   0.375000
  0.959799   0.285029   0.730958  -0.082623   0.384953  -0.023704   0.050608   0.625000   0.375000
  0.964824   0.284614   0.732893  -0.082742   0.385207   0.107503  -0.046377   0.625000   0.375000
  0.969849   0.284198   0.734828  -0.082202   0.384974   0.076485  -0.052391   0.625000   0.375000
  0.974874   0.283785   0.736763  -0.081818   0.384711  -0.076382   0.065499   0.625000   0.375000
  0.979899   0.283374   0.738696  -0.082202   0.385040  -0.057953   0.090645   0.625000   0.375000
  0.984925   0.282960   0.740631  -0.082493   0.385495   0.092810  -0.000116   0.625000   0.375000
  0.989950   0.282546   0.742568  -0.082027   0.385495   0.171443  -0.065384   0.625000   0.375000
  0.994975   0.282134   0.744505  -0.081165   0.385166   0.221943  -0.095216   0.625000   0.375000
  1.000000   0.281726   0.746441  -0.080050   0.384688   0.450948  -0.237176   0.625000   0.375000