   0.000000    0.576537    0.315224    0.000000    0.000000   10.525794   22.613129    0.750000    0.125000
   0.005025    0.576537    0.315224    0.052892    0.113631    6.739952   20.788525    0.750000    0.125000
   0.010050    0.576803    0.315795    0.086760    0.218093    4.553051   16.168822    0.750000    0.125000
   0.015075    0.577239    0.316891    0.109639    0.299342    3.611098    9.391658    0.750000    0.125000
   0.020101    0.577790    0.318395    0.127789    0.346544    2.554908    3.564596    0.750000    0.125000
   0.025126    0.578432    0.320137    0.140627    0.364456    1.115670   -0.496131    0.750000    0.125000
   0.030151    0.579139    0.321968    0.146233    0.361963   -0.632173   -2.256069    0.750000    0.125000
   0.035176    0.579873    0.323787    0.143057    0.350626   -2.625680   -1.426128    0.750000    0.125000
   0.040201    0.580592    0.325549    0.129863    0.343460   -4.489869   -0.047569    0.750000    0.125000
   0.045226    0.581245    0.327275    0.107301    0.343221   -6.051539    0.722434    0.750000    0.125000
   0.050251    0.581784    0.329000    0.076892    0.346851   -7.288282    1.080405    0.750000    0.125000
   0.055276    0.582170    0.330742    0.040269    0.352280   -8.148658    1.351459    0.750000    0.125000
   0.060302    0.582373    0.332513   -0.000687    0.359073   -8.753556    1.556816    0.750000    0.125000
   0.065327    0.582369    0.334317   -0.044673    0.366896   -9.242087    1.640974    0.750000    0.125000
   0.070352    0.582145    0.336161   -0.091115    0.375142   -9.605246    1.668016    0.750000    0.125000
   0.075377    0.581687    0.338046   -0.139381    0.383523   -9.761595    1.736909    0.750000    0.125000
   0.080402    0.580987    0.339973   -0.188433    0.392251   -9.764497    1.796980    0.750000    0.125000
   0.085427    0.580040    0.341944   -0.237500    0.401281   -9.714657    1.780338    0.750000    0.125000
   0.090452    0.578846    0.343961   -0.286316    0.410227   -9.611800    1.725353    0.750000    0.125000
   0.095477    0.577408    0.346022   -0.334615    0.418897   -9.390676    1.706093    0.750000    0.125000
   0.100503    0.575726    0.348128   -0.381813    0.427472   -9.076679    1.689535    0.750000    0.125000
   0.105528    0.573807    0.350276   -0.427423    0.435962   -8.746662    1.622102    0.750000    0.125000
   0.110553    0.571659    0.352466   -0.471375    0.444113   -8.407139    1.528818    0.750000    0.125000
   0.115578    0.569291    0.354698   -0.513621    0.451795   -8.007156    1.465260    0.750000    0.125000
   0.120603    0.566710    0.356968   -0.553857    0.459158   -7.553605    1.410208    0.750000    0.125000
   0.125628    0.563927    0.359276   -0.591814    0.466245   -7.104339    1.321852    0.750000    0.125000
   0.130653    0.560953    0.361618   -0.627513    0.472887   -6.670348    1.216540    0.750000    0.125000
   0.135678    0.557800    0.363995   -0.661031    0.479000   -6.212764    1.135725    0.750000    0.125000
   0.140704    0.554477    0.366402   -0.692257    0.484708   -5.726285    1.065737    0.750000    0.125000
   0.145729    0.550999    0.368838   -0.721031    0.490064   -5.254122    0.974216    0.750000    0.125000
   0.150754    0.547375    0.371300   -0.747433    0.494959   -4.809907    0.872003    0.750000    0.125000
   0.155779    0.543620    0.373788   -0.771603    0.499341   -4.364826    0.789926    0.750000    0.125000
   0.160804    0.539742    0.376297   -0.793536    0.503310   -3.906108    0.718971    0.750000    0.125000
   0.165829    0.535755    0.378826   -0.813165    0.506923   -3.465051    0.634158    0.750000    0.125000
   0.170854    0.531669    0.381373   -0.830576    0.510110   -3.056991    0.542954    0.750000    0.125000
   0.175879    0.527495    0.383936   -0.845938    0.512838   -2.661390    0.468317    0.750000    0.125000
   0.180905    0.523243    0.386514   -0.859314    0.515192   -2.260928    0.403966    0.750000    0.125000
   0.185930    0.518925    0.389103   -0.870675    0.517222   -1.877814    0.330665    0.750000    0.125000
   0.190955    0.514550    0.391702   -0.880111    0.518883   -1.528136    0.253874    0.750000    0.125000
   0.195980    0.510128    0.394309   -0.887790    0.520159   -1.198122    0.190818    0.750000    0.125000
   0.201005    0.505666    0.396923   -0.893811    0.521118   -0.868190    0.136728    0.750000    0.125000
   0.206030    0.501175    0.399542   -0.898173    0.521805   -0.553001    0.076654    0.750000    0.125000
   0.211055    0.496662    0.402164   -0.900952    0.522190   -0.269032    0.014955    0.750000    0.125000
   0.216080    0.492134    0.404788   -0.902304    0.522265   -0.008034   -0.035250    0.750000    0.125000
   0.221106    0.487599    0.407413   -0.902344    0.522088    0.250537   -0.077976    0.750000    0.125000
   0.226131    0.483065    0.410036   -0.901085    0.521696    0.497839   -0.124975    0.750000    0.125000
   0.231156    0.478537    0.412658   -0.898584    0.521068    0.717514   -0.172463    0.750000    0.125000
   0.236181    0.474022    0.415276   -0.894978    0.520202    0.913316   -0.210198    0.750000    0.125000
   0.241206    0.469525    0.417890   -0.890389    0.519145    1.105653   -0.241852    0.750000    0.125000
   0.246231    0.465050    0.420499   -0.884833    0.517930    1.290646   -0.276923    0.750000    0.125000
   0.251256    0.460604    0.423101   -0.878347    0.516539    1.452297   -0.311912    0.750000    0.125000
   0.256281    0.456190    0.425697   -0.871050    0.514971    1.590671   -0.338546    0.750000    0.125000
   0.261307    0.451812    0.428285   -0.863055    0.513270    1.725278   -0.360295    0.750000    0.125000
   0.266332    0.447476    0.430864   -0.854385    0.511459    1.856316   -0.385124    0.750000    0.125000
   0.271357    0.443182    0.433434   -0.845057    0.509524    1.968904   -0.409820    0.750000    0.125000
   0.276382    0.438936    0.435995   -0.835164    0.507465    2.060089   -0.427420    0.750000    0.125000
   0.281407    0.434739    0.438545   -0.824812    0.505317    2.146956   -0.440913    0.750000    0.125000
   0.286432    0.430594    0.441084   -0.814023    0.503101    2.233616   -0.457385    0.750000    0.125000
   0.291457    0.426504    0.443612   -0.802799    0.500803    2.308484   -0.474482    0.750000    0.125000
   0.296482    0.422470    0.446129   -0.791199    0.498419    2.366323   -0.486180    0.750000    0.125000
   0.301508    0.418493    0.448634   -0.779306    0.495975    2.417093   -0.493648    0.750000    0.125000
   0.306533    0.414577    0.451126   -0.767160    0.493494    2.468807   -0.503487    0.750000    0.125000
   0.311558    0.410722    0.453606   -0.754754    0.490964    2.520560   -0.516086    0.750000    0.125000
   0.316583    0.406930    0.456073   -0.742089    0.488371    2.566424   -0.526440    0.750000    0.125000
   0.321608    0.403201    0.458527   -0.729192    0.485726    2.594069   -0.530145    0.750000    0.125000
   0.326633    0.399537    0.460968   -0.716157    0.483062    2.614313   -0.532968    0.750000    0.125000
   0.331658    0.395938    0.463395   -0.703020    0.480384    2.656686   -0.542082    0.750000    0.125000
   0.336683    0.392405    0.465809   -0.689670    0.477660    2.717553   -0.553908    0.750000    0.125000
   0.341709    0.388939    0.468210   -0.676012    0.474876    2.723135   -0.551336    0.750000    0.125000
   0.346734    0.385542    0.470596   -0.662328    0.472105    2.681624   -0.537897    0.750000    0.125000
   0.351759    0.382214    0.472968   -0.648853    0.469402    2.692581   -0.532431    0.750000    0.125000
   0.356784    0.378953    0.475327   -0.635323    0.466727    2.748670   -0.529845    0.750000    0.125000
   0.361809    0.375761    0.477672   -0.621511    0.464064    2.638036   -0.492859    0.750000    0.125000
   0.366834    0.372638    0.480004   -0.608255    0.461588    2.370145   -0.427339    0.750000    0.125000
   0.371859    0.369581    0.482324   -0.596345    0.459440    2.167469   -0.365312    0.750000    0.125000
   0.376884    0.366585    0.484632   -0.585453    0.457605    1.943507   -0.282344    0.750000    0.125000
   0.381910    0.363642    0.486932   -0.575685    0.456186    1.229482   -0.116110    0.750000    0.125000
   0.386935    0.360749    0.489225   -0.569507    0.455602    0.149934    0.093636    0.750000    0.125000
   0.391960    0.357888    0.491514   -0.568753    0.456073   -0.898555    0.293619    0.750000    0.125000
   0.396985    0.355030    0.493806   -0.573269    0.457548   -2.365277    0.545167    0.750000    0.125000
   0.402010    0.352149    0.496105   -0.585154    0.460288   -5.135321    0.937419    0.750000    0.125000
   0.407035    0.349208    0.498418   -0.610959    0.464998   -8.509263    1.366508    0.750000    0.125000
   0.412060    0.346138    0.500755   -0.653718    0.471865  -11.811818    1.707056    0.750000    0.125000
   0.417085    0.342853    0.503126   -0.713073    0.480443  -16.380451    1.932225    0.750000    0.125000
   0.422111    0.339270    0.505540   -0.795401    0.490154  -23.804527    2.186372    0.750000    0.125000
   0.427136    0.335273    0.508003   -0.915019    0.501141  -32.337535    2.750676    0.750000    0.125000
   0.432161    0.330675    0.510522   -1.077515    0.514963  -41.061391    3.624626    0.750000    0.125000
   0.437186    0.325260    0.513109   -1.283848    0.533177  -50.886545    3.465122    0.750000    0.125000
   0.442211    0.318809    0.515789   -1.539553    0.550589  -59.499079   -0.410839    0.750000    0.125000
   0.447236    0.311073    0.518555   -1.838536    0.548524  -64.351696   -6.828854    0.750000    0.125000
   0.452261    0.301834    0.521312   -2.161903    0.514209  -66.919771  -13.728369    0.750000    0.125000
   0.457286    0.290970    0.523896   -2.498175    0.445224  -60.747594  -24.684982    0.750000    0.125000
   0.462312    0.278415    0.526133   -2.803492    0.321158  -29.926602  -45.083132    0.750000    0.125000
   0.467337    0.264327    0.527747   -2.953874    0.094615   18.183286  -70.061575    0.750000    0.125000
   0.472362    0.249484    0.528223   -2.862503   -0.257445   67.423918  -93.388342    0.750000    0.125000
   0.477387    0.235100    0.526929   -2.523697   -0.726721  114.723492 -104.738223    0.750000    0.125000
   0.482412    0.222418    0.523277   -1.947212   -1.253031  149.186251  -79.567376    0.750000    0.125000
   0.487437    0.212633    0.516981   -1.197551   -1.652857  162.037190  -23.462934    0.750000    0.125000
   0.492462    0.206616    0.508675   -0.383314   -1.770758  162.630374   38.106990    0.750000    0.125000
   0.497487    0.204690    0.499777    0.433904   -1.579270  150.313776   97.463901    0.750000    0.125000
   0.502513    0.206870    0.491840    1.189381   -1.089417  113.098557  137.615156    0.750000    0.125000
   0.507538    0.212847    0.486365    1.757701   -0.397901   63.025338  145.133932    0.750000    0.125000
   0.512563    0.221679    0.484366    2.074403    0.331397   18.450691  134.597888    0.750000    0.125000
   0.517588    0.232103    0.486031    2.167118    1.007752  -18.557418  110.646665    0.750000    0.125000
   0.522613    0.242993    0.491095    2.073867    1.563751  -44.109660   67.989217    0.750000    0.125000
   0.527638    0.253414    0.498953    1.852216    1.905397  -56.167504   21.733343    0.750000    0.125000
   0.532663    0.262722    0.508527    1.569974    2.014607  -62.170416  -14.217888    0.750000    0.125000
   0.537688    0.270611    0.518651    1.257568    1.943162  -64.488264  -39.667346    0.750000    0.125000
   0.542714    0.276931    0.528417    0.933450    1.743794  -59.065708  -49.837475    0.750000    0.125000
   0.547739    0.281622    0.537180    0.636645    1.493361  -47.976445  -45.904970    0.750000    0.125000
   0.552764    0.284821    0.544684    0.395563    1.262688  -37.646868  -38.931072    0.750000    0.125000
   0.557789    0.286809    0.551029    0.206387    1.067060  -29.020467  -32.676386    0.750000    0.125000
   0.562814    0.287846    0.556391    0.060560    0.902861  -21.599477  -26.486855    0.750000    0.125000
   0.567839    0.288150    0.560928   -0.047978    0.769765  -15.888666  -20.894780    0.750000    0.125000
   0.572864    0.287909    0.564796   -0.127818    0.664768  -11.515568  -16.426139    0.750000    0.125000
   0.577889    0.287267    0.568136   -0.185684    0.582227   -7.782105  -12.534702    0.750000    0.125000
   0.582915    0.286333    0.571063   -0.224797    0.519228   -4.820274   -9.097608    0.750000    0.125000
   0.587940    0.285204    0.573672   -0.249019    0.473512   -2.929343   -6.621586    0.750000    0.125000
   0.592965    0.283953    0.576051   -0.263739    0.440239   -1.603056   -4.889487    0.750000    0.125000
   0.597990    0.282627    0.578263   -0.271794    0.415669   -0.498113   -3.419500    0.750000    0.125000
   0.603015    0.281262    0.580352   -0.274297    0.398486    0.250318   -2.188288    0.750000    0.125000
   0.608040    0.279883    0.582354   -0.273039    0.387490    0.604734   -1.401211    0.750000    0.125000
   0.613065    0.278511    0.584302   -0.270000    0.380449    0.845201   -0.907938    0.750000    0.125000
   0.618090    0.277154    0.586213   -0.265753    0.375886    1.043161   -0.516078    0.750000    0.125000
   0.623116    0.275819    0.588102   -0.260510    0.373292    1.093219   -0.233057    0.750000    0.125000
   0.628141    0.274510    0.589978   -0.255017    0.372121    1.032862   -0.092760    0.750000    0.125000
   0.633166    0.273228    0.591848   -0.249827    0.371655    1.004265   -0.011558    0.750000    0.125000
   0.638191    0.271973    0.593716   -0.244780    0.371597    0.992102    0.054515    0.750000    0.125000
   0.643216    0.270743    0.595583   -0.239795    0.371871    0.924239    0.082000    0.750000    0.125000
   0.648241    0.269538    0.597452   -0.235151    0.372283    0.829617    0.070762    0.750000    0.125000
   0.653266    0.268356    0.599322   -0.230982    0.372639    0.777163    0.061298    0.750000    0.125000
   0.658291    0.267196    0.601195   -0.227077    0.372947    0.744566    0.059869    0.750000    0.125000
   0.663317    0.266054    0.603069   -0.223335    0.373248    0.689519    0.050806    0.750000    0.125000
   0.668342    0.264932    0.604945   -0.219870    0.373503    0.627490    0.032228    0.750000    0.125000
   0.673367    0.263827    0.606822   -0.216717    0.373665    0.593327    0.017968    0.750000    0.125000
   0.678392    0.262738    0.608699   -0.213735    0.373755    0.571429    0.010536    0.750000    0.125000
   0.683417    0.261664    0.610578   -0.210864    0.373808    0.535939    0.005692    0.750000    0.125000
   0.688442    0.260605    0.612456   -0.208171    0.373837    0.496174   -0.000662    0.750000    0.125000
   0.693467    0.259558    0.614334   -0.205677    0.373833    0.475410   -0.008125    0.750000    0.125000
   0.698492    0.258525    0.616213   -0.203288    0.373793    0.462991   -0.013353    0.750000    0.125000
   0.703518    0.257503    0.618092   -0.200961    0.373725    0.438399   -0.013676    0.750000    0.125000
   0.708543    0.256493    0.619970   -0.198758    0.373657    0.407573   -0.012819    0.750000    0.125000
   0.713568    0.255495    0.621847   -0.196710    0.373592    0.392695   -0.016117    0.750000    0.125000
   0.718593    0.254506    0.623725   -0.194737    0.373511    0.386590   -0.020215    0.750000    0.125000
   0.723618    0.253528    0.625601   -0.192794    0.373410    0.368381   -0.019115    0.750000    0.125000
   0.728643    0.252559    0.627478   -0.190943    0.373314    0.340131   -0.015192    0.750000    0.125000
   0.733668    0.251599    0.629354   -0.189234    0.373237    0.327128   -0.016604    0.750000    0.125000
   0.738693    0.250648    0.631229   -0.187590    0.373154    0.326029   -0.020871    0.750000    0.125000
   0.743719    0.249706    0.633105   -0.185952    0.373049    0.313052   -0.019992    0.750000    0.125000
   0.748744    0.248771    0.634979   -0.184379    0.372949    0.284761   -0.014404    0.750000    0.125000
   0.753769    0.247845    0.636853   -0.182948    0.372876    0.271481   -0.014564    0.750000    0.125000
   0.758794    0.246925    0.638727   -0.181584    0.372803    0.275213   -0.019689    0.750000    0.125000
   0.763819    0.246013    0.640600   -0.180201    0.372704    0.267836   -0.019873    0.750000    0.125000
   0.768844    0.245107    0.642473   -0.178855    0.372604    0.238046   -0.012730    0.750000    0.125000
   0.773869    0.244209    0.644346   -0.177659    0.372540    0.222666   -0.011384    0.750000    0.125000
   0.778894    0.243316    0.646218   -0.176540    0.372483    0.231562   -0.017865    0.750000    0.125000
   0.783920    0.242429    0.648090   -0.175376    0.372393    0.230988   -0.019943    0.750000    0.125000
   0.788945    0.241547    0.649961   -0.174215    0.372293    0.198476   -0.010935    0.750000    0.125000
   0.793970    0.240672    0.651832   -0.173218    0.372238    0.178826   -0.007281    0.750000    0.125000
   0.798995    0.239802    0.653702   -0.172319    0.372201    0.193454   -0.015562    0.750000    0.125000
   0.804020    0.238936    0.655573   -0.171347    0.372123    0.201611   -0.020644    0.750000    0.125000
   0.809045    0.238075    0.657442   -0.170334    0.372020    0.165211   -0.009349    0.750000    0.125000
   0.814070    0.237219    0.659312   -0.169504    0.371973    0.138456   -0.002096    0.750000    0.125000
   0.819095    0.236367    0.661181   -0.168808    0.371962    0.159456   -0.012612    0.750000    0.125000
   0.824121    0.235518    0.663051   -0.168007    0.371899    0.179071   -0.022285    0.750000    0.125000
   0.829146    0.234674    0.664919   -0.167107    0.371787    0.137822   -0.008365    0.750000    0.125000
   0.834171    0.233835    0.666788   -0.166414    0.371745    0.100374    0.004333    0.750000    0.125000
   0.839196    0.232998    0.668656   -0.165910    0.371766    0.128233   -0.008709    0.750000    0.125000
   0.844221    0.232165    0.670524   -0.165265    0.371723    0.162714   -0.025026    0.750000    0.125000
   0.849246    0.231334    0.672392   -0.164448    0.371597    0.116187   -0.008424    0.750000    0.125000
   0.854271    0.230508    0.674259   -0.163864    0.371555    0.063839    0.012093    0.750000    0.125000
   0.859296    0.229684    0.676126   -0.163543    0.371615    0.098605   -0.003481    0.750000    0.125000
   0.864322    0.228862    0.677994   -0.163048    0.371598    0.151814   -0.028940    0.750000    0.125000
   0.869347    0.228043    0.679861   -0.162285    0.371452    0.100488   -0.010175    0.750000    0.125000
   0.874372    0.227228    0.681727   -0.161780    0.371401    0.028860    0.020875    0.750000    0.125000
   0.879397    0.226415    0.683594   -0.161635    0.371506    0.069781    0.003320    0.750000    0.125000
   0.884422    0.225602    0.685461   -0.161284    0.371523    0.145320   -0.033794    0.750000    0.125000
   0.889447    0.224792    0.687327   -0.160554    0.371353    0.090983   -0.014130    0.750000    0.125000
   0.894472    0.223985    0.689194   -0.160097    0.371282   -0.003771    0.030130    0.750000    0.125000
   0.899497    0.223181    0.691059   -0.160116    0.371433    0.041451    0.011856    0.750000    0.125000
   0.904523    0.222376    0.692926   -0.159907    0.371493    0.141958   -0.039074    0.750000    0.125000
   0.909548    0.221572    0.694793   -0.159194    0.371297    0.087697   -0.020644    0.750000    0.125000
   0.914573    0.220772    0.696659   -0.158753    0.371193   -0.032650    0.038902    0.750000    0.125000
   0.919598    0.219975    0.698524   -0.158917    0.371388    0.013921    0.021911    0.750000    0.125000
   0.924623    0.219176    0.700390   -0.158847    0.371499    0.140235   -0.044019    0.750000    0.125000
   0.929648    0.218378    0.702257   -0.158143    0.371277    0.090226   -0.029650    0.750000    0.125000
   0.934673    0.217583    0.704122   -0.157689    0.371128   -0.056310    0.046203    0.750000    0.125000
   0.939698    0.216791    0.705987   -0.157972    0.371361   -0.012247    0.033077    0.750000    0.125000
   0.944724    0.215997    0.707854   -0.158034    0.371527    0.138787   -0.047877    0.750000    0.125000
   0.949749    0.215203    0.709721   -0.157336    0.371286    0.097254   -0.040504    0.750000    0.125000
   0.954774    0.214412    0.711587   -0.156848    0.371083   -0.075232    0.052138    0.750000    0.125000
   0.959799    0.213624    0.713451   -0.157226    0.371345   -0.040746    0.047559    0.750000    0.125000
   0.964824    0.212834    0.715317   -0.157431    0.371584    0.127007   -0.043839    0.750000    0.125000
   0.969849    0.212043    0.717184   -0.156792    0.371363    0.094487   -0.043535    0.750000    0.125000
   0.974874    0.211255    0.719051   -0.156318    0.371145   -0.101598    0.066586    0.750000    0.125000
   0.979899    0.210470    0.720916   -0.156828    0.371479   -0.087000    0.082378    0.750000    0.125000
   0.984925    0.209681    0.722783   -0.157265    0.371893    0.100697   -0.007681    0.750000    0.125000
   0.989950    0.208891    0.724651   -0.156759    0.371855    0.202824   -0.068147    0.750000    0.125000
   0.994975    0.208103    0.726520   -0.155740    0.371512    0.265586   -0.098165    0.750000    0.125000
   1.000000    0.207321    0.728387   -0.154406    0.371019    0.551278   -0.238753    0.750000    0.125000