  0.000000   0.611114   0.333706   0.000000   0.000000   8.907226  21.821040   0.875000   0.125000
  0.005025   0.611114   0.333706   0.044759   0.109651   4.848200  19.930391   0.875000   0.125000
  0.010050   0.611339   0.334257   0.069121   0.209801   2.979077  15.518010   0.875000   0.125000
  0.015075   0.611686   0.335311   0.084091   0.287779   2.831283   9.066585   0.875000   0.125000
  0.020101   0.612109   0.336758   0.098321   0.333348   2.442584   3.415634   0.875000   0.125000
  0.025126   0.612603   0.338433   0.110595   0.350511   1.380329  -0.597651   0.875000   0.125000
  0.030151   0.613159   0.340194   0.117531   0.347508  -0.358111  -2.392161   0.875000   0.125000
  0.035176   0.613749   0.341940   0.115732   0.335487  -2.741763  -1.685150   0.875000   0.125000
  0.040201   0.614331   0.343626   0.101954   0.327019  -5.052922  -0.454414   0.875000   0.125000
  0.045226   0.614843   0.345269   0.076563   0.324736  -6.932712   0.192844   0.875000   0.125000
  0.050251   0.615228   0.346901   0.041726   0.325705  -8.384423   0.453624   0.875000   0.125000
  0.055276   0.615438   0.348538  -0.000405   0.327985  -9.396380   0.650641   0.875000   0.125000
  0.060302   0.615436   0.350186  -0.047632   0.331255 -10.110529   0.805932   0.875000   0.125000
  0.065327   0.615196   0.351851  -0.098437   0.335304 -10.676804   0.856744   0.875000   0.125000
  0.070352   0.614702   0.353536  -0.152088   0.339610 -11.092693   0.859237   0.875000   0.125000
  0.075377   0.613937   0.355242  -0.207829   0.343927 -11.279576   0.913628   0.875000   0.125000
  0.080402   0.612893   0.356970  -0.264509   0.348518 -11.292193   0.974138   0.875000   0.125000
  0.085427   0.611564   0.358722  -0.321252   0.353413 -11.235051   0.967838   0.875000   0.125000
  0.090452   0.609949   0.360498  -0.377708   0.358277 -11.112013   0.925878   0.875000   0.125000
  0.095477   0.608052   0.362298  -0.433546   0.362929 -10.859382   0.923611   0.875000   0.125000
  0.100503   0.605873   0.364122  -0.488125   0.367571 -10.502610   0.933893   0.875000   0.125000
  0.105528   0.603420   0.365969  -0.540901   0.372264 -10.121170   0.899182   0.875000   0.125000
  0.110553   0.600702   0.367840  -0.591760   0.376783  -9.724816   0.837593   0.875000   0.125000
  0.115578   0.597728   0.369733  -0.640627   0.380991  -9.263481   0.805751   0.875000   0.125000
  0.120603   0.594509   0.371648  -0.687176   0.385040  -8.743277   0.789014   0.875000   0.125000
  0.125628   0.591056   0.373582  -0.731111   0.389005  -8.223802   0.742550   0.875000   0.125000
  0.130653   0.587382   0.375537  -0.772435   0.392736  -7.718707   0.675977   0.875000   0.125000
  0.135678   0.583501   0.377511  -0.811222   0.396133  -7.189636   0.631408   0.875000   0.125000
  0.140704   0.579423   0.379502  -0.847357   0.399307  -6.629921   0.602238   0.875000   0.125000
  0.145729   0.575165   0.381508  -0.880672   0.402333  -6.083926   0.553915   0.875000   0.125000
  0.150754   0.570740   0.383530  -0.911244   0.405116  -5.567548   0.490669   0.875000   0.125000
  0.155779   0.566161   0.385566  -0.939221   0.407582  -5.052305   0.443502   0.875000   0.125000
  0.160804   0.561441   0.387614  -0.964609   0.409811  -4.523707   0.410766   0.875000   0.125000
  0.165829   0.556594   0.389673  -0.987340   0.411875  -4.013701   0.366096   0.875000   0.125000
  0.170854   0.551633   0.391743  -1.007509   0.413714  -3.539656   0.310411   0.875000   0.125000
  0.175879   0.546570   0.393822  -1.025296   0.415274  -3.081314   0.266298   0.875000   0.125000
  0.180905   0.541417   0.395909  -1.040783   0.416612  -2.619402   0.235006   0.875000   0.125000
  0.185930   0.536187   0.398002  -1.053945   0.417793  -2.176441   0.196659   0.875000   0.125000
  0.190955   0.530891   0.400102  -1.064882   0.418782  -1.770381   0.150243   0.875000   0.125000
  0.195980   0.525540   0.402206  -1.073778   0.419537  -1.387768   0.112036   0.875000   0.125000
  0.201005   0.520144   0.404314  -1.080752   0.420100  -1.006962   0.084820   0.875000   0.125000
  0.206030   0.514713   0.406425  -1.085812   0.420526  -0.642604   0.053761   0.875000   0.125000
  0.211055   0.509257   0.408538  -1.089041   0.420796  -0.312946   0.016809   0.875000   0.125000
  0.216080   0.503785   0.410653  -1.090613   0.420880  -0.010143  -0.014448   0.875000   0.125000
  0.221106   0.498303   0.412768  -1.090664   0.420808   0.288452  -0.036552   0.875000   0.125000
  0.226131   0.492823   0.414883  -1.089215   0.420624   0.574253  -0.060415   0.875000   0.125000
  0.231156   0.487349   0.416996  -1.086329   0.420321   0.829212  -0.088563   0.875000   0.125000
  0.236181   0.481891   0.419108  -1.082162   0.419875   1.056554  -0.112864   0.875000   0.125000
  0.241206   0.476453   0.421218  -1.076853   0.419308   1.278762  -0.129705   0.875000   0.125000
  0.246231   0.471042   0.423325  -1.070427   0.418657   1.492460  -0.147013   0.875000   0.125000
  0.251256   0.465663   0.425429  -1.062928   0.417918   1.680014  -0.167459   0.875000   0.125000
  0.256281   0.460322   0.427529  -1.054486   0.417076   1.840824  -0.185440   0.875000   0.125000
  0.261307   0.455022   0.429625  -1.045234   0.416144   1.996398  -0.197451   0.875000   0.125000
  0.266332   0.449769   0.431717  -1.035202   0.415152   2.147644  -0.209146   0.875000   0.125000
  0.271357   0.444567   0.433803  -1.024410   0.414101   2.278155  -0.223226   0.875000   0.125000
  0.276382   0.439420   0.435884  -1.012962   0.412979   2.384169  -0.235933   0.875000   0.125000
  0.281407   0.434330   0.437959  -1.000982   0.411794   2.484565  -0.243854   0.875000   0.125000
  0.286432   0.429300   0.440028  -0.988497   0.410569   2.584403  -0.250969   0.875000   0.125000
  0.291457   0.424333   0.442091  -0.975510   0.409307   2.670824  -0.260189   0.875000   0.125000
  0.296482   0.419431   0.444148  -0.962089   0.408000   2.737681  -0.269174   0.875000   0.125000
  0.301508   0.414595   0.446198  -0.948330   0.406647   2.796181  -0.274089   0.875000   0.125000
  0.306533   0.409830   0.448242  -0.934279   0.405270   2.855494  -0.277541   0.875000   0.125000
  0.311558   0.405135   0.450278  -0.919930   0.403875   2.914213  -0.283297   0.875000   0.125000
  0.316583   0.400512   0.452308  -0.905286   0.402452   2.965572  -0.290336   0.875000   0.125000
  0.321608   0.395963   0.454330  -0.890384   0.400993   2.996937  -0.293222   0.875000   0.125000
  0.326633   0.391489   0.456345  -0.875324   0.399519   3.020296  -0.292931   0.875000   0.125000
  0.331658   0.387091   0.458353  -0.860147   0.398047   3.066712  -0.294856   0.875000   0.125000
  0.336683   0.382768   0.460353  -0.844737   0.396566   3.132251  -0.299465   0.875000   0.125000
  0.341709   0.378523   0.462346  -0.828994   0.395060   3.139053  -0.299138   0.875000   0.125000
  0.346734   0.374357   0.464331  -0.813221   0.393557   3.095732  -0.292415   0.875000   0.125000
  0.351759   0.370271   0.466309  -0.797665   0.392088   3.107804  -0.284936   0.875000   0.125000
  0.356784   0.366262   0.468279  -0.782048   0.390656   3.168843  -0.277691   0.875000   0.125000
  0.361809   0.362333   0.470242  -0.766125   0.389261   3.055347  -0.265901   0.875000   0.125000
  0.366834   0.358483   0.472198  -0.750771   0.387925   2.775583  -0.248274   0.875000   0.125000
  0.371859   0.354710   0.474147  -0.736824   0.386677   2.566354  -0.224922   0.875000   0.125000
  0.376884   0.351008   0.476091  -0.723928   0.385547   2.343388  -0.195761   0.875000   0.125000
  0.381910   0.347369   0.478028  -0.712150   0.384563   1.612256  -0.172278   0.875000   0.125000
  0.386935   0.343791   0.479961  -0.704049   0.383697   0.495265  -0.160327   0.875000   0.125000
  0.391960   0.340253   0.481889  -0.701560   0.382892  -0.578438  -0.158448   0.875000   0.125000
  0.396985   0.336727   0.483813  -0.704467   0.382095  -2.048843  -0.206289   0.875000   0.125000
  0.402010   0.333188   0.485733  -0.714762   0.381059  -4.852414  -0.352373   0.875000   0.125000
  0.407035   0.329596   0.487648  -0.739146   0.379288  -8.302302  -0.544767   0.875000   0.125000
  0.412060   0.325882   0.489554  -0.780865   0.376551 -11.647076  -0.820352   0.875000   0.125000
  0.417085   0.321958   0.491446  -0.839391   0.372428 -16.163298  -1.493408   0.875000   0.125000
  0.422111   0.317739   0.493318  -0.920628   0.364922 -23.541206  -2.665601   0.875000   0.125000
  0.427136   0.313113   0.495151  -1.038922   0.351528 -32.183175  -3.659889   0.875000   0.125000
  0.432161   0.307892   0.496918  -1.200643   0.333137 -41.081156  -4.345307   0.875000   0.125000
  0.437186   0.301859   0.498592  -1.407076   0.311302 -50.772018  -6.304351   0.875000   0.125000
  0.442211   0.294788   0.500156  -1.662205   0.279622 -58.522120 -11.803584   0.875000   0.125000
  0.447236   0.286436   0.501561  -1.956279   0.220309 -62.219250 -19.086591   0.875000   0.125000
  0.452261   0.276606   0.502668  -2.268930   0.124399 -63.727612 -26.229089   0.875000   0.125000
  0.457286   0.265204   0.503293  -2.589162  -0.007402 -55.833798 -35.529145   0.875000   0.125000
  0.462312   0.252191   0.503256  -2.869782  -0.185971 -21.413222 -49.781090   0.875000   0.125000
  0.467337   0.237770   0.502322  -2.977384  -0.436121  31.341593 -65.948568   0.875000   0.125000
  0.472362   0.222809   0.500130  -2.819892  -0.767513  84.808224 -80.560022   0.875000   0.125000
  0.477387   0.208639   0.496273  -2.393731  -1.172327 133.658910 -83.414542   0.875000   0.125000
  0.482412   0.196611   0.490382  -1.722095  -1.591485 162.697791 -51.642067   0.875000   0.125000
  0.487437   0.187957   0.482385  -0.904539  -1.850987 164.954977   7.267253   0.875000   0.125000
  0.492462   0.183412   0.473084  -0.075640  -1.814469 154.436402  69.080981   0.875000   0.125000
  0.497487   0.183032   0.463966   0.700403  -1.467337 131.425742 125.689668   0.875000   0.125000
  0.502513   0.186552   0.456591   1.360949  -0.835620  86.713765 158.033898   0.875000   0.125000
  0.507538   0.193391   0.452392   1.796686  -0.041500  35.003264 155.761426   0.875000   0.125000
  0.512563   0.202419   0.452184   1.972577   0.741201  -7.649791 137.021657   0.875000   0.125000
  0.517588   0.212331   0.455908   1.934137   1.429735 -39.803099 106.514251   0.875000   0.125000
  0.522613   0.222050   0.463093   1.734126   1.964969 -56.709462  59.341649   0.875000   0.125000
  0.527638   0.230764   0.472967   1.449161   2.263161 -59.771445  10.838511   0.875000   0.125000
  0.532663   0.238046   0.484339   1.148810   2.317624 -59.094159 -26.306154   0.875000   0.125000
  0.537688   0.243819   0.495985   0.851861   2.185436 -56.738086 -52.156625   0.875000   0.125000
  0.542714   0.248101   0.506969   0.566696   1.923297 -49.303243 -61.119114   0.875000   0.125000
  0.547739   0.250948   0.516634   0.318947   1.616173 -38.765414 -54.928272   0.875000   0.125000
  0.552764   0.252551   0.524755   0.124151   1.340159 -29.664969 -45.952823   0.875000   0.125000
  0.557789   0.253175   0.531489  -0.024916   1.109246 -22.245852 -38.081108   0.875000   0.125000
  0.562814   0.253050   0.537063  -0.136701   0.917888 -16.086666 -30.516060   0.875000   0.125000
  0.567839   0.252363   0.541676  -0.217537   0.764545 -11.505358 -23.862075   0.875000   0.125000
  0.572864   0.251269   0.545518  -0.275351   0.644638  -8.008433 -18.579116   0.875000   0.125000
  0.577889   0.249886   0.548757  -0.315593   0.551278  -5.043007 -13.998741   0.875000   0.125000
  0.582915   0.248300   0.551528  -0.340939   0.480920  -2.790117 -10.023559   0.875000   0.125000
  0.587940   0.246586   0.553944  -0.354960   0.430552  -1.420925  -7.204576   0.875000   0.125000
  0.592965   0.244803   0.556108  -0.362100   0.394349  -0.448327  -5.227013   0.875000   0.125000
  0.597990   0.242983   0.558089  -0.364353   0.368083   0.359433  -3.552987   0.875000   0.125000
  0.603015   0.241152   0.559939  -0.362547   0.350229   0.845316  -2.188675   0.875000   0.125000
  0.608040   0.239331   0.561699  -0.358299   0.339231   1.022491  -1.339869   0.875000   0.125000
  0.613065   0.237530   0.563404  -0.353161   0.332498   1.154384  -0.800818   0.875000   0.125000
  0.618090   0.235755   0.565074  -0.347360   0.328474   1.267473  -0.371165   0.875000   0.125000
  0.623116   0.234010   0.566725  -0.340990   0.326609   1.249234  -0.081405   0.875000   0.125000
  0.628141   0.232296   0.568366  -0.334712   0.326200   1.148069   0.046232   0.875000   0.125000
  0.633166   0.230614   0.570006  -0.328943   0.326432   1.095937   0.124529   0.875000   0.125000
  0.638191   0.228961   0.571646  -0.323436   0.327058   1.065555   0.190435   0.875000   0.125000
  0.643216   0.227336   0.573289  -0.318082   0.328015   0.985187   0.204210   0.875000   0.125000
  0.648241   0.225738   0.574938  -0.313131   0.329041   0.885498   0.175056   0.875000   0.125000
  0.653266   0.224164   0.576591  -0.308682   0.329921   0.830482   0.158805   0.875000   0.125000
  0.658291   0.222613   0.578249  -0.304509   0.330719   0.795097   0.153884   0.875000   0.125000
  0.663317   0.221083   0.579911  -0.300512   0.331492   0.737936   0.134081   0.875000   0.125000
  0.668342   0.219573   0.581577  -0.296804   0.332166   0.675439   0.104005   0.875000   0.125000
  0.673367   0.218081   0.583246  -0.293410   0.332688   0.641423   0.086524   0.875000   0.125000
  0.678392   0.216607   0.584918  -0.290187   0.333123   0.619160   0.077732   0.875000   0.125000
  0.683417   0.215149   0.586592  -0.287076   0.333514   0.582256   0.065892   0.875000   0.125000
  0.688442   0.213706   0.588268  -0.284150   0.333845   0.540966   0.052141   0.875000   0.125000
  0.693467   0.212278   0.589945  -0.281432   0.334107   0.519800   0.043946   0.875000   0.125000
  0.698492   0.210864   0.591624  -0.278820   0.334328   0.507254   0.039115   0.875000   0.125000
  0.703518   0.209463   0.593304  -0.276270   0.334524   0.481104   0.033674   0.875000   0.125000
  0.708543   0.208074   0.594985  -0.273853   0.334694   0.447814   0.028576   0.875000   0.125000
  0.713568   0.206698   0.596667  -0.271602   0.334837   0.431995   0.025620   0.875000   0.125000
  0.718593   0.205333   0.598350  -0.269431   0.334966   0.425980   0.023050   0.875000   0.125000
  0.723618   0.203979   0.600033  -0.267291   0.335082   0.406434   0.019920   0.875000   0.125000
  0.728643   0.202636   0.601717  -0.265249   0.335182   0.375245   0.018066   0.875000   0.125000
  0.733668   0.201303   0.603401  -0.263363   0.335273   0.360954   0.017413   0.875000   0.125000
  0.738693   0.199980   0.605086  -0.261549   0.335360   0.360346   0.015596   0.875000   0.125000
  0.743719   0.198666   0.606771  -0.259738   0.335438   0.346565   0.012775   0.875000   0.125000
  0.748744   0.197360   0.608457  -0.257997   0.335503   0.314997   0.012209   0.875000   0.125000
  0.753769   0.196064   0.610143  -0.256414   0.335564   0.300034   0.012987   0.875000   0.125000
  0.758794   0.194775   0.611829  -0.254906   0.335629   0.304788   0.011288   0.875000   0.125000
  0.763819   0.193495   0.613516  -0.253375   0.335686   0.297404   0.007832   0.875000   0.125000
  0.768844   0.192221   0.615202  -0.251880   0.335725   0.263944   0.008065   0.875000   0.125000
  0.773869   0.190956   0.616889  -0.250554   0.335766   0.246247   0.010427   0.875000   0.125000
  0.778894   0.189697   0.618577  -0.249316   0.335818   0.256802   0.008571   0.875000   0.125000
  0.783920   0.188444   0.620264  -0.248026   0.335861   0.257339   0.003637   0.875000   0.125000
  0.788945   0.187197   0.621952  -0.246733   0.335880   0.220650   0.004542   0.875000   0.125000
  0.793970   0.185957   0.623640  -0.245624   0.335902   0.197655   0.009180   0.875000   0.125000
  0.798995   0.184723   0.625328  -0.244631   0.335949   0.214671   0.007085   0.875000   0.125000
  0.804020   0.183494   0.627016  -0.243552   0.335984   0.225506  -0.000352   0.875000   0.125000
  0.809045   0.182270   0.628704  -0.242419   0.335982   0.184319   0.001092   0.875000   0.125000
  0.814070   0.181052   0.630393  -0.241492   0.335988   0.152633   0.009122   0.875000   0.125000
  0.819095   0.179838   0.632081  -0.240725   0.336034   0.176821   0.006861   0.875000   0.125000
  0.824121   0.178628   0.633770  -0.239837   0.336068   0.201286  -0.004464   0.875000   0.125000
  0.829146   0.177423   0.635459  -0.238825   0.336046   0.154596  -0.002826   0.875000   0.125000
  0.834171   0.176223   0.637147  -0.238048   0.336032   0.109898   0.010152   0.875000   0.125000
  0.839196   0.175027   0.638836  -0.237496   0.336083   0.141734   0.008079   0.875000   0.125000
  0.844221   0.173834   0.640525  -0.236784   0.336123   0.183970  -0.008798   0.875000   0.125000
  0.849246   0.172644   0.642214  -0.235860   0.336079   0.131435  -0.007657   0.875000   0.125000
  0.854271   0.171459   0.643902  -0.235199   0.336041   0.068655   0.012176   0.875000   0.125000
  0.859296   0.170277   0.645591  -0.234854   0.336102   0.108063   0.011001   0.875000   0.125000
  0.864322   0.169096   0.647280  -0.234311   0.336157   0.172755  -0.013333   0.875000   0.125000
  0.869347   0.167919   0.648970  -0.233443   0.336090   0.115150  -0.013904   0.875000   0.125000
  0.874372   0.166746   0.650658  -0.232864   0.336020   0.028998   0.014848   0.875000   0.125000
  0.879397   0.165576   0.652347  -0.232719   0.336095   0.074905   0.015777   0.875000   0.125000
  0.884422   0.164406   0.654036  -0.232342   0.336174   0.166399  -0.017735   0.875000   0.125000
  0.889447   0.163239   0.655725  -0.231506   0.336085   0.106060  -0.021757   0.875000   0.125000
  0.894472   0.162075   0.657414  -0.230973   0.335976  -0.008091   0.017749   0.875000   0.125000
  0.899497   0.160915   0.659102  -0.231014   0.336065   0.041924   0.022466   0.875000   0.125000
  0.904523   0.159754   0.660791  -0.230803   0.336178   0.163389  -0.021472   0.875000   0.125000
  0.909548   0.158594   0.662480  -0.229982   0.336070   0.104192  -0.031146   0.875000   0.125000
  0.914573   0.157438   0.664169  -0.229458   0.335913  -0.040899   0.020260   0.875000   0.125000
  0.919598   0.156285   0.665857  -0.229664   0.336015   0.009541   0.030799   0.875000   0.125000
  0.924623   0.155131   0.667546  -0.229616   0.336170   0.161939  -0.023869   0.875000   0.125000
  0.929648   0.153977   0.669235  -0.228802   0.336050   0.109010  -0.041599   0.875000   0.125000
  0.934673   0.152828   0.670924  -0.228254   0.335841  -0.067667   0.021799   0.875000   0.125000
  0.939698   0.151681   0.672611  -0.228594   0.335950  -0.021516   0.040299   0.875000   0.125000
  0.944724   0.150532   0.674300  -0.228703   0.336153   0.160434  -0.024420   0.875000   0.125000
  0.949749   0.149383   0.675989  -0.227896   0.336030   0.118883  -0.052301   0.875000   0.125000
  0.954774   0.148237   0.677677  -0.227299   0.335767  -0.089009   0.022763   0.875000   0.125000
  0.959799   0.147095   0.679365  -0.227746   0.335882  -0.055764   0.053028   0.875000   0.125000
  0.964824   0.145951   0.681052  -0.228027   0.336148   0.145768  -0.016601   0.875000   0.125000
  0.969849   0.144805   0.682742  -0.227294   0.336065   0.115821  -0.052744   0.875000   0.125000
  0.974874   0.143663   0.684430  -0.226712   0.335800  -0.121054   0.036471   0.875000   0.125000
  0.979899   0.142524   0.686118  -0.227320   0.335983  -0.115445   0.096112   0.875000   0.125000
  0.984925   0.141381   0.687806  -0.227901   0.336466   0.103361   0.054569   0.875000   0.125000
  0.989950   0.140236   0.689497  -0.227381   0.336740   0.227940   0.001561   0.875000   0.125000
  0.994975   0.139093   0.691189  -0.226236   0.336748   0.300750  -0.010463   0.875000   0.125000
  1.000000   0.137956   0.692881  -0.224725   0.336696   0.634415  -0.077872   0.875000   0.125000