  0.000000   0.611114   0.333706   0.000000   0.000000   8.907213  21.821096   0.875000   0.375000
  0.005025   0.611114   0.333706   0.044759   0.109651   4.848197  19.930414   0.875000   0.375000
  0.010050   0.611339   0.334257   0.069121   0.209801   2.979082  15.517999   0.875000   0.375000
  0.015075   0.611686   0.335311   0.084091   0.287779   2.831290   9.066558   0.875000   0.375000
  0.020101   0.612109   0.336758   0.098321   0.333348   2.442586   3.415609   0.875000   0.375000
  0.025126   0.612603   0.338433   0.110595   0.350511   1.380326  -0.597667   0.875000   0.375000
  0.030151   0.613159   0.340194   0.117531   0.347508  -0.358118  -2.392171   0.875000   0.375000
  0.035176   0.613749   0.341940   0.115731   0.335487  -2.741768  -1.685160   0.875000   0.375000
  0.040201   0.614331   0.343626   0.101954   0.327019  -5.052923  -0.454427   0.875000   0.375000
  0.045226   0.614843   0.345269   0.076563   0.324736  -6.932710   0.192829   0.875000   0.375000
  0.050251   0.615228   0.346901   0.041726   0.325705  -8.384420   0.453611   0.875000   0.375000
  0.055276   0.615438   0.348538  -0.000405   0.327984  -9.396378   0.650634   0.875000   0.375000
  0.060302   0.615436   0.350186  -0.047632   0.331254 -10.110528   0.805930   0.875000   0.375000
  0.065327   0.615196   0.351851  -0.098437   0.335304 -10.676803   0.856745   0.875000   0.375000
  0.070352   0.614702   0.353536  -0.152088   0.339609 -11.092692   0.859238   0.875000   0.375000
  0.075377   0.613937   0.355242  -0.207829   0.343927 -11.279576   0.913630   0.875000   0.375000
  0.080402   0.612893   0.356970  -0.264509   0.348518 -11.292192   0.974140   0.875000   0.375000
  0.085427   0.611564   0.358722  -0.321252   0.353413 -11.235050   0.967841   0.875000   0.375000
  0.090452   0.609949   0.360498  -0.377708   0.358276 -11.112013   0.925880   0.875000   0.375000
  0.095477   0.608052   0.362298  -0.433546   0.362929 -10.859382   0.923613   0.875000   0.375000
  0.100503   0.605873   0.364122  -0.488125   0.367571 -10.502610   0.933896   0.875000   0.375000
  0.105528   0.603420   0.365969  -0.540901   0.372264 -10.121169   0.899185   0.875000   0.375000
  0.110553   0.600702   0.367840  -0.591760   0.376782  -9.724815   0.837596   0.875000   0.375000
  0.115578   0.597728   0.369733  -0.640627   0.380991  -9.263481   0.805753   0.875000   0.375000
  0.120603   0.594509   0.371648  -0.687176   0.385040  -8.743276   0.789016   0.875000   0.375000
  0.125628   0.591056   0.373582  -0.731111   0.389005  -8.223801   0.742552   0.875000   0.375000
  0.130653   0.587382   0.375537  -0.772435   0.392736  -7.718706   0.675979   0.875000   0.375000
  0.135678   0.583501   0.377511  -0.811222   0.396133  -7.189635   0.631410   0.875000   0.375000
  0.140704   0.579423   0.379502  -0.847357   0.399306  -6.629920   0.602240   0.875000   0.375000
  0.145729   0.575165   0.381508  -0.880672   0.402333  -6.083925   0.553917   0.875000   0.375000
  0.150754   0.570740   0.383530  -0.911244   0.405116  -5.567547   0.490671   0.875000   0.375000
  0.155779   0.566161   0.385566  -0.939221   0.407582  -5.052305   0.443505   0.875000   0.375000
  0.160804   0.561441   0.387614  -0.964609   0.409810  -4.523707   0.410768   0.875000   0.375000
  0.165829   0.556594   0.389673  -0.987340   0.411874  -4.013701   0.366098   0.875000   0.375000
  0.170854   0.551633   0.391743  -1.007509   0.413714  -3.539655   0.310413   0.875000   0.375000
  0.175879   0.546570   0.393822  -1.025296   0.415274  -3.081313   0.266301   0.875000   0.375000
  0.180905   0.541417   0.395909  -1.040783   0.416612  -2.619402   0.235008   0.875000   0.375000
  0.185930   0.536187   0.398002  -1.053945   0.417793  -2.176440   0.196661   0.875000   0.375000
  0.190955   0.530891   0.400102  -1.064882   0.418782  -1.770378   0.150244   0.875000   0.375000
  0.195980   0.525540   0.402206  -1.073778   0.419536  -1.387765   0.112037   0.875000   0.375000
  0.201005   0.520144   0.404314  -1.080751   0.420099  -1.006958   0.084821   0.875000   0.375000
  0.206030   0.514713   0.406425  -1.085811   0.420526  -0.642599   0.053761   0.875000   0.375000
  0.211055   0.509257   0.408538  -1.089041   0.420796  -0.312933   0.016806   0.875000   0.375000
  0.216080   0.503785   0.410653  -1.090613   0.420880  -0.010124  -0.014452   0.875000   0.375000
  0.221106   0.498303   0.412768  -1.090664   0.420808   0.288469  -0.036558   0.875000   0.375000
  0.226131   0.492823   0.414883  -1.089214   0.420624   0.574280  -0.060424   0.875000   0.375000
  0.231156   0.487349   0.416996  -1.086329   0.420320   0.829279  -0.088585   0.875000   0.375000
  0.236181   0.481891   0.419108  -1.082161   0.419875   1.056650  -0.112899   0.875000   0.375000
  0.241206   0.476453   0.421218  -1.076852   0.419308   1.278827  -0.129744   0.875000   0.375000
  0.246231   0.471042   0.423325  -1.070426   0.418656   1.492540  -0.147062   0.875000   0.375000
  0.251256   0.465663   0.425429  -1.062926   0.417917   1.680268  -0.167563   0.875000   0.375000
  0.256281   0.460322   0.427529  -1.054482   0.417075   1.841180  -0.185615   0.875000   0.375000
  0.261307   0.455022   0.429625  -1.045229   0.416142   1.996459  -0.197629   0.875000   0.375000
  0.266332   0.449769   0.431716  -1.035196   0.415149   2.147540  -0.209342   0.875000   0.375000
  0.271357   0.444568   0.433803  -1.024405   0.414097   2.278585  -0.223628   0.875000   0.375000
  0.276382   0.439420   0.435883  -1.012955   0.412973   2.384711  -0.236638   0.875000   0.375000
  0.281407   0.434330   0.437959  -1.000972   0.411784   2.483055  -0.244555   0.875000   0.375000
  0.286432   0.429300   0.440028  -0.988495   0.410555   2.580917  -0.251612   0.875000   0.375000
  0.291457   0.424333   0.442091  -0.975525   0.409291   2.667940  -0.261445   0.875000   0.375000
  0.296482   0.419431   0.444148  -0.962119   0.407977   2.733267  -0.271567   0.875000   0.375000
  0.301508   0.414595   0.446198  -0.948382   0.406612   2.780309  -0.276553   0.875000   0.375000
  0.306533   0.409830   0.448241  -0.934411   0.405223   2.826541  -0.279480   0.875000   0.375000
  0.311558   0.405134   0.450278  -0.920207   0.403818   2.879906  -0.286648   0.875000   0.375000
  0.316583   0.400510   0.452307  -0.905736   0.402378   2.916719  -0.297561   0.875000   0.375000
  0.321608   0.395959   0.454329  -0.891079   0.400883   2.895709  -0.301984   0.875000   0.375000
  0.326633   0.391481   0.456343  -0.876528   0.399365   2.855249  -0.300294   0.875000   0.375000
  0.331658   0.387077   0.458350  -0.862181   0.397856   2.855382  -0.304915   0.875000   0.375000
  0.336683   0.382744   0.460349  -0.847832   0.396324   2.841347  -0.322061   0.875000   0.375000
  0.341709   0.378483   0.462341  -0.833552   0.394705   2.652303  -0.334585   0.875000   0.375000
  0.346734   0.374294   0.464324  -0.820224   0.393024   2.367616  -0.331556   0.875000   0.375000
  0.351759   0.370173   0.466299  -0.808327   0.391358   2.161684  -0.331923   0.875000   0.375000
  0.356784   0.366111   0.468266  -0.797464   0.389690   1.905613  -0.365048   0.875000   0.375000
  0.361809   0.362104   0.470224  -0.787888   0.387856   1.209978  -0.424222   0.875000   0.375000
  0.366834   0.358144   0.472173  -0.781808   0.385724   0.239128  -0.463150   0.875000   0.375000
  0.371859   0.354216   0.474111  -0.780607   0.383397  -0.672807  -0.488022   0.875000   0.375000
  0.376884   0.350293   0.476038  -0.783988   0.380944  -1.823321  -0.593690   0.875000   0.375000
  0.381910   0.346353   0.477953  -0.793152   0.377960  -3.810548  -0.859897   0.875000   0.375000
  0.386935   0.342367   0.479852  -0.812300   0.373639  -6.231128  -1.157739   0.875000   0.375000
  0.391960   0.338286   0.481729  -0.843611   0.367822  -8.715721  -1.429725   0.875000   0.375000
  0.396985   0.334046   0.483578  -0.887407   0.360637 -11.873368  -1.933910   0.875000   0.375000
  0.402010   0.329587   0.485390  -0.947071   0.350919 -15.984615  -2.953291   0.875000   0.375000
  0.407035   0.324828   0.487153  -1.027394   0.336079 -19.996589  -4.164705   0.875000   0.375000
  0.412060   0.319666   0.488842  -1.127877   0.315152 -23.838244  -5.452948   0.875000   0.375000
  0.417085   0.313998   0.490426  -1.247664   0.287750 -28.244349  -7.460185   0.875000   0.375000
  0.422111   0.307727   0.491872  -1.389620   0.250256 -32.364809 -10.472142   0.875000   0.375000
  0.427136   0.300744   0.493129  -1.552253   0.197633 -34.785610 -13.442653   0.875000   0.375000
  0.432161   0.292944   0.494123  -1.727051   0.130084 -35.880932 -16.333221   0.875000   0.375000
  0.437186   0.284266   0.494776  -1.907352   0.048009 -34.550007 -20.425113   0.875000   0.375000
  0.442211   0.274681   0.495017  -2.080966  -0.054627 -28.246358 -25.629929   0.875000   0.375000
  0.447236   0.264225   0.494743  -2.222904  -0.183417 -19.613152 -29.542023   0.875000   0.375000
  0.452261   0.253054   0.493821  -2.321460  -0.331866 -11.562461 -31.388871   0.875000   0.375000
  0.457286   0.241389   0.492154  -2.379562  -0.489595  -0.120487 -30.808539   0.875000   0.375000
  0.462312   0.229429   0.489693  -2.380167  -0.644439  21.501452 -27.731380   0.875000   0.375000
  0.467337   0.217469   0.486455  -2.272122  -0.783789  48.140295 -24.797766   0.875000   0.375000
  0.472362   0.206052   0.482516  -2.030217  -0.908398  72.201324 -22.728005   0.875000   0.375000
  0.477387   0.195850   0.477951  -1.667406  -1.022606  90.758694 -16.105782   0.875000   0.375000
  0.482412   0.187471   0.472813  -1.211343  -1.103538  98.347336   3.582351   0.875000   0.375000
  0.487437   0.181384   0.467268  -0.717148  -1.085536  96.865163  30.691776   0.875000   0.375000
  0.492462   0.177780   0.461813  -0.230401  -0.931310  93.888239  55.307365   0.875000   0.375000
  0.497487   0.176623   0.457133   0.241388  -0.653391  88.591890  73.907912   0.875000   0.375000
  0.502513   0.177836   0.453849   0.686651  -0.281929  73.306259  80.614139   0.875000   0.375000
  0.507538   0.181286   0.452432   1.055015   0.123157  50.103921  77.080735   0.875000   0.375000
  0.512563   0.186588   0.453051   1.306787   0.510487  27.493235  72.078147   0.875000   0.375000
  0.517588   0.193154   0.455616   1.444940   0.872680   7.497849  66.561121   0.875000   0.375000
  0.522613   0.200415   0.460002   1.482617   1.207150  -8.467109  54.678888   0.875000   0.375000
  0.527638   0.207865   0.466067   1.440070   1.481911 -19.310446  36.321772   0.875000   0.375000
  0.532663   0.215102   0.473514   1.343035   1.664428 -27.601843  17.381348   0.875000   0.375000
  0.537688   0.221850   0.481878   1.204336   1.751769 -34.666297  -0.289789   0.875000   0.375000
  0.542714   0.227903   0.490682   1.030103   1.750313 -38.304692 -14.004986   0.875000   0.375000
  0.547739   0.233080   0.499478   0.837622   1.679938 -37.557651 -21.038073   0.875000   0.375000
  0.552764   0.237289   0.507919   0.648894   1.574221 -35.280369 -24.608285   0.875000   0.375000
  0.557789   0.240549   0.515830   0.471611   1.450565 -32.515911 -27.464165   0.875000   0.375000
  0.562814   0.242919   0.523119   0.308218   1.312557 -28.509925 -29.010320   0.875000   0.375000
  0.567839   0.244468   0.529714   0.164956   1.166781 -23.866755 -28.143323   0.875000   0.375000
  0.572864   0.245297   0.535577   0.045025   1.025360 -19.787960 -26.035013   0.875000   0.375000
  0.577889   0.245523   0.540730  -0.054409   0.894534 -16.072851 -23.360695   0.875000   0.375000
  0.582915   0.245250   0.545226  -0.135191   0.777124 -12.360757 -19.866729   0.875000   0.375000
  0.587940   0.244570   0.549131  -0.197304   0.677293  -9.147462 -16.266112   0.875000   0.375000
  0.592965   0.243579   0.552534  -0.243270   0.595556  -6.674400 -13.329854   0.875000   0.375000
  0.597990   0.242357   0.555527  -0.276809   0.528573  -4.652599 -10.747046   0.875000   0.375000
  0.603015   0.240966   0.558183  -0.300188   0.474570  -3.030960  -8.232478   0.875000   0.375000
  0.608040   0.239457   0.560568  -0.315419   0.433201  -1.877671  -6.145545   0.875000   0.375000
  0.613065   0.237872   0.562745  -0.324854   0.402320  -0.992857  -4.612114   0.875000   0.375000
  0.618090   0.236240   0.564766  -0.329843   0.379144  -0.270630  -3.366617   0.875000   0.375000
  0.623116   0.234582   0.566672  -0.331203   0.362224   0.181711  -2.342040   0.875000   0.375000
  0.628141   0.232918   0.568492  -0.330290   0.350455   0.393262  -1.628209   0.875000   0.375000
  0.633166   0.231258   0.570253  -0.328314   0.342273   0.577426  -1.117536   0.875000   0.375000
  0.638191   0.229608   0.571973  -0.325413   0.336657   0.751642  -0.696899   0.875000   0.375000
  0.643216   0.227973   0.573665  -0.321636   0.333155   0.812542  -0.398297   0.875000   0.375000
  0.648241   0.226357   0.575339  -0.317553   0.331154   0.780077  -0.242021   0.875000   0.375000
  0.653266   0.224761   0.577003  -0.313633   0.329938   0.774167  -0.130921   0.875000   0.375000
  0.658291   0.223185   0.578661  -0.309743   0.329280   0.788954  -0.026819   0.875000   0.375000
  0.663317   0.221628   0.580316  -0.305777   0.329145   0.763387   0.035845   0.875000   0.375000
  0.668342   0.220092   0.581970  -0.301941   0.329325   0.707339   0.048621   0.875000   0.375000
  0.673367   0.218575   0.583624  -0.298387   0.329570   0.676999   0.057358   0.875000   0.375000
  0.678392   0.217075   0.585281  -0.294985   0.329858   0.662417   0.073362   0.875000   0.375000
  0.683417   0.215593   0.586938  -0.291656   0.330227   0.629443   0.079531   0.875000   0.375000
  0.688442   0.214127   0.588597  -0.288493   0.330626   0.585336   0.071918   0.875000   0.375000
  0.693467   0.212678   0.590259  -0.285552   0.330988   0.561343   0.066099   0.875000   0.375000
  0.698492   0.211243   0.591922  -0.282731   0.331320   0.547983   0.064585   0.875000   0.375000
  0.703518   0.209822   0.593587  -0.279977   0.331644   0.520641   0.061321   0.875000   0.375000
  0.708543   0.208415   0.595254  -0.277361   0.331952   0.484719   0.055561   0.875000   0.375000
  0.713568   0.207021   0.596922  -0.274925   0.332232   0.466470   0.051309   0.875000   0.375000
  0.718593   0.205640   0.598591  -0.272581   0.332489   0.458741   0.048031   0.875000   0.375000
  0.723618   0.204270   0.600262  -0.270276   0.332731   0.437585   0.044156   0.875000   0.375000
  0.728643   0.202912   0.601934  -0.268077   0.332953   0.404582   0.041035   0.875000   0.375000
  0.733668   0.201565   0.603607  -0.266044   0.333159   0.388602   0.039078   0.875000   0.375000
  0.738693   0.200228   0.605281  -0.264091   0.333355   0.386540   0.036186   0.875000   0.375000
  0.743719   0.198900   0.606957  -0.262149   0.333537   0.371405   0.032368   0.875000   0.375000
  0.748744   0.197583   0.608633  -0.260282   0.333700   0.338507   0.030760   0.875000   0.375000
  0.753769   0.196275   0.610310  -0.258581   0.333854   0.322291   0.030537   0.875000   0.375000
  0.758794   0.194976   0.611987  -0.256962   0.334008   0.325887   0.027928   0.875000   0.375000
  0.763819   0.193685   0.613666  -0.255324   0.334148   0.317413   0.023621   0.875000   0.375000
  0.768844   0.192402   0.615345  -0.253729   0.334267   0.282913   0.023031   0.875000   0.375000
  0.773869   0.191127   0.617024  -0.252308   0.334383   0.264232   0.024611   0.875000   0.375000
  0.778894   0.189859   0.618705  -0.250980   0.334506   0.273859   0.022022   0.875000   0.375000
  0.783920   0.188597   0.620386  -0.249603   0.334617   0.273517   0.016396   0.875000   0.375000
  0.788945   0.187343   0.622067  -0.248229   0.334699   0.235994   0.016642   0.875000   0.375000
  0.793970   0.186096   0.623749  -0.247043   0.334783   0.212207   0.020656   0.875000   0.375000
  0.798995   0.184854   0.625432  -0.245977   0.334887   0.228473   0.017970   0.875000   0.375000
  0.804020   0.183618   0.627114  -0.244829   0.334977   0.238598   0.009973   0.875000   0.375000
  0.809045   0.182388   0.628798  -0.243630   0.335027   0.196737   0.010885   0.875000   0.375000
  0.814070   0.181164   0.630481  -0.242641   0.335082   0.164411   0.018410   0.875000   0.375000
  0.819095   0.179945   0.632165  -0.241815   0.335174   0.187993   0.015671   0.875000   0.375000
  0.824121   0.178729   0.633849  -0.240870   0.335253   0.211883   0.003893   0.875000   0.375000
  0.829146   0.177519   0.635534  -0.239805   0.335273   0.164647   0.005101   0.875000   0.375000
  0.834171   0.176314   0.637219  -0.238978   0.335298   0.119431   0.017670   0.875000   0.375000
  0.839196   0.175113   0.638904  -0.238378   0.335387   0.150776   0.015211   0.875000   0.375000
  0.844221   0.173915   0.640589  -0.237620   0.335464   0.192546  -0.002033   0.875000   0.375000
  0.849246   0.172721   0.642275  -0.236653   0.335453   0.139569  -0.001241   0.875000   0.375000
  0.854271   0.171532   0.643960  -0.235951   0.335447   0.076371   0.018262   0.875000   0.375000
  0.859296   0.170346   0.645646  -0.235568   0.335539   0.115382   0.016773   0.875000   0.375000
  0.864322   0.169162   0.647332  -0.234988   0.335623   0.179697  -0.007858   0.875000   0.375000
  0.869347   0.167981   0.649019  -0.234085   0.335584   0.121734  -0.008711   0.875000   0.375000
  0.874372   0.166805   0.650705  -0.233473   0.335540   0.035244   0.019772   0.875000   0.375000
  0.879397   0.165632   0.652391  -0.233296   0.335639   0.080829   0.020448   0.875000   0.375000
  0.884422   0.164460   0.654078  -0.232890   0.335742   0.172018  -0.013304   0.875000   0.375000
  0.889447   0.163289   0.655765  -0.232025   0.335675   0.111389  -0.017555   0.875000   0.375000
  0.894472   0.162123   0.657452  -0.231466   0.335587  -0.003036   0.021734   0.875000   0.375000
  0.899497   0.160960   0.659138  -0.231481   0.335696   0.046718   0.026247   0.875000   0.375000
  0.904523   0.159797   0.660825  -0.231246   0.335828   0.167936  -0.017886   0.875000   0.375000
  0.909548   0.158635   0.662513  -0.230402   0.335738   0.108505  -0.027744   0.875000   0.375000
  0.914573   0.157477   0.664200  -0.229857   0.335599  -0.036808   0.023486   0.875000   0.375000
  0.919598   0.156322   0.665886  -0.230042   0.335717   0.013421   0.033859   0.875000   0.375000
  0.924623   0.155166   0.667573  -0.229974   0.335887   0.165620  -0.020967   0.875000   0.375000
  0.929648   0.154010   0.669261  -0.229142   0.335782   0.112500  -0.038847   0.875000   0.375000
  0.934673   0.152859   0.670948  -0.228577   0.335586  -0.064357   0.024410   0.875000   0.375000
  0.939698   0.151710   0.672635  -0.228900   0.335709  -0.018375   0.042776   0.875000   0.375000
  0.944724   0.150560   0.674322  -0.228993   0.335924   0.163413  -0.022071   0.875000   0.375000
  0.949749   0.149409   0.676010  -0.228172   0.335813   0.121708  -0.050073   0.875000   0.375000
  0.954774   0.148263   0.677698  -0.227560   0.335562  -0.086330   0.024876   0.875000   0.375000
  0.959799   0.147119   0.679384  -0.227994   0.335687  -0.053222   0.055032   0.875000   0.375000
  0.964824   0.145974   0.681071  -0.228261   0.335963   0.148179  -0.014699   0.875000   0.375000
  0.969849   0.144827   0.682759  -0.227517   0.335889   0.118107  -0.050940   0.875000   0.375000
  0.974874   0.143683   0.684447  -0.226923   0.335633  -0.118886   0.038182   0.875000   0.375000
  0.979899   0.142543   0.686133  -0.227521   0.335825  -0.113388   0.097735   0.875000   0.375000
  0.984925   0.141399   0.687821  -0.228090   0.336316   0.105314   0.056107   0.875000   0.375000
  0.989950   0.140253   0.689511  -0.227561   0.336598   0.229793   0.003020   0.875000   0.375000
  0.994975   0.139110   0.691202  -0.226406   0.336613   0.302507  -0.009078   0.875000   0.375000
  1.000000   0.137972   0.692894  -0.224886   0.336568   0.636080  -0.076558   0.875000   0.375000