  0.000000   0.576537   0.315224   0.000000   0.000000  10.525794  22.613129   0.750000   0.875000
  0.005025   0.576537   0.315224   0.052892   0.113631   6.739952  20.788525   0.750000   0.875000
  0.010050   0.576803   0.315795   0.086760   0.218093   4.553051  16.168822   0.750000   0.875000
  0.015075   0.577239   0.316891   0.109639   0.299342   3.611098   9.391658   0.750000   0.875000
  0.020101   0.577790   0.318395   0.127789   0.346544   2.554908   3.564596   0.750000   0.875000
  0.025126   0.578432   0.320137   0.140627   0.364456   1.115670  -0.496131   0.750000   0.875000
  0.030151   0.579139   0.321968   0.146233   0.361963  -0.632173  -2.256069   0.750000   0.875000
  0.035176   0.579873   0.323787   0.143057   0.350626  -2.625680  -1.426128   0.750000   0.875000
  0.040201   0.580592   0.325549   0.129863   0.343460  -4.489869  -0.047569   0.750000   0.875000
  0.045226   0.581245   0.327275   0.107301   0.343221  -6.051539   0.722434   0.750000   0.875000
  0.050251   0.581784   0.329000   0.076892   0.346851  -7.288282   1.080405   0.750000   0.875000
  0.055276   0.582170   0.330742   0.040269   0.352280  -8.148658   1.351459   0.750000   0.875000
  0.060302   0.582373   0.332513  -0.000687   0.359073  -8.753556   1.556816   0.750000   0.875000
  0.065327   0.582369   0.334317  -0.044673   0.366896  -9.242087   1.640974   0.750000   0.875000
  0.070352   0.582145   0.336161  -0.091115   0.375142  -9.605246   1.668016   0.750000   0.875000
  0.075377   0.581687   0.338046  -0.139381   0.383523  -9.761595   1.736909   0.750000   0.875000
  0.080402   0.580987   0.339973  -0.188433   0.392251  -9.764497   1.796980   0.750000   0.875000
  0.085427   0.580040   0.341944  -0.237500   0.401281  -9.714657   1.780338   0.750000   0.875000
  0.090452   0.578846   0.343961  -0.286316   0.410227  -9.611800   1.725353   0.750000   0.875000
  0.095477   0.577408   0.346022  -0.334615   0.418897  -9.390676   1.706093   0.750000   0.875000
  0.100503   0.575726   0.348128  -0.381813   0.427472  -9.076679   1.689535   0.750000   0.875000
  0.105528   0.573807   0.350276  -0.427423   0.435962  -8.746662   1.622102   0.750000   0.875000
  0.110553   0.571659   0.352466  -0.471375   0.444113  -8.407139   1.528818   0.750000   0.875000
  0.115578   0.569291   0.354698  -0.513621   0.451795  -8.007156   1.465260   0.750000   0.875000
  0.120603   0.566710   0.356968  -0.553857   0.459158  -7.553605   1.410208   0.750000   0.875000
  0.125628   0.563927   0.359276  -0.591814   0.466245  -7.104339   1.321852   0.750000   0.875000
  0.130653   0.560953   0.361618  -0.627513   0.472887  -6.670348   1.216540   0.750000   0.875000
  0.135678   0.557800   0.363995  -0.661031   0.479000  -6.212764   1.135725   0.750000   0.875000
  0.140704   0.554477   0.366402  -0.692257   0.484708  -5.726285   1.065737   0.750000   0.875000
  0.145729   0.550999   0.368838  -0.721031   0.490064  -5.254122   0.974216   0.750000   0.875000
  0.150754   0.547375   0.371300  -0.747433   0.494959  -4.809907   0.872003   0.750000   0.875000
  0.155779   0.543620   0.373788  -0.771603   0.499341  -4.364827   0.789926   0.750000   0.875000
  0.160804   0.539742   0.376297  -0.793536   0.503310  -3.906109   0.718971   0.750000   0.875000
  0.165829   0.535755   0.378826  -0.813165   0.506923  -3.465051   0.634158   0.750000   0.875000
  0.170854   0.531669   0.381373  -0.830576   0.510110  -3.056991   0.542954   0.750000   0.875000
  0.175879   0.527495   0.383936  -0.845938   0.512838  -2.661393   0.468317   0.750000   0.875000
  0.180905   0.523243   0.386514  -0.859314   0.515192  -2.260933   0.403967   0.750000   0.875000
  0.185930   0.518925   0.389103  -0.870675   0.517222  -1.877820   0.330666   0.750000   0.875000
  0.190955   0.514550   0.391702  -0.880111   0.518883  -1.528145   0.253874   0.750000   0.875000
  0.195980   0.510128   0.394309  -0.887790   0.520159  -1.198148   0.190822   0.750000   0.875000
  0.201005   0.505666   0.396923  -0.893811   0.521118  -0.868243   0.136740   0.750000   0.875000
  0.206030   0.501175   0.399542  -0.898174   0.521805  -0.553071   0.076670   0.750000   0.875000
  0.211055   0.496662   0.402164  -0.900953   0.522190  -0.269129   0.014970   0.750000   0.875000
  0.216080   0.492134   0.404788  -0.902305   0.522266  -0.008259  -0.035205   0.750000   0.875000
  0.221106   0.487599   0.407413  -0.902347   0.522089   0.250094  -0.077868   0.750000   0.875000
  0.226131   0.483065   0.410036  -0.901090   0.521697   0.497229  -0.124825   0.750000   0.875000
  0.231156   0.478537   0.412658  -0.898592   0.521070   0.716679  -0.172294   0.750000   0.875000
  0.236181   0.474022   0.415276  -0.894990   0.520204   0.911651  -0.209857   0.750000   0.875000
  0.241206   0.469524   0.417890  -0.890409   0.519150   1.102558  -0.241122   0.750000   0.875000
  0.246231   0.465050   0.420499  -0.884869   0.517938   1.286315  -0.275880   0.750000   0.875000
  0.251256   0.460604   0.423101  -0.878405   0.516552   1.446455  -0.310678   0.750000   0.875000
  0.256281   0.456190   0.425697  -0.871137   0.514991   1.580302  -0.336494   0.750000   0.875000
  0.261307   0.451811   0.428285  -0.863194   0.513299   1.707114  -0.356369   0.750000   0.875000
  0.266332   0.447474   0.430865  -0.854616   0.511509   1.830925  -0.379453   0.750000   0.875000
  0.271357   0.443179   0.433435  -0.845415   0.509602   1.935184  -0.402949   0.750000   0.875000
  0.276382   0.438931   0.435996  -0.835691   0.507577   2.005532  -0.417378   0.750000   0.875000
  0.281407   0.434732   0.438546  -0.825613   0.505480   2.057198  -0.423754   0.750000   0.875000
  0.286432   0.430583   0.441086  -0.815276   0.503350   2.109882  -0.432935   0.750000   0.875000
  0.291457   0.426486   0.443616  -0.804674   0.501175   2.147080  -0.444681   0.750000   0.875000
  0.296482   0.422443   0.446134  -0.793885   0.498940   2.124273  -0.446836   0.750000   0.875000
  0.301508   0.418453   0.448642  -0.783208   0.496695   2.043699  -0.433952   0.750000   0.875000
  0.306533   0.414517   0.451138  -0.772938   0.494514   1.966484  -0.421433   0.750000   0.875000
  0.311558   0.410633   0.453623  -0.763057   0.492396   1.879593  -0.417387   0.750000   0.875000
  0.316583   0.406799   0.456097  -0.753612   0.490299   1.666207  -0.408330   0.750000   0.875000
  0.321608   0.403012   0.458561  -0.745239   0.488247   1.294023  -0.374223   0.750000   0.875000
  0.326633   0.399267   0.461014  -0.738737   0.486367   0.923614  -0.332276   0.750000   0.875000
  0.331658   0.395555   0.463458  -0.734096   0.484697   0.558870  -0.310597   0.750000   0.875000
  0.336683   0.391866   0.465894  -0.731287   0.483136  -0.054433  -0.312932   0.750000   0.875000
  0.341709   0.388191   0.468322  -0.731561   0.481563  -1.014632  -0.299307   0.750000   0.875000
  0.346734   0.384514   0.470742  -0.736659   0.480059  -1.971097  -0.260978   0.750000   0.875000
  0.351759   0.380813   0.473154  -0.746564   0.478748  -2.874174  -0.258498   0.750000   0.875000
  0.356784   0.377061   0.475560  -0.761007   0.477449  -4.155441  -0.370896   0.750000   0.875000
  0.361809   0.373237   0.477959  -0.781888   0.475585  -5.981356  -0.553875   0.750000   0.875000
  0.366834   0.369308   0.480349  -0.811944   0.472802  -7.756904  -0.688526   0.750000   0.875000
  0.371859   0.365228   0.482725  -0.850923   0.469342  -9.356350  -0.860782   0.750000   0.875000
  0.376884   0.360952   0.485083  -0.897938   0.465017 -11.276067  -1.325989   0.750000   0.875000
  0.381910   0.356439   0.487420  -0.954612   0.458352 -13.648245  -2.082073   0.750000   0.875000
  0.386935   0.351642   0.489724  -1.023194   0.447890 -15.807092  -2.752353   0.750000   0.875000
  0.391960   0.346501   0.491974  -1.102625   0.434059 -17.588781  -3.392102   0.750000   0.875000
  0.396985   0.340960   0.494155  -1.191009   0.417014 -19.143359  -4.498007   0.750000   0.875000
  0.402010   0.334975   0.496251  -1.287204   0.394412 -20.305402  -6.151846   0.750000   0.875000
  0.407035   0.328507   0.498233  -1.389239   0.363498 -21.000978  -7.629048   0.750000   0.875000
  0.412060   0.321526   0.500059  -1.494769   0.325163 -21.282785  -8.839865   0.750000   0.875000
  0.417085   0.314015   0.501693  -1.601715   0.280742 -20.363848 -10.332114   0.750000   0.875000
  0.422111   0.305965   0.503104  -1.704063   0.228813 -17.398449 -12.246445   0.750000   0.875000
  0.427136   0.297402   0.504254  -1.791490   0.167275 -13.828381 -13.863714   0.750000   0.875000
  0.432161   0.288400   0.505095  -1.860978   0.097609 -10.550002 -14.879098   0.750000   0.875000
  0.437186   0.279048   0.505585  -1.913992   0.022842  -5.891980 -15.217667   0.750000   0.875000
  0.442211   0.269430   0.505700  -1.943599  -0.053627   1.937033 -14.890001   0.750000   0.875000
  0.447236   0.259664   0.505430  -1.933865  -0.128449  10.391983 -14.386387   0.750000   0.875000
  0.452261   0.249946   0.504785  -1.881646  -0.200741  17.211241 -13.557937   0.750000   0.875000
  0.457286   0.240491   0.503776  -1.795159  -0.268869  23.184277 -11.004820   0.750000   0.875000
  0.462312   0.231468   0.502425  -1.678635  -0.324180  30.286688  -6.056436   0.750000   0.875000
  0.467337   0.223033   0.500796  -1.526444  -0.354613  38.286999  -1.332858   0.750000   0.875000
  0.472362   0.215363   0.499014  -1.334052  -0.361311  45.374343   1.884382   0.750000   0.875000
  0.477387   0.208659   0.497198  -1.106046  -0.351842  49.965293   4.994997   0.750000   0.875000
  0.482412   0.203101   0.495430  -0.854971  -0.326742  51.007982   9.943877   0.750000   0.875000
  0.487437   0.198805   0.493788  -0.598655  -0.276774  50.881168  15.895614   0.750000   0.875000
  0.492462   0.195797   0.492398  -0.342978  -0.196898  51.766032  20.857667   0.750000   0.875000
  0.497487   0.194073   0.491408  -0.082853  -0.092089  52.579383  23.809895   0.750000   0.875000
  0.502513   0.193657   0.490945   0.181411   0.027580  49.692342  24.434335   0.750000   0.875000
  0.507538   0.194569   0.491084   0.431115   0.150362  42.956683  24.646243   0.750000   0.875000
  0.512563   0.196735   0.491840   0.646972   0.274210  36.133053  25.893754   0.750000   0.875000
  0.517588   0.199986   0.493218   0.828541   0.404326  30.483050  27.587024   0.750000   0.875000
  0.522613   0.204149   0.495249   0.981718   0.542951  24.431640  27.388597   0.750000   0.875000
  0.527638   0.209082   0.497978   1.104487   0.680578  16.668369  24.360403   0.750000   0.875000
  0.532663   0.214633   0.501397   1.188246   0.802989   8.406807  20.607948   0.750000   0.875000
  0.537688   0.220603   0.505433   1.230490   0.906544   0.644684  17.195060   0.750000   0.875000
  0.542714   0.226788   0.509989   1.233730   0.992967  -5.895611  13.604096   0.750000   0.875000
  0.547739   0.232987   0.514978   1.204104   1.061327 -10.920139   9.364877   0.750000   0.875000
  0.552764   0.239038   0.520312   1.149231   1.108386 -15.246893   4.937420   0.750000   0.875000
  0.557789   0.244813   0.525881   1.072615   1.133196 -19.325462   0.532055   0.750000   0.875000
  0.562814   0.250203   0.531576   0.975505   1.135870 -22.231253  -3.500413   0.750000   0.875000
  0.567839   0.255105   0.537283   0.863793   1.118280 -23.094545  -6.449627   0.750000   0.875000
  0.572864   0.259445   0.542903   0.747743   1.085871 -23.033459  -8.615942   0.750000   0.875000
  0.577889   0.263203   0.548359   0.631999   1.042576 -22.857473 -10.567382   0.750000   0.875000
  0.582915   0.266379   0.553599   0.517118   0.989464 -22.118787 -12.045964   0.750000   0.875000
  0.587940   0.268978   0.558571   0.405971   0.928933 -20.369786 -12.465482   0.750000   0.875000
  0.592965   0.271018   0.563239   0.303613   0.866294 -18.284987 -12.267955   0.750000   0.875000
  0.597990   0.272543   0.567592   0.211731   0.804648 -16.290611 -11.935054   0.750000   0.875000
  0.603015   0.273607   0.571636   0.129870   0.744674 -14.268707 -11.349876   0.750000   0.875000
  0.608040   0.274260   0.575378   0.058170   0.687641 -12.163310 -10.353409   0.750000   0.875000
  0.613065   0.274552   0.578833  -0.002951   0.635615 -10.169305  -9.232482   0.750000   0.875000
  0.618090   0.274537   0.582027  -0.054051   0.589222  -8.341515  -8.138395   0.750000   0.875000
  0.623116   0.274266   0.584988  -0.095976   0.548318  -6.694251  -7.015376   0.750000   0.875000
  0.628141   0.273783   0.587744  -0.129614   0.513066  -5.309754  -5.920372   0.750000   0.875000
  0.633166   0.273132   0.590322  -0.156296   0.483316  -4.136397  -4.955696   0.750000   0.875000
  0.638191   0.272347   0.592751  -0.177081   0.458414  -3.084070  -4.077141   0.750000   0.875000
  0.643216   0.271457   0.595054  -0.192579   0.437926  -2.195255  -3.255277   0.750000   0.875000
  0.648241   0.270489   0.597255  -0.203610   0.421568  -1.550401  -2.579483   0.750000   0.875000
  0.653266   0.269466   0.599373  -0.211401   0.408607  -1.050121  -2.054846   0.750000   0.875000
  0.658291   0.268404   0.601426  -0.216678   0.398281  -0.605139  -1.594885   0.750000   0.875000
  0.663317   0.267315   0.603428  -0.219719   0.390265  -0.249977  -1.182742   0.750000   0.875000
  0.668342   0.266211   0.605389  -0.220975   0.384322  -0.029666  -0.879590   0.750000   0.875000
  0.673367   0.265100   0.607320  -0.221124   0.379902   0.126831  -0.669945   0.750000   0.875000
  0.678392   0.263989   0.609229  -0.220487   0.376535   0.267508  -0.491360   0.750000   0.875000
  0.683417   0.262881   0.611121  -0.219143   0.374066   0.368114  -0.332824   0.750000   0.875000
  0.688442   0.261780   0.613001  -0.217293   0.372394   0.411974  -0.225495   0.750000   0.875000
  0.693467   0.260688   0.614872  -0.215223   0.371261   0.440357  -0.162038   0.750000   0.875000
  0.698492   0.259607   0.616738  -0.213010   0.370446   0.469387  -0.110290   0.750000   0.875000
  0.703518   0.258536   0.618600  -0.210651   0.369892   0.478976  -0.061641   0.750000   0.875000
  0.708543   0.257477   0.620459  -0.208244   0.369582   0.465814  -0.029706   0.750000   0.875000
  0.713568   0.256431   0.622316  -0.205903   0.369433   0.458177  -0.016390   0.750000   0.875000
  0.718593   0.255396   0.624172  -0.203601   0.369351   0.457842  -0.007804   0.750000   0.875000
  0.723618   0.254373   0.626028  -0.201300   0.369312   0.444117   0.004022   0.750000   0.875000
  0.728643   0.253362   0.627884  -0.199069   0.369332   0.416328   0.013742   0.750000   0.875000
  0.733668   0.252361   0.629740  -0.196976   0.369401   0.401282   0.014219   0.750000   0.875000
  0.738693   0.251372   0.631596  -0.194960   0.369472   0.398071   0.011001   0.750000   0.875000
  0.743719   0.250392   0.633453  -0.192959   0.369528   0.382986   0.012653   0.750000   0.875000
  0.748744   0.249422   0.635310  -0.191035   0.369591   0.351908   0.017988   0.750000   0.875000
  0.753769   0.248462   0.637167  -0.189266   0.369682   0.335443   0.016756   0.750000   0.875000
  0.758794   0.247511   0.639025  -0.187581   0.369766   0.336135   0.010464   0.750000   0.875000
  0.763819   0.246568   0.640883  -0.185892   0.369818   0.325883   0.009154   0.750000   0.875000
  0.768844   0.245634   0.642741  -0.184254   0.369864   0.293233   0.015048   0.750000   0.875000
  0.773869   0.244708   0.644600  -0.182781   0.369940   0.275044   0.015050   0.750000   0.875000
  0.778894   0.243790   0.646459  -0.181399   0.370016   0.281274   0.007269   0.750000   0.875000
  0.783920   0.242878   0.648318  -0.179985   0.370052   0.278177   0.003958   0.750000   0.875000
  0.788945   0.241974   0.650178  -0.178587   0.370072   0.243254   0.011772   0.750000   0.875000
  0.793970   0.241076   0.652037  -0.177365   0.370131   0.221303   0.014269   0.750000   0.875000
  0.798995   0.240185   0.653897  -0.176253   0.370203   0.233748   0.004887   0.750000   0.875000
  0.804020   0.239300   0.655758  -0.175078   0.370227   0.239836  -0.001238   0.750000   0.875000
  0.809045   0.238420   0.657618  -0.173873   0.370221   0.201471   0.009064   0.750000   0.875000
  0.814070   0.237546   0.659478  -0.172861   0.370267   0.172850   0.015371   0.750000   0.875000
  0.819095   0.236677   0.661339  -0.171992   0.370344   0.192081   0.003957   0.750000   0.875000
  0.824121   0.235813   0.663200  -0.171027   0.370364   0.210017  -0.006568   0.750000   0.875000
  0.829146   0.234954   0.665061  -0.169971   0.370331   0.167175   0.006545   0.750000   0.875000
  0.834171   0.234099   0.666922  -0.169131   0.370364   0.128217   0.018476   0.750000   0.875000
  0.839196   0.233250   0.668783  -0.168487   0.370457   0.154643   0.004706   0.750000   0.875000
  0.844221   0.232403   0.670645  -0.167710   0.370480   0.187765  -0.012301   0.750000   0.875000
  0.849246   0.231560   0.672507  -0.166766   0.370418   0.139948   0.003647   0.750000   0.875000
  0.854271   0.230722   0.674368  -0.166063   0.370437   0.086377   0.023543   0.750000   0.875000
  0.859296   0.229888   0.676229  -0.165629   0.370555   0.119983   0.007380   0.750000   0.875000
  0.864322   0.229055   0.678092  -0.165026   0.370592   0.172091  -0.018638   0.750000   0.875000
  0.869347   0.228226   0.679954  -0.164161   0.370498   0.119722  -0.000403   0.750000   0.875000
  0.874372   0.227401   0.681816  -0.163560   0.370496   0.047104   0.030144   0.750000   0.875000
  0.879397   0.226579   0.683678  -0.163323   0.370648   0.087086   0.012113   0.750000   0.875000
  0.884422   0.225759   0.685540  -0.162885   0.370709   0.161734  -0.025454   0.750000   0.875000
  0.889447   0.224940   0.687403  -0.162073   0.370581   0.106552  -0.006219   0.750000   0.875000
  0.894472   0.224126   0.689265  -0.161537   0.370550   0.010997   0.037634   0.750000   0.875000
  0.899497   0.223314   0.691127  -0.161482   0.370739   0.055458   0.018974   0.750000   0.875000
  0.904523   0.222502   0.692990  -0.161203   0.370834   0.155244  -0.032323   0.750000   0.875000
  0.909548   0.221692   0.694854  -0.160423   0.370672   0.100298  -0.014240   0.750000   0.875000
  0.914573   0.220886   0.696716  -0.159919   0.370600  -0.020697   0.044976   0.750000   0.875000
  0.919598   0.220083   0.698579  -0.160023   0.370826   0.025259   0.027673   0.750000   0.875000
  0.924623   0.219278   0.700442  -0.159896   0.370965   0.150989  -0.038553   0.750000   0.875000
  0.929648   0.218475   0.702306  -0.159137   0.370771   0.100426  -0.024466   0.750000   0.875000
  0.934673   0.217675   0.704169  -0.158633   0.370649  -0.046635   0.051120   0.750000   0.875000
  0.939698   0.216878   0.706032  -0.158867   0.370905  -0.003071   0.037741   0.750000   0.875000
  0.944724   0.216080   0.707896  -0.158883   0.371095   0.147490  -0.043453   0.750000   0.875000
  0.949749   0.215281   0.709761  -0.158141   0.370877   0.105509  -0.036308   0.750000   0.875000
  0.954774   0.214487   0.711624  -0.157611   0.370694  -0.067401   0.056119   0.750000   0.875000
  0.959799   0.213695   0.713487  -0.157950   0.370976  -0.033319   0.051335   0.750000   0.875000
  0.964824   0.212901   0.715351  -0.158117   0.371234   0.134052  -0.040258   0.750000   0.875000
  0.969849   0.212106   0.717217  -0.157444   0.371032   0.101169  -0.040138   0.750000   0.875000
  0.974874   0.211315   0.719081  -0.156935   0.370830  -0.095261   0.069808   0.750000   0.875000
  0.979899   0.210527   0.720945  -0.157414   0.371181  -0.080989   0.085435   0.750000   0.875000
  0.984925   0.209735   0.722810  -0.157821   0.371610   0.106398  -0.004782   0.750000   0.875000
  0.989950   0.208942   0.724677  -0.157286   0.371586   0.208231  -0.065397   0.750000   0.875000
  0.994975   0.208152   0.726545  -0.156240   0.371258   0.270715  -0.095557   0.750000   0.875000
  1.000000   0.207367   0.728410  -0.154880   0.370778   0.556143  -0.236279   0.750000   0.875000