  0.000000   0.641421   0.358579   0.000000   0.000000   7.324771  20.868661   1.000000   0.250000
  0.005025   0.641421   0.358579   0.036807   0.104865   3.232627  18.922513   1.000000   0.250000
  0.010050   0.641606   0.359106   0.053051   0.199951   1.859296  14.776342   1.000000   0.250000
  0.015075   0.641873   0.360111   0.062394   0.274202   2.425566   8.657727   1.000000   0.250000
  0.020101   0.642186   0.361489   0.074585   0.317715   2.436287   3.102175   1.000000   0.250000
  0.025126   0.642561   0.363085   0.086827   0.333304   1.505340  -0.958385   1.000000   0.250000
  0.030151   0.642997   0.364760   0.094391   0.328488  -0.272672  -2.828765   1.000000   0.250000
  0.035176   0.643472   0.366411   0.093021   0.314273  -2.877887  -2.227728   1.000000   0.250000
  0.040201   0.643939   0.367990   0.078560   0.303079  -5.467857  -1.129099   1.000000   0.250000
  0.045226   0.644334   0.369513   0.051084   0.297405  -7.584083  -0.608496   1.000000   0.250000
  0.050251   0.644590   0.371008   0.012974   0.294348  -9.227574  -0.459543   1.000000   0.250000
  0.055276   0.644656   0.372487  -0.033395   0.292039 -10.390108  -0.350811   1.000000   0.250000
  0.060302   0.644488   0.373954  -0.085615   0.290275 -11.210931  -0.251772   1.000000   0.250000
  0.065327   0.644058   0.375413  -0.141950   0.289010 -11.853865  -0.235407   1.000000   0.250000
  0.070352   0.643344   0.376865  -0.201516   0.287827 -12.331787  -0.258500   1.000000   0.250000
  0.075377   0.642332   0.378312  -0.263483   0.286528 -12.562973  -0.217628   1.000000   0.250000
  0.080402   0.641008   0.379751  -0.326612   0.285435 -12.591760  -0.148950   1.000000   0.250000
  0.085427   0.639366   0.381186  -0.389886   0.284686 -12.532412  -0.133739   1.000000   0.250000
  0.090452   0.637407   0.382616  -0.452861   0.284014 -12.403023  -0.153204   1.000000   0.250000
  0.095477   0.635132   0.384043  -0.515186   0.283244 -12.136959  -0.129111   1.000000   0.250000
  0.100503   0.632542   0.385467  -0.576187   0.282595 -11.747470  -0.077505   1.000000   0.250000
  0.105528   0.629647   0.386887  -0.635218   0.282206 -11.321791  -0.062614   1.000000   0.250000
  0.110553   0.626455   0.388305  -0.692110   0.281891 -10.883447  -0.078357   1.000000   0.250000
  0.115578   0.622977   0.389722  -0.746799   0.281498 -10.380052  -0.065861   1.000000   0.250000
  0.120603   0.619224   0.391136  -0.798959   0.281167  -9.804239  -0.027617   1.000000   0.250000
  0.125628   0.615210   0.392549  -0.848225   0.281028  -9.221580  -0.013614   1.000000   0.250000
  0.130653   0.610947   0.393961  -0.894563   0.280960  -8.659238  -0.026106   1.000000   0.250000
  0.135678   0.606452   0.395373  -0.938076   0.280828  -8.077419  -0.021577   1.000000   0.250000
  0.140704   0.601737   0.396785  -0.978673   0.280720  -7.455070   0.006270   1.000000   0.250000
  0.145729   0.596820   0.398195  -1.016135   0.280751  -6.840922   0.019108   1.000000   0.250000
  0.150754   0.591714   0.399606  -1.050511   0.280847  -6.264211   0.009398   1.000000   0.250000
  0.155779   0.586435   0.401017  -1.081988   0.280895  -5.696061   0.008580   1.000000   0.250000
  0.160804   0.580998   0.402429  -1.110611   0.280938  -5.107046   0.028365   1.000000   0.250000
  0.165829   0.575417   0.403840  -1.136274   0.281080  -4.531895   0.039982   1.000000   0.250000
  0.170854   0.569707   0.405253  -1.159047   0.281281  -4.001216   0.032639   1.000000   0.250000
  0.175879   0.563883   0.406666  -1.179153   0.281445  -3.495501   0.028314   1.000000   0.250000
  0.180905   0.557956   0.408081  -1.196721   0.281588  -2.980241   0.041852   1.000000   0.250000
  0.185930   0.551943   0.409496  -1.211697   0.281798  -2.479251   0.052277   1.000000   0.250000
  0.190955   0.545854   0.410912  -1.224155   0.282061  -2.023603   0.046943   1.000000   0.250000
  0.195980   0.539703   0.412329  -1.234324   0.282296  -1.601776   0.040448   1.000000   0.250000
  0.201005   0.533500   0.413748  -1.242373   0.282500  -1.176861   0.049182   1.000000   0.250000
  0.206030   0.527257   0.415167  -1.248286   0.282747  -0.763283   0.058530   1.000000   0.250000
  0.211055   0.520985   0.416588  -1.252122   0.283041  -0.392291   0.054908   1.000000   0.250000
  0.216080   0.514693   0.418010  -1.254093   0.283317  -0.059165   0.047150   1.000000   0.250000
  0.221106   0.508390   0.419434  -1.254390   0.283554   0.273839   0.052160   1.000000   0.250000
  0.226131   0.502086   0.420859  -1.253014   0.283816   0.599822   0.060534   1.000000   0.250000
  0.231156   0.495790   0.422285  -1.250000   0.284120   0.887939   0.058362   1.000000   0.250000
  0.236181   0.489509   0.423713  -1.245538   0.284413   1.137108   0.049976   1.000000   0.250000
  0.241206   0.483250   0.425142  -1.239824   0.284664   1.384497   0.052098   1.000000   0.250000
  0.246231   0.477020   0.426573  -1.232867   0.284926   1.629939   0.059601   1.000000   0.250000
  0.251256   0.470825   0.428004  -1.224677   0.285226   1.843342   0.058620   1.000000   0.250000
  0.256281   0.464671   0.429438  -1.215414   0.285520   2.018601   0.049941   1.000000   0.250000
  0.261307   0.458562   0.430873  -1.205269   0.285771   2.191137   0.049729   1.000000   0.250000
  0.266332   0.452506   0.432309  -1.194258   0.286021   2.366734   0.056387   1.000000   0.250000
  0.271357   0.446504   0.433746  -1.182365   0.286305   2.517358   0.056213   1.000000   0.250000
  0.276382   0.440563   0.435185  -1.169716   0.286587   2.632389   0.047141   1.000000   0.250000
  0.281407   0.434685   0.436625  -1.156488   0.286824   2.742676   0.044773   1.000000   0.250000
  0.286432   0.428874   0.438066  -1.142706   0.287049   2.860429   0.050460   1.000000   0.250000
  0.291457   0.423132   0.439508  -1.128332   0.287302   2.963774   0.050285   1.000000   0.250000
  0.296482   0.417462   0.440952  -1.113439   0.287555   3.037722   0.039539   1.000000   0.250000
  0.301508   0.411866   0.442397  -1.098172   0.287754   3.099278   0.034063   1.000000   0.250000
  0.306533   0.406347   0.443843  -1.082598   0.287925   3.168519   0.038180   1.000000   0.250000
  0.311558   0.400907   0.445290  -1.066676   0.288117   3.243321   0.036382   1.000000   0.250000
  0.316583   0.395547   0.446738  -1.050378   0.288300   3.304346   0.020096   1.000000   0.250000
  0.321608   0.390269   0.448187  -1.033774   0.288401   3.325600   0.007328   1.000000   0.250000
  0.326633   0.385074   0.449636  -1.017063   0.288438   3.335990   0.007638   1.000000   0.250000
  0.331658   0.379964   0.451085  -1.000300   0.288476   3.387527   0.001412   1.000000   0.250000
  0.336683   0.374937   0.452535  -0.983277   0.288483   3.455628  -0.029326   1.000000   0.250000
  0.341709   0.369995   0.453985  -0.965909   0.288336   3.402784  -0.063804   1.000000   0.250000
  0.346734   0.365142   0.455434  -0.948810   0.288015   3.261721  -0.078348   1.000000   0.250000
  0.351759   0.360374   0.456881  -0.932420   0.287621   3.195759  -0.097796   1.000000   0.250000
  0.356784   0.355688   0.458326  -0.916361   0.287130   3.157190  -0.166079   1.000000   0.250000
  0.361809   0.351084   0.459769  -0.900497   0.286295   2.802002  -0.271230   1.000000   0.250000
  0.366834   0.346559   0.461208  -0.886416   0.284932   2.176915  -0.353617   1.000000   0.250000
  0.371859   0.342104   0.462639  -0.875477   0.283155   1.580033  -0.439939   1.000000   0.250000
  0.376884   0.337705   0.464062  -0.867538   0.280945   0.827359  -0.646306   1.000000   0.250000
  0.381910   0.333345   0.465474  -0.863379   0.277696  -0.620578  -1.003192   1.000000   0.250000
  0.386935   0.329006   0.466870  -0.866498   0.272655  -2.507061  -1.359420   1.000000   0.250000
  0.391960   0.324652   0.468240  -0.879096   0.265824  -4.527447  -1.763526   1.000000   0.250000
  0.396985   0.320235   0.469576  -0.901846   0.256963  -7.334912  -2.554159   1.000000   0.250000
  0.402010   0.315703   0.470867  -0.938704   0.244128 -11.335055  -3.805388   1.000000   0.250000
  0.407035   0.310986   0.472094  -0.995663   0.225006 -15.343736  -5.050409   1.000000   0.250000
  0.412060   0.305983   0.473224  -1.072765   0.199628 -19.121343  -6.509042   1.000000   0.250000
  0.417085   0.300592   0.474227  -1.168850   0.166920 -23.931428  -9.185656   1.000000   0.250000
  0.422111   0.294718   0.475066  -1.289129   0.120753 -29.991628 -12.922397   1.000000   0.250000
  0.427136   0.288240   0.475673  -1.439837   0.055817 -35.280013 -15.949361   1.000000   0.250000
  0.432161   0.281005   0.475954  -1.617119  -0.024328 -39.035047 -18.650995   1.000000   0.250000
  0.437186   0.272878   0.475831  -1.813270  -0.118049 -40.247474 -23.347123   1.000000   0.250000
  0.442211   0.263767   0.475238  -2.015514  -0.235369 -37.181824 -30.369364   1.000000   0.250000
  0.447236   0.253639   0.474055  -2.202353  -0.387975 -32.526579 -35.874584   1.000000   0.250000
  0.452261   0.242572   0.472106  -2.365799  -0.568244 -28.366696 -38.022898   1.000000   0.250000
  0.457286   0.230684   0.469250  -2.508341  -0.759310 -17.607324 -36.639841   1.000000   0.250000
  0.462312   0.218077   0.465434  -2.596836  -0.943461  12.043108 -33.787207   1.000000   0.250000
  0.467337   0.205028   0.460693  -2.536319  -1.113242  52.540606 -33.719329   1.000000   0.250000
  0.472362   0.192283   0.455099  -2.272303  -1.282682  90.022866 -35.275145   1.000000   0.250000
  0.477387   0.180865   0.448654  -1.819938  -1.459939 118.407095 -28.086103   1.000000   0.250000
  0.482412   0.171719   0.441318  -1.224942  -1.601072 127.490615   2.873921   1.000000   0.250000
  0.487437   0.165564   0.433272  -0.584302  -1.586631 120.388488  47.493162   1.000000   0.250000
  0.492462   0.162628   0.425299   0.020651  -1.347977 109.718214  88.156430   1.000000   0.250000
  0.497487   0.162732   0.418526   0.571985  -0.904991  93.788007 118.257086   1.000000   0.250000
  0.502513   0.165606   0.413977   1.043363  -0.310631  63.807897 126.279532   1.000000   0.250000
  0.507538   0.170849   0.412416   1.363998   0.323923  27.622278 114.814467   1.000000   0.250000
  0.512563   0.177703   0.414044   1.502800   0.900866  -3.186961  99.655328   1.000000   0.250000
  0.517588   0.185255   0.418571   1.486785   1.401634 -26.202070  82.332424   1.000000   0.250000
  0.522613   0.192726   0.425614   1.355120   1.815355 -37.895428  55.861523   1.000000   0.250000
  0.527638   0.199536   0.434736   1.164695   2.096059 -40.600705  24.304375   1.000000   0.250000
  0.532663   0.205388   0.445269   0.960677   2.218188 -41.814818  -4.185239   1.000000   0.250000
  0.537688   0.210216   0.456415   0.750557   2.197157 -42.758960 -27.932232   1.000000   0.250000
  0.542714   0.213988   0.467458   0.535651   2.056770 -40.506735 -41.660654   1.000000   0.250000
  0.547739   0.216680   0.477794   0.332104   1.847425 -35.137070 -43.304260   1.000000   0.250000
  0.552764   0.218348   0.487077   0.155541   1.629821 -29.682100 -40.853486   1.000000   0.250000
  0.557789   0.219130   0.495267   0.006388   1.424533 -24.659550 -38.613251   1.000000   0.250000
  0.562814   0.219162   0.502425  -0.117526   1.230501 -19.610832 -36.145179   1.000000   0.250000
  0.567839   0.218571   0.508608  -0.216071   1.048871 -15.121035 -32.502165   1.000000   0.250000
  0.572864   0.217486   0.513879  -0.292054   0.885548 -11.495870 -28.267692   1.000000   0.250000
  0.577889   0.216018   0.518329  -0.349821   0.743503  -8.272872 -23.650862   1.000000   0.250000
  0.582915   0.214260   0.522066  -0.391400   0.624634  -5.351839 -18.664503   1.000000   0.250000
  0.587940   0.212293   0.525204  -0.418293   0.530845  -3.161463 -14.428779   1.000000   0.250000
  0.592965   0.210191   0.527872  -0.434179   0.458340  -1.615190 -11.307113   1.000000   0.250000
  0.597990   0.208009   0.530175  -0.442296   0.401522  -0.426783  -8.602031   1.000000   0.250000
  0.603015   0.205787   0.532193  -0.444440   0.358297   0.375071  -6.043071   1.000000   0.250000
  0.608040   0.203554   0.533993  -0.442556   0.327930   0.823862  -4.105628   1.000000   0.250000
  0.613065   0.201330   0.535641  -0.438416   0.307299   1.163492  -2.823830   1.000000   0.250000
  0.618090   0.199127   0.537185  -0.432569   0.293110   1.410101  -1.839608   1.000000   0.250000
  0.623116   0.196953   0.538658  -0.425482   0.283864   1.430866  -1.067088   1.000000   0.250000
  0.628141   0.194815   0.540085  -0.418292   0.278502   1.327048  -0.572661   1.000000   0.250000
  0.633166   0.192713   0.541484  -0.411623   0.275624   1.297458  -0.246040   1.000000   0.250000
  0.638191   0.190644   0.542869  -0.405104   0.274388   1.288845   0.001512   1.000000   0.250000
  0.643216   0.188609   0.544248  -0.398627   0.274395   1.184274   0.135874   1.000000   0.250000
  0.648241   0.186606   0.545627  -0.392676   0.275078   1.042386   0.172466   1.000000   0.250000
  0.653266   0.184632   0.547009  -0.387438   0.275945   0.975301   0.206731   1.000000   0.250000
  0.658291   0.182685   0.548396  -0.382537   0.276983   0.938707   0.243478   1.000000   0.250000
  0.663317   0.180763   0.549788  -0.377819   0.278207   0.860570   0.237440   1.000000   0.250000
  0.668342   0.178864   0.551186  -0.373495   0.279400   0.771361   0.202263   1.000000   0.250000
  0.673367   0.176987   0.552590  -0.369619   0.280417   0.730585   0.188619   1.000000   0.250000
  0.678392   0.175130   0.553999  -0.365948   0.281364   0.707956   0.186631   1.000000   0.250000
  0.683417   0.173291   0.555413  -0.362390   0.282302   0.658379   0.167793   1.000000   0.250000
  0.688442   0.171470   0.556831  -0.359082   0.283145   0.602318   0.141439   1.000000   0.250000
  0.693467   0.169666   0.558254  -0.356055   0.283856   0.580724   0.132200   1.000000   0.250000
  0.698492   0.167877   0.559680  -0.353137   0.284520   0.570886   0.129220   1.000000   0.250000
  0.703518   0.166102   0.561110  -0.350268   0.285170   0.536157   0.115139   1.000000   0.250000
  0.708543   0.164342   0.562543  -0.347574   0.285749   0.492240   0.098977   1.000000   0.250000
  0.713568   0.162595   0.563979  -0.345100   0.286246   0.478667   0.096413   1.000000   0.250000
  0.718593   0.160861   0.565418  -0.342695   0.286730   0.477448   0.096557   1.000000   0.250000
  0.723618   0.159139   0.566859  -0.340296   0.287216   0.450980   0.085706   1.000000   0.250000
  0.728643   0.157429   0.568302  -0.338030   0.287646   0.409627   0.073527   1.000000   0.250000
  0.733668   0.155730   0.569747  -0.335971   0.288016   0.398368   0.074415   1.000000   0.250000
  0.738693   0.154042   0.571195  -0.333969   0.288390   0.404175   0.076869   1.000000   0.250000
  0.743719   0.152364   0.572644  -0.331938   0.288776   0.384297   0.067139   1.000000   0.250000
  0.748744   0.150696   0.574095  -0.330007   0.289113   0.341617   0.055824   1.000000   0.250000
  0.753769   0.149037   0.575548  -0.328290   0.289394   0.329849   0.058763   1.000000   0.250000
  0.758794   0.147388   0.577002  -0.326633   0.289689   0.342751   0.063054   1.000000   0.250000
  0.763819   0.145746   0.578458  -0.324910   0.290006   0.329885   0.053265   1.000000   0.250000
  0.768844   0.144114   0.579915  -0.323253   0.290274   0.283562   0.041514   1.000000   0.250000
  0.773869   0.142489   0.581374  -0.321828   0.290482   0.269008   0.046449   1.000000   0.250000
  0.778894   0.140872   0.582833  -0.320476   0.290716   0.289921   0.052669   1.000000   0.250000
  0.783920   0.139261   0.584294  -0.319019   0.290980   0.285602   0.041838   1.000000   0.250000
  0.788945   0.137658   0.585757  -0.317584   0.291191   0.233443   0.028699   1.000000   0.250000
  0.793970   0.136063   0.587220  -0.316411   0.291335   0.213359   0.036227   1.000000   0.250000
  0.798995   0.134473   0.588684  -0.315339   0.291517   0.243712   0.044939   1.000000   0.250000
  0.804020   0.132888   0.590149  -0.314114   0.291743   0.250515   0.032040   1.000000   0.250000
  0.809045   0.131310   0.591615  -0.312855   0.291904   0.190167   0.016356   1.000000   0.250000
  0.814070   0.129737   0.593082  -0.311900   0.291986   0.160849   0.027441   1.000000   0.250000
  0.819095   0.128170   0.594549  -0.311091   0.292124   0.202422   0.039654   1.000000   0.250000
  0.824121   0.126607   0.596017  -0.310074   0.292323   0.224118   0.023483   1.000000   0.250000
  0.829146   0.125049   0.597486  -0.308948   0.292441   0.153216   0.003628   1.000000   0.250000
  0.834171   0.123496   0.598955  -0.308178   0.292459   0.109785   0.019515   1.000000   0.250000
  0.839196   0.121947   0.600425  -0.307626   0.292557   0.164377   0.036803   1.000000   0.250000
  0.844221   0.120402   0.601895  -0.306800   0.292742   0.205894   0.016175   1.000000   0.250000
  0.849246   0.118860   0.603366  -0.305766   0.292824   0.122596  -0.009994   1.000000   0.250000
  0.854271   0.117323   0.604838  -0.305149   0.292773   0.059074   0.012014   1.000000   0.250000
  0.859296   0.115790   0.606309  -0.304853   0.292834   0.128083   0.036479   1.000000   0.250000
  0.864322   0.114258   0.607781  -0.304209   0.293017   0.195324   0.010336   1.000000   0.250000
  0.869347   0.112729   0.609253  -0.303227   0.293069   0.098998  -0.024786   1.000000   0.250000
  0.874372   0.111206   0.610726  -0.302730   0.292944   0.008798   0.004475   1.000000   0.250000
  0.879397   0.109684   0.612198  -0.302686   0.292967   0.092503   0.038673   1.000000   0.250000
  0.884422   0.108163   0.613670  -0.302221   0.293161   0.191425   0.006539   1.000000   0.250000
  0.889447   0.106645   0.615143  -0.301259   0.293194   0.083467  -0.040355   1.000000   0.250000
  0.894472   0.105131   0.616616  -0.300840   0.292991  -0.039712  -0.003335   1.000000   0.250000
  0.899497   0.103619   0.618089  -0.301039   0.292975   0.057182   0.043261   1.000000   0.250000
  0.904523   0.102106   0.619561  -0.300752   0.293192   0.192811   0.005434   1.000000   0.250000
  0.909548   0.100595   0.621034  -0.299783   0.293219   0.076953  -0.055832   1.000000   0.250000
  0.914573   0.099088   0.622508  -0.299396   0.292939  -0.084012  -0.011506   1.000000   0.250000
  0.919598   0.097584   0.623980  -0.299818   0.292881   0.022477   0.049827   1.000000   0.250000
  0.924623   0.096077   0.625452  -0.299705   0.293131   0.197573   0.007627   1.000000   0.250000
  0.929648   0.094571   0.626925  -0.298713   0.293170   0.079803  -0.069934   1.000000   0.250000
  0.934673   0.093070   0.628398  -0.298312   0.292818  -0.121462  -0.019953   1.000000   0.250000
  0.939698   0.091571   0.629869  -0.298922   0.292718  -0.010967   0.057706   1.000000   0.250000
  0.944724   0.090069   0.631340  -0.298977   0.293008   0.203664   0.013249   1.000000   0.250000
  0.949749   0.088567   0.632813  -0.297954   0.293075   0.090802  -0.081413   1.000000   0.250000
  0.954774   0.087069   0.634285  -0.297497   0.292665  -0.152023  -0.027681   1.000000   0.250000
  0.959799   0.085574   0.635756  -0.298261   0.292526  -0.047894   0.068971   1.000000   0.250000
  0.964824   0.084076   0.637226  -0.298502   0.292873   0.197454   0.029119   1.000000   0.250000
  0.969849   0.082576   0.638698  -0.297510   0.293019   0.093677  -0.076941   1.000000   0.250000
  0.974874   0.081081   0.640170  -0.297039   0.292633  -0.184854  -0.013538   1.000000   0.250000
  0.979899   0.079588   0.641641  -0.297968   0.292565  -0.090020   0.132160   1.000000   0.250000
  0.984925   0.078091   0.643111  -0.298420   0.293229   0.226872   0.171948   1.000000   0.250000
  0.989950   0.076591   0.644584  -0.297280   0.294093   0.366372   0.125451   1.000000   0.250000
  0.994975   0.075097   0.646062  -0.295439   0.294723   0.475665   0.144093   1.000000   0.250000
  1.000000   0.073613   0.647543  -0.293049   0.295447   0.957192   0.199031   1.000000   0.250000