  0.000000   0.641421   0.358579   0.000000   0.000000   7.324773  20.868667   1.000000   0.375000
  0.005025   0.641421   0.358579   0.036807   0.104865   3.232631  18.922509   1.000000   0.375000
  0.010050   0.641606   0.359106   0.053051   0.199951   1.859301  14.776334   1.000000   0.375000
  0.015075   0.641873   0.360111   0.062394   0.274202   2.425568   8.657721   1.000000   0.375000
  0.020101   0.642186   0.361489   0.074585   0.317715   2.436286   3.102174   1.000000   0.375000
  0.025126   0.642561   0.363085   0.086827   0.333304   1.505335  -0.958382   1.000000   0.375000
  0.030151   0.642997   0.364760   0.094391   0.328488  -0.272678  -2.828760   1.000000   0.375000
  0.035176   0.643472   0.366411   0.093021   0.314273  -2.877891  -2.227722   1.000000   0.375000
  0.040201   0.643939   0.367990   0.078560   0.303079  -5.467858  -1.129096   1.000000   0.375000
  0.045226   0.644334   0.369513   0.051084   0.297405  -7.584082  -0.608497   1.000000   0.375000
  0.050251   0.644590   0.371008   0.012974   0.294348  -9.227572  -0.459544   1.000000   0.375000
  0.055276   0.644656   0.372487  -0.033395   0.292039 -10.390107  -0.350813   1.000000   0.375000
  0.060302   0.644488   0.373954  -0.085615   0.290275 -11.210930  -0.251772   1.000000   0.375000
  0.065327   0.644058   0.375413  -0.141950   0.289010 -11.853865  -0.235407   1.000000   0.375000
  0.070352   0.643344   0.376865  -0.201516   0.287827 -12.331787  -0.258500   1.000000   0.375000
  0.075377   0.642332   0.378312  -0.263483   0.286528 -12.562973  -0.217628   1.000000   0.375000
  0.080402   0.641008   0.379751  -0.326612   0.285435 -12.591760  -0.148950   1.000000   0.375000
  0.085427   0.639366   0.381186  -0.389886   0.284686 -12.532411  -0.133739   1.000000   0.375000
  0.090452   0.637407   0.382616  -0.452861   0.284014 -12.403023  -0.153204   1.000000   0.375000
  0.095477   0.635132   0.384043  -0.515186   0.283244 -12.136959  -0.129111   1.000000   0.375000
  0.100503   0.632542   0.385467  -0.576187   0.282595 -11.747470  -0.077505   1.000000   0.375000
  0.105528   0.629647   0.386887  -0.635218   0.282206 -11.321791  -0.062614   1.000000   0.375000
  0.110553   0.626455   0.388305  -0.692110   0.281891 -10.883447  -0.078356   1.000000   0.375000
  0.115578   0.622977   0.389722  -0.746799   0.281498 -10.380052  -0.065861   1.000000   0.375000
  0.120603   0.619224   0.391136  -0.798959   0.281167  -9.804239  -0.027617   1.000000   0.375000
  0.125628   0.615210   0.392549  -0.848225   0.281028  -9.221580  -0.013614   1.000000   0.375000
  0.130653   0.610947   0.393961  -0.894563   0.280960  -8.659238  -0.026106   1.000000   0.375000
  0.135678   0.606452   0.395373  -0.938076   0.280828  -8.077419  -0.021577   1.000000   0.375000
  0.140704   0.601737   0.396785  -0.978673   0.280720  -7.455070   0.006270   1.000000   0.375000
  0.145729   0.596820   0.398195  -1.016135   0.280751  -6.840922   0.019108   1.000000   0.375000
  0.150754   0.591714   0.399606  -1.050511   0.280847  -6.264211   0.009398   1.000000   0.375000
  0.155779   0.586435   0.401017  -1.081988   0.280895  -5.696061   0.008580   1.000000   0.375000
  0.160804   0.580998   0.402429  -1.110611   0.280938  -5.107046   0.028365   1.000000   0.375000
  0.165829   0.575417   0.403840  -1.136274   0.281080  -4.531895   0.039982   1.000000   0.375000
  0.170854   0.569707   0.405253  -1.159047   0.281281  -4.001216   0.032639   1.000000   0.375000
  0.175879   0.563883   0.406666  -1.179153   0.281445  -3.495501   0.028314   1.000000   0.375000
  0.180905   0.557956   0.408081  -1.196721   0.281587  -2.980241   0.041852   1.000000   0.375000
  0.185930   0.551943   0.409496  -1.211697   0.281798  -2.479251   0.052277   1.000000   0.375000
  0.190955   0.545854   0.410912  -1.224155   0.282060  -2.023602   0.046943   1.000000   0.375000
  0.195980   0.539703   0.412329  -1.234324   0.282296  -1.601775   0.040447   1.000000   0.375000
  0.201005   0.533500   0.413748  -1.242373   0.282500  -1.176861   0.049182   1.000000   0.375000
  0.206030   0.527257   0.415167  -1.248286   0.282747  -0.763283   0.058529   1.000000   0.375000
  0.211055   0.520985   0.416588  -1.252122   0.283041  -0.392288   0.054906   1.000000   0.375000
  0.216080   0.514693   0.418010  -1.254093   0.283317  -0.059164   0.047146   1.000000   0.375000
  0.221106   0.508390   0.419434  -1.254390   0.283554   0.273835   0.052156   1.000000   0.375000
  0.226131   0.502086   0.420859  -1.253014   0.283816   0.599816   0.060527   1.000000   0.375000
  0.231156   0.495790   0.422285  -1.250000   0.284120   0.887938   0.058348   1.000000   0.375000
  0.236181   0.489509   0.423713  -1.245538   0.284413   1.137091   0.049951   1.000000   0.375000
  0.241206   0.483250   0.425142  -1.239825   0.284664   1.384432   0.052067   1.000000   0.375000
  0.246231   0.477020   0.426573  -1.232868   0.284926   1.629840   0.059560   1.000000   0.375000
  0.251256   0.470825   0.428004  -1.224678   0.285225   1.843231   0.058542   1.000000   0.375000
  0.256281   0.464671   0.429438  -1.215416   0.285519   2.018345   0.049803   1.000000   0.375000
  0.261307   0.458562   0.430873  -1.205271   0.285770   2.190527   0.049551   1.000000   0.375000
  0.266332   0.452506   0.432309  -1.194264   0.286019   2.365809   0.056160   1.000000   0.375000
  0.271357   0.446504   0.433746  -1.182376   0.286301   2.516164   0.055810   1.000000   0.375000
  0.276382   0.440563   0.435185  -1.169732   0.286581   2.630194   0.046409   1.000000   0.375000
  0.281407   0.434685   0.436625  -1.156515   0.286814   2.738372   0.043788   1.000000   0.375000
  0.286432   0.428874   0.438066  -1.142755   0.287034   2.854076   0.049233   1.000000   0.375000
  0.291457   0.423131   0.439508  -1.128413   0.287282   2.955388   0.048269   1.000000   0.375000
  0.296482   0.417461   0.440952  -1.113563   0.287524   3.023913   0.035876   1.000000   0.375000
  0.301508   0.411864   0.442397  -1.098364   0.287705   3.075047   0.028911   1.000000   0.375000
  0.306533   0.406345   0.443843  -1.082912   0.287850   3.133859   0.031807   1.000000   0.375000
  0.311558   0.400903   0.445289  -1.067165   0.288010   3.198105   0.026713   1.000000   0.375000
  0.316583   0.395541   0.446736  -1.051094   0.288144   3.235779   0.002977   1.000000   0.375000
  0.321608   0.390259   0.448184  -1.034834   0.288159   3.214806  -0.017583   1.000000   0.375000
  0.326633   0.385059   0.449632  -1.018680   0.288071   3.182507  -0.023218   1.000000   0.375000
  0.331658   0.379940   0.451080  -1.002688   0.287954   3.192251  -0.041873   1.000000   0.375000
  0.336683   0.374902   0.452527  -0.986647   0.287744   3.181373  -0.101864   1.000000   0.375000
  0.341709   0.369943   0.453973  -0.970657   0.287232   2.991838  -0.170767   1.000000   0.375000
  0.346734   0.365065   0.455416  -0.955623   0.286374   2.711618  -0.210918   1.000000   0.375000
  0.351759   0.360263   0.456855  -0.941997   0.285314   2.517175  -0.270771   1.000000   0.375000
  0.356784   0.355530   0.458289  -0.929349   0.283953   2.277092  -0.433708   1.000000   0.375000
  0.361809   0.350860   0.459716  -0.917906   0.281774   1.591425  -0.661782   1.000000   0.375000
  0.366834   0.346247   0.461132  -0.909909   0.278448   0.625140  -0.836164   1.000000   0.375000
  0.371859   0.341675   0.462531  -0.906768   0.274246  -0.266692  -1.029710   1.000000   0.375000
  0.376884   0.337118   0.463909  -0.908108   0.269072  -1.363174  -1.469495   1.000000   0.375000
  0.381910   0.332554   0.465261  -0.914959   0.261687  -3.294695  -2.157683   1.000000   0.375000
  0.386935   0.327956   0.466576  -0.931515   0.250844  -5.688906  -2.771844   1.000000   0.375000
  0.391960   0.323276   0.467837  -0.960102   0.236916  -8.122009  -3.391839   1.000000   0.375000
  0.396985   0.318451   0.469027  -1.000915   0.219872 -11.125883  -4.549549   1.000000   0.375000
  0.402010   0.313422   0.470132  -1.056823   0.197010 -15.038663  -6.358604   1.000000   0.375000
  0.407035   0.308111   0.471122  -1.132392   0.165058 -18.926123  -8.073718   1.000000   0.375000
  0.412060   0.302421   0.471952  -1.227496   0.124488 -22.613953  -9.782130   1.000000   0.375000
  0.417085   0.296253   0.472577  -1.341131   0.075333 -26.631842 -12.522279   1.000000   0.375000
  0.422111   0.289512   0.472956  -1.474982   0.012396 -30.219952 -16.337622   1.000000   0.375000
  0.427136   0.282100   0.473018  -1.626838  -0.069701 -32.290350 -19.603049   1.000000   0.375000
  0.432161   0.273925   0.472668  -1.789097  -0.168206 -33.077618 -22.402878   1.000000   0.375000
  0.437186   0.264935   0.471823  -1.955312  -0.280781 -31.084675 -26.162592   1.000000   0.375000
  0.442211   0.255110   0.470412  -2.111512  -0.412248 -23.847203 -30.625966   1.000000   0.375000
  0.447236   0.244499   0.468340  -2.231344  -0.566143 -14.641234 -33.429163   1.000000   0.375000
  0.452261   0.233287   0.465495  -2.304917  -0.734125  -6.420991 -33.687732   1.000000   0.375000
  0.457286   0.221705   0.461806  -2.337182  -0.903406   5.046050 -30.177299   1.000000   0.375000
  0.462312   0.209958   0.457266  -2.311821  -1.055077  26.678563 -22.830386   1.000000   0.375000
  0.467337   0.198341   0.451964  -2.177761  -1.169799  53.232390 -16.272889   1.000000   0.375000
  0.472362   0.187398   0.446086  -1.910268  -1.251571  76.741641 -11.422006   1.000000   0.375000
  0.477387   0.177799   0.439797  -1.524641  -1.308966  93.323240  -1.702489   1.000000   0.375000
  0.482412   0.170137   0.433219  -1.055692  -1.317521  97.148115  20.934889   1.000000   0.375000
  0.487437   0.164833   0.426599  -0.567523  -1.212324  92.055144  49.135798   1.000000   0.375000
  0.492462   0.161981   0.420507  -0.104946  -0.965416  86.272163  73.205630   1.000000   0.375000
  0.497487   0.161453   0.415655   0.328572  -0.597558  78.009184  89.896790   1.000000   0.375000
  0.502513   0.163105   0.412652   0.720646  -0.145737  59.973229  93.168461   1.000000   0.375000
  0.507538   0.166726   0.411920   1.022012   0.322435  35.839270  85.992678   1.000000   0.375000
  0.512563   0.171862   0.413540   1.202104   0.754548  13.887026  77.907163   1.000000   0.375000
  0.517588   0.177902   0.417332   1.271886   1.146032  -4.260846  69.213906   1.000000   0.375000
  0.522613   0.184293   0.423090   1.250475   1.493832 -17.208128  53.985291   1.000000   0.375000
  0.527638   0.190577   0.430597   1.164005   1.765108 -25.037534  33.241667   1.000000   0.375000
  0.532663   0.196426   0.439467   1.038191   1.932147 -30.894202  12.883091   1.000000   0.375000
  0.537688   0.201643   0.449176   0.882948   1.996885 -35.488769  -5.909106   1.000000   0.375000
  0.542714   0.206081   0.459212   0.704581   1.967185 -36.601318 -20.456903   1.000000   0.375000
  0.547739   0.209621   0.469097   0.520659   1.864389 -34.292036 -27.658871   1.000000   0.375000
  0.552764   0.212238   0.478466   0.348342   1.725404 -31.370364 -30.963026   1.000000   0.375000
  0.557789   0.213988   0.487136   0.190706   1.569814 -28.218042 -33.385754   1.000000   0.375000
  0.562814   0.214946   0.495024   0.048910   1.402051 -23.894137 -34.339732   1.000000   0.375000
  0.567839   0.215192   0.502069  -0.071158   1.229494 -19.221348 -32.805850   1.000000   0.375000
  0.572864   0.214835   0.508248  -0.167745   1.064644 -15.380741 -30.076280   1.000000   0.375000
  0.577889   0.213992   0.513597  -0.245033   0.913511 -12.054478 -26.773671   1.000000   0.375000
  0.582915   0.212760   0.518189  -0.305619   0.778947  -8.850009 -22.595793   1.000000   0.375000
  0.587940   0.211224   0.522103  -0.350090   0.665403  -6.128240 -18.403072   1.000000   0.375000
  0.592965   0.209465   0.525447  -0.380885   0.572927  -4.055122 -15.030323   1.000000   0.375000
  0.597990   0.207551   0.528326  -0.401262   0.497400  -2.431678 -12.072077   1.000000   0.375000
  0.603015   0.205535   0.530825  -0.413481   0.436738  -1.262170  -9.198021   1.000000   0.375000
  0.608040   0.203457   0.533020  -0.419823   0.390518  -0.487825  -6.828908   1.000000   0.375000
  0.613065   0.201348   0.534982  -0.422275   0.356202   0.147738  -5.101254   1.000000   0.375000
  0.618090   0.199226   0.536772  -0.421532   0.330569   0.657452  -3.701892   1.000000   0.375000
  0.623116   0.197107   0.538433  -0.418228   0.311963   0.880475  -2.548712   1.000000   0.375000
  0.628141   0.195005   0.540001  -0.413804   0.299156   0.910235  -1.743175   1.000000   0.375000
  0.633166   0.192926   0.541504  -0.409230   0.290396   0.989685  -1.168389   1.000000   0.375000
  0.638191   0.190870   0.542963  -0.404256   0.284525   1.082774  -0.699157   1.000000   0.375000
  0.643216   0.188838   0.544393  -0.398816   0.281012   1.054291  -0.369686   1.000000   0.375000
  0.648241   0.186834   0.545805  -0.393518   0.279154   0.953157  -0.195475   1.000000   0.375000
  0.653266   0.184857   0.547208  -0.388728   0.278172   0.915274  -0.067471   1.000000   0.375000
  0.658291   0.182903   0.548606  -0.384129   0.277833   0.907547   0.049353   1.000000   0.375000
  0.663317   0.180973   0.550002  -0.379567   0.278081   0.850632   0.112492   1.000000   0.375000
  0.668342   0.179065   0.551400  -0.375293   0.278646   0.770192   0.122129   1.000000   0.375000
  0.673367   0.177180   0.552800  -0.371423   0.279260   0.734476   0.135206   1.000000   0.375000
  0.678392   0.175313   0.554203  -0.367732   0.279939   0.717630   0.154995   1.000000   0.375000
  0.683417   0.173465   0.555610  -0.364126   0.280718   0.672137   0.154623   1.000000   0.375000
  0.688442   0.171636   0.557020  -0.360749   0.281495   0.616750   0.139206   1.000000   0.375000
  0.693467   0.169823   0.558435  -0.357649   0.282195   0.594990   0.135457   1.000000   0.375000
  0.698492   0.168026   0.559853  -0.354660   0.282875   0.585473   0.136695   1.000000   0.375000
  0.703518   0.166243   0.561275  -0.351717   0.283562   0.550830   0.126077   1.000000   0.375000
  0.708543   0.164476   0.562700  -0.348949   0.284196   0.506253   0.111531   1.000000   0.375000
  0.713568   0.162722   0.564128  -0.346405   0.284756   0.491908   0.109317   1.000000   0.375000
  0.718593   0.160982   0.565559  -0.343933   0.285306   0.490130   0.109609   1.000000   0.375000
  0.723618   0.159253   0.566992  -0.341470   0.285856   0.463124   0.098805   1.000000   0.375000
  0.728643   0.157538   0.568429  -0.339143   0.286353   0.421116   0.086320   1.000000   0.375000
  0.733668   0.155833   0.569868  -0.337027   0.286787   0.409219   0.086685   1.000000   0.375000
  0.738693   0.154140   0.571309  -0.334971   0.287222   0.414470   0.088625   1.000000   0.375000
  0.743719   0.152456   0.572752  -0.332888   0.287668   0.394071   0.078402   1.000000   0.375000
  0.748744   0.150783   0.574198  -0.330907   0.288062   0.350874   0.066555   1.000000   0.375000
  0.753769   0.149121   0.575645  -0.329144   0.288396   0.338614   0.068952   1.000000   0.375000
  0.758794   0.147467   0.577094  -0.327443   0.288743   0.351062   0.072731   1.000000   0.375000
  0.763819   0.145821   0.578545  -0.325679   0.289108   0.337768   0.062459   1.000000   0.375000
  0.768844   0.144185   0.579998  -0.323981   0.289422   0.291036   0.050239   1.000000   0.375000
  0.773869   0.142557   0.581452  -0.322519   0.289674   0.276094   0.054725   1.000000   0.375000
  0.778894   0.140936   0.582908  -0.321132   0.289949   0.296641   0.060520   1.000000   0.375000
  0.783920   0.139322   0.584365  -0.319641   0.290254   0.291975   0.049286   1.000000   0.375000
  0.788945   0.137716   0.585824  -0.318173   0.290501   0.239488   0.035764   1.000000   0.375000
  0.793970   0.136117   0.587284  -0.316970   0.290681   0.219092   0.042928   1.000000   0.375000
  0.798995   0.134524   0.588744  -0.315869   0.290897   0.249150   0.051295   1.000000   0.375000
  0.804020   0.132937   0.590206  -0.314617   0.291154   0.255673   0.038069   1.000000   0.375000
  0.809045   0.131356   0.591669  -0.313332   0.291346   0.195059   0.022075   1.000000   0.375000
  0.814070   0.129782   0.593133  -0.312352   0.291457   0.165489   0.032865   1.000000   0.375000
  0.819095   0.128212   0.594598  -0.311521   0.291622   0.206823   0.044799   1.000000   0.375000
  0.824121   0.126646   0.596063  -0.310481   0.291847   0.228293   0.028364   1.000000   0.375000
  0.829146   0.125086   0.597530  -0.309334   0.291989   0.157176   0.008257   1.000000   0.375000
  0.834171   0.123532   0.598997  -0.308544   0.292031   0.113541   0.023906   1.000000   0.375000
  0.839196   0.121981   0.600465  -0.307974   0.292151   0.167939   0.040968   1.000000   0.375000
  0.844221   0.120434   0.601933  -0.307130   0.292357   0.209273   0.020125   1.000000   0.375000
  0.849246   0.118890   0.603402  -0.306078   0.292458   0.125801  -0.006247   1.000000   0.375000
  0.854271   0.117352   0.604871  -0.305446   0.292427   0.062114   0.015568   1.000000   0.375000
  0.859296   0.115818   0.606341  -0.305134   0.292505   0.130967   0.039850   1.000000   0.375000
  0.864322   0.114284   0.607811  -0.304476   0.292705   0.198058   0.013534   1.000000   0.375000
  0.869347   0.112754   0.609282  -0.303480   0.292773   0.101592  -0.021753   1.000000   0.375000
  0.874372   0.111229   0.610753  -0.302970   0.292664   0.011258   0.007352   1.000000   0.375000
  0.879397   0.109707   0.612224  -0.302913   0.292701   0.094836   0.041401   1.000000   0.375000
  0.884422   0.108184   0.613694  -0.302437   0.292909   0.193639   0.009127   1.000000   0.375000
  0.889447   0.106665   0.615166  -0.301464   0.292955   0.085566  -0.037901   1.000000   0.375000
  0.894472   0.105150   0.616638  -0.301034   0.292764  -0.037721  -0.001007   1.000000   0.375000
  0.899497   0.103637   0.618110  -0.301223   0.292759   0.059071   0.045470   1.000000   0.375000
  0.904523   0.102123   0.619581  -0.300926   0.292988   0.194602   0.007529   1.000000   0.375000
  0.909548   0.100611   0.621053  -0.299948   0.293026   0.078652  -0.053845   1.000000   0.375000
  0.914573   0.099104   0.622526  -0.299553   0.292755  -0.082400  -0.009621   1.000000   0.375000
  0.919598   0.097598   0.623997  -0.299967   0.292707   0.024006   0.051614   1.000000   0.375000
  0.924623   0.096091   0.625468  -0.299847   0.292966   0.199023   0.009323   1.000000   0.375000
  0.929648   0.094584   0.626940  -0.298847   0.293013   0.081177  -0.068326   1.000000   0.375000
  0.934673   0.093083   0.628412  -0.298439   0.292670  -0.120158  -0.018427   1.000000   0.375000
  0.939698   0.091583   0.629883  -0.299042   0.292577  -0.009730   0.059153   1.000000   0.375000
  0.944724   0.090080   0.631353  -0.299091   0.292874   0.204838   0.014622   1.000000   0.375000
  0.949749   0.088577   0.632825  -0.298062   0.292948   0.091914  -0.080111   1.000000   0.375000
  0.954774   0.087079   0.634297  -0.297600   0.292545  -0.150968  -0.026447   1.000000   0.375000
  0.959799   0.085584   0.635767  -0.298359   0.292412  -0.046893   0.070142   1.000000   0.375000
  0.964824   0.084085   0.637237  -0.298594   0.292765   0.198403   0.030229   1.000000   0.375000
  0.969849   0.082584   0.638708  -0.297597   0.292917   0.094577  -0.075888   1.000000   0.375000
  0.974874   0.081089   0.640180  -0.297122   0.292535  -0.184000  -0.012539   1.000000   0.375000
  0.979899   0.079596   0.641650  -0.298047   0.292472  -0.089209   0.133107   1.000000   0.375000
  0.984925   0.078098   0.643120  -0.298495   0.293141   0.227642   0.172846   1.000000   0.375000
  0.989950   0.076598   0.644593  -0.297351   0.294010   0.367102   0.126303   1.000000   0.375000
  0.994975   0.075104   0.646070  -0.295507   0.294644   0.476357   0.144902   1.000000   0.375000
  1.000000   0.073619   0.647551  -0.293113   0.295373   0.957848   0.199799   1.000000   0.375000