  0.000000   0.641421   0.358579   0.000000   0.000000   7.324773  20.868667   1.000000   0.625000
  0.005025   0.641421   0.358579   0.036807   0.104865   3.232631  18.922509   1.000000   0.625000
  0.010050   0.641606   0.359106   0.053051   0.199951   1.859301  14.776334   1.000000   0.625000
  0.015075   0.641873   0.360111   0.062394   0.274202   2.425568   8.657721   1.000000   0.625000
  0.020101   0.642186   0.361489   0.074585   0.317715   2.436286   3.102174   1.000000   0.625000
  0.025126   0.642561   0.363085   0.086827   0.333304   1.505335  -0.958382   1.000000   0.625000
  0.030151   0.642997   0.364760   0.094391   0.328488  -0.272678  -2.828760   1.000000   0.625000
  0.035176   0.643472   0.366411   0.093021   0.314273  -2.877891  -2.227722   1.000000   0.625000
  0.040201   0.643939   0.367990   0.078560   0.303079  -5.467858  -1.129096   1.000000   0.625000
  0.045226   0.644334   0.369513   0.051084   0.297405  -7.584082  -0.608497   1.000000   0.625000
  0.050251   0.644590   0.371008   0.012974   0.294348  -9.227572  -0.459544   1.000000   0.625000
  0.055276   0.644656   0.372487  -0.033395   0.292039 -10.390107  -0.350813   1.000000   0.625000
  0.060302   0.644488   0.373954  -0.085615   0.290275 -11.210930  -0.251772   1.000000   0.625000
  0.065327   0.644058   0.375413  -0.141950   0.289010 -11.853865  -0.235407   1.000000   0.625000
  0.070352   0.643344   0.376865  -0.201516   0.287827 -12.331787  -0.258500   1.000000   0.625000
  0.075377   0.642332   0.378312  -0.263483   0.286528 -12.562973  -0.217628   1.000000   0.625000
  0.080402   0.641008   0.379751  -0.326612   0.285435 -12.591760  -0.148950   1.000000   0.625000
  0.085427   0.639366   0.381186  -0.389886   0.284686 -12.532411  -0.133739   1.000000   0.625000
  0.090452   0.637407   0.382616  -0.452861   0.284014 -12.403023  -0.153204   1.000000   0.625000
  0.095477   0.635132   0.384043  -0.515186   0.283244 -12.136959  -0.129111   1.000000   0.625000
  0.100503   0.632542   0.385467  -0.576187   0.282595 -11.747470  -0.077505   1.000000   0.625000
  0.105528   0.629647   0.386887  -0.635218   0.282206 -11.321791  -0.062614   1.000000   0.625000
  0.110553   0.626455   0.388305  -0.692110   0.281891 -10.883447  -0.078356   1.000000   0.625000
  0.115578   0.622977   0.389722  -0.746799   0.281498 -10.380052  -0.065861   1.000000   0.625000
  0.120603   0.619224   0.391136  -0.798959   0.281167  -9.804239  -0.027617   1.000000   0.625000
  0.125628   0.615210   0.392549  -0.848225   0.281028  -9.221580  -0.013614   1.000000   0.625000
  0.130653   0.610947   0.393961  -0.894563   0.280960  -8.659238  -0.026106   1.000000   0.625000
  0.135678   0.606452   0.395373  -0.938076   0.280828  -8.077419  -0.021577   1.000000   0.625000
  0.140704   0.601737   0.396785  -0.978673   0.280720  -7.455070   0.006270   1.000000   0.625000
  0.145729   0.596820   0.398195  -1.016135   0.280751  -6.840922   0.019108   1.000000   0.625000
  0.150754   0.591714   0.399606  -1.050511   0.280847  -6.264211   0.009398   1.000000   0.625000
  0.155779   0.586435   0.401017  -1.081988   0.280895  -5.696061   0.008580   1.000000   0.625000
  0.160804   0.580998   0.402429  -1.110611   0.280938  -5.107046   0.028365   1.000000   0.625000
  0.165829   0.575417   0.403840  -1.136274   0.281080  -4.531895   0.039982   1.000000   0.625000
  0.170854   0.569707   0.405253  -1.159047   0.281281  -4.001216   0.032639   1.000000   0.625000
  0.175879   0.563883   0.406666  -1.179153   0.281445  -3.495500   0.028313   1.000000   0.625000
  0.180905   0.557956   0.408081  -1.196721   0.281587  -2.980240   0.041852   1.000000   0.625000
  0.185930   0.551943   0.409496  -1.211697   0.281798  -2.479248   0.052276   1.000000   0.625000
  0.190955   0.545854   0.410912  -1.224155   0.282060  -2.023597   0.046940   1.000000   0.625000
  0.195980   0.539703   0.412329  -1.234324   0.282296  -1.601769   0.040443   1.000000   0.625000
  0.201005   0.533500   0.413748  -1.242373   0.282500  -1.176856   0.049177   1.000000   0.625000
  0.206030   0.527257   0.415167  -1.248286   0.282747  -0.763274   0.058522   1.000000   0.625000
  0.211055   0.520985   0.416588  -1.252122   0.283041  -0.392264   0.054892   1.000000   0.625000
  0.216080   0.514693   0.418010  -1.254093   0.283317  -0.059137   0.047121   1.000000   0.625000
  0.221106   0.508390   0.419434  -1.254390   0.283553   0.273838   0.052125   1.000000   0.625000
  0.226131   0.502086   0.420859  -1.253014   0.283815   0.599815   0.060486   1.000000   0.625000
  0.231156   0.495790   0.422285  -1.250000   0.284119   0.887983   0.058271   1.000000   0.625000
  0.236181   0.489509   0.423713  -1.245538   0.284412   1.137107   0.049817   1.000000   0.625000
  0.241206   0.483250   0.425142  -1.239824   0.284662   1.384231   0.051899   1.000000   0.625000
  0.246231   0.477020   0.426573  -1.232868   0.284923   1.629465   0.059352   1.000000   0.625000
  0.251256   0.470825   0.428004  -1.224680   0.285221   1.842833   0.058188   1.000000   0.625000
  0.256281   0.464671   0.429438  -1.215420   0.285514   2.017456   0.049184   1.000000   0.625000
  0.261307   0.458562   0.430873  -1.205280   0.285761   2.188174   0.048748   1.000000   0.625000
  0.266332   0.452505   0.432309  -1.194284   0.286006   2.361924   0.055206   1.000000   0.625000
  0.271357   0.446504   0.433746  -1.182416   0.286283   2.510825   0.054333   1.000000   0.625000
  0.276382   0.440563   0.435184  -1.169799   0.286556   2.620874   0.043837   1.000000   0.625000
  0.281407   0.434684   0.436624  -1.156629   0.286777   2.721043   0.040258   1.000000   0.625000
  0.286432   0.428872   0.438065  -1.142956   0.286979   2.827907   0.045008   1.000000   0.625000
  0.291457   0.423129   0.439507  -1.128746   0.287205   2.918361   0.042222   1.000000   0.625000
  0.296482   0.417457   0.440951  -1.114081   0.287417   2.964237   0.025558   1.000000   0.625000
  0.301508   0.411858   0.442395  -1.099183   0.287546   2.979498   0.013914   1.000000   0.625000
  0.306533   0.406334   0.443840  -1.084211   0.287616   3.000379   0.013113   1.000000   0.625000
  0.311558   0.400886   0.445285  -1.069134   0.287682   3.014034   0.000883   1.000000   0.625000
  0.316583   0.395514   0.446731  -1.053988   0.287686   2.955692  -0.039617   1.000000   0.625000
  0.321608   0.390217   0.448177  -1.039136   0.287487   2.804756  -0.081158   1.000000   0.625000
  0.326633   0.384996   0.449621  -1.025042   0.287079   2.648456  -0.104871   1.000000   0.625000
  0.331658   0.379845   0.451064  -1.011733   0.286552   2.493436  -0.152747   1.000000   0.625000
  0.336683   0.374761   0.452504  -0.999204   0.285785   2.182377  -0.276816   1.000000   0.625000
  0.341709   0.369739   0.453940  -0.988235   0.284393   1.627065  -0.427994   1.000000   0.625000
  0.346734   0.364773   0.455369  -0.980059   0.282243   1.047305  -0.538989   1.000000   0.625000
  0.351759   0.359848   0.456787  -0.974797   0.279534   0.490692  -0.702131   1.000000   0.625000
  0.356784   0.354950   0.458192  -0.972331   0.276006  -0.386754  -1.077673   1.000000   0.625000
  0.361809   0.350064   0.459579  -0.974274   0.270591  -1.787560  -1.570637   1.000000   0.625000
  0.366834   0.345168   0.460939  -0.983257   0.262698  -3.218787  -1.953676   1.000000   0.625000
  0.371859   0.340227   0.462259  -0.999431   0.252881  -4.521665  -2.414379   1.000000   0.625000
  0.376884   0.335205   0.463529  -1.022153   0.240749  -6.254169  -3.379998   1.000000   0.625000
  0.381910   0.330068   0.464739  -1.053586   0.223761  -8.777753  -4.697554   1.000000   0.625000
  0.386935   0.324774   0.465864  -1.097694   0.200156 -11.303794  -5.728360   1.000000   0.625000
  0.391960   0.319258   0.466870  -1.154496   0.171371 -13.426561  -6.743171   1.000000   0.625000
  0.396985   0.313456   0.467731  -1.221964   0.137486 -15.536980  -8.616212   1.000000   0.625000
  0.402010   0.307316   0.468422  -1.300038   0.094190 -18.012236 -11.225290   1.000000   0.625000
  0.407035   0.300783   0.468895  -1.390549   0.037783 -20.430811 -13.272529   1.000000   0.625000
  0.412060   0.293796   0.469085  -1.493214  -0.028912 -22.234740 -14.867175   1.000000   0.625000
  0.417085   0.286292   0.468940  -1.604943  -0.103619 -22.596186 -17.109496   1.000000   0.625000
  0.422111   0.278226   0.468419  -1.718512  -0.189612 -21.077447 -20.120277   1.000000   0.625000
  0.427136   0.269590   0.467466  -1.824426  -0.290716 -19.241569 -22.474770   1.000000   0.625000
  0.432161   0.260423   0.466005  -1.921115  -0.403652 -17.549559 -23.724776   1.000000   0.625000
  0.437186   0.250769   0.463977  -2.009301  -0.522869 -13.362023 -23.902123   1.000000   0.625000
  0.442211   0.240672   0.461349  -2.076446  -0.642977  -3.990867 -23.140611   1.000000   0.625000
  0.447236   0.230238   0.458118  -2.096500  -0.759258   6.627981 -22.168566   1.000000   0.625000
  0.452261   0.219703   0.454303  -2.063194  -0.870655  14.891612 -20.498583   1.000000   0.625000
  0.457286   0.209336   0.449928  -1.988364  -0.973661  22.296399 -15.356783   1.000000   0.625000
  0.462312   0.199342   0.445034  -1.876302  -1.050844  32.954971  -5.432075   1.000000   0.625000
  0.467337   0.189914   0.439754  -1.710703  -1.078140  46.423351   4.087570   1.000000   0.625000
  0.472362   0.181317   0.434336  -1.477426  -1.057600  58.610130  10.826845   1.000000   0.625000
  0.477387   0.173893   0.429022  -1.182910  -1.003195  65.717341  18.042563   1.000000   0.625000
  0.482412   0.167949   0.423981  -0.852680  -0.912531  64.824474  29.742955   1.000000   0.625000
  0.487437   0.163665   0.419395  -0.526937  -0.763073  60.943449  43.367511   1.000000   0.625000
  0.492462   0.161017   0.415561  -0.220697  -0.545151  58.994840  54.723856   1.000000   0.625000
  0.497487   0.159908   0.412821   0.075752  -0.270164  56.833076  61.575197   1.000000   0.625000
  0.502513   0.160288   0.411464   0.361395   0.039313  48.491050  61.246814   1.000000   0.625000
  0.507538   0.162104   0.411661   0.605063   0.347078  34.776752  57.089982   1.000000   0.625000
  0.512563   0.165145   0.413405   0.779816   0.633955  21.724946  54.073728   1.000000   0.625000
  0.517588   0.169063   0.416591   0.888984   0.905676  11.364267  51.426550   1.000000   0.625000
  0.522613   0.173531   0.421142   0.946089   1.164094   3.222173  44.387392   1.000000   0.625000
  0.527638   0.178285   0.426991   0.962281   1.387141  -4.425834  32.486379   1.000000   0.625000
  0.532663   0.183120   0.433962   0.940041   1.550385 -12.153690  20.199668   1.000000   0.625000
  0.537688   0.187844   0.441753   0.878969   1.651888 -18.926107   9.109640   1.000000   0.625000
  0.542714   0.192262   0.450055   0.783846   1.697673 -22.634396  -0.261913   1.000000   0.625000
  0.547739   0.196200   0.458586   0.670108   1.696357 -23.438030  -7.457818   1.000000   0.625000
  0.552764   0.199568   0.467110   0.552332   1.658882 -23.798406 -13.529401   1.000000   0.625000
  0.557789   0.202343   0.475446   0.432745   1.590897 -24.225728 -19.262038   1.000000   0.625000
  0.562814   0.204518   0.483440   0.311011   1.494105 -23.479013 -23.445014   1.000000   0.625000
  0.567839   0.206081   0.490948   0.193029   1.376294 -21.169247 -24.704895   1.000000   0.625000
  0.572864   0.207051   0.497864   0.086653   1.252151 -18.608795 -24.524799   1.000000   0.625000
  0.577889   0.207486   0.504156  -0.006856   1.128914 -16.331041 -24.130599   1.000000   0.625000
  0.582915   0.207451   0.509830  -0.088936   1.007634 -14.080674 -23.145138   1.000000   0.625000
  0.587940   0.207005   0.514893  -0.159691   0.891330 -11.709953 -21.091177   1.000000   0.625000
  0.592965   0.206202   0.519372  -0.218533   0.785346  -9.447770 -18.657640   1.000000   0.625000
  0.597990   0.205104   0.523318  -0.266008   0.691592  -7.418758 -16.265174   1.000000   0.625000
  0.603015   0.203767   0.526794  -0.303288   0.609859  -5.706738 -13.870254   1.000000   0.625000
  0.608040   0.202243   0.529858  -0.331964   0.540161  -4.334603 -11.605301   1.000000   0.625000
  0.613065   0.200575   0.532573  -0.353745   0.481845  -3.148412  -9.609413   1.000000   0.625000
  0.618090   0.198798   0.534994  -0.369566   0.433557  -2.091910  -7.766653   1.000000   0.625000
  0.623116   0.196940   0.537173  -0.380080   0.394522  -1.279143  -6.054946   1.000000   0.625000
  0.628141   0.195030   0.539155  -0.386508   0.364096  -0.742826  -4.693654   1.000000   0.625000
  0.633166   0.193088   0.540985  -0.390241   0.340510  -0.306277  -3.658795   1.000000   0.625000
  0.638191   0.191127   0.542696  -0.391780   0.322125   0.082883  -2.756284   1.000000   0.625000
  0.643216   0.189158   0.544315  -0.391363   0.308275   0.339955  -1.961256   1.000000   0.625000
  0.648241   0.187192   0.545864  -0.389655   0.298419   0.461762  -1.389216   1.000000   0.625000
  0.653266   0.185234   0.547363  -0.387335   0.291439   0.566142  -0.993617   1.000000   0.625000
  0.658291   0.183287   0.548828  -0.384490   0.286446   0.665777  -0.664491   1.000000   0.625000
  0.663317   0.181355   0.550267  -0.381143   0.283106   0.701460  -0.395072   1.000000   0.625000
  0.668342   0.179440   0.551690  -0.377619   0.281121   0.685316  -0.221898   1.000000   0.625000
  0.673367   0.177542   0.553103  -0.374175   0.280006   0.687758  -0.108156   1.000000   0.625000
  0.678392   0.175662   0.554510  -0.370719   0.279462   0.698767  -0.015574   1.000000   0.625000
  0.683417   0.173799   0.555914  -0.367208   0.279384   0.674394   0.048566   1.000000   0.625000
  0.688442   0.171954   0.557318  -0.363819   0.279628   0.630344   0.079968   1.000000   0.625000
  0.693467   0.170126   0.558723  -0.360651   0.280030   0.614230   0.102873   1.000000   0.625000
  0.698492   0.168313   0.560130  -0.357565   0.280547   0.609064   0.122404   1.000000   0.625000
  0.703518   0.166516   0.561540  -0.354504   0.281162   0.576990   0.126646   1.000000   0.625000
  0.708543   0.164735   0.562953  -0.351604   0.281798   0.532266   0.121292   1.000000   0.625000
  0.713568   0.162968   0.564369  -0.348930   0.282408   0.517033   0.123431   1.000000   0.625000
  0.718593   0.161215   0.565788  -0.346332   0.283028   0.514708   0.126520   1.000000   0.625000
  0.723618   0.159474   0.567210  -0.343745   0.283664   0.486932   0.117700   1.000000   0.625000
  0.728643   0.157747   0.568636  -0.341298   0.284255   0.443571   0.105769   1.000000   0.625000
  0.733668   0.156032   0.570064  -0.339069   0.284787   0.430345   0.105800   1.000000   0.625000
  0.738693   0.154328   0.571495  -0.336907   0.285318   0.434537   0.107316   1.000000   0.625000
  0.743719   0.152635   0.572929  -0.334723   0.285858   0.413134   0.096595   1.000000   0.625000
  0.748744   0.150953   0.574366  -0.332647   0.286343   0.368862   0.083988   1.000000   0.625000
  0.753769   0.149281   0.575805  -0.330793   0.286765   0.355593   0.085524   1.000000   0.625000
  0.758794   0.147619   0.577246  -0.329007   0.287195   0.367147   0.088510   1.000000   0.625000
  0.763819   0.145966   0.578689  -0.327162   0.287640   0.353019   0.077486   1.000000   0.625000
  0.768844   0.144322   0.580134  -0.325388   0.288029   0.305478   0.064503   1.000000   0.625000
  0.773869   0.142687   0.581582  -0.323853   0.288353   0.289772   0.068245   1.000000   0.625000
  0.778894   0.141060   0.583030  -0.322397   0.288696   0.309609   0.073345   1.000000   0.625000
  0.783920   0.139439   0.584481  -0.320840   0.289065   0.304273   0.061457   1.000000   0.625000
  0.788945   0.137827   0.585934  -0.319311   0.289374   0.251149   0.047308   1.000000   0.625000
  0.793970   0.136222   0.587388  -0.318049   0.289611   0.230150   0.053876   1.000000   0.625000
  0.798995   0.134624   0.588843  -0.316893   0.289882   0.259638   0.061679   1.000000   0.625000
  0.804020   0.133032   0.590300  -0.315588   0.290192   0.265621   0.047920   1.000000   0.625000
  0.809045   0.131446   0.591758  -0.314254   0.290433   0.204494   0.031419   1.000000   0.625000
  0.814070   0.129867   0.593218  -0.313226   0.290591   0.174438   0.041728   1.000000   0.625000
  0.819095   0.128293   0.594678  -0.312349   0.290800   0.215312   0.053207   1.000000   0.625000
  0.824121   0.126723   0.596139  -0.311267   0.291068   0.236345   0.036339   1.000000   0.625000
  0.829146   0.125159   0.597602  -0.310080   0.291250   0.164814   0.015822   1.000000   0.625000
  0.834171   0.123601   0.599066  -0.309251   0.291330   0.120786   0.031082   1.000000   0.625000
  0.839196   0.122047   0.600530  -0.308644   0.291486   0.174811   0.047775   1.000000   0.625000
  0.844221   0.120496   0.601994  -0.307766   0.291726   0.215791   0.026582   1.000000   0.625000
  0.849246   0.118949   0.603460  -0.306682   0.291860   0.131984  -0.000122   1.000000   0.625000
  0.854271   0.117408   0.604927  -0.306018   0.291859   0.067979   0.021378   1.000000   0.625000
  0.859296   0.115870   0.606393  -0.305677   0.291967   0.136530   0.045361   1.000000   0.625000
  0.864322   0.114334   0.607861  -0.304991   0.292195   0.203335   0.018762   1.000000   0.625000
  0.869347   0.112802   0.609329  -0.303969   0.292289   0.106597  -0.016793   1.000000   0.625000
  0.874372   0.111274   0.610798  -0.303433   0.292204   0.016006   0.012056   1.000000   0.625000
  0.879397   0.109749   0.612266  -0.303353   0.292265   0.099340   0.045863   1.000000   0.625000
  0.884422   0.108225   0.613735  -0.302854   0.292495   0.197911   0.013359   1.000000   0.625000
  0.889447   0.106703   0.615205  -0.301859   0.292563   0.089618  -0.033886   1.000000   0.625000
  0.894472   0.105186   0.616675  -0.301409   0.292392  -0.033878   0.002802   1.000000   0.625000
  0.899497   0.103672   0.618144  -0.301579   0.292406   0.062717   0.049083   1.000000   0.625000
  0.904523   0.102156   0.619614  -0.301264   0.292653   0.198060   0.010956   1.000000   0.625000
  0.909548   0.100642   0.621084  -0.300269   0.292708   0.081932  -0.050594   1.000000   0.625000
  0.914573   0.099133   0.622555  -0.299857   0.292454  -0.079289  -0.006537   1.000000   0.625000
  0.919598   0.097627   0.624025  -0.300255   0.292421   0.026957   0.054539   1.000000   0.625000
  0.924623   0.096118   0.625494  -0.300120   0.292695   0.201823   0.012098   1.000000   0.625000
  0.929648   0.094610   0.626965  -0.299106   0.292756   0.083833  -0.065694   1.000000   0.625000
  0.934673   0.093107   0.628436  -0.298684   0.292426  -0.117640  -0.015931   1.000000   0.625000
  0.939698   0.091606   0.629905  -0.299276   0.292346  -0.007341   0.061521   1.000000   0.625000
  0.944724   0.090102   0.631375  -0.299312   0.292655   0.207104   0.016868   1.000000   0.625000
  0.949749   0.088598   0.632845  -0.298272   0.292740   0.094064  -0.077981   1.000000   0.625000
  0.954774   0.087099   0.634316  -0.297799   0.292348  -0.148930  -0.024426   1.000000   0.625000
  0.959799   0.085602   0.635785  -0.298547   0.292225  -0.044959   0.072059   1.000000   0.625000
  0.964824   0.084102   0.637254  -0.298773   0.292587   0.200238   0.032048   1.000000   0.625000
  0.969849   0.082601   0.638724  -0.297767   0.292748   0.096317  -0.074163   1.000000   0.625000
  0.974874   0.081104   0.640195  -0.297283   0.292376  -0.182349  -0.010903   1.000000   0.625000
  0.979899   0.079611   0.641664  -0.298199   0.292321  -0.087643   0.134659   1.000000   0.625000
  0.984925   0.078112   0.643134  -0.298640   0.292998   0.229127   0.174318   1.000000   0.625000
  0.989950   0.076611   0.644606  -0.297489   0.293874   0.368511   0.127700   1.000000   0.625000
  0.994975   0.075116   0.646083  -0.295637   0.294515   0.477693   0.146226   1.000000   0.625000
  1.000000   0.073631   0.647562  -0.293236   0.295250   0.959115   0.201055   1.000000   0.625000