  0.000000   0.641421   0.358579   0.000000   0.000000   7.324786  20.868600   1.000000   0.875000
  0.005025   0.641421   0.358579   0.036807   0.104865   3.232635  18.922479   1.000000   0.875000
  0.010050   0.641606   0.359106   0.053051   0.199950   1.859296  14.776345   1.000000   0.875000
  0.015075   0.641873   0.360111   0.062394   0.274201   2.425562   8.657757   1.000000   0.875000
  0.020101   0.642186   0.361489   0.074585   0.317715   2.436285   3.102211   1.000000   0.875000
  0.025126   0.642561   0.363085   0.086827   0.333304   1.505340  -0.958354   1.000000   0.875000
  0.030151   0.642997   0.364760   0.094392   0.328488  -0.272671  -2.828741   1.000000   0.875000
  0.035176   0.643472   0.366411   0.093021   0.314274  -2.877886  -2.227709   1.000000   0.875000
  0.040201   0.643939   0.367990   0.078560   0.303079  -5.467859  -1.129081   1.000000   0.875000
  0.045226   0.644334   0.369513   0.051084   0.297406  -7.584086  -0.608481   1.000000   0.875000
  0.050251   0.644590   0.371008   0.012974   0.294348  -9.227577  -0.459532   1.000000   0.875000
  0.055276   0.644656   0.372487  -0.033395   0.292039 -10.390110  -0.350807   1.000000   0.875000
  0.060302   0.644488   0.373954  -0.085615   0.290276 -11.210931  -0.251771   1.000000   0.875000
  0.065327   0.644058   0.375413  -0.141950   0.289011 -11.853866  -0.235408   1.000000   0.875000
  0.070352   0.643344   0.376865  -0.201516   0.287828 -12.331787  -0.258502   1.000000   0.875000
  0.075377   0.642332   0.378312  -0.263483   0.286529 -12.562974  -0.217630   1.000000   0.875000
  0.080402   0.641008   0.379751  -0.326612   0.285435 -12.591761  -0.148952   1.000000   0.875000
  0.085427   0.639366   0.381186  -0.389886   0.284687 -12.532412  -0.133741   1.000000   0.875000
  0.090452   0.637407   0.382616  -0.452861   0.284015 -12.403024  -0.153207   1.000000   0.875000
  0.095477   0.635132   0.384043  -0.515186   0.283245 -12.136960  -0.129114   1.000000   0.875000
  0.100503   0.632542   0.385467  -0.576187   0.282596 -11.747471  -0.077509   1.000000   0.875000
  0.105528   0.629647   0.386887  -0.635218   0.282206 -11.321792  -0.062618   1.000000   0.875000
  0.110553   0.626455   0.388305  -0.692110   0.281892 -10.883447  -0.078360   1.000000   0.875000
  0.115578   0.622977   0.389722  -0.746799   0.281498 -10.380052  -0.065864   1.000000   0.875000
  0.120603   0.619224   0.391136  -0.798959   0.281167  -9.804239  -0.027620   1.000000   0.875000
  0.125628   0.615210   0.392549  -0.848225   0.281028  -9.221581  -0.013617   1.000000   0.875000
  0.130653   0.610947   0.393961  -0.894563   0.280960  -8.659239  -0.026109   1.000000   0.875000
  0.135678   0.606452   0.395373  -0.938076   0.280829  -8.077419  -0.021581   1.000000   0.875000
  0.140704   0.601737   0.396785  -0.978673   0.280720  -7.455071   0.006267   1.000000   0.875000
  0.145729   0.596820   0.398195  -1.016135   0.280752  -6.840923   0.019104   1.000000   0.875000
  0.150754   0.591714   0.399606  -1.050511   0.280848  -6.264211   0.009394   1.000000   0.875000
  0.155779   0.586435   0.401017  -1.081988   0.280895  -5.696062   0.008577   1.000000   0.875000
  0.160804   0.580998   0.402429  -1.110611   0.280938  -5.107047   0.028361   1.000000   0.875000
  0.165829   0.575417   0.403840  -1.136274   0.281080  -4.531896   0.039979   1.000000   0.875000
  0.170854   0.569707   0.405253  -1.159047   0.281281  -4.001217   0.032635   1.000000   0.875000
  0.175879   0.563883   0.406666  -1.179153   0.281445  -3.495504   0.028309   1.000000   0.875000
  0.180905   0.557956   0.408081  -1.196721   0.281588  -2.980246   0.041848   1.000000   0.875000
  0.185930   0.551943   0.409496  -1.211697   0.281798  -2.479257   0.052272   1.000000   0.875000
  0.190955   0.545854   0.410912  -1.224155   0.282061  -2.023611   0.046934   1.000000   0.875000
  0.195980   0.539703   0.412329  -1.234324   0.282296  -1.601802   0.040435   1.000000   0.875000
  0.201005   0.533500   0.413748  -1.242373   0.282500  -1.176917   0.049168   1.000000   0.875000
  0.206030   0.527257   0.415167  -1.248287   0.282747  -0.763358   0.058509   1.000000   0.875000
  0.211055   0.520985   0.416588  -1.252123   0.283041  -0.392395   0.054865   1.000000   0.875000
  0.216080   0.514693   0.418010  -1.254095   0.283316  -0.059411   0.047075   1.000000   0.875000
  0.221106   0.508390   0.419434  -1.254393   0.283553   0.273357   0.052069   1.000000   0.875000
  0.226131   0.502086   0.420859  -1.253020   0.283815   0.599154   0.060405   1.000000   0.875000
  0.231156   0.495790   0.422285  -1.250009   0.284118   0.887020   0.058101   1.000000   0.875000
  0.236181   0.489509   0.423713  -1.245552   0.284410   1.135289   0.049507   1.000000   0.875000
  0.241206   0.483250   0.425142  -1.239847   0.284659   1.381140   0.051501   1.000000   0.875000
  0.246231   0.477020   0.426573  -1.232906   0.284918   1.625236   0.058822   1.000000   0.875000
  0.251256   0.470824   0.428004  -1.224740   0.285213   1.836977   0.057183   1.000000   0.875000
  0.256281   0.464670   0.429438  -1.215509   0.285501   2.007386   0.047309   1.000000   0.875000
  0.261307   0.458561   0.430872  -1.205420   0.285738   2.171656   0.046197   1.000000   0.875000
  0.266332   0.452504   0.432308  -1.194507   0.285971   2.339526   0.051966   1.000000   0.875000
  0.271357   0.446501   0.433745  -1.182751   0.286232   2.481106   0.048920   1.000000   0.875000
  0.276382   0.440558   0.435184  -1.170283   0.286477   2.574070   0.033962   1.000000   0.875000
  0.281407   0.434677   0.436623  -1.157349   0.286648   2.647695   0.026288   1.000000   0.875000
  0.286432   0.428861   0.438064  -1.144044   0.286780   2.729909   0.027656   1.000000   0.875000
  0.291457   0.423113   0.439505  -1.130326   0.286919   2.793151   0.016443   1.000000   0.875000
  0.296482   0.417433   0.440946  -1.116291   0.287002   2.783212  -0.018843   1.000000   0.875000
  0.301508   0.411822   0.442389  -1.102302   0.286907   2.711423  -0.050053   1.000000   0.875000
  0.306533   0.406283   0.443831  -1.088677   0.286656   2.650049  -0.065585   1.000000   0.875000
  0.311558   0.400813   0.445271  -1.075361   0.286326   2.581928  -0.105277   1.000000   0.875000
  0.316583   0.395409   0.446710  -1.062387   0.285797   2.381204  -0.207850   1.000000   0.875000
  0.321608   0.390070   0.448146  -1.050421   0.284753   2.012102  -0.321983   1.000000   0.875000
  0.326633   0.384792   0.449577  -1.040310   0.283135   1.646042  -0.399125   1.000000   0.875000
  0.331658   0.379564   0.451000  -1.032039   0.281129   1.300885  -0.520730   1.000000   0.875000
  0.336683   0.374378   0.452412  -1.025502   0.278512   0.725877  -0.804634   1.000000   0.875000
  0.341709   0.369224   0.453812  -1.021854   0.274468  -0.207121  -1.158823   1.000000   0.875000
  0.346734   0.364090   0.455191  -1.022895   0.268645  -1.154730  -1.421214   1.000000   0.875000
  0.351759   0.358949   0.456541  -1.028697   0.261504  -2.015967  -1.740736   1.000000   0.875000
  0.356784   0.353780   0.457855  -1.038827   0.252756  -3.173046  -2.411569   1.000000   0.875000
  0.361809   0.348560   0.459125  -1.054772   0.240638  -4.863862  -3.298397   1.000000   0.875000
  0.366834   0.343260   0.460335  -1.079213   0.224064  -6.569376  -3.983876   1.000000   0.875000
  0.371859   0.337837   0.461460  -1.112224   0.204045  -8.056788  -4.677886   1.000000   0.875000
  0.376884   0.332248   0.462486  -1.152709   0.180538  -9.668035  -5.948535   1.000000   0.875000
  0.381910   0.326454   0.463393  -1.201301   0.150641 -11.649717  -7.651025   1.000000   0.875000
  0.386935   0.320418   0.464150  -1.259841   0.112195 -13.568815  -8.980251   1.000000   0.875000
  0.391960   0.314087   0.464714  -1.328024   0.067069 -15.108845 -10.122990   1.000000   0.875000
  0.396985   0.307414   0.465051  -1.403946   0.016201 -16.112578 -11.853710   1.000000   0.875000
  0.402010   0.300359   0.465132  -1.484912  -0.043364 -16.538525 -14.069105   1.000000   0.875000
  0.407035   0.292897   0.464914  -1.568018  -0.114061 -16.760298 -15.728897   1.000000   0.875000
  0.412060   0.285018   0.464341  -1.652238  -0.193099 -16.708548 -16.846555   1.000000   0.875000
  0.417085   0.276716   0.463371  -1.736199  -0.277753 -15.211004 -17.922311   1.000000   0.875000
  0.422111   0.267989   0.461975  -1.812649  -0.367830 -11.478621 -18.887181   1.000000   0.875000
  0.427136   0.258881   0.460127  -1.870329  -0.462738  -7.447591 -19.308602   1.000000   0.875000
  0.432161   0.249482   0.457801  -1.907753  -0.559764  -4.049915 -19.014398   1.000000   0.875000
  0.437186   0.239896   0.454989  -1.928104  -0.655312   0.521961 -17.343662   1.000000   0.875000
  0.442211   0.230207   0.451696  -1.925481  -0.742463   8.125812 -14.040666   1.000000   0.875000
  0.447236   0.220532   0.447965  -1.884649  -0.813018  16.269872 -10.701080   1.000000   0.875000
  0.452261   0.211061   0.443879  -1.802893  -0.866791  22.500250  -7.508422   1.000000   0.875000
  0.457286   0.202002   0.439524  -1.689829  -0.904521  27.051737  -2.287543   1.000000   0.875000
  0.462312   0.193509   0.434978  -1.553867  -0.916018  31.942620   5.921665   1.000000   0.875000
  0.467337   0.185701   0.430375  -1.393356  -0.886261  38.152849  13.480786   1.000000   0.875000
  0.472362   0.178699   0.425921  -1.201638  -0.818520  43.941596  18.802697   1.000000   0.875000
  0.477387   0.172661   0.421808  -0.980831  -0.724037  46.710740  23.548922   1.000000   0.875000
  0.482412   0.167732   0.418170  -0.746110  -0.605704  45.053032  29.411590   1.000000   0.875000
  0.487437   0.163983   0.415126  -0.519718  -0.457910  42.622558  35.508120   1.000000   0.875000
  0.492462   0.161371   0.412825  -0.305540  -0.279482  42.030718  40.355067   1.000000   0.875000
  0.497487   0.159836   0.411421  -0.094335  -0.076698  41.723452  42.863160   1.000000   0.875000
  0.502513   0.159362   0.411035   0.115367   0.138732  38.037179  41.928237   1.000000   0.875000
  0.507538   0.159942   0.411732   0.306504   0.349422  31.027775  39.670632   1.000000   0.875000
  0.512563   0.161482   0.413488   0.462418   0.548767  24.210010  38.470771   1.000000   0.875000
  0.517588   0.163805   0.416246   0.584073   0.742082  18.752574  37.763629   1.000000   0.875000
  0.522613   0.166740   0.419975   0.678305   0.931845  13.493068  34.796370   1.000000   0.875000
  0.527638   0.170149   0.424657   0.746108   1.106696   7.148609  28.863683   1.000000   0.875000
  0.532663   0.173898   0.430218   0.782030   1.251736   0.455807  22.438169   1.000000   0.875000
  0.537688   0.177828   0.436508   0.784320   1.364488  -5.569550  16.429753   1.000000   0.875000
  0.542714   0.181770   0.443366   0.756327   1.447064 -10.055580  10.392633   1.000000   0.875000
  0.547739   0.185570   0.450638   0.705798   1.499287 -13.160909   4.353940   1.000000   0.875000
  0.552764   0.189117   0.458172   0.639665   1.521166 -15.902941  -1.364258   1.000000   0.875000
  0.557789   0.192331   0.465816   0.559752   1.514310 -18.370881  -6.937332   1.000000   0.875000
  0.562814   0.195144   0.473425   0.467439   1.479450 -19.573011 -11.880134   1.000000   0.875000
  0.567839   0.197493   0.480859   0.369084   1.419752 -19.219255 -15.098689   1.000000   0.875000
  0.572864   0.199347   0.487993   0.272507   1.343882 -18.472999 -17.144708   1.000000   0.875000
  0.577889   0.200717   0.494746   0.179681   1.257729 -17.750945 -18.886002   1.000000   0.875000
  0.582915   0.201620   0.501068   0.090464   1.162808 -16.538613 -19.989191   1.000000   0.875000
  0.587940   0.202074   0.506911   0.007358   1.062363 -14.651466 -19.760136   1.000000   0.875000
  0.592965   0.202111   0.512249  -0.066266   0.963068 -12.713831 -18.823434   1.000000   0.875000
  0.597990   0.201778   0.517089  -0.130153   0.868480 -10.975139 -17.759450   1.000000   0.875000
  0.603015   0.201124   0.521453  -0.185303   0.779239  -9.307115 -16.410475   1.000000   0.875000
  0.608040   0.200193   0.525369  -0.232071   0.696776  -7.646568 -14.651146   1.000000   0.875000
  0.613065   0.199027   0.528870  -0.270495   0.623154  -6.105337 -12.845071   1.000000   0.875000
  0.618090   0.197668   0.532001  -0.301174   0.558608  -4.745183 -11.123954   1.000000   0.875000
  0.623116   0.196154   0.534809  -0.325024   0.502699  -3.621477  -9.411902   1.000000   0.875000
  0.628141   0.194521   0.537335  -0.343222   0.455404  -2.724071  -7.816534   1.000000   0.875000
  0.633166   0.192796   0.539623  -0.356910   0.416126  -1.932002  -6.446263   1.000000   0.875000
  0.638191   0.191003   0.541714  -0.366618   0.383734  -1.227487  -5.213387   1.000000   0.875000
  0.643216   0.189161   0.543643  -0.372787   0.357536  -0.706108  -4.084673   1.000000   0.875000
  0.648241   0.187287   0.545439  -0.376335   0.337011  -0.372119  -3.176001   1.000000   0.875000
  0.653266   0.185396   0.547133  -0.378205   0.321051  -0.082937  -2.472379   1.000000   0.875000
  0.658291   0.183496   0.548746  -0.378621   0.308628   0.185186  -1.860832   1.000000   0.875000
  0.663317   0.181593   0.550297  -0.377691   0.299275   0.355875  -1.331245   1.000000   0.875000
  0.668342   0.179695   0.551801  -0.375902   0.292586   0.427767  -0.949717   1.000000   0.875000
  0.673367   0.177806   0.553271  -0.373753   0.287813   0.497392  -0.677799   1.000000   0.875000
  0.678392   0.175928   0.554717  -0.371253   0.284407   0.571339  -0.447074   1.000000   0.875000
  0.683417   0.174062   0.556147  -0.368382   0.282161   0.597157  -0.259062   1.000000   0.875000
  0.688442   0.172211   0.557564  -0.365382   0.280859   0.581057  -0.138388   1.000000   0.875000
  0.693467   0.170375   0.558976  -0.362462   0.280164   0.582877  -0.056945   1.000000   0.875000
  0.698492   0.168554   0.560384  -0.359533   0.279877   0.595061   0.010997   1.000000   0.875000
  0.703518   0.166747   0.561790  -0.356542   0.279933   0.577027   0.058171   1.000000   0.875000
  0.708543   0.164955   0.563197  -0.353643   0.280225   0.538887   0.081759   1.000000   0.875000
  0.713568   0.163178   0.564605  -0.350935   0.280636   0.526709   0.100305   1.000000   0.875000
  0.718593   0.161415   0.566015  -0.348288   0.281140   0.527524   0.115989   1.000000   0.875000
  0.723618   0.159665   0.567428  -0.345637   0.281723   0.502335   0.118241   1.000000   0.875000
  0.728643   0.157928   0.568844  -0.343113   0.282317   0.459670   0.113272   1.000000   0.875000
  0.733668   0.156204   0.570262  -0.340803   0.282886   0.446190   0.116442   1.000000   0.875000
  0.738693   0.154491   0.571684  -0.338561   0.283471   0.450229   0.119993   1.000000   0.875000
  0.743719   0.152789   0.573108  -0.336298   0.284074   0.428660   0.111007   1.000000   0.875000
  0.748744   0.151100   0.574536  -0.334144   0.284632   0.383868   0.099225   1.000000   0.875000
  0.753769   0.149420   0.575966  -0.332215   0.285131   0.369894   0.100691   1.000000   0.875000
  0.758794   0.147751   0.577399  -0.330356   0.285637   0.380804   0.103374   1.000000   0.875000
  0.763819   0.146091   0.578834  -0.328443   0.286156   0.366076   0.092027   1.000000   0.875000
  0.768844   0.144441   0.580272  -0.326603   0.286619   0.317905   0.078584   1.000000   0.875000
  0.773869   0.142799   0.581713  -0.325006   0.287013   0.301563   0.081722   1.000000   0.875000
  0.778894   0.141166   0.583155  -0.323491   0.287424   0.320802   0.086201   1.000000   0.875000
  0.783920   0.139540   0.584599  -0.321878   0.287857   0.314903   0.073719   1.000000   0.875000
  0.788945   0.137923   0.586046  -0.320296   0.288228   0.261237   0.058984   1.000000   0.875000
  0.793970   0.136313   0.587494  -0.318983   0.288524   0.239718   0.064969   1.000000   0.875000
  0.798995   0.134711   0.588944  -0.317779   0.288851   0.268714   0.072212   1.000000   0.875000
  0.804020   0.133114   0.590395  -0.316428   0.289214   0.274231   0.057921   1.000000   0.875000
  0.809045   0.131524   0.591849  -0.315050   0.289505   0.212662   0.040912   1.000000   0.875000
  0.814070   0.129941   0.593304  -0.313982   0.289710   0.182185   0.050736   1.000000   0.875000
  0.819095   0.128363   0.594759  -0.313066   0.289965   0.222660   0.061753   1.000000   0.875000
  0.824121   0.126789   0.596217  -0.311947   0.290276   0.243314   0.044446   1.000000   0.875000
  0.829146   0.125222   0.597675  -0.310724   0.290499   0.171425   0.023514   1.000000   0.875000
  0.834171   0.123660   0.599135  -0.309863   0.290617   0.127056   0.038378   1.000000   0.875000
  0.839196   0.122103   0.600595  -0.309225   0.290810   0.180759   0.054695   1.000000   0.875000
  0.844221   0.120549   0.602057  -0.308316   0.291085   0.221433   0.033147   1.000000   0.875000
  0.849246   0.119000   0.603519  -0.307204   0.291251   0.137336   0.006105   1.000000   0.875000
  0.854271   0.117456   0.604983  -0.306513   0.291282   0.073054   0.027286   1.000000   0.875000
  0.859296   0.115916   0.606447  -0.306146   0.291419   0.141344   0.050965   1.000000   0.875000
  0.864322   0.114378   0.607911  -0.305436   0.291675   0.207901   0.024077   1.000000   0.875000
  0.869347   0.112843   0.609377  -0.304391   0.291796   0.110928  -0.011751   1.000000   0.875000
  0.874372   0.111313   0.610843  -0.303834   0.291737   0.020113   0.016840   1.000000   0.875000
  0.879397   0.109786   0.612309  -0.303733   0.291822   0.103235   0.050402   1.000000   0.875000
  0.884422   0.108260   0.613776  -0.303214   0.292075   0.201605   0.017665   1.000000   0.875000
  0.889447   0.106737   0.615243  -0.302201   0.292164   0.093122  -0.029802   1.000000   0.875000
  0.894472   0.105218   0.616711  -0.301733   0.292014  -0.030555   0.006675   1.000000   0.875000
  0.899497   0.103702   0.618179  -0.301887   0.292048   0.065868   0.052757   1.000000   0.875000
  0.904523   0.102184   0.619647  -0.301555   0.292313   0.201050   0.014441   1.000000   0.875000
  0.909548   0.100669   0.621116  -0.300545   0.292385   0.084768  -0.047289   1.000000   0.875000
  0.914573   0.099159   0.622585  -0.300119   0.292148  -0.076599  -0.003402   1.000000   0.875000
  0.919598   0.097651   0.624053  -0.300504   0.292131   0.029508   0.057514   1.000000   0.875000
  0.924623   0.096141   0.625521  -0.300356   0.292420   0.204242   0.014919   1.000000   0.875000
  0.929648   0.094631   0.626990  -0.299330   0.292495   0.086128  -0.063018   1.000000   0.875000
  0.934673   0.093127   0.628460  -0.298897   0.292178  -0.115463  -0.013393   1.000000   0.875000
  0.939698   0.091625   0.629928  -0.299477   0.292111  -0.005276   0.063929   1.000000   0.875000
  0.944724   0.090120   0.631396  -0.299503   0.292432   0.209062   0.019152   1.000000   0.875000
  0.949749   0.088615   0.632866  -0.298453   0.292528   0.095921  -0.075814   1.000000   0.875000
  0.954774   0.087115   0.634336  -0.297971   0.292147  -0.147168  -0.022371   1.000000   0.875000
  0.959799   0.085618   0.635804  -0.298710   0.292035  -0.043289   0.074008   1.000000   0.875000
  0.964824   0.084117   0.637271  -0.298928   0.292407   0.201822   0.033897   1.000000   0.875000
  0.969849   0.082615   0.638741  -0.297914   0.292577   0.097820  -0.072410   1.000000   0.875000
  0.974874   0.081118   0.640211  -0.297422   0.292213  -0.180924  -0.009241   1.000000   0.875000
  0.979899   0.079623   0.641679  -0.298331   0.292167  -0.086293   0.136237   1.000000   0.875000
  0.984925   0.078124   0.643148  -0.298765   0.292851   0.230406   0.175815   1.000000   0.875000
  0.989950   0.076623   0.644619  -0.297607   0.293735   0.369723   0.129119   1.000000   0.875000
  0.994975   0.075127   0.646095  -0.295749   0.294384   0.478843   0.147571   1.000000   0.875000
  1.000000   0.073641   0.647574  -0.293343   0.295125   0.960207   0.202331   1.000000   0.875000