  0.000000   0.373121   0.345398   0.000000   0.000000  19.914234  21.343310   0.062500   0.562500
  0.005025   0.373121   0.345398   0.100069   0.107250  17.316187  19.431046   0.062500   0.562500
  0.010050   0.373624   0.345937   0.187083   0.204891  12.977911  15.157591   0.062500   0.562500
  0.015075   0.374564   0.346967   0.252297   0.281058   7.688494   8.883522   0.062500   0.562500
  0.020101   0.375832   0.348379   0.290939   0.325707   3.454119   3.294484   0.062500   0.562500
  0.025126   0.377294   0.350016   0.308296   0.342261   0.464405  -0.730426   0.062500   0.562500
  0.030151   0.378843   0.351736   0.310630   0.338591  -1.169630  -2.557548   0.062500   0.562500
  0.035176   0.380404   0.353437   0.304752   0.325739  -1.245656  -1.905293   0.062500   0.562500
  0.040201   0.381935   0.355074   0.298493   0.316165  -0.871502  -0.743386   0.062500   0.562500
  0.045226   0.383435   0.356663   0.294114   0.312430  -0.753270  -0.160737   0.062500   0.562500
  0.050251   0.384913   0.358233   0.290329   0.311622  -0.783499   0.043711   0.062500   0.562500
  0.055276   0.386372   0.359798   0.286391   0.311842  -0.763454   0.196153   0.062500   0.562500
  0.060302   0.387812   0.361366   0.282554   0.312828  -0.746357   0.322328   0.062500   0.562500
  0.065327   0.389231   0.362938   0.278804   0.314447  -0.799518   0.354529   0.062500   0.562500
  0.070352   0.390632   0.364518   0.274786   0.316229  -0.853668   0.342756   0.062500   0.562500
  0.075377   0.392013   0.366107   0.270497   0.317951  -0.824154   0.388738   0.062500   0.562500
  0.080402   0.393372   0.367705   0.266355   0.319904  -0.783700   0.451253   0.062500   0.562500
  0.085427   0.394711   0.369312   0.262417   0.322172  -0.795832   0.453409   0.062500   0.562500
  0.090452   0.396030   0.370931   0.258418   0.324450  -0.811295   0.420489   0.062500   0.562500
  0.095477   0.397328   0.372561   0.254341   0.326563  -0.765978   0.429208   0.062500   0.562500
  0.100503   0.398606   0.374203   0.250492   0.328721  -0.713813   0.457681   0.062500   0.562500
  0.105528   0.399865   0.375855   0.246905   0.331020  -0.703607   0.445189   0.062500   0.562500
  0.110553   0.401106   0.377518   0.243369   0.333258  -0.697376   0.404137   0.062500   0.562500
  0.115578   0.402329   0.379193   0.239865   0.335288  -0.646342   0.392210   0.062500   0.562500
  0.120603   0.403534   0.380877   0.236617   0.337259  -0.592096   0.400523   0.062500   0.562500
  0.125628   0.404723   0.382572   0.233642   0.339272  -0.571937   0.381795   0.062500   0.562500
  0.130653   0.405897   0.384277   0.230768   0.341190  -0.555147   0.340009   0.062500   0.562500
  0.135678   0.407057   0.385991   0.227978   0.342899  -0.504377   0.317940   0.062500   0.562500
  0.140704   0.408203   0.387715   0.225443   0.344497  -0.453352   0.315096   0.062500   0.562500
  0.145729   0.409335   0.389446   0.223165   0.346080  -0.430737   0.295131   0.062500   0.562500
  0.150754   0.410457   0.391185   0.221000   0.347563  -0.410341   0.256690   0.062500   0.562500
  0.155779   0.411567   0.392931   0.218938   0.348853  -0.363087   0.230980   0.062500   0.562500
  0.160804   0.412667   0.394684   0.217114   0.350014  -0.317844   0.222683   0.062500   0.562500
  0.165829   0.413758   0.396443   0.215517   0.351133  -0.296981   0.204290   0.062500   0.562500
  0.170854   0.414841   0.398208   0.214024   0.352159  -0.277110   0.171164   0.062500   0.562500
  0.175879   0.415917   0.399977   0.212632   0.353019  -0.234929   0.145598   0.062500   0.562500
  0.180905   0.416986   0.401752   0.211451   0.353751  -0.196337   0.135288   0.062500   0.562500
  0.185930   0.418048   0.403529   0.210465   0.354431  -0.179380   0.119831   0.062500   0.562500
  0.190955   0.419106   0.405310   0.209563   0.355033  -0.162321   0.092693   0.062500   0.562500
  0.195980   0.420159   0.407094   0.208748   0.355499  -0.125698   0.069356   0.062500   0.562500
  0.201005   0.421208   0.408881   0.208116   0.355847  -0.093616   0.059055   0.062500   0.562500
  0.206030   0.422254   0.410669   0.207645   0.356144  -0.081351   0.047049   0.062500   0.562500
  0.211055   0.423297   0.412458   0.207237   0.356381  -0.068179   0.025809   0.062500   0.562500
  0.216080   0.424338   0.414249   0.206894   0.356510  -0.037012   0.005634   0.062500   0.562500
  0.221106   0.425378   0.416041   0.206708   0.356539  -0.010782  -0.003627   0.062500   0.562500
  0.226131   0.426417   0.417833   0.206654   0.356520  -0.003237  -0.012220   0.062500   0.562500
  0.231156   0.427455   0.419624   0.206638   0.356459   0.005747  -0.028111   0.062500   0.562500
  0.236181   0.428494   0.421415   0.206667   0.356318   0.031934  -0.044858   0.062500   0.562500
  0.241206   0.429532   0.423206   0.206827   0.356092   0.053208  -0.052520   0.062500   0.562500
  0.246231   0.430571   0.424995   0.207094   0.355828   0.056487  -0.057932   0.062500   0.562500
  0.251256   0.431612   0.426783   0.207378   0.355537   0.061576  -0.069263   0.062500   0.562500
  0.256281   0.432654   0.428570   0.207688   0.355189   0.083554  -0.082619   0.062500   0.562500
  0.261307   0.433698   0.430355   0.208108   0.354774   0.100711  -0.087865   0.062500   0.562500
  0.266332   0.434744   0.432138   0.208614   0.354332   0.100250  -0.089777   0.062500   0.562500
  0.271357   0.435792   0.433918   0.209117   0.353881   0.102326  -0.096984   0.062500   0.562500
  0.276382   0.436843   0.435697   0.209632   0.353394   0.121229  -0.105864   0.062500   0.562500
  0.281407   0.437896   0.437472   0.210241   0.352862   0.134078  -0.104516   0.062500   0.562500
  0.286432   0.438953   0.439245   0.210914   0.352337   0.129142  -0.098575   0.062500   0.562500
  0.291457   0.440013   0.441016   0.211563   0.351841   0.129117  -0.098240   0.062500   0.562500
  0.296482   0.441076   0.442784   0.212212   0.351348   0.145497  -0.093879   0.062500   0.562500
  0.301508   0.442142   0.444550   0.212944   0.350876   0.148346  -0.066601   0.062500   0.562500
  0.306533   0.443212   0.446313   0.213689   0.350541   0.130662  -0.031329   0.062500   0.562500
  0.311558   0.444286   0.448074   0.214346   0.350384   0.124493  -0.001946   0.062500   0.562500
  0.316583   0.445363   0.449835   0.214971   0.350374   0.131103   0.056003   0.062500   0.562500
  0.321608   0.446443   0.451596   0.215630   0.350656   0.095633   0.180390   0.062500   0.562500
  0.326633   0.447527   0.453358   0.216110   0.351562   0.027069   0.321350   0.062500   0.562500
  0.331658   0.448613   0.455124   0.216246   0.353177  -0.015418   0.458616   0.062500   0.562500
  0.336683   0.449700   0.456899   0.216169   0.355481  -0.061579   0.699548   0.062500   0.562500
  0.341709   0.450786   0.458686   0.215860   0.358997  -0.234846   1.121651   0.062500   0.562500
  0.346734   0.451871   0.460490   0.214679   0.364634  -0.481033   1.571953   0.062500   0.562500
  0.351759   0.452949   0.462322   0.212262   0.372533  -0.673704   2.018786   0.062500   0.562500
  0.356784   0.454016   0.464194   0.208877   0.382677  -0.916735   2.730443   0.062500   0.562500
  0.361809   0.455066   0.466117   0.204270   0.396398  -1.484609   3.844151   0.062500   0.562500
  0.366834   0.456092   0.468109   0.196810   0.415714  -2.220151   4.976905   0.062500   0.562500
  0.371859   0.457081   0.470198   0.185654   0.440723  -2.854205   6.070022   0.062500   0.562500
  0.376884   0.458014   0.472412   0.171311   0.471225  -3.611063   7.616992   0.062500   0.562500
  0.381910   0.458875   0.474781   0.153162   0.509508  -5.010279   9.776955   0.062500   0.562500
  0.386935   0.459645   0.477341   0.127986   0.558637  -6.734994  11.847913   0.062500   0.562500
  0.391960   0.460288   0.480148   0.094142   0.618173  -8.288995  13.748746   0.062500   0.562500
  0.396985   0.460761   0.483255   0.052490   0.687261  -9.955063  16.007444   0.062500   0.562500
  0.402010   0.461025   0.486708   0.002466   0.767698 -12.408403  18.499148   0.062500   0.562500
  0.407035   0.461037   0.490566  -0.059886   0.860656 -15.270459  20.497205   0.062500   0.562500
  0.412060   0.460736   0.494891  -0.136620   0.963655 -17.923190  22.123273   0.062500   0.562500
  0.417085   0.460050   0.499733  -0.226684   1.074824 -20.350909  23.271417   0.062500   0.562500
  0.422111   0.458910   0.505135  -0.328968   1.191786 -22.661965  22.783834   0.062500   0.562500
  0.427136   0.457257   0.511124  -0.442844   1.306275 -24.864658  20.923880   0.062500   0.562500
  0.432161   0.455032   0.517688  -0.567789   1.411418 -26.985906  18.777320   0.062500   0.562500
  0.437186   0.452179   0.524780  -0.703394   1.505774 -28.184988  15.007591   0.062500   0.562500
  0.442211   0.448644   0.532347  -0.845023   1.581187 -26.542467   6.981655   0.062500   0.562500
  0.447236   0.444398   0.540292  -0.978399   1.616270 -23.069324  -3.032587   0.062500   0.562500
  0.452261   0.439482   0.548414  -1.094322   1.601031 -20.075164 -12.016067   0.062500   0.562500
  0.457286   0.433983   0.556459  -1.195200   1.540650 -16.379111 -20.829888   0.062500   0.562500
  0.462312   0.427975   0.564202  -1.277521   1.435959  -7.523834 -31.739143   0.062500   0.562500
  0.467337   0.421556   0.571418  -1.315329   1.276470   5.420764 -43.909662   0.062500   0.562500
  0.472362   0.414946   0.577832  -1.288089   1.055824  17.619340 -55.721433   0.062500   0.562500
  0.477387   0.408474   0.583138  -1.199552   0.775824  28.046486 -65.192719   0.062500   0.562500
  0.482412   0.402446   0.587036  -1.058619   0.448230  38.741174 -66.211124   0.062500   0.562500
  0.487437   0.397126   0.589289  -0.863944   0.115519  51.000940 -59.052774   0.062500   0.562500
  0.492462   0.392785   0.589869  -0.607665  -0.181221  63.771397 -51.161233   0.062500   0.562500
  0.497487   0.389732   0.588959  -0.287213  -0.438306  74.329551 -45.102500   0.062500   0.562500
  0.502513   0.388288   0.586756   0.086367  -0.664991  75.931730 -37.580225   0.062500   0.562500
  0.507538   0.388722   0.583414   0.467924  -0.853832  68.705633 -25.805632   0.062500   0.562500
  0.512563   0.391073   0.579123   0.813170  -0.983505  60.642624 -12.079963   0.062500   0.562500
  0.517588   0.395160   0.574181   1.117899  -1.044207  54.150574   1.477958   0.062500   0.562500
  0.522613   0.400777   0.568934   1.390006  -1.036780  45.200346  11.759588   0.062500   0.562500
  0.527638   0.407762   0.563724   1.617137  -0.977688  31.261644  16.953847   0.062500   0.562500
  0.532663   0.415888   0.558812   1.774227  -0.892495  15.894037  20.136028   0.062500   0.562500
  0.537688   0.424803   0.554327   1.854095  -0.791312   1.732086  23.571195   0.062500   0.562500
  0.542714   0.434122   0.550350   1.862800  -0.672843  -9.063017  26.185046   0.062500   0.562500
  0.547739   0.443483   0.546969   1.817258  -0.541263 -15.971671  25.894643   0.062500   0.562500
  0.552764   0.452614   0.544249   1.737001  -0.411142 -21.492234  23.893683   0.062500   0.562500
  0.557789   0.461343   0.542183   1.629002  -0.291077 -26.716288  21.712080   0.062500   0.562500
  0.562814   0.469529   0.540720   1.494753  -0.181974 -29.919649  19.549633   0.062500   0.562500
  0.567839   0.477040   0.539806   1.344407  -0.083737 -29.744363  17.088038   0.062500   0.562500
  0.572864   0.483795   0.539385   1.194941   0.002131 -28.211676  14.454645   0.062500   0.562500
  0.577889   0.489800   0.539396   1.053178   0.074765 -26.645010  11.848169   0.062500   0.562500
  0.582915   0.495093   0.539771   0.919260   0.134314 -24.611482   9.485398   0.062500   0.562500
  0.587940   0.499712   0.540446   0.795587   0.181978 -21.693301   7.642607   0.062500   0.562500
  0.592965   0.503710   0.541361   0.686578   0.220382 -18.575229   6.150404   0.062500   0.562500
  0.597990   0.507160   0.542468   0.593238   0.251288 -15.652788   4.736893   0.062500   0.562500
  0.603015   0.510141   0.543731   0.514583   0.275091 -12.962018   3.438348   0.062500   0.562500
  0.608040   0.512727   0.545113   0.449448   0.292369 -10.602465   2.528487   0.062500   0.562500
  0.613065   0.514986   0.546582   0.396171   0.305074  -8.541246   1.926248   0.062500   0.562500
  0.618090   0.516976   0.548115   0.353251   0.314754  -6.653729   1.397366   0.062500   0.562500
  0.623116   0.518752   0.549697   0.319810   0.321777  -5.014386   0.900821   0.062500   0.562500
  0.628141   0.520359   0.551314   0.294612   0.326304  -3.813138   0.565989   0.062500   0.562500
  0.633166   0.521839   0.552954   0.275451   0.329148  -2.901379   0.380880   0.062500   0.562500
  0.638191   0.523223   0.554608   0.260872   0.331062  -2.084128   0.235096   0.062500   0.562500
  0.643216   0.524534   0.556271   0.250399   0.332243  -1.390777   0.092322   0.062500   0.562500
  0.648241   0.525793   0.557941   0.243410   0.332707  -0.941964  -0.003096   0.062500   0.562500
  0.653266   0.527016   0.559613   0.238677   0.332691  -0.648178  -0.043845   0.062500   0.562500
  0.658291   0.528215   0.561285   0.235420   0.332471  -0.388096  -0.069813   0.062500   0.562500
  0.663317   0.529398   0.562956   0.233469   0.332120  -0.164719  -0.100484   0.062500   0.562500
  0.668342   0.530571   0.564625   0.232642   0.331615  -0.038409  -0.121110   0.062500   0.562500
  0.673367   0.531740   0.566291   0.232449   0.331007   0.021916  -0.123024   0.062500   0.562500
  0.678392   0.532909   0.567954   0.232559   0.330389   0.076169  -0.120541   0.062500   0.562500
  0.683417   0.534077   0.569614   0.232942   0.329783   0.132994  -0.123941   0.062500   0.562500
  0.688442   0.535248   0.571272   0.233610   0.329160   0.159781  -0.126144   0.062500   0.562500
  0.693467   0.536422   0.572926   0.234413   0.328526   0.155255  -0.119882   0.062500   0.562500
  0.698492   0.537599   0.574576   0.235193   0.327924   0.151463  -0.112553   0.062500   0.562500
  0.703518   0.538782   0.576225   0.235954   0.327358   0.163877  -0.111098   0.062500   0.562500
  0.708543   0.539967   0.577870   0.236778   0.326800   0.170015  -0.109880   0.062500   0.562500
  0.713568   0.541157   0.579512   0.237632   0.326248   0.153536  -0.102417   0.062500   0.562500
  0.718593   0.542351   0.581151   0.238404   0.325733   0.137189  -0.094905   0.062500   0.562500
  0.723618   0.543549   0.582788   0.239093   0.325256   0.141278  -0.093461   0.062500   0.562500
  0.728643   0.544751   0.584422   0.239803   0.324786   0.146913  -0.092268   0.062500   0.562500
  0.733668   0.545956   0.586054   0.240541   0.324323   0.130153  -0.084839   0.062500   0.562500
  0.738693   0.547164   0.587684   0.241195   0.323896   0.111516  -0.077842   0.062500   0.562500
  0.743719   0.548377   0.589312   0.241756   0.323505   0.115467  -0.077538   0.062500   0.562500
  0.748744   0.549591   0.590938   0.242336   0.323116   0.124389  -0.077154   0.062500   0.562500
  0.753769   0.550809   0.592561   0.242961   0.322728   0.108572  -0.069654   0.062500   0.562500
  0.758794   0.552030   0.594183   0.243506   0.322378   0.088716  -0.063108   0.062500   0.562500
  0.763819   0.553254   0.595803   0.243952   0.322061   0.093994  -0.064435   0.062500   0.562500
  0.768844   0.554479   0.597421   0.244425   0.321737   0.107179  -0.065066   0.062500   0.562500
  0.773869   0.555708   0.599038   0.244963   0.321410   0.091825  -0.056935   0.062500   0.562500
  0.778894   0.556939   0.600653   0.245425   0.321124   0.069776  -0.050597   0.062500   0.562500
  0.783920   0.558172   0.602267   0.245775   0.320870   0.076587  -0.054159   0.062500   0.562500
  0.788945   0.559407   0.603879   0.246160   0.320597   0.095171  -0.056031   0.062500   0.562500
  0.793970   0.560644   0.605490   0.246638   0.320316   0.079798  -0.046372   0.062500   0.562500
  0.798995   0.561883   0.607100   0.247039   0.320083   0.053938  -0.039803   0.062500   0.562500
  0.804020   0.563125   0.608708   0.247310   0.319883   0.062190  -0.046423   0.062500   0.562500
  0.809045   0.564368   0.610316   0.247623   0.319650   0.087940  -0.049966   0.062500   0.562500
  0.814070   0.565612   0.611922   0.248065   0.319399   0.072341  -0.037573   0.062500   0.562500
  0.819095   0.566858   0.613527   0.248428   0.319210   0.040483  -0.030098   0.062500   0.562500
  0.824121   0.568107   0.615131   0.248632   0.319058   0.049723  -0.040912   0.062500   0.562500
  0.829146   0.569356   0.616735   0.248882   0.318853   0.085037  -0.046935   0.062500   0.562500
  0.834171   0.570607   0.618337   0.249309   0.318617   0.069472  -0.030277   0.062500   0.562500
  0.839196   0.571860   0.619938   0.249658   0.318465   0.028949  -0.020838   0.062500   0.562500
  0.844221   0.573114   0.621538   0.249803   0.318360   0.038149  -0.037152   0.062500   0.562500
  0.849246   0.574370   0.623138   0.249995   0.318173   0.085866  -0.046912   0.062500   0.562500
  0.854271   0.575626   0.624737   0.250427   0.317938   0.071269  -0.024265   0.062500   0.562500
  0.859296   0.576884   0.626334   0.250785   0.317816   0.019020  -0.011396   0.062500   0.562500
  0.864322   0.578145   0.627932   0.250880   0.317759   0.026268  -0.034602   0.062500   0.562500
  0.869347   0.579405   0.629529   0.251012   0.317585   0.089211  -0.049889   0.062500   0.562500
  0.874372   0.580667   0.631124   0.251461   0.317334   0.077441  -0.019557   0.062500   0.562500
  0.879397   0.581930   0.632719   0.251850   0.317236   0.010581  -0.001337   0.062500   0.562500
  0.884422   0.583196   0.634313   0.251903   0.317229   0.013027  -0.032477   0.062500   0.562500
  0.889447   0.584462   0.635907   0.251968   0.317066   0.093308  -0.055454   0.062500   0.562500
  0.894472   0.585728   0.637500   0.252437   0.316787   0.087218  -0.016170   0.062500   0.562500
  0.899497   0.586996   0.639092   0.252876   0.316706   0.003625   0.009606   0.062500   0.562500
  0.904523   0.588267   0.640684   0.252894   0.316754  -0.002359  -0.029912   0.062500   0.562500
  0.909548   0.589538   0.642276   0.252882   0.316604   0.095969  -0.062893   0.062500   0.562500
  0.914573   0.590809   0.643867   0.253364   0.316288   0.099202  -0.014216   0.062500   0.562500
  0.919598   0.592082   0.645456   0.253863   0.316216  -0.001755   0.021334   0.062500   0.562500
  0.924623   0.593358   0.647045   0.253854   0.316324  -0.020070  -0.026049   0.062500   0.562500
  0.929648   0.594633   0.648635   0.253753   0.316193   0.095133  -0.071144   0.062500   0.562500
  0.934673   0.595908   0.650223   0.254231   0.315835   0.111727  -0.013758   0.062500   0.562500
  0.939698   0.597186   0.651811   0.254792   0.315766  -0.005412   0.033477   0.062500   0.562500
  0.944724   0.598466   0.653398   0.254765   0.315934  -0.039599  -0.020376   0.062500   0.562500
  0.949749   0.599747   0.654985   0.254566   0.315832   0.089528  -0.079019   0.062500   0.562500
  0.954774   0.601026   0.656572   0.255016   0.315435   0.123160  -0.013953   0.062500   0.562500
  0.959799   0.602307   0.658157   0.255635   0.315365  -0.007673   0.048242   0.062500   0.562500
  0.964824   0.603592   0.659742   0.255596   0.315607  -0.061703  -0.006129   0.062500   0.562500
  0.969849   0.604876   0.661328   0.255286   0.315576   0.073471  -0.074604   0.062500   0.562500
  0.974874   0.606159   0.662914   0.255656   0.315201   0.118209   0.002274   0.062500   0.562500
  0.979899   0.607444   0.664498   0.256250   0.315213  -0.049564   0.102858   0.062500   0.562500
  0.984925   0.608732   0.666082   0.256000   0.315730  -0.204236   0.100713   0.062500   0.562500
  0.989950   0.610018   0.667668   0.254974   0.316236  -0.215543   0.051649   0.062500   0.562500
  0.994975   0.611299   0.669257   0.253891   0.316495  -0.274860   0.054713   0.062500   0.562500
  1.000000   0.612575   0.670848   0.252510   0.316770  -0.508980   0.046267   0.062500   0.562500