   0.000000    0.373121    0.345398    0.000000    0.000000   19.914217   21.343209    0.062500    0.062500
   0.005025    0.373121    0.345398    0.100069    0.107250   17.316184   19.430997    0.062500    0.062500
   0.010050    0.373624    0.345937    0.187083    0.204890   12.977922   15.157602    0.062500    0.062500
   0.015075    0.374564    0.346967    0.252297    0.281057    7.688509    8.883571    0.062500    0.062500
   0.020101    0.375832    0.348379    0.290939    0.325706    3.454127    3.294539    0.062500    0.062500
   0.025126    0.377294    0.350016    0.308296    0.342261    0.464405   -0.730383    0.062500    0.062500
   0.030151    0.378843    0.351736    0.310630    0.338591   -1.169633   -2.557518    0.062500    0.062500
   0.035176    0.380404    0.353437    0.304752    0.325740   -1.245655   -1.905268    0.062500    0.062500
   0.040201    0.381935    0.355074    0.298493    0.316166   -0.871496   -0.743359    0.062500    0.062500
   0.045226    0.383435    0.356663    0.294114    0.312430   -0.753261   -0.160710    0.062500    0.062500
   0.050251    0.384913    0.358233    0.290329    0.311623   -0.783490    0.043731    0.062500    0.062500
   0.055276    0.386372    0.359798    0.286392    0.311842   -0.763449    0.196163    0.062500    0.062500
   0.060302    0.387812    0.361366    0.282555    0.312828   -0.746355    0.322330    0.062500    0.062500
   0.065327    0.389231    0.362938    0.278804    0.314448   -0.799518    0.354528    0.062500    0.062500
   0.070352    0.390632    0.364518    0.274787    0.316229   -0.853669    0.342753    0.062500    0.062500
   0.075377    0.392013    0.366107    0.270497    0.317952   -0.824154    0.388735    0.062500    0.062500
   0.080402    0.393372    0.367705    0.266355    0.319905   -0.783701    0.451249    0.062500    0.062500
   0.085427    0.394711    0.369312    0.262417    0.322173   -0.795833    0.453405    0.062500    0.062500
   0.090452    0.396030    0.370931    0.258418    0.324451   -0.811297    0.420484    0.062500    0.062500
   0.095477    0.397328    0.372561    0.254342    0.326564   -0.765980    0.429203    0.062500    0.062500
   0.100503    0.398606    0.374203    0.250492    0.328721   -0.713815    0.457676    0.062500    0.062500
   0.105528    0.399865    0.375855    0.246905    0.331021   -0.703609    0.445184    0.062500    0.062500
   0.110553    0.401106    0.377518    0.243369    0.333258   -0.697378    0.404132    0.062500    0.062500
   0.115578    0.402329    0.379193    0.239865    0.335289   -0.646344    0.392204    0.062500    0.062500
   0.120603    0.403534    0.380877    0.236617    0.337260   -0.592098    0.400518    0.062500    0.062500
   0.125628    0.404723    0.382572    0.233642    0.339272   -0.571939    0.381790    0.062500    0.062500
   0.130653    0.405897    0.384277    0.230768    0.341191   -0.555149    0.340005    0.062500    0.062500
   0.135678    0.407057    0.385991    0.227978    0.342899   -0.504379    0.317935    0.062500    0.062500
   0.140704    0.408203    0.387715    0.225443    0.344497   -0.453353    0.315091    0.062500    0.062500
   0.145729    0.409335    0.389446    0.223165    0.346081   -0.430739    0.295126    0.062500    0.062500
   0.150754    0.410457    0.391185    0.221000    0.347564   -0.410343    0.256685    0.062500    0.062500
   0.155779    0.411567    0.392932    0.218939    0.348853   -0.363089    0.230976    0.062500    0.062500
   0.160804    0.412668    0.394685    0.217114    0.350014   -0.317846    0.222678    0.062500    0.062500
   0.165829    0.413759    0.396443    0.215517    0.351133   -0.296983    0.204286    0.062500    0.062500
   0.170854    0.414841    0.398208    0.214024    0.352160   -0.277112    0.171159    0.062500    0.062500
   0.175879    0.415917    0.399977    0.212632    0.353020   -0.234931    0.145594    0.062500    0.062500
   0.180905    0.416986    0.401752    0.211451    0.353751   -0.196339    0.135284    0.062500    0.062500
   0.185930    0.418048    0.403529    0.210465    0.354431   -0.179383    0.119828    0.062500    0.062500
   0.190955    0.419106    0.405310    0.209563    0.355033   -0.162326    0.092693    0.062500    0.062500
   0.195980    0.420159    0.407094    0.208748    0.355499   -0.125705    0.069358    0.062500    0.062500
   0.201005    0.421208    0.408881    0.208116    0.355848   -0.093624    0.059057    0.062500    0.062500
   0.206030    0.422254    0.410669    0.207645    0.356144   -0.081362    0.047055    0.062500    0.062500
   0.211055    0.423297    0.412458    0.207237    0.356381   -0.068201    0.025830    0.062500    0.062500
   0.216080    0.424338    0.414249    0.206894    0.356511   -0.037046    0.005662    0.062500    0.062500
   0.221106    0.425378    0.416041    0.206708    0.356539   -0.010817   -0.003614    0.062500    0.062500
   0.226131    0.426417    0.417833    0.206653    0.356521   -0.003288   -0.012202    0.062500    0.062500
   0.231156    0.427455    0.419624    0.206637    0.356460    0.005636   -0.028034    0.062500    0.062500
   0.236181    0.428494    0.421415    0.206665    0.356319    0.031764   -0.044781    0.062500    0.062500
   0.241206    0.429532    0.423206    0.206825    0.356094    0.053054   -0.052601    0.062500    0.062500
   0.246231    0.430571    0.424995    0.207091    0.355829    0.056298   -0.058112    0.062500    0.062500
   0.251256    0.431612    0.426783    0.207374    0.355537    0.061141   -0.069349    0.062500    0.062500
   0.256281    0.432654    0.428570    0.207681    0.355189    0.082900   -0.082984    0.062500    0.062500
   0.261307    0.433698    0.430355    0.208098    0.354772    0.100300   -0.089406    0.062500    0.062500
   0.266332    0.434744    0.432138    0.208602    0.354323    0.099991   -0.092442    0.062500    0.062500
   0.271357    0.435792    0.433918    0.209105    0.353858    0.101393   -0.100309    0.062500    0.062500
   0.276382    0.436843    0.435696    0.209614    0.353354    0.119903   -0.111983    0.062500    0.062500
   0.281407    0.437896    0.437472    0.210217    0.352791    0.134708   -0.117645    0.062500    0.062500
   0.286432    0.438952    0.439245    0.210893    0.352200    0.131924   -0.119134    0.062500    0.062500
   0.291457    0.440012    0.441015    0.211556    0.351601    0.131529   -0.126053    0.062500    0.062500
   0.296482    0.441075    0.442781    0.212217    0.350968    0.149580   -0.139372    0.062500    0.062500
   0.301508    0.442142    0.444545    0.212969    0.350268    0.164155   -0.146366    0.062500    0.062500
   0.306533    0.443212    0.446305    0.213794    0.349532    0.160645   -0.147608    0.062500    0.062500
   0.311558    0.444286    0.448062    0.214601    0.348790    0.162844   -0.158747    0.062500    0.062500
   0.316583    0.445365    0.449815    0.215420    0.347993    0.188851   -0.183372    0.062500    0.062500
   0.321608    0.446447    0.451563    0.216369    0.347071    0.209080   -0.196247    0.062500    0.062500
   0.326633    0.447534    0.453307    0.217419    0.346085    0.207426   -0.196585    0.062500    0.062500
   0.331658    0.448627    0.455046    0.218461    0.345097    0.222616   -0.219869    0.062500    0.062500
   0.336683    0.449725    0.456780    0.219580    0.343992    0.279444   -0.274628    0.062500    0.062500
   0.341709    0.450828    0.458509    0.220985    0.342612    0.318970   -0.295446    0.062500    0.062500
   0.346734    0.451939    0.460231    0.222587    0.341127    0.318635   -0.277638    0.062500    0.062500
   0.351759    0.453057    0.461945    0.224189    0.339732    0.364594   -0.310201    0.062500    0.062500
   0.356784    0.454184    0.463652    0.226021    0.338174    0.501132   -0.405397    0.062500    0.062500
   0.361809    0.455319    0.465352    0.228539    0.336136    0.577881   -0.387687    0.062500    0.062500
   0.366834    0.456468    0.467041    0.231443    0.334188    0.548324   -0.249099    0.062500    0.062500
   0.371859    0.457631    0.468720    0.234198    0.332937    0.629279   -0.202222    0.062500    0.062500
   0.376884    0.458808    0.470393    0.237360    0.331920    0.908042   -0.222139    0.062500    0.062500
   0.381910    0.460001    0.472061    0.241924    0.330804    0.980248    0.142885    0.062500    0.062500
   0.386935    0.461216    0.473724    0.246850    0.331522    0.731461    0.862898    0.062500    0.062500
   0.391960    0.462457    0.475389    0.250525    0.335858    0.695940    1.490021    0.062500    0.062500
   0.396985    0.463716    0.477077    0.254022    0.343345    1.018359    2.276347    0.062500    0.062500
   0.402010    0.464992    0.478802    0.259140    0.354784    0.675113    4.212270    0.062500    0.062500
   0.407035    0.466294    0.480585    0.262532    0.375951   -0.600249    7.017693    0.062500    0.062500
   0.412060    0.467614    0.482474    0.259516    0.411215   -1.668738   10.058691    0.062500    0.062500
   0.417085    0.468918    0.484541    0.251130    0.461760   -2.453645   14.487287    0.062500    0.062500
   0.422111    0.470180    0.486862    0.238798    0.534573   -5.090413   21.729916    0.062500    0.062500
   0.427136    0.471380    0.489548    0.213219    0.643765  -10.047381   30.477154    0.062500    0.062500
   0.432161    0.472451    0.492783    0.162731    0.796913  -15.794754   41.015570    0.062500    0.062500
   0.437186    0.473269    0.496787    0.083362    1.003016  -22.745407   55.038939    0.062500    0.062500
   0.442211    0.473688    0.501827   -0.030933    1.279587  -32.045404   66.711904    0.062500    0.062500
   0.447236    0.473532    0.508257   -0.191961    1.614814  -42.808014   69.635448    0.062500    0.062500
   0.452261    0.472568    0.516372   -0.407072    1.964733  -55.845587   66.890002    0.062500    0.062500
   0.457286    0.470522    0.526244   -0.687696    2.300855  -71.397780   52.409969    0.062500    0.062500
   0.462312    0.467066    0.537809   -1.046541    2.564267  -78.410628    9.534585    0.062500    0.062500
   0.467337    0.461807    0.550694   -1.440554    2.612179  -69.801442  -52.300025    0.062500    0.062500
   0.472362    0.454568    0.563820   -1.791307    2.349371  -54.033002 -116.958264    0.062500    0.062500
   0.477387    0.445567    0.575626   -2.062823    1.761656  -30.187319 -177.745306    0.062500    0.062500
   0.482412    0.435201    0.584478   -2.214514    0.868485   13.073454 -203.385588    0.062500    0.062500
   0.487437    0.424073    0.588842   -2.148820   -0.153527   68.843708 -179.105373    0.062500    0.062500
   0.492462    0.413275    0.588071   -1.802880   -1.053532  125.438875 -131.852719    0.062500    0.062500
   0.497487    0.404216    0.582777   -1.172550   -1.716091  178.029641  -71.590769    0.062500    0.062500
   0.502513    0.398323    0.574152   -0.277773   -2.075907  200.224356   -4.822820    0.062500    0.062500
   0.507538    0.396927    0.563720    0.728355   -2.100141  178.229547   45.738848    0.062500    0.062500
   0.512563    0.400587    0.553167    1.623958   -1.870304  136.257438   77.158337    0.062500    0.062500
   0.517588    0.408747    0.543769    2.308652   -1.482583   83.161665   93.586401    0.062500    0.062500
   0.522613    0.420348    0.536319    2.726539   -1.012311   21.194347   87.548681    0.062500    0.062500
   0.527638    0.434049    0.531232    2.833041   -0.572379  -30.066003   65.325644    0.062500    0.062500
   0.532663    0.448285    0.528356    2.681959   -0.244118  -64.306576   43.456815    0.062500    0.062500
   0.537688    0.461762    0.527129    2.358818   -0.025747  -84.866432   26.209637    0.062500    0.062500
   0.542714    0.473617    0.527000    1.932280    0.105982  -85.802668   15.065890    0.062500    0.062500
   0.547739    0.483327    0.527532    1.501121    0.181688  -71.455581    9.975840    0.062500    0.062500
   0.552764    0.490870    0.528445    1.142057    0.231817  -56.181092    7.061911    0.062500    0.062500
   0.557789    0.496609    0.529610    0.859747    0.267303  -42.887589    4.511788    0.062500    0.062500
   0.562814    0.500929    0.530953    0.644237    0.289975  -30.534072    2.747945    0.062500    0.062500
   0.567839    0.504167    0.532410    0.490803    0.303783  -20.917411    1.994633    0.062500    0.062500
   0.572864    0.506633    0.533937    0.385693    0.313806  -14.250868    1.514261    0.062500    0.062500
   0.577889    0.508571    0.535514    0.314083    0.321415   -9.161938    0.972818    0.062500    0.062500
   0.582915    0.510150    0.537129    0.268035    0.326305   -5.499016    0.503944    0.062500    0.062500
   0.587940    0.511496    0.538769    0.240402    0.328837   -3.352238    0.275899    0.062500    0.062500
   0.592965    0.512704    0.540421    0.223557    0.330224   -1.854186    0.176063    0.062500    0.062500
   0.597990    0.513828    0.542081    0.214240    0.331108   -0.612996    0.083861    0.062500    0.062500
   0.603015    0.514904    0.543744    0.211160    0.331530    0.105839   -0.010017    0.062500    0.062500
   0.608040    0.515965    0.545410    0.211691    0.331479    0.317674   -0.062222    0.062500    0.062500
   0.613065    0.517029    0.547076    0.213288    0.331167    0.471970   -0.077190    0.062500    0.062500
   0.618090    0.518101    0.548740    0.215659    0.330779    0.646303   -0.086199    0.062500    0.062500
   0.623116    0.519185    0.550403    0.218908    0.330346    0.677428   -0.100727    0.062500    0.062500
   0.628141    0.520285    0.552063    0.222312    0.329839    0.575823   -0.108785    0.062500    0.062500
   0.633166    0.521402    0.553720    0.225205    0.329293    0.509310   -0.105640    0.062500    0.062500
   0.638191    0.522534    0.555375    0.227765    0.328762    0.486470   -0.101854    0.062500    0.062500
   0.643216    0.523678    0.557027    0.230209    0.328250    0.439210   -0.104107    0.062500    0.062500
   0.648241    0.524835    0.558676    0.232416    0.327727    0.360367   -0.104898    0.062500    0.062500
   0.653266    0.526003    0.560323    0.234227    0.327200    0.300197   -0.098955    0.062500    0.062500
   0.658291    0.527180    0.561967    0.235735    0.326703    0.266525   -0.093285    0.062500    0.062500
   0.663317    0.528365    0.563609    0.237075    0.326234    0.241946   -0.093549    0.062500    0.062500
   0.668342    0.529556    0.565249    0.238291    0.325764    0.209612   -0.093376    0.062500    0.062500
   0.673367    0.530753    0.566886    0.239344    0.325294    0.174426   -0.087265    0.062500    0.062500
   0.678392    0.531956    0.568520    0.240221    0.324856    0.151035   -0.081298    0.062500    0.062500
   0.683417    0.533163    0.570153    0.240980    0.324447    0.145355   -0.080949    0.062500    0.062500
   0.688442    0.534374    0.571783    0.241710    0.324041    0.138209   -0.080543    0.062500    0.062500
   0.693467    0.535589    0.573411    0.242404    0.323636    0.116876   -0.074520    0.062500    0.062500
   0.698492    0.536807    0.575038    0.242992    0.323261    0.099349   -0.068652    0.062500    0.062500
   0.703518    0.538028    0.576662    0.243491    0.322916    0.101603   -0.068401    0.062500    0.062500
   0.708543    0.539252    0.578285    0.244002    0.322573    0.104980   -0.068240    0.062500    0.062500
   0.713568    0.540478    0.579906    0.244529    0.322230    0.089238   -0.062368    0.062500    0.062500
   0.718593    0.541707    0.581525    0.244978    0.321916    0.073477   -0.056743    0.062500    0.062500
   0.723618    0.542938    0.583143    0.245347    0.321631    0.078592   -0.057057    0.062500    0.062500
   0.728643    0.544170    0.584759    0.245742    0.321345    0.086759   -0.057451    0.062500    0.062500
   0.733668    0.545405    0.586374    0.246178    0.321056    0.072984   -0.051653    0.062500    0.062500
   0.738693    0.546642    0.587987    0.246544    0.320796    0.056964   -0.046316    0.062500    0.062500
   0.743719    0.547881    0.589599    0.246831    0.320563    0.063415   -0.047591    0.062500    0.062500
   0.748744    0.549122    0.591210    0.247149    0.320324    0.075000   -0.048679    0.062500    0.062500
   0.753769    0.550364    0.592820    0.247526    0.320080    0.061792   -0.042602    0.062500    0.062500
   0.758794    0.551607    0.594428    0.247837    0.319866    0.044330   -0.037433    0.062500    0.062500
   0.763819    0.552853    0.596035    0.248060    0.319678    0.051862   -0.040072    0.062500    0.062500
   0.768844    0.554099    0.597642    0.248320    0.319476    0.067230   -0.041942    0.062500    0.062500
   0.773869    0.555347    0.599247    0.248658    0.319265    0.053957   -0.034990    0.062500    0.062500
   0.778894    0.556597    0.600852    0.248929    0.319090    0.033862   -0.029777    0.062500    0.062500
   0.783920    0.557848    0.602455    0.249099    0.318940    0.042520   -0.034408    0.062500    0.062500
   0.788945    0.559100    0.604058    0.249313    0.318767    0.062861   -0.037293    0.062500    0.062500
   0.793970    0.560352    0.605660    0.249629    0.318580    0.049156   -0.028597    0.062500    0.062500
   0.798995    0.561607    0.607261    0.249876    0.318436    0.024874   -0.022941    0.062500    0.062500
   0.804020    0.562862    0.608861    0.250001    0.318321    0.034621   -0.030428    0.062500    0.062500
   0.809045    0.564119    0.610460    0.250175    0.318168    0.061790   -0.034794    0.062500    0.062500
   0.814070    0.565376    0.612059    0.250485    0.317993    0.047538   -0.023181    0.062500    0.062500
   0.819095    0.566634    0.613657    0.250724    0.317876    0.016957   -0.016446    0.062500    0.062500
   0.824121    0.567895    0.615255    0.250809    0.317794    0.027407   -0.027962    0.062500    0.062500
   0.829146    0.569155    0.616852    0.250947    0.317653    0.063869   -0.034651    0.062500    0.062500
   0.834171    0.570416    0.618448    0.251268    0.317479    0.049394   -0.018625    0.062500    0.062500
   0.839196    0.571678    0.620043    0.251516    0.317386    0.009904   -0.009785    0.062500    0.062500
   0.844221    0.572942    0.621638    0.251566    0.317336    0.020084   -0.026668    0.062500    0.062500
   0.849246    0.574206    0.623233    0.251667    0.317202    0.068730   -0.036968    0.062500    0.062500
   0.854271    0.575471    0.624827    0.252012    0.317017    0.055015   -0.014832    0.062500    0.062500
   0.859296    0.576737    0.626420    0.252289    0.316942    0.003603   -0.002449    0.062500    0.062500
   0.864322    0.578005    0.628012    0.252307    0.316930    0.011645   -0.026114    0.062500    0.062500
   0.869347    0.579273    0.629605    0.252365    0.316799    0.075340   -0.041838    0.062500    0.062500
   0.874372    0.580541    0.631197    0.252744    0.316588    0.064284   -0.011919    0.062500    0.062500
   0.879397    0.581811    0.632788    0.253067    0.316528   -0.001898    0.005909    0.062500    0.062500
   0.884422    0.583083    0.634378    0.253058    0.316558    0.001191   -0.025604    0.062500    0.062500
   0.889447    0.584355    0.635969    0.253063    0.316429    0.082082   -0.048935    0.062500    0.062500
   0.894472    0.585626    0.637559    0.253476    0.316184    0.076569   -0.009986    0.062500    0.062500
   0.899497    0.586900    0.639148    0.253861    0.316133   -0.006475    0.015472    0.062500    0.062500
   0.904523    0.588176    0.640737    0.253828    0.316211   -0.011939   -0.024349    0.062500    0.062500
   0.909548    0.589452    0.642326    0.253768    0.316089    0.086881   -0.057616    0.062500    0.062500
   0.914573    0.590727    0.643914    0.254205    0.315799    0.090582   -0.009211    0.062500    0.062500
   0.919598    0.592004    0.645501    0.254660    0.315753   -0.009931    0.026082    0.062500    0.062500
   0.924623    0.593284    0.647088    0.254610    0.315884   -0.027824   -0.021545    0.062500    0.062500
   0.929648    0.594563    0.648675    0.254470    0.315776    0.087776   -0.066872    0.062500    0.062500
   0.934673    0.595842    0.650262    0.254911    0.315440    0.104749   -0.009706    0.062500    0.062500
   0.939698    0.597123    0.651847    0.255438    0.315391   -0.012029    0.037321    0.062500    0.062500
   0.944724    0.598407    0.653432    0.255377    0.315579   -0.045876   -0.016730    0.062500    0.062500
   0.949749    0.599690    0.655018    0.255147    0.315494    0.083573   -0.075561    0.062500    0.062500
   0.954774    0.600972    0.656603    0.255567    0.315115    0.117512   -0.010674    0.062500    0.062500
   0.959799    0.602256    0.658187    0.256157    0.315061   -0.013029    0.051353    0.062500    0.062500
   0.964824    0.603543    0.659770    0.256092    0.315319   -0.066781   -0.003179    0.062500    0.062500
   0.969849    0.604830    0.661354    0.255756    0.315303    0.068656   -0.071807    0.062500    0.062500
   0.974874    0.606115    0.662939    0.256101    0.314942    0.113643    0.004927    0.062500    0.062500
   0.979899    0.607402    0.664521    0.256672    0.314967   -0.053893    0.105375    0.062500    0.062500
   0.984925    0.608692    0.666104    0.256401    0.315497   -0.208340    0.103101    0.062500    0.062500
   0.989950    0.609981    0.667690    0.255354    0.316015   -0.219433    0.053914    0.062500    0.062500
   0.994975    0.611264    0.669278    0.254252    0.316286   -0.278550    0.056860    0.062500    0.062500
   1.000000    0.612542    0.670867    0.252852    0.316571   -0.512479    0.048304    0.062500    0.062500