  0.000000   0.405721   0.323616   0.000000   0.000000  18.323175  22.263951   0.187500   0.312500
  0.005025   0.405721   0.323616   0.092074   0.111876  15.564862  20.396936   0.187500   0.312500
  0.010050   0.406184   0.324178   0.170287   0.214371  11.624469  15.858089   0.187500   0.312500
  0.015075   0.407039   0.325255   0.228700   0.294058   7.082837   9.227276   0.187500   0.312500
  0.020101   0.408189   0.326733   0.264299   0.340434   3.380533   3.490859   0.187500   0.312500
  0.025126   0.409517   0.328444   0.281286   0.357976   0.645482  -0.536692   0.187500   0.312500
  0.030151   0.410930   0.330243   0.284529   0.355279  -1.004116  -2.309541   0.187500   0.312500
  0.035176   0.412360   0.332028   0.279484   0.343673  -1.387722  -1.542481   0.187500   0.312500
  0.040201   0.413765   0.333755   0.272510   0.335922  -1.377486  -0.237625   0.187500   0.312500
  0.045226   0.415134   0.335443   0.265589   0.334728  -1.536432   0.474230   0.187500   0.312500
  0.050251   0.416468   0.337125   0.257868   0.337111  -1.769220   0.788359   0.187500   0.312500
  0.055276   0.417764   0.338819   0.248978   0.341073  -1.899203   1.026926   0.187500   0.312500
  0.060302   0.419016   0.340533   0.239432   0.346234  -1.989135   1.210264   0.187500   0.312500
  0.065327   0.420219   0.342273   0.229437   0.352316  -2.118583   1.279844   0.187500   0.312500
  0.070352   0.421372   0.344044   0.218791   0.358747  -2.229034   1.296731   0.187500   0.312500
  0.075377   0.422471   0.345846   0.207590   0.365263  -2.235809   1.360130   0.187500   0.312500
  0.080402   0.423514   0.347682   0.196355   0.372098  -2.207357   1.420897   0.187500   0.312500
  0.085427   0.424501   0.349551   0.185263   0.379238  -2.213861   1.409238   0.187500   0.312500
  0.090452   0.425432   0.351457   0.174139   0.386319  -2.215052   1.360876   0.187500   0.312500
  0.095477   0.426307   0.353398   0.163008   0.393158  -2.146214   1.350208   0.187500   0.312500
  0.100503   0.427126   0.355374   0.152221   0.399944  -2.055452   1.346150   0.187500   0.312500
  0.105528   0.427891   0.357384   0.141892   0.406708  -1.996659   1.293648   0.187500   0.312500
  0.110553   0.428604   0.359428   0.131859   0.413209  -1.940147   1.215245   0.187500   0.312500
  0.115578   0.429267   0.361504   0.122110   0.419315  -1.836485   1.166805   0.187500   0.312500
  0.120603   0.429880   0.363611   0.112882   0.425178  -1.720386   1.129336   0.187500   0.312500
  0.125628   0.430448   0.365748   0.104237   0.430853  -1.632924   1.059919   0.187500   0.312500
  0.130653   0.430971   0.367913   0.096031   0.436179  -1.551248   0.972513   0.187500   0.312500
  0.135678   0.431454   0.370105   0.088236   0.441066  -1.437585   0.908760   0.187500   0.312500
  0.140704   0.431897   0.372321   0.081011   0.445634  -1.318043   0.857408   0.187500   0.312500
  0.145729   0.432304   0.374561   0.074388   0.449942  -1.223982   0.785306   0.187500   0.312500
  0.150754   0.432678   0.376822   0.068237   0.453888  -1.136788   0.700968   0.187500   0.312500
  0.155779   0.433021   0.379102   0.062525   0.457411  -1.027368   0.635262   0.187500   0.312500
  0.160804   0.433335   0.381401   0.057362   0.460603  -0.916528   0.581716   0.187500   0.312500
  0.165829   0.433624   0.383715   0.052757   0.463526  -0.828306   0.514854   0.187500   0.312500
  0.170854   0.433889   0.386045   0.048595   0.466113  -0.746726   0.439853   0.187500   0.312500
  0.175879   0.434133   0.388387   0.044842   0.468324  -0.648990   0.379533   0.187500   0.312500
  0.180905   0.434358   0.390741   0.041580   0.470231  -0.552667   0.330225   0.187500   0.312500
  0.185930   0.434567   0.393104   0.038803   0.471890  -0.476585   0.272464   0.187500   0.312500
  0.190955   0.434762   0.395475   0.036408   0.473260  -0.406275   0.209454   0.187500   0.312500
  0.195980   0.434945   0.397853   0.034367   0.474312  -0.323364   0.158090   0.187500   0.312500
  0.201005   0.435118   0.400236   0.032742   0.475106  -0.243557   0.116230   0.187500   0.312500
  0.206030   0.435282   0.402624   0.031518   0.475691  -0.182017   0.068962   0.187500   0.312500
  0.211055   0.435441   0.405014   0.030603   0.476037  -0.125185   0.018411   0.187500   0.312500
  0.216080   0.435595   0.407406   0.029974   0.476130  -0.057678  -0.022825   0.187500   0.312500
  0.221106   0.435745   0.409799   0.029685   0.476015   0.005925  -0.056156   0.187500   0.312500
  0.226131   0.435894   0.412191   0.029714   0.475733   0.052798  -0.093053   0.187500   0.312500
  0.231156   0.436044   0.414582   0.029980   0.475265   0.096024  -0.131955   0.187500   0.312500
  0.236181   0.436194   0.416970   0.030462   0.474602   0.149063  -0.163318   0.187500   0.312500
  0.241206   0.436347   0.419355   0.031211   0.473781   0.197984  -0.188213   0.187500   0.312500
  0.246231   0.436504   0.421736   0.032206   0.472836   0.231411  -0.215691   0.187500   0.312500
  0.251256   0.436666   0.424112   0.033369   0.471752   0.262213  -0.244572   0.187500   0.312500
  0.256281   0.436834   0.426482   0.034686   0.470523   0.302673  -0.267357   0.187500   0.312500
  0.261307   0.437008   0.428847   0.036208   0.469179   0.339115  -0.284664   0.187500   0.312500
  0.266332   0.437190   0.431205   0.037912   0.467749   0.361051  -0.304134   0.187500   0.312500
  0.271357   0.437381   0.433555   0.039726   0.466220   0.381823  -0.325546   0.187500   0.312500
  0.276382   0.437580   0.435898   0.041645   0.464584   0.412904  -0.342393   0.187500   0.312500
  0.281407   0.437789   0.438232   0.043720   0.462864   0.439448  -0.353132   0.187500   0.312500
  0.286432   0.438009   0.440558   0.045928   0.461089   0.452145  -0.365635   0.187500   0.312500
  0.291457   0.438240   0.442875   0.048200   0.459252   0.467403  -0.383577   0.187500   0.312500
  0.296482   0.438482   0.445183   0.050549   0.457325   0.495703  -0.399744   0.187500   0.312500
  0.301508   0.438736   0.447482   0.053040   0.455315   0.515019  -0.403237   0.187500   0.312500
  0.306533   0.439003   0.449770   0.055628   0.453289   0.518862  -0.405184   0.187500   0.312500
  0.311558   0.439282   0.452047   0.058235   0.451253   0.536234  -0.422714   0.187500   0.312500
  0.316583   0.439575   0.454315   0.060930   0.449129   0.575679  -0.444099   0.187500   0.312500
  0.321608   0.439881   0.456572   0.063823   0.446897   0.586653  -0.427070   0.187500   0.312500
  0.326633   0.440202   0.458817   0.066770   0.444751   0.568266  -0.390853   0.187500   0.312500
  0.331658   0.440537   0.461052   0.069626   0.442787   0.589532  -0.388164   0.187500   0.312500
  0.336683   0.440887   0.463277   0.072588   0.440837   0.655121  -0.392343   0.187500   0.312500
  0.341709   0.441252   0.465493   0.075881   0.438865   0.628561  -0.283580   0.187500   0.312500
  0.346734   0.441633   0.467698   0.079040   0.437440   0.514118  -0.097211   0.187500   0.312500
  0.351759   0.442030   0.469896   0.081623   0.436951   0.477944   0.051789   0.187500   0.312500
  0.356784   0.442441   0.472092   0.084025   0.437212   0.512436   0.240593   0.187500   0.312500
  0.361809   0.442863   0.474289   0.086600   0.438421   0.292100   0.705304   0.187500   0.312500
  0.366834   0.443298   0.476492   0.088067   0.441965  -0.176796   1.354624   0.187500   0.312500
  0.371859   0.443740   0.478713   0.087179   0.448772  -0.568301   2.043283   0.187500   0.312500
  0.376884   0.444179   0.480968   0.084323   0.459039  -0.953051   3.016957   0.187500   0.312500
  0.381910   0.444602   0.483275   0.079533   0.474203  -1.908286   4.510007   0.187500   0.312500
  0.386935   0.445002   0.485658   0.069944   0.496865  -3.354581   6.163003   0.187500   0.312500
  0.391960   0.445353   0.488155   0.053087   0.527834  -4.857258   7.998863   0.187500   0.312500
  0.396985   0.445620   0.490807   0.028680   0.568029  -6.739296  10.675527   0.187500   0.312500
  0.402010   0.445764   0.493661  -0.005185   0.621673  -9.581736  13.960282   0.187500   0.312500
  0.407035   0.445738   0.496785  -0.053333   0.691824 -12.817906  16.659761   0.187500   0.312500
  0.412060   0.445470   0.500262  -0.117743   0.775539 -16.160281  19.123210   0.187500   0.312500
  0.417085   0.444879   0.504159  -0.198949   0.871633 -20.451056  22.332185   0.187500   0.312500
  0.422111   0.443879   0.508540  -0.301736   0.983875 -25.670501  25.437537   0.187500   0.312500
  0.427136   0.442363   0.513484  -0.430730   1.111698 -30.193427  26.847279   0.187500   0.312500
  0.432161   0.440198   0.519070  -0.582452   1.246606 -34.008990  26.782538   0.187500   0.312500
  0.437186   0.437271   0.525334  -0.753347   1.381188 -37.638166  24.197527   0.187500   0.312500
  0.442211   0.433486   0.532275  -0.942479   1.502781 -39.752550  17.213781   0.187500   0.312500
  0.447236   0.428750   0.539826  -1.142236   1.589280 -39.790425   8.823635   0.187500   0.312500
  0.452261   0.423010   0.547812  -1.342183   1.633619 -39.070747   1.508852   0.187500   0.312500
  0.457286   0.416266   0.556021  -1.538513   1.641201 -35.318102  -8.789539   0.187500   0.312500
  0.462312   0.408533   0.564270  -1.716022   1.597024 -22.528566 -29.060209   0.187500   0.312500
  0.467337   0.399910   0.572295  -1.829228   1.450997  -3.931835 -55.270755   0.187500   0.312500
  0.472362   0.390718   0.579586  -1.848985   1.173261  13.776621 -80.531809   0.187500   0.312500
  0.477387   0.381427   0.585482  -1.779758   0.768589  31.741637 -99.337971   0.187500   0.312500
  0.482412   0.372484   0.589344  -1.620256   0.269416  54.090715 -97.906432   0.187500   0.312500
  0.487437   0.364342   0.590698  -1.348450  -0.222564  78.559699 -77.643338   0.187500   0.312500
  0.492462   0.357566   0.589579  -0.953688  -0.612722 101.809313 -54.496159   0.187500   0.312500
  0.497487   0.352774   0.586500  -0.442096  -0.886565 120.262965 -33.629729   0.187500   0.312500
  0.502513   0.350552   0.582045   0.162346  -1.055588 121.077493 -14.321968   0.187500   0.312500
  0.507538   0.351367   0.576740   0.770760  -1.127556 103.247482   3.773774   0.187500   0.312500
  0.512563   0.355241   0.571074   1.289579  -1.108593  81.483689  21.278531   0.187500   0.312500
  0.517588   0.361721   0.565504   1.699034  -1.001668  60.458675  37.726561   0.187500   0.312500
  0.522613   0.370258   0.560470   2.002839  -0.812092  37.773478  46.206008   0.187500   0.312500
  0.527638   0.380323   0.556389   2.192651  -0.579907  14.328094  43.027585   0.187500   0.312500
  0.532663   0.391341   0.553475   2.264649  -0.363693  -7.633436  35.521329   0.187500   0.312500
  0.537688   0.402720   0.551648   2.226291  -0.185199 -27.691989  28.482074   0.187500   0.312500
  0.542714   0.413910   0.550717   2.087112  -0.042048 -41.169343  23.285356   0.187500   0.312500
  0.547739   0.424398   0.550506   1.880236   0.074961 -44.696824  19.576375   0.187500   0.312500
  0.552764   0.433846   0.550882   1.655634   0.173332 -43.927118  16.048233   0.187500   0.312500
  0.557789   0.442165   0.551753   1.434900   0.253975 -42.589707  11.992364   0.187500   0.312500
  0.562814   0.449376   0.553030   1.220887   0.314236 -40.181462   7.715032   0.187500   0.312500
  0.567839   0.455511   0.554609   1.018975   0.353004 -36.103966   4.593998   0.187500   0.312500
  0.572864   0.460631   0.556383   0.837553   0.376089 -31.485872   2.702333   0.187500   0.312500
  0.577889   0.464840   0.558272   0.679336   0.389668 -26.589221   1.331555   0.187500   0.312500
  0.582915   0.468254   0.560231   0.545699   0.396361 -21.228335   0.327554   0.187500   0.312500
  0.587940   0.470996   0.562223   0.439026   0.398007 -16.467697  -0.206827   0.187500   0.312500
  0.592965   0.473202   0.564223   0.356276   0.396968 -12.841435  -0.483428   0.187500   0.312500
  0.597990   0.474993   0.566217   0.291748   0.394538  -9.746448  -0.650809   0.187500   0.312500
  0.603015   0.476459   0.568200   0.242772   0.391268  -6.932468  -0.665005   0.187500   0.312500
  0.608040   0.477679   0.570166   0.207936   0.387926  -4.795264  -0.567262   0.187500   0.312500
  0.613065   0.478723   0.572115   0.183840   0.385076  -3.293198  -0.489824   0.187500   0.312500
  0.618090   0.479647   0.574050   0.167292   0.382614  -2.100726  -0.440426   0.187500   0.312500
  0.623116   0.480488   0.575973   0.156734   0.380401  -1.202043  -0.375603   0.187500   0.312500
  0.628141   0.481276   0.577885   0.150693   0.378514  -0.657870  -0.300302   0.187500   0.312500
  0.633166   0.482033   0.579787   0.147388   0.377004  -0.279293  -0.245903   0.187500   0.312500
  0.638191   0.482773   0.581681   0.145984   0.375769   0.037450  -0.210617   0.187500   0.312500
  0.643216   0.483507   0.583570   0.146172   0.374710   0.224608  -0.185752   0.187500   0.312500
  0.648241   0.484242   0.585452   0.147301   0.373777   0.271489  -0.167458   0.187500   0.312500
  0.653266   0.484982   0.587331   0.148665   0.372936   0.301434  -0.152423   0.187500   0.312500
  0.658291   0.485729   0.589205   0.150180   0.372170   0.347131  -0.139768   0.187500   0.312500
  0.663317   0.486484   0.591075   0.151925   0.371467   0.362705  -0.131782   0.187500   0.312500
  0.668342   0.487247   0.592942   0.153747   0.370805   0.332427  -0.128477   0.187500   0.312500
  0.673367   0.488020   0.594805   0.155418   0.370159   0.302486  -0.125381   0.187500   0.312500
  0.678392   0.488801   0.596665   0.156938   0.369529   0.290422  -0.120759   0.187500   0.312500
  0.683417   0.489589   0.598522   0.158397   0.368923   0.282891  -0.115457   0.187500   0.312500
  0.688442   0.490385   0.600376   0.159819   0.368342   0.262844  -0.111621   0.187500   0.312500
  0.693467   0.491188   0.602227   0.161139   0.367781   0.236429  -0.109513   0.187500   0.312500
  0.698492   0.491998   0.604075   0.162327   0.367231   0.218498  -0.106948   0.187500   0.312500
  0.703518   0.492814   0.605921   0.163426   0.366694   0.213407  -0.101865   0.187500   0.312500
  0.708543   0.493635   0.607763   0.164498   0.366182   0.205807  -0.096247   0.187500   0.312500
  0.713568   0.494462   0.609603   0.165532   0.365698   0.186615  -0.093560   0.187500   0.312500
  0.718593   0.495293   0.611441   0.166470   0.365228   0.170388  -0.091961   0.187500   0.312500
  0.723618   0.496130   0.613276   0.167326   0.364766   0.168818  -0.087488   0.187500   0.312500
  0.728643   0.496971   0.615109   0.168174   0.364326   0.167603  -0.081053   0.187500   0.312500
  0.733668   0.497816   0.616940   0.169017   0.363919   0.151901  -0.078052   0.187500   0.312500
  0.738693   0.498665   0.618769   0.169780   0.363527   0.136905  -0.077558   0.187500   0.312500
  0.743719   0.499518   0.620596   0.170468   0.363137   0.137859  -0.074255   0.187500   0.312500
  0.748744   0.500375   0.622420   0.171161   0.362764   0.140305  -0.067388   0.187500   0.312500
  0.753769   0.501235   0.624243   0.171866   0.362425   0.125789  -0.064025   0.187500   0.312500
  0.758794   0.502099   0.626065   0.172498   0.362103   0.110949  -0.064842   0.187500   0.312500
  0.763819   0.502966   0.627884   0.173055   0.361778   0.114127  -0.063166   0.187500   0.312500
  0.768844   0.503835   0.629702   0.173629   0.361460   0.119792  -0.055723   0.187500   0.312500
  0.773869   0.504708   0.631518   0.174231   0.361180   0.105295  -0.051512   0.187500   0.312500
  0.778894   0.505583   0.633333   0.174760   0.360921   0.089575  -0.053854   0.187500   0.312500
  0.783920   0.506461   0.635147   0.175210   0.360651   0.095087  -0.054445   0.187500   0.312500
  0.788945   0.507342   0.636960   0.175688   0.360377   0.104537  -0.046099   0.187500   0.312500
  0.793970   0.508225   0.638770   0.176213   0.360145   0.089274  -0.040153   0.187500   0.312500
  0.798995   0.509110   0.640580   0.176662   0.359944   0.071455  -0.044216   0.187500   0.312500
  0.804020   0.509998   0.642389   0.177021   0.359722   0.079521  -0.048016   0.187500   0.312500
  0.809045   0.510887   0.644197   0.177420   0.359480   0.093961  -0.038430   0.187500   0.312500
  0.814070   0.511779   0.646003   0.177893   0.359287   0.077315  -0.029446   0.187500   0.312500
  0.819095   0.512673   0.647808   0.178281   0.359139   0.055778  -0.035402   0.187500   0.312500
  0.824121   0.513569   0.649613   0.178561   0.358961   0.066480  -0.043812   0.187500   0.312500
  0.829146   0.514466   0.651417   0.178896   0.358741   0.087651  -0.032793   0.187500   0.312500
  0.834171   0.515365   0.653220   0.179336   0.358576   0.069254  -0.018983   0.187500   0.312500
  0.839196   0.516266   0.655022   0.179684   0.358481   0.041977  -0.026832   0.187500   0.312500
  0.844221   0.517169   0.656823   0.179895   0.358346   0.055056  -0.041667   0.187500   0.312500
  0.849246   0.518073   0.658624   0.180172   0.358137   0.085132  -0.029337   0.187500   0.312500
  0.854271   0.518979   0.660423   0.180599   0.357989   0.065052  -0.008465   0.187500   0.312500
  0.859296   0.519886   0.662222   0.180926   0.357947   0.029632  -0.017921   0.187500   0.312500
  0.864322   0.520795   0.664021   0.181075   0.357857   0.044195  -0.041381   0.187500   0.312500
  0.869347   0.521705   0.665820   0.181297   0.357649   0.085484  -0.028421   0.187500   0.312500
  0.874372   0.522616   0.667617   0.181727   0.357506   0.064501   0.002015   0.187500   0.312500
  0.879397   0.523530   0.669413   0.182051   0.357516   0.018548  -0.008249   0.187500   0.312500
  0.884422   0.524444   0.671210   0.182144   0.357475   0.032910  -0.042497   0.187500   0.312500
  0.889447   0.525360   0.673006   0.182310   0.357261   0.087364  -0.030258   0.187500   0.312500
  0.894472   0.526276   0.674801   0.182749   0.357109   0.067131   0.012139   0.187500   0.312500
  0.899497   0.527194   0.676596   0.183086   0.357170   0.008682   0.002481   0.187500   0.312500
  0.904523   0.528114   0.678391   0.183129   0.357182   0.020387  -0.044346   0.187500   0.312500
  0.909548   0.529034   0.680186   0.183232   0.356960   0.089056  -0.034906   0.187500   0.312500
  0.914573   0.529955   0.681979   0.183679   0.356784   0.072084   0.021224   0.187500   0.312500
  0.919598   0.530878   0.683772   0.184042   0.356891   0.000181   0.014178   0.187500   0.312500
  0.924623   0.531803   0.685566   0.184043   0.356962   0.006265  -0.046084   0.187500   0.312500
  0.929648   0.532728   0.687359   0.184074   0.356731   0.088883  -0.042050   0.187500   0.312500
  0.934673   0.533653   0.689152   0.184521   0.356519   0.078291   0.028550   0.187500   0.312500
  0.939698   0.534580   0.690943   0.184914   0.356663  -0.006737   0.026531   0.187500   0.312500
  0.944724   0.535509   0.692736   0.184880   0.356796  -0.009268  -0.046947   0.187500   0.312500
  0.949749   0.536438   0.694529   0.184834   0.356560   0.085632  -0.050906   0.187500   0.312500
  0.954774   0.537367   0.696321   0.185264   0.356304   0.084384   0.034406   0.187500   0.312500
  0.959799   0.538298   0.698111   0.185688   0.356477  -0.012919   0.041742   0.187500   0.312500
  0.964824   0.539231   0.699902   0.185623   0.356687  -0.028487  -0.040269   0.187500   0.312500
  0.969849   0.540164   0.701695   0.185480   0.356485   0.072560  -0.051635   0.187500   0.312500
  0.974874   0.541096   0.703486   0.185845   0.356225   0.076407   0.049688   0.187500   0.312500
  0.979899   0.542030   0.705276   0.186228   0.356475  -0.053002   0.079917   0.187500   0.312500
  0.984925   0.542966   0.707068   0.185962   0.356876  -0.144489   0.007947   0.187500   0.312500
  0.989950   0.543900   0.708861   0.185236   0.356916  -0.137055  -0.048579   0.187500   0.312500
  0.994975   0.544831   0.710655   0.184547   0.356672  -0.173622  -0.071816   0.187500   0.312500
  1.000000   0.545758   0.712447   0.183675   0.356311  -0.311977  -0.185251   0.187500   0.312500