  0.000000   0.441943   0.308612   0.000000   0.000000  16.658380  22.828385   0.312500   0.812500
  0.005025   0.441943   0.308612   0.083708   0.114713  13.576372  21.068494   0.312500   0.812500
  0.010050   0.442364   0.309188   0.151930   0.220582   9.929030  16.430045   0.312500   0.812500
  0.015075   0.443127   0.310297   0.201823   0.303143   6.215295   9.567425   0.312500   0.812500
  0.020101   0.444141   0.311820   0.233061   0.351229   3.245198   3.668667   0.312500   0.812500
  0.025126   0.445313   0.313585   0.249368   0.369664   0.940707  -0.428691   0.312500   0.812500
  0.030151   0.446566   0.315443   0.254095   0.367510  -0.690504  -2.180304   0.312500   0.812500
  0.035176   0.447842   0.317290   0.250625   0.356554  -1.504425  -1.292537   0.312500   0.812500
  0.040201   0.449102   0.319081   0.243066   0.350059  -1.982617   0.149097   0.312500   0.812500
  0.045226   0.450323   0.320840   0.233103   0.350808  -2.482301   0.963426   0.312500   0.812500
  0.050251   0.451495   0.322603   0.220630   0.355649  -2.939533   1.350550   0.312500   0.812500
  0.055276   0.452603   0.324390   0.205858   0.362435  -3.224987   1.640959   0.312500   0.812500
  0.060302   0.453638   0.326212   0.189650   0.370683  -3.427292   1.858785   0.312500   0.812500
  0.065327   0.454591   0.328075   0.172427   0.380023  -3.636550   1.950184   0.312500   0.812500
  0.070352   0.455457   0.329984   0.154154   0.389823  -3.799290   1.980320   0.312500   0.812500
  0.075377   0.456232   0.331943   0.135062   0.399774  -3.834800   2.048666   0.312500   0.812500
  0.080402   0.456911   0.333952   0.115792   0.410069  -3.815070   2.104820   0.312500   0.812500
  0.085427   0.457493   0.336013   0.096622   0.420645  -3.813103   2.081547   0.312500   0.812500
  0.090452   0.457978   0.338126   0.077461   0.431105  -3.791043   2.017919   0.312500   0.812500
  0.095477   0.458367   0.340293   0.058411   0.441245  -3.686577   1.988287   0.312500   0.812500
  0.100503   0.458661   0.342510   0.039882   0.451238  -3.550094   1.959661   0.312500   0.812500
  0.105528   0.458861   0.344778   0.022043   0.461086  -3.437239   1.878909   0.312500   0.812500
  0.110553   0.458972   0.347095   0.004771   0.470527  -3.319737   1.771598   0.312500   0.812500
  0.115578   0.458996   0.349459  -0.011911   0.479429  -3.149648   1.693459   0.312500   0.812500
  0.120603   0.458936   0.351868  -0.027738   0.487939  -2.963185   1.623158   0.312500   0.812500
  0.125628   0.458797   0.354320  -0.042628   0.496095  -2.802445   1.519173   0.312500   0.812500
  0.130653   0.458583   0.356813  -0.056710   0.503729  -2.645340   1.398289   0.312500   0.812500
  0.135678   0.458298   0.359344  -0.070003   0.510756  -2.454973   1.302046   0.312500   0.812500
  0.140704   0.457946   0.361911  -0.082342   0.517300  -2.258410   1.216552   0.312500   0.812500
  0.145729   0.457532   0.364511  -0.093690   0.523413  -2.087613   1.109636   0.312500   0.812500
  0.150754   0.457061   0.367141  -0.104180   0.528989  -1.924282   0.992504   0.312500   0.812500
  0.155779   0.456538   0.369799  -0.113850   0.533976  -1.739794   0.896034   0.312500   0.812500
  0.160804   0.455966   0.372482  -0.122592   0.538479  -1.555588   0.810930   0.312500   0.812500
  0.165829   0.455350   0.375188  -0.130409   0.542554  -1.395984   0.712313   0.312500   0.812500
  0.170854   0.454694   0.377915  -0.137424   0.546133  -1.245055   0.607975   0.312500   0.812500
  0.175879   0.454004   0.380659  -0.143680   0.549188  -1.080208   0.520915   0.312500   0.812500
  0.180905   0.453282   0.383419  -0.149110   0.551806  -0.919417   0.444529   0.312500   0.812500
  0.185930   0.452532   0.386192  -0.153730   0.554040  -0.781647   0.359623   0.312500   0.812500
  0.190955   0.451760   0.388976  -0.157657   0.555847  -0.652299   0.271952   0.312500   0.812500
  0.195980   0.450968   0.391769  -0.160935   0.557214  -0.513041   0.198796   0.312500   0.812500
  0.201005   0.450159   0.394569  -0.163513   0.558213  -0.379862   0.135045   0.312500   0.812500
  0.206030   0.449337   0.397374  -0.165422   0.558891  -0.267925   0.065722   0.312500   0.812500
  0.211055   0.448506   0.400182  -0.166768   0.559221  -0.163453  -0.004530   0.312500   0.812500
  0.216080   0.447668   0.402993  -0.167590   0.559199  -0.051039  -0.062472   0.312500   0.812500
  0.221106   0.446826   0.405803  -0.167846   0.558885   0.054524  -0.112458   0.312500   0.812500
  0.226131   0.445982   0.408612  -0.167572   0.558320   0.140519  -0.166391   0.312500   0.812500
  0.231156   0.445140   0.411417  -0.166866   0.557484   0.220320  -0.220206   0.312500   0.812500
  0.236181   0.444302   0.414218  -0.165759   0.556377   0.307223  -0.263235   0.312500   0.812500
  0.241206   0.443469   0.417014  -0.164215   0.555054   0.386995  -0.299393   0.312500   0.812500
  0.246231   0.442644   0.419803  -0.162271   0.553550   0.448828  -0.338815   0.312500   0.812500
  0.251256   0.441828   0.422585  -0.160015   0.551847   0.505985  -0.377689   0.312500   0.812500
  0.256281   0.441024   0.425358  -0.157473   0.549949   0.569421  -0.405989   0.312500   0.812500
  0.261307   0.440233   0.428122  -0.154611   0.547909   0.624446  -0.426899   0.312500   0.812500
  0.266332   0.439456   0.430875  -0.151473   0.545764   0.662981  -0.450918   0.312500   0.812500
  0.271357   0.438695   0.433618  -0.148141   0.543498   0.699157  -0.474400   0.312500   0.812500
  0.276382   0.437950   0.436349  -0.144628   0.541114   0.738425  -0.483704   0.312500   0.812500
  0.281407   0.437223   0.439068  -0.140918   0.538683   0.761861  -0.479509   0.312500   0.812500
  0.286432   0.436515   0.441775  -0.137089   0.536274   0.769192  -0.478064   0.312500   0.812500
  0.291457   0.435826   0.444470  -0.133224   0.533872   0.778652  -0.475924   0.312500   0.812500
  0.296482   0.435157   0.447152  -0.129311   0.531480   0.779407  -0.445214   0.312500   0.812500
  0.301508   0.434507   0.449823  -0.125394   0.529242   0.736437  -0.379841   0.312500   0.812500
  0.306533   0.433877   0.452483  -0.121693   0.527334   0.672497  -0.315406   0.312500   0.812500
  0.311558   0.433265   0.455133  -0.118314   0.525749   0.618931  -0.247694   0.312500   0.812500
  0.316583   0.432671   0.457775  -0.115204   0.524504   0.522078  -0.111701   0.312500   0.812500
  0.321608   0.432092   0.460410  -0.112581   0.523943   0.303904   0.108864   0.312500   0.812500
  0.326633   0.431526   0.463043  -0.111053   0.524490   0.045816   0.328871   0.312500   0.812500
  0.331658   0.430968   0.465679  -0.110823   0.526142  -0.189956   0.559633   0.312500   0.812500
  0.336683   0.430411   0.468323  -0.111778   0.528955  -0.548996   0.940227   0.312500   0.812500
  0.341709   0.429850   0.470981  -0.114537   0.533680  -1.189586   1.483315   0.312500   0.812500
  0.346734   0.429274   0.473663  -0.120515   0.541134  -1.904313   2.000393   0.312500   0.812500
  0.351759   0.428668   0.476382  -0.130084   0.551186  -2.578181   2.528843   0.312500   0.812500
  0.356784   0.428015   0.479152  -0.143039   0.563893  -3.507646   3.312346   0.312500   0.812500
  0.361809   0.427296   0.481985  -0.160665   0.580538  -4.937139   4.302372   0.312500   0.812500
  0.366834   0.426489   0.484902  -0.185474   0.602157  -6.444997   5.155003   0.312500   0.812500
  0.371859   0.425557   0.487928  -0.217860   0.628061  -7.854407   5.960195   0.312500   0.812500
  0.376884   0.424462   0.491084  -0.257329   0.658011  -9.608410   7.015119   0.312500   0.812500
  0.381910   0.423169   0.494391  -0.305621   0.693269 -11.943181   8.122499   0.312500   0.812500
  0.386935   0.421633   0.497875  -0.365635   0.734085 -14.218115   8.865372   0.312500   0.812500
  0.391960   0.419795   0.501564  -0.437081   0.778633 -16.228759   9.398707   0.312500   0.812500
  0.396985   0.417599   0.505477  -0.518631   0.825862 -18.327721   9.817270   0.312500   0.812500
  0.402010   0.414993   0.509627  -0.610727   0.875193 -20.504193   9.728543   0.312500   0.812500
  0.407035   0.411924   0.514024  -0.713761   0.924079 -22.293160   9.110875   0.312500   0.812500
  0.412060   0.408337   0.518668  -0.825784   0.969861 -23.630427   8.235247   0.312500   0.812500
  0.417085   0.404188   0.523541  -0.944527   1.011244 -24.192922   6.605529   0.312500   0.812500
  0.422111   0.399441   0.528624  -1.066121   1.044443 -23.326608   3.613087   0.312500   0.812500
  0.427136   0.394083   0.533872  -1.183337   1.062599 -21.731630   0.279189   0.312500   0.812500
  0.432161   0.388137   0.539212  -1.292538   1.064002 -20.056331  -2.727263   0.312500   0.812500
  0.437186   0.381642   0.544558  -1.393321   1.050297 -16.921133  -6.280220   0.312500   0.812500
  0.442211   0.374641   0.549836  -1.478350   1.018739 -10.519463 -11.209263   0.312500   0.812500
  0.447236   0.367212   0.554955  -1.531210   0.962412  -3.106105 -16.176281   0.312500   0.812500
  0.452261   0.359518   0.559791  -1.546819   0.881127   3.057417 -20.020194   0.312500   0.812500
  0.457286   0.351745   0.564219  -1.531455   0.780525   9.111079 -22.482591   0.312500   0.812500
  0.462312   0.344048   0.568142  -1.485663   0.667528  17.706329 -23.765031   0.312500   0.812500
  0.467337   0.336582   0.571496  -1.396688   0.548108  27.852420 -25.079602   0.312500   0.812500
  0.472362   0.329564   0.574251  -1.256730   0.422083  36.763615 -27.009585   0.312500   0.812500
  0.477387   0.323249   0.576372  -1.071993   0.286360  43.191247 -28.394984   0.312500   0.812500
  0.482412   0.317862   0.577811  -0.854957   0.143675  47.143478 -26.201936   0.312500   0.812500
  0.487437   0.313566   0.578533  -0.618061   0.012011  50.770406 -20.810154   0.312500   0.812500
  0.492462   0.310460   0.578593  -0.362940  -0.092560  55.262328 -15.889757   0.312500   0.812500
  0.497487   0.308637   0.578128  -0.085246  -0.172406  59.126890 -13.211565   0.312500   0.812500
  0.502513   0.308208   0.577261   0.211925  -0.238808  58.165507 -11.418683   0.312500   0.812500
  0.507538   0.309273   0.576061   0.504207  -0.296187  52.352559  -7.438429   0.312500   0.812500
  0.512563   0.311807   0.574573   0.767279  -0.333565  46.476451  -1.434553   0.312500   0.812500
  0.517588   0.315662   0.572897   1.000823  -0.340773  42.273917   5.155889   0.312500   0.812500
  0.522613   0.320691   0.571184   1.213249  -0.314865  37.179456  10.195740   0.312500   0.812500
  0.527638   0.326788   0.569602   1.400076  -0.263631  28.616552  12.426344   0.312500   0.812500
  0.532663   0.333823   0.568277   1.543874  -0.201189  18.578339  13.661346   0.312500   0.812500
  0.537688   0.341581   0.567266   1.637230  -0.132541   8.961051  15.431925   0.312500   0.812500
  0.542714   0.349810   0.566600   1.682269  -0.054980   0.709430  17.062679   0.312500   0.812500
  0.547739   0.358263   0.566324   1.685833   0.030760  -5.967866  16.731820   0.312500   0.812500
  0.552764   0.366735   0.566479   1.655845   0.114838 -12.011610  15.013022   0.312500   0.812500
  0.557789   0.375055   0.567056   1.595487   0.190278 -18.015839  13.089096   0.312500   0.812500
  0.562814   0.383073   0.568012   1.504957   0.256051 -22.861461  11.266010   0.312500   0.812500
  0.567839   0.390635   0.569298   1.390078   0.312662 -25.015942   9.355798   0.312500   0.812500
  0.572864   0.397620   0.570870   1.264373   0.359675 -25.672252   7.341253   0.312500   0.812500
  0.577889   0.403974   0.572677   1.135370   0.396565 -26.099096   5.302323   0.312500   0.812500
  0.582915   0.409680   0.574670   1.004196   0.423215 -25.921161   3.450558   0.312500   0.812500
  0.587940   0.414726   0.576797   0.873942   0.440554 -24.400299   2.111520   0.312500   0.812500
  0.592965   0.419118   0.579010   0.751331   0.451164 -22.236110   1.131231   0.312500   0.812500
  0.597990   0.422893   0.581278   0.639594   0.456848 -20.033548   0.243061   0.312500   0.812500
  0.603015   0.426107   0.583573   0.538926   0.458070 -17.717612  -0.506474   0.312500   0.812500
  0.608040   0.428815   0.585875   0.449895   0.455525 -15.277167  -0.903520   0.312500   0.812500
  0.613065   0.431076   0.588164   0.373127   0.450985 -12.964144  -1.065132   0.312500   0.812500
  0.618090   0.432951   0.590430   0.307982   0.445632 -10.797093  -1.176250   0.312500   0.812500
  0.623116   0.434499   0.592670   0.253716   0.439720  -8.752319  -1.241772   0.312500   0.812500
  0.628141   0.435774   0.594880   0.209735   0.433481  -7.015792  -1.192045   0.312500   0.812500
  0.633166   0.436828   0.597058   0.174481   0.427490  -5.597554  -1.074549   0.312500   0.812500
  0.638191   0.437704   0.599206   0.146353   0.422091  -4.329453  -0.954451   0.312500   0.812500
  0.643216   0.438440   0.601327   0.124598   0.417295  -3.200603  -0.843301   0.312500   0.812500
  0.648241   0.439066   0.603424   0.108515   0.413057  -2.357452  -0.731764   0.312500   0.812500
  0.653266   0.439611   0.605500   0.096669   0.409380  -1.740002  -0.620739   0.312500   0.812500
  0.658291   0.440097   0.607557   0.087925   0.406261  -1.201438  -0.516785   0.312500   0.812500
  0.663317   0.440539   0.609599   0.081887   0.403663  -0.737179  -0.428620   0.312500   0.812500
  0.668342   0.440950   0.611627   0.078182   0.401510  -0.430230  -0.363443   0.312500   0.812500
  0.673367   0.441343   0.613645   0.076020   0.399683  -0.235335  -0.310871   0.312500   0.812500
  0.678392   0.441725   0.615653   0.074838   0.398121  -0.066424  -0.261435   0.312500   0.812500
  0.683417   0.442101   0.617653   0.074504   0.396808   0.081951  -0.218106   0.312500   0.812500
  0.688442   0.442476   0.619647   0.074916   0.395712   0.166135  -0.189602   0.312500   0.812500
  0.693467   0.442852   0.621636   0.075751   0.394759   0.201344  -0.171466   0.312500   0.812500
  0.698492   0.443233   0.623620   0.076763   0.393897   0.232081  -0.154302   0.312500   0.812500
  0.703518   0.443619   0.625599   0.077929   0.393122   0.267477  -0.135730   0.312500   0.812500
  0.708543   0.444010   0.627575   0.079273   0.392440   0.282135  -0.121991   0.312500   0.812500
  0.713568   0.444409   0.629547   0.080691   0.391827   0.272372  -0.116012   0.312500   0.812500
  0.718593   0.444814   0.631516   0.082059   0.391244   0.263708  -0.111599   0.312500   0.812500
  0.723618   0.445226   0.633482   0.083385   0.390683   0.268324  -0.102816   0.312500   0.812500
  0.728643   0.445645   0.635445   0.084733   0.390166   0.267421  -0.093039   0.312500   0.812500
  0.733668   0.446071   0.637405   0.086077   0.389699   0.248679  -0.089936   0.312500   0.812500
  0.738693   0.446504   0.639364   0.087326   0.389247   0.231908  -0.090067   0.312500   0.812500
  0.743719   0.446943   0.641320   0.088492   0.388794   0.231679  -0.085117   0.312500   0.812500
  0.748744   0.447387   0.643274   0.089656   0.388366   0.230027  -0.075721   0.312500   0.812500
  0.753769   0.447838   0.645225   0.090812   0.387986   0.210240  -0.072704   0.312500   0.812500
  0.758794   0.448294   0.647175   0.091868   0.387621   0.192605  -0.075130   0.312500   0.812500
  0.763819   0.448756   0.649123   0.092836   0.387243   0.194346  -0.072558   0.312500   0.812500
  0.768844   0.449222   0.651069   0.093813   0.386878   0.195464  -0.062371   0.312500   0.812500
  0.773869   0.449694   0.653013   0.094795   0.386565   0.175167  -0.058394   0.312500   0.812500
  0.778894   0.450170   0.654955   0.095675   0.386272   0.157261  -0.062896   0.312500   0.812500
  0.783920   0.450651   0.656897   0.096466   0.385955   0.162806  -0.062962   0.312500   0.812500
  0.788945   0.451136   0.658836   0.097284   0.385639   0.167929  -0.051333   0.312500   0.812500
  0.793970   0.451624   0.660774   0.098128   0.385381   0.146102  -0.045358   0.312500   0.812500
  0.798995   0.452118   0.662710   0.098862   0.385153   0.126848  -0.052196   0.312500   0.812500
  0.804020   0.452614   0.664646   0.099499   0.384891   0.137072  -0.055885   0.312500   0.812500
  0.809045   0.453114   0.666580   0.100188   0.384610   0.147502  -0.042256   0.312500   0.812500
  0.814070   0.453618   0.668512   0.100929   0.384398   0.122859  -0.032832   0.312500   0.812500
  0.819095   0.454125   0.670444   0.101546   0.384233   0.100478  -0.042369   0.312500   0.812500
  0.824121   0.454635   0.672375   0.102051   0.384020   0.116068  -0.051257   0.312500   0.812500
  0.829146   0.455148   0.674305   0.102635   0.383762   0.133677  -0.035203   0.312500   0.812500
  0.834171   0.455664   0.676233   0.103306   0.383585   0.104996  -0.020324   0.312500   0.812500
  0.839196   0.456183   0.678161   0.103834   0.383483   0.077146  -0.032790   0.312500   0.812500
  0.844221   0.456705   0.680088   0.104222   0.383318   0.098520  -0.048968   0.312500   0.812500
  0.849246   0.457228   0.682014   0.104717   0.383072   0.125803  -0.030379   0.312500   0.812500
  0.854271   0.457755   0.683939   0.105349   0.382920   0.092216  -0.007498   0.312500   0.812500
  0.859296   0.458284   0.685863   0.105812   0.382882   0.056024  -0.022836   0.312500   0.812500
  0.864322   0.458816   0.687787   0.106094   0.382767   0.083011  -0.048865   0.312500   0.812500
  0.869347   0.459349   0.689711   0.106511   0.382522   0.122833  -0.028244   0.312500   0.812500
  0.874372   0.459884   0.691633   0.107128   0.382380   0.084212   0.005516   0.312500   0.812500
  0.879397   0.460422   0.693555   0.107551   0.382408   0.036607  -0.012067   0.312500   0.812500
  0.884422   0.460963   0.695476   0.107735   0.382347   0.068086  -0.050522   0.312500   0.812500
  0.889447   0.461504   0.697397   0.108078   0.382093   0.123192  -0.029161   0.312500   0.812500
  0.894472   0.462047   0.699317   0.108697   0.381946   0.080512   0.018304   0.312500   0.812500
  0.899497   0.462594   0.701237   0.109101   0.382038   0.018690  -0.000165   0.312500   0.812500
  0.904523   0.463142   0.703157   0.109195   0.382038   0.052471  -0.053249   0.312500   0.812500
  0.909548   0.463691   0.705077   0.109459   0.381770   0.124854  -0.033351   0.312500   0.812500
  0.914573   0.464241   0.706995   0.110086   0.381602   0.080359   0.029992   0.312500   0.812500
  0.919598   0.464794   0.708913   0.110490   0.381753   0.002435   0.012764   0.312500   0.812500
  0.924623   0.465349   0.710831   0.110502   0.381817   0.035348  -0.056131   0.312500   0.812500
  0.929648   0.465904   0.712749   0.110680   0.381535   0.125704  -0.040624   0.312500   0.812500
  0.934673   0.466461   0.714667   0.111311   0.381331   0.082768   0.039656   0.312500   0.812500
  0.939698   0.467020   0.716583   0.111727   0.381530  -0.011827   0.026387   0.312500   0.812500
  0.944724   0.467581   0.718500   0.111668   0.381663   0.016584  -0.058289   0.312500   0.812500
  0.949749   0.468143   0.720418   0.111751   0.381370   0.123984  -0.050208   0.312500   0.812500
  0.954774   0.468704   0.722335   0.112374   0.381118   0.086005   0.047505   0.312500   0.812500
  0.959799   0.469269   0.724250   0.112806   0.381357  -0.025979   0.043101   0.312500   0.812500
  0.964824   0.469836   0.726166   0.112676   0.381573  -0.009089  -0.052515   0.312500   0.812500
  0.969849   0.470402   0.728084   0.112630   0.381309   0.108113  -0.051896   0.312500   0.812500
  0.974874   0.470968   0.730000   0.113174   0.381048   0.070028   0.063947   0.312500   0.812500
  0.979899   0.471536   0.731914   0.113525   0.381370  -0.086658   0.080760   0.312500   0.812500
  0.984925   0.472107   0.733831   0.113090   0.381776  -0.158669  -0.013485   0.312500   0.812500
  0.989950   0.472675   0.735750   0.112293   0.381708  -0.127123  -0.076656   0.312500   0.812500
  0.994975   0.473240   0.737668   0.111654   0.381323  -0.158426  -0.107893   0.312500   0.812500
  1.000000   0.473801   0.739584   0.110858   0.380781  -0.265952  -0.255095   0.312500   0.812500