   0.000000    0.519603    0.300963    0.000000    0.000000   13.125257   22.952288    0.562500    0.187500
   0.005025    0.519603    0.300963    0.065954    0.115335    9.715494   21.316064    0.562500    0.187500
   0.010050    0.519934    0.301543    0.114775    0.222448    6.970204   16.736885    0.562500    0.187500
   0.015075    0.520511    0.302660    0.149800    0.306551    4.810311    9.846539    0.562500    0.187500
   0.020101    0.521264    0.304201    0.173977    0.356040    2.820254    3.889711    0.562500    0.187500
   0.025126    0.522138    0.305990    0.188148    0.375586    0.901364   -0.248483    0.562500    0.187500
   0.030151    0.523084    0.307878    0.192678    0.374337   -0.825718   -1.988457    0.562500    0.187500
   0.035176    0.524052    0.309759    0.188529    0.364345   -2.255265   -1.029962    0.562500    0.187500
   0.040201    0.524999    0.311589    0.177196    0.359170   -3.466872    0.481424    0.562500    0.187500
   0.045226    0.525890    0.313394    0.159775    0.361589   -4.547949    1.337533    0.562500    0.187500
   0.050251    0.526693    0.315211    0.136921    0.368310   -5.446823    1.745551    0.562500    0.187500
   0.055276    0.527381    0.317062    0.109551    0.377081   -6.063878    2.045390    0.562500    0.187500
   0.060302    0.527931    0.318957    0.079074    0.387361   -6.496407    2.267112    0.562500    0.187500
   0.065327    0.528329    0.320904    0.046430    0.398754   -6.864346    2.357594    0.562500    0.187500
   0.070352    0.528562    0.322907    0.011936    0.410601   -7.143906    2.381397    0.562500    0.187500
   0.075377    0.528622    0.324971   -0.023962    0.422567   -7.251540    2.439517    0.562500    0.187500
   0.080402    0.528501    0.327094   -0.060401    0.434826   -7.243524    2.483894    0.562500    0.187500
   0.085427    0.528198    0.329279   -0.096800    0.447307   -7.211540    2.446859    0.562500    0.187500
   0.090452    0.527712    0.331527   -0.133038    0.459603   -7.143888    2.366361    0.562500    0.187500
   0.095477    0.527043    0.333836   -0.168936    0.471494   -6.974706    2.317808    0.562500    0.187500
   0.100503    0.526194    0.336206   -0.203990    0.483143   -6.734731    2.270408    0.562500    0.187500
   0.105528    0.525169    0.338634   -0.237832    0.494552   -6.494143    2.170539    0.562500    0.187500
   0.110553    0.523974    0.341119   -0.270466    0.505459   -6.249357    2.042402    0.562500    0.187500
   0.115578    0.522615    0.343659   -0.301869    0.515722   -5.949356    1.942438    0.562500    0.187500
   0.120603    0.521098    0.346250   -0.331764    0.525483   -5.607986    1.851443    0.562500    0.187500
   0.125628    0.519431    0.348891   -0.359944    0.534786   -5.278301    1.727410    0.562500    0.187500
   0.130653    0.517622    0.351578   -0.386468    0.543466   -4.962027    1.585606    0.562500    0.187500
   0.135678    0.515680    0.354309   -0.411402    0.551434   -4.620315    1.467986    0.562500    0.187500
   0.140704    0.513612    0.357081   -0.434624    0.558812   -4.255937    1.362746    0.562500    0.187500
   0.145729    0.511428    0.359889   -0.456010    0.565660   -3.908759    1.237314    0.562500    0.187500
   0.150754    0.509137    0.362731   -0.475651    0.571877   -3.583712    1.101267    0.562500    0.187500
   0.155779    0.506747    0.365605   -0.493659    0.577411   -3.251761    0.985647    0.562500    0.187500
   0.160804    0.504266    0.368506   -0.509999    0.582364   -2.908891    0.883224    0.562500    0.187500
   0.165829    0.501703    0.371433   -0.524617    0.586802   -2.584378    0.768827    0.562500    0.187500
   0.170854    0.499067    0.374381   -0.537603    0.590666   -2.285188    0.648557    0.562500    0.187500
   0.175879    0.496366    0.377349   -0.549086    0.593925   -1.990120    0.545358    0.562500    0.187500
   0.180905    0.493606    0.380335   -0.559089    0.596666   -1.691030    0.454664    0.562500    0.187500
   0.185930    0.490796    0.383333   -0.567586    0.598950   -1.409183    0.357142    0.562500    0.187500
   0.190955    0.487944    0.386342   -0.574667    0.600745   -1.152558    0.256819    0.562500    0.187500
   0.195980    0.485057    0.389361   -0.580459    0.602035   -0.906146    0.170712    0.562500    0.187500
   0.201005    0.482140    0.392386   -0.585012    0.602893   -0.659688    0.095724    0.562500    0.187500
   0.206030    0.479200    0.395416   -0.588327    0.603374   -0.427973    0.016910    0.562500    0.187500
   0.211055    0.476244    0.398448   -0.590478    0.603459   -0.219535   -0.062825    0.562500    0.187500
   0.216080    0.473277    0.401480   -0.591581    0.603144   -0.024245   -0.130733    0.562500    0.187500
   0.221106    0.470303    0.404512   -0.591703    0.602487    0.169132   -0.189212    0.562500    0.187500
   0.226131    0.467330    0.407539   -0.590853    0.601536    0.350692   -0.249865    0.562500    0.187500
   0.231156    0.464361    0.410562   -0.589090    0.600280    0.511846   -0.310378    0.562500    0.187500
   0.236181    0.461401    0.413578   -0.586518    0.598720    0.658893   -0.361023    0.562500    0.187500
   0.241206    0.458454    0.416587   -0.583208    0.596906    0.803122   -0.403880    0.562500    0.187500
   0.246231    0.455523    0.419586   -0.579172    0.594877    0.938655   -0.448185    0.562500    0.187500
   0.251256    0.452613    0.422576   -0.574455    0.592625    1.057132   -0.491939    0.562500    0.187500
   0.256281    0.449726    0.425554   -0.569143    0.590153    1.161816   -0.527496    0.562500    0.187500
   0.261307    0.446866    0.428520   -0.563304    0.587502    1.263343   -0.556686    0.562500    0.187500
   0.266332    0.444035    0.431472   -0.556955    0.584704    1.359107   -0.587143    0.562500    0.187500
   0.271357    0.441236    0.434410   -0.550126    0.581754    1.441829   -0.617404    0.562500    0.187500
   0.276382    0.438472    0.437333   -0.542881    0.578651    1.512328   -0.641195    0.562500    0.187500
   0.281407    0.435744    0.440241   -0.535281    0.575429    1.578853   -0.659310    0.562500    0.187500
   0.286432    0.433054    0.443133   -0.527348    0.572116    1.642112   -0.678658    0.562500    0.187500
   0.291457    0.430404    0.446007   -0.519096    0.568706    1.698644   -0.699772    0.562500    0.187500
   0.296482    0.427796    0.448865   -0.510560    0.565190    1.747364   -0.717326    0.562500    0.187500
   0.301508    0.425230    0.451706   -0.501778    0.561584    1.788135   -0.727758    0.562500    0.187500
   0.306533    0.422708    0.454528   -0.492793    0.557927    1.825463   -0.737965    0.562500    0.187500
   0.311558    0.420232    0.457331   -0.483620    0.554219    1.869086   -0.755224    0.562500    0.187500
   0.316583    0.417802    0.460116   -0.474227    0.550424    1.917203   -0.775275    0.562500    0.187500
   0.321608    0.415419    0.462882   -0.464594    0.546528    1.941591   -0.780412    0.562500    0.187500
   0.326633    0.413084    0.465629   -0.454837    0.542607    1.949947   -0.776985    0.562500    0.187500
   0.331658    0.410799    0.468355   -0.445039    0.538702    1.989958   -0.789479    0.562500    0.187500
   0.336683    0.408562    0.471062   -0.435039    0.534735    2.061295   -0.814815    0.562500    0.187500
   0.341709    0.406376    0.473750   -0.424679    0.530640    2.058420   -0.801782    0.562500    0.187500
   0.346734    0.404242    0.476416   -0.414335    0.526611    1.985799   -0.753173    0.562500    0.187500
   0.351759    0.402160    0.479062   -0.404357    0.522826    1.974302   -0.722320    0.562500    0.187500
   0.356784    0.400128    0.481690   -0.394436    0.519197    2.015994   -0.697981    0.562500    0.187500
   0.361809    0.398146    0.484299   -0.384305    0.515689    1.846247   -0.579340    0.562500    0.187500
   0.366834    0.396215    0.486890   -0.375028    0.512778    1.469266   -0.376765    0.562500    0.187500
   0.371859    0.394330    0.489467   -0.367645    0.510885    1.135639   -0.161191    0.562500    0.187500
   0.376884    0.392483    0.492034   -0.361938    0.510075    0.739389    0.142018    0.562500    0.187500
   0.381910    0.390664    0.494597   -0.358222    0.510789   -0.201837    0.655532    0.562500    0.187500
   0.386935    0.388864    0.497164   -0.359237    0.514083   -1.538366    1.259186    0.562500    0.187500
   0.391960    0.387058    0.499747   -0.366967    0.520410   -2.939848    1.909398    0.562500    0.187500
   0.396985    0.385214    0.502362   -0.381740    0.530005   -4.934093    2.864184    0.562500    0.187500
   0.402010    0.383296    0.505026   -0.406533    0.544398   -8.157303    4.185578    0.562500    0.187500
   0.407035    0.381253    0.507761   -0.447524    0.565430  -11.705759    5.394553    0.562500    0.187500
   0.412060    0.379004    0.510603   -0.506345    0.592538  -15.163204    6.384575    0.562500    0.187500
   0.417085    0.376460    0.513580   -0.582540    0.624620  -19.911539    7.488669    0.562500    0.187500
   0.422111    0.373532    0.516719   -0.682616    0.662258  -26.866076    8.923539    0.562500    0.187500
   0.427136    0.370102    0.520047   -0.817618    0.707099  -33.931810   10.426889    0.562500    0.187500
   0.432161    0.365994    0.523600   -0.988125    0.759494  -40.239220   11.663008    0.562500    0.187500
   0.437186    0.361028    0.527417   -1.190327    0.818101  -46.312573   11.150681    0.562500    0.187500
   0.442211    0.355047    0.531528   -1.423048    0.874133  -50.976904    6.702752    0.562500    0.187500
   0.447236    0.347896    0.535920   -1.679207    0.907814  -53.667310    0.607025    0.562500    0.187500
   0.452261    0.339458    0.540482   -1.948885    0.910865  -55.509860   -4.659684    0.562500    0.187500
   0.457286    0.329665    0.545059   -2.227822    0.887450  -50.933613  -13.255808    0.562500    0.187500
   0.462312    0.318468    0.549520   -2.483814    0.820826  -27.261738  -33.648339    0.562500    0.187500
   0.467337    0.305987    0.553644   -2.620805    0.651743    9.497404  -62.416059    0.562500    0.187500
   0.472362    0.292817    0.556919   -2.573080    0.338102   45.993790  -91.101457    0.562500    0.187500
   0.477387    0.279887    0.558618   -2.341961   -0.119683   80.594539 -109.192129    0.562500    0.187500
   0.482412    0.268119    0.558017   -1.936974   -0.668373  110.279016  -93.536163    0.562500    0.187500
   0.487437    0.258386    0.554658   -1.382822   -1.138392  130.686843  -48.416187    0.562500    0.187500
   0.492462    0.251437    0.548938   -0.726120   -1.381684  145.212571    1.363759    0.562500    0.187500
   0.497487    0.247788    0.541995    0.003573   -1.374831  150.784720   47.733782    0.562500    0.187500
   0.502513    0.247806    0.535085    0.761417   -1.134921  131.815633   80.731996    0.562500    0.187500
   0.507538    0.251632    0.529382    1.423790   -0.729242   92.948950   93.669408    0.562500    0.187500
   0.512563    0.258787    0.525718    1.890859   -0.258554   53.499452   96.413054    0.562500    0.187500
   0.517588    0.268289    0.524418    2.159693    0.225922   18.053281   91.391698    0.562500    0.187500
   0.522613    0.279141    0.525554    2.250411    0.685165  -11.426449   70.715662    0.562500    0.187500
   0.527638    0.290449    0.528997    2.192993    1.040511  -32.058011   40.235006    0.562500    0.187500
   0.532663    0.301469    0.534225    2.031902    1.242692  -47.343924   12.567388    0.562500    0.187500
   0.537688    0.311679    0.540470    1.793999    1.305844  -58.876775   -9.103586    0.562500    0.187500
   0.542714    0.320696    0.547033    1.498084    1.260089  -61.437888  -20.493447    0.562500    0.187500
   0.547739    0.328224    0.553365    1.189359    1.157109  -54.703408  -21.471081    0.562500    0.187500
   0.552764    0.334200    0.559179    0.914474    1.049217  -46.209614  -19.698775    0.562500    0.187500
   0.557789    0.338796    0.564452    0.682271    0.950231  -38.661372  -18.519682    0.562500    0.187500
   0.562814    0.342224    0.569226    0.487997    0.857169  -31.725506  -17.427806    0.562500    0.187500
   0.567839    0.344676    0.573534    0.328577    0.769595  -25.612916  -15.618616    0.562500    0.187500
   0.572864    0.346327    0.577401    0.199872    0.691111  -20.356434  -13.437823    0.562500    0.187500
   0.577889    0.347332    0.580874    0.097581    0.623586  -15.444828  -11.128448    0.562500    0.187500
   0.582915    0.347822    0.584008    0.019955    0.567654  -10.959865   -8.773875    0.562500    0.187500
   0.587940    0.347922    0.586860   -0.035118    0.523566   -7.664960   -6.842855    0.562500    0.187500
   0.592965    0.347746    0.589491   -0.073635    0.489180   -5.339179   -5.401814    0.562500    0.187500
   0.597990    0.347376    0.591949   -0.100464    0.462036   -3.397349   -4.117039    0.562500    0.187500
   0.603015    0.346871    0.594271   -0.117536    0.441348   -1.821368   -2.898626    0.562500    0.187500
   0.608040    0.346280    0.596489   -0.126688    0.426783   -0.817234   -2.002598    0.562500    0.187500
   0.613065    0.345644    0.598634   -0.130795    0.416720   -0.161828   -1.429622    0.562500    0.187500
   0.618090    0.344987    0.600728   -0.131608    0.409536    0.340960   -0.986493    0.562500    0.187500
   0.623116    0.344325    0.602786   -0.129894    0.404578    0.633672   -0.624676    0.562500    0.187500
   0.628141    0.343672    0.604819   -0.126710    0.401439    0.729931   -0.393356    0.562500    0.187500
   0.633166    0.343036    0.606836   -0.123042    0.399462    0.798510   -0.252526    0.562500    0.187500
   0.638191    0.342417    0.608843   -0.119030    0.398193    0.858808   -0.148548    0.562500    0.187500
   0.643216    0.341819    0.610844   -0.114714    0.397447    0.834710   -0.085867    0.562500    0.187500
   0.648241    0.341243    0.612841   -0.110520    0.397015    0.752831   -0.065421    0.562500    0.187500
   0.653266    0.340688    0.614836   -0.106737    0.396686    0.706492   -0.053186    0.562500    0.187500
   0.658291    0.340151    0.616830   -0.103187    0.396419    0.682943   -0.039804    0.562500    0.187500
   0.663317    0.339633    0.618822   -0.099754    0.396219    0.632835   -0.037745    0.562500    0.187500
   0.668342    0.339131    0.620813   -0.096574    0.396029    0.566605   -0.047620    0.562500    0.187500
   0.673367    0.338646    0.622803   -0.093727    0.395790    0.526415   -0.054541    0.562500    0.187500
   0.678392    0.338175    0.624792   -0.091082    0.395516    0.502636   -0.056067    0.562500    0.187500
   0.683417    0.337717    0.626780   -0.088556    0.395234    0.469907   -0.057132    0.562500    0.187500
   0.688442    0.337272    0.628766   -0.086195    0.394947    0.431407   -0.060552    0.562500    0.187500
   0.693467    0.336839    0.630750   -0.084027    0.394643    0.407104   -0.064310    0.562500    0.187500
   0.698492    0.336417    0.632733   -0.081981    0.394320    0.392029   -0.066108    0.562500    0.187500
   0.703518    0.336005    0.634715   -0.080011    0.393987    0.371467   -0.064531    0.562500    0.187500
   0.708543    0.335603    0.636695   -0.078144    0.393663    0.346105   -0.062005    0.562500    0.187500
   0.713568    0.335210    0.638673   -0.076405    0.393352    0.329909   -0.062425    0.562500    0.187500
   0.718593    0.334826    0.640650   -0.074747    0.393038    0.320907   -0.063805    0.562500    0.187500
   0.723618    0.334451    0.642625   -0.073135    0.392717    0.306860   -0.061459    0.562500    0.187500
   0.728643    0.334083    0.644598   -0.071593    0.392409    0.286018   -0.056336    0.562500    0.187500
   0.733668    0.333723    0.646570   -0.070156    0.392125    0.272708   -0.055154    0.562500    0.187500
   0.738693    0.333371    0.648540   -0.068785    0.391848    0.267889   -0.057027    0.562500    0.187500
   0.743719    0.333025    0.650510   -0.067439    0.391562    0.258411   -0.055356    0.562500    0.187500
   0.748744    0.332686    0.652477   -0.066140    0.391283    0.238764   -0.048947    0.562500    0.187500
   0.753769    0.332354    0.654444   -0.064941    0.391038    0.225829   -0.046653    0.562500    0.187500
   0.758794    0.332028    0.656409   -0.063806    0.390803    0.224560   -0.049587    0.562500    0.187500
   0.763819    0.331707    0.658372   -0.062677    0.390554    0.219575   -0.049442    0.562500    0.187500
   0.768844    0.331392    0.660335   -0.061574    0.390305    0.199786   -0.041871    0.562500    0.187500
   0.773869    0.331083    0.662296   -0.060570    0.390095    0.185590   -0.038088    0.562500    0.187500
   0.778894    0.330778    0.664256   -0.059637    0.389904    0.187787   -0.042484    0.562500    0.187500
   0.783920    0.330479    0.666216   -0.058694    0.389690    0.188053   -0.044758    0.562500    0.187500
   0.788945    0.330184    0.668174   -0.057749    0.389465    0.167344   -0.035756    0.562500    0.187500
   0.793970    0.329893    0.670131   -0.056908    0.389286    0.150208   -0.029518    0.562500    0.187500
   0.798995    0.329607    0.672088   -0.056153    0.389137    0.155960   -0.035687    0.562500    0.187500
   0.804020    0.329325    0.674043   -0.055369    0.388958    0.162785   -0.041583    0.562500    0.187500
   0.809045    0.329047    0.675997   -0.054551    0.388749    0.140594   -0.030827    0.562500    0.187500
   0.814070    0.328773    0.677951   -0.053845    0.388594    0.118461   -0.020653    0.562500    0.187500
   0.819095    0.328502    0.679904   -0.053250    0.388490    0.127837   -0.028854    0.562500    0.187500
   0.824121    0.328235    0.681856   -0.052607    0.388345    0.143034   -0.040075    0.562500    0.187500
   0.829146    0.327970    0.683808   -0.051888    0.388144    0.119057   -0.027399    0.562500    0.187500
   0.834171    0.327710    0.685758   -0.051290    0.388006    0.089439   -0.011241    0.562500    0.187500
   0.839196    0.327452    0.687708   -0.050841    0.387950    0.102332   -0.021524    0.562500    0.187500
   0.844221    0.327196    0.689657   -0.050326    0.387842    0.128098   -0.040243    0.562500    0.187500
   0.849246    0.326944    0.691606   -0.049683    0.387639    0.102479   -0.025838    0.562500    0.187500
   0.854271    0.326694    0.693554   -0.049168    0.387509    0.062580   -0.001124    0.562500    0.187500
   0.859296    0.326447    0.695501   -0.048853    0.387504    0.078513   -0.013187    0.562500    0.187500
   0.864322    0.326201    0.697449   -0.048459    0.387438    0.117197   -0.041989    0.562500    0.187500
   0.869347    0.325958    0.699396   -0.047870    0.387227    0.090711   -0.026688    0.562500    0.187500
   0.874372    0.325717    0.701341   -0.047414    0.387092    0.037795    0.009436    0.562500    0.187500
   0.879397    0.325479    0.703287   -0.047224    0.387140    0.055774   -0.003509    0.562500    0.187500
   0.884422    0.325242    0.705232   -0.046944    0.387122    0.109379   -0.044902    0.562500    0.187500
   0.889447    0.325006    0.707177   -0.046394    0.386897    0.083594   -0.030303    0.562500    0.187500
   0.894472    0.324773    0.709121   -0.045974    0.386744    0.015479    0.019946    0.562500    0.187500
   0.899497    0.324542    0.711065   -0.045896    0.386845    0.033872    0.007734    0.562500    0.187500
   0.904523    0.324311    0.713009   -0.045726    0.386883    0.103580   -0.048295    0.562500    0.187500
   0.909548    0.324081    0.714953   -0.045206    0.386641    0.080736   -0.036828    0.562500    0.187500
   0.914573    0.323854    0.716896   -0.044800    0.386456   -0.003645    0.029509    0.562500    0.187500
   0.919598    0.323629    0.718838   -0.044818    0.386604    0.013021    0.020329    0.562500    0.187500
   0.924623    0.323404    0.720781   -0.044753    0.386706    0.098712   -0.051264    0.562500    0.187500
   0.929648    0.323179    0.722724   -0.044257    0.386449    0.081491   -0.045955    0.562500    0.187500
   0.934673    0.322956    0.724666   -0.043847    0.386218   -0.018849    0.037221    0.562500    0.187500
   0.939698    0.322736    0.726607   -0.043942    0.386405   -0.006382    0.033836    0.562500    0.187500
   0.944724    0.322515    0.728549   -0.043974    0.386575    0.093889   -0.052995    0.562500    0.187500
   0.949749    0.322294    0.730491   -0.043502    0.386308    0.084704   -0.056819    0.562500    0.187500
   0.954774    0.322076    0.732432   -0.043077    0.386023   -0.030771    0.043381    0.562500    0.187500
   0.959799    0.321859    0.734372   -0.043231    0.386241   -0.026973    0.050769    0.562500    0.187500
   0.964824    0.321642    0.736313   -0.043367    0.386496    0.081633   -0.045810    0.562500    0.187500
   0.969849    0.321424    0.738255   -0.042957    0.386266    0.079579   -0.058090    0.562500    0.187500
   0.974874    0.321208    0.740196   -0.042557    0.385974   -0.050194    0.060445    0.562500    0.187500
   0.979899    0.320994    0.742136   -0.042809    0.386278   -0.065585    0.093937    0.562500    0.187500
   0.984925    0.320779    0.744077   -0.043139    0.386750    0.041474    0.008316    0.562500    0.187500
   0.989950    0.320562    0.746020   -0.042930    0.386792    0.110727   -0.057846    0.562500    0.187500
   0.994975    0.320347    0.747964   -0.042374    0.386501    0.145267   -0.085575    0.562500    0.187500
   1.000000    0.320134    0.749906   -0.041644    0.386071    0.308155   -0.219943    0.562500    0.187500