  0.000000   0.519603   0.300963   0.000000   0.000000  13.125257  22.952288   0.562500   0.812500
  0.005025   0.519603   0.300963   0.065954   0.115335   9.715494  21.316064   0.562500   0.812500
  0.010050   0.519934   0.301543   0.114775   0.222448   6.970204  16.736885   0.562500   0.812500
  0.015075   0.520511   0.302660   0.149800   0.306551   4.810311   9.846539   0.562500   0.812500
  0.020101   0.521264   0.304201   0.173977   0.356040   2.820254   3.889711   0.562500   0.812500
  0.025126   0.522138   0.305990   0.188148   0.375586   0.901364  -0.248483   0.562500   0.812500
  0.030151   0.523084   0.307878   0.192678   0.374337  -0.825718  -1.988457   0.562500   0.812500
  0.035176   0.524052   0.309759   0.188529   0.364345  -2.255265  -1.029962   0.562500   0.812500
  0.040201   0.524999   0.311589   0.177196   0.359170  -3.466872   0.481424   0.562500   0.812500
  0.045226   0.525890   0.313394   0.159775   0.361589  -4.547949   1.337533   0.562500   0.812500
  0.050251   0.526693   0.315211   0.136921   0.368310  -5.446823   1.745551   0.562500   0.812500
  0.055276   0.527381   0.317062   0.109551   0.377081  -6.063878   2.045390   0.562500   0.812500
  0.060302   0.527931   0.318957   0.079074   0.387361  -6.496407   2.267112   0.562500   0.812500
  0.065327   0.528329   0.320904   0.046430   0.398754  -6.864346   2.357594   0.562500   0.812500
  0.070352   0.528562   0.322907   0.011936   0.410601  -7.143906   2.381397   0.562500   0.812500
  0.075377   0.528622   0.324971  -0.023962   0.422567  -7.251540   2.439517   0.562500   0.812500
  0.080402   0.528501   0.327094  -0.060401   0.434826  -7.243524   2.483894   0.562500   0.812500
  0.085427   0.528198   0.329279  -0.096800   0.447307  -7.211540   2.446859   0.562500   0.812500
  0.090452   0.527712   0.331527  -0.133038   0.459603  -7.143888   2.366361   0.562500   0.812500
  0.095477   0.527043   0.333836  -0.168936   0.471494  -6.974706   2.317808   0.562500   0.812500
  0.100503   0.526194   0.336206  -0.203990   0.483143  -6.734731   2.270408   0.562500   0.812500
  0.105528   0.525169   0.338634  -0.237832   0.494552  -6.494143   2.170539   0.562500   0.812500
  0.110553   0.523974   0.341119  -0.270466   0.505459  -6.249357   2.042402   0.562500   0.812500
  0.115578   0.522615   0.343659  -0.301869   0.515722  -5.949356   1.942438   0.562500   0.812500
  0.120603   0.521098   0.346250  -0.331764   0.525483  -5.607986   1.851443   0.562500   0.812500
  0.125628   0.519431   0.348891  -0.359944   0.534786  -5.278301   1.727410   0.562500   0.812500
  0.130653   0.517622   0.351578  -0.386468   0.543466  -4.962027   1.585606   0.562500   0.812500
  0.135678   0.515680   0.354309  -0.411402   0.551434  -4.620315   1.467986   0.562500   0.812500
  0.140704   0.513612   0.357081  -0.434624   0.558812  -4.255937   1.362746   0.562500   0.812500
  0.145729   0.511428   0.359889  -0.456010   0.565660  -3.908759   1.237314   0.562500   0.812500
  0.150754   0.509137   0.362731  -0.475651   0.571877  -3.583712   1.101266   0.562500   0.812500
  0.155779   0.506747   0.365605  -0.493659   0.577411  -3.251761   0.985647   0.562500   0.812500
  0.160804   0.504266   0.368506  -0.509999   0.582364  -2.908891   0.883224   0.562500   0.812500
  0.165829   0.501703   0.371433  -0.524617   0.586802  -2.584377   0.768827   0.562500   0.812500
  0.170854   0.499067   0.374381  -0.537603   0.590666  -2.285188   0.648556   0.562500   0.812500
  0.175879   0.496366   0.377349  -0.549086   0.593925  -1.990120   0.545358   0.562500   0.812500
  0.180905   0.493606   0.380335  -0.559089   0.596666  -1.691031   0.454665   0.562500   0.812500
  0.185930   0.490796   0.383333  -0.567586   0.598950  -1.409184   0.357142   0.562500   0.812500
  0.190955   0.487944   0.386342  -0.574667   0.600745  -1.152557   0.256816   0.562500   0.812500
  0.195980   0.485057   0.389361  -0.580459   0.602035  -0.906152   0.170713   0.562500   0.812500
  0.201005   0.482140   0.392386  -0.585012   0.602893  -0.659707   0.095734   0.562500   0.812500
  0.206030   0.479200   0.395416  -0.588327   0.603374  -0.427995   0.016921   0.562500   0.812500
  0.211055   0.476244   0.398448  -0.590478   0.603459  -0.219552  -0.062822   0.562500   0.812500
  0.216080   0.473277   0.401480  -0.591581   0.603144  -0.024316  -0.130702   0.562500   0.812500
  0.221106   0.470303   0.404512  -0.591703   0.602487   0.168937  -0.189101   0.562500   0.812500
  0.226131   0.467330   0.407539  -0.590854   0.601537   0.350425  -0.249709   0.562500   0.812500
  0.231156   0.464361   0.410562  -0.589093   0.600282   0.511549  -0.310221   0.562500   0.812500
  0.236181   0.461401   0.413578  -0.586523   0.598723   0.658214  -0.360662   0.562500   0.812500
  0.241206   0.458454   0.416587  -0.583215   0.596911   0.801581  -0.402998   0.562500   0.812500
  0.246231   0.455523   0.419586  -0.579187   0.594885   0.936422  -0.446882   0.562500   0.812500
  0.251256   0.452613   0.422576  -0.574482   0.592640   1.054366  -0.490390   0.562500   0.812500
  0.256281   0.449726   0.425554  -0.569184   0.590176   1.156724  -0.524753   0.562500   0.812500
  0.261307   0.446865   0.428520  -0.563370   0.587538   1.253296  -0.551140   0.562500   0.812500
  0.266332   0.444034   0.431472  -0.557072   0.584769   1.344439  -0.578907   0.562500   0.812500
  0.271357   0.441235   0.434411  -0.550316   0.581860   1.422893  -0.606955   0.562500   0.812500
  0.276382   0.438469   0.437335  -0.543166   0.578810   1.481390  -0.624804   0.562500   0.812500
  0.281407   0.435740   0.440243  -0.535722   0.575670   1.524349  -0.630599   0.562500   0.812500
  0.286432   0.433048   0.443136  -0.528063   0.572501   1.563935  -0.637160   0.562500   0.812500
  0.291457   0.430395   0.446013  -0.520204   0.569300   1.596608  -0.646116   0.562500   0.812500
  0.296482   0.427781   0.448873  -0.512181   0.566053   1.593119  -0.639342   0.562500   0.812500
  0.301508   0.425206   0.451718  -0.504174   0.562840   1.540817  -0.605909   0.562500   0.812500
  0.306533   0.422673   0.454547  -0.496431   0.559795   1.482346  -0.569733   0.562500   0.812500
  0.311558   0.420178   0.457360  -0.488982   0.556932   1.425096  -0.539757   0.562500   0.812500
  0.316583   0.417721   0.460158  -0.481821   0.554220   1.285147  -0.480590   0.562500   0.812500
  0.321608   0.415300   0.462943  -0.475363   0.551805   1.007593  -0.362825   0.562500   0.812500
  0.326633   0.412911   0.465716  -0.470300   0.549982   0.709752  -0.233602   0.562500   0.812500
  0.331658   0.410548   0.468480  -0.466734   0.548808   0.424065  -0.115990   0.562500   0.812500
  0.336683   0.408203   0.471237  -0.464603   0.548225  -0.047248   0.049557   0.562500   0.812500
  0.341709   0.405868   0.473993  -0.464840   0.548474  -0.833037   0.312816   0.562500   0.812500
  0.346734   0.403532   0.476749  -0.469026   0.550046  -1.658607   0.593514   0.562500   0.812500
  0.351759   0.401175   0.479513  -0.477361   0.553028  -2.448590   0.850305   0.562500   0.812500
  0.356784   0.398776   0.482292  -0.489665   0.557301  -3.580093   1.147432   0.562500   0.812500
  0.361809   0.396316   0.485092  -0.507655   0.563067  -5.252700   1.527324   0.562500   0.812500
  0.366834   0.393765   0.487922  -0.534050   0.570742  -6.935408   1.900838   0.562500   0.812500
  0.371859   0.391081   0.490790  -0.568900   0.580293  -8.496539   2.212499   0.562500   0.812500
  0.376884   0.388222   0.493706  -0.611595   0.591411 -10.465347   2.437084   0.562500   0.812500
  0.381910   0.385148   0.496678  -0.664194   0.603660 -13.017672   2.551455   0.562500   0.812500
  0.386935   0.381811   0.499711  -0.729608   0.616481 -15.401839   2.602079   0.562500   0.812500
  0.391960   0.378145   0.502809  -0.807002   0.629557 -17.440648   2.543253   0.562500   0.812500
  0.396985   0.374089   0.505973  -0.894641   0.642336 -19.486894   2.058944   0.562500   0.812500
  0.402010   0.369594   0.509201  -0.992563   0.652683 -21.477840   1.002517   0.562500   0.812500
  0.407035   0.364606   0.512480  -1.100489   0.657720 -23.000718  -0.099339   0.562500   0.812500
  0.412060   0.359076   0.515785  -1.216068   0.657221 -23.981879  -1.161597   0.562500   0.812500
  0.417085   0.352965   0.519088  -1.336577   0.651384 -23.875313  -2.909745   0.562500   0.812500
  0.422111   0.346248   0.522362  -1.456574   0.636760 -21.997603  -5.699320   0.562500   0.812500
  0.427136   0.338929   0.525561  -1.567112   0.608121 -19.482272  -8.376333   0.562500   0.812500
  0.432161   0.331054   0.528617  -1.665010   0.566030 -17.002299 -10.406325   0.562500   0.812500
  0.437186   0.322687   0.531462  -1.750447   0.513738 -12.772469 -12.317161   0.562500   0.812500
  0.442211   0.313891   0.534043  -1.814629   0.451844  -4.930452 -14.696027   0.562500   0.812500
  0.447236   0.304773   0.536314  -1.839404   0.377996   3.654853 -17.076450   0.562500   0.812500
  0.452261   0.295530   0.538213  -1.821039   0.292187  10.554752 -18.526135   0.562500   0.812500
  0.457286   0.286379   0.539681  -1.768001   0.199093  17.023133 -17.886480   0.562500   0.812500
  0.462312   0.277493   0.540682  -1.682443   0.109196  25.723713 -15.106524   0.562500   0.812500
  0.467337   0.269039   0.541231  -1.553181   0.033286  35.818215 -12.869606   0.562500   0.812500
  0.472362   0.261234   0.541398  -1.373195  -0.031384  44.592357 -12.052556   0.562500   0.812500
  0.477387   0.254334   0.541240  -1.149118  -0.091948  50.380245 -10.731078   0.562500   0.812500
  0.482412   0.248559   0.540778  -0.895957  -0.145872  52.657548  -6.055036   0.562500   0.812500
  0.487437   0.244057   0.540045  -0.631353  -0.176298  54.226834   0.726714   0.562500   0.812500
  0.492462   0.240885   0.539159  -0.358863  -0.172647  56.964035   6.324035   0.562500   0.812500
  0.497487   0.239081   0.538292  -0.072619  -0.140868  59.218323   9.349034   0.562500   0.812500
  0.502513   0.238716   0.537584   0.225012  -0.093880  56.605460  10.379511   0.562500   0.812500
  0.507538   0.239847   0.537112   0.509455  -0.041723  49.306486  12.241360   0.562500   0.812500
  0.512563   0.242407   0.536902   0.757220   0.019790  42.111061  15.767573   0.562500   0.812500
  0.517588   0.246212   0.537002   0.968828   0.099022  36.590910  19.777803   0.562500   0.812500
  0.522613   0.251080   0.537499   1.152697   0.198405  30.548657  21.714373   0.562500   0.812500
  0.527638   0.256873   0.538496   1.306204   0.307520  21.872820  20.536771   0.562500   0.812500
  0.532663   0.263436   0.540042   1.416115   0.410717  12.162387  18.492936   0.562500   0.812500
  0.537688   0.270552   0.542105   1.477231   0.503644   2.967086  16.888889   0.562500   0.812500
  0.542714   0.277977   0.544637   1.492144   0.588528  -4.685417  15.151786   0.562500   0.812500
  0.547739   0.285475   0.547594   1.468600   0.664666 -10.521512  12.323224   0.562500   0.812500
  0.552764   0.292855   0.550934   1.415729   0.726590 -15.637041   8.863105   0.562500   0.812500
  0.557789   0.299969   0.554585   1.337153   0.771127 -20.625378   5.280452   0.562500   0.812500
  0.562814   0.306688   0.558460   1.233510   0.797661 -24.372373   1.935861   0.562500   0.812500
  0.567839   0.312886   0.562468   1.111039   0.807389 -25.625069  -0.653835   0.562500   0.812500
  0.572864   0.318469   0.566525   0.982273   0.804103 -25.629120  -2.685848   0.562500   0.812500
  0.577889   0.323405   0.570566   0.853487   0.790607 -25.461772  -4.579043   0.562500   0.812500
  0.582915   0.327695   0.574540   0.725516   0.767593 -24.710853  -6.145077   0.562500   0.812500
  0.587940   0.331340   0.578397   0.601344   0.736714 -22.823539  -6.871939   0.562500   0.812500
  0.592965   0.334362   0.582099   0.486656   0.702182 -20.495257  -7.053914   0.562500   0.812500
  0.597990   0.336808   0.585627   0.383667   0.666736 -18.208062  -7.089250   0.562500   0.812500
  0.603015   0.338736   0.588978   0.292172   0.631113 -15.866041  -6.918375   0.562500   0.812500
  0.608040   0.340204   0.592149   0.212445   0.596348 -13.480640  -6.414227   0.562500   0.812500
  0.613065   0.341271   0.595146   0.144704   0.564116 -11.267712  -5.783108   0.562500   0.812500
  0.618090   0.341998   0.597980   0.088084   0.535056  -9.231174  -5.144244   0.562500   0.812500
  0.623116   0.342441   0.600669   0.041688   0.509201  -7.362882  -4.455900   0.562500   0.812500
  0.628141   0.342651   0.603228   0.004690   0.486810  -5.804056  -3.764521   0.562500   0.812500
  0.633166   0.342674   0.605674  -0.024476   0.467894  -4.523402  -3.160187   0.562500   0.812500
  0.638191   0.342551   0.608026  -0.047206   0.452014  -3.387543  -2.613950   0.562500   0.812500
  0.643216   0.342314   0.610297  -0.064228   0.438879  -2.417039  -2.095717   0.562500   0.812500
  0.648241   0.341991   0.612502  -0.076374   0.428348  -1.712311  -1.663637   0.562500   0.812500
  0.653266   0.341607   0.614655  -0.084978   0.419988  -1.180903  -1.331538   0.562500   0.812500
  0.658291   0.341180   0.616765  -0.090912   0.413297  -0.715579  -1.045450   0.562500   0.812500
  0.663317   0.340724   0.618842  -0.094509   0.408043  -0.342095  -0.791151   0.562500   0.812500
  0.668342   0.340249   0.620893  -0.096228   0.404067  -0.110986  -0.603613   0.562500   0.812500
  0.673367   0.339765   0.622923  -0.096785   0.401034   0.047875  -0.473232   0.562500   0.812500
  0.678392   0.339279   0.624939  -0.096545   0.398656   0.189669  -0.363047   0.562500   0.812500
  0.683417   0.338794   0.626942  -0.095592   0.396832   0.294055  -0.267217   0.562500   0.812500
  0.688442   0.338313   0.628936  -0.094114   0.395489   0.340001  -0.203021   0.562500   0.812500
  0.693467   0.337840   0.630923  -0.092406   0.394469   0.365657  -0.164072   0.562500   0.812500
  0.698492   0.337376   0.632905  -0.090568   0.393644   0.392344  -0.131701   0.562500   0.812500
  0.703518   0.336921   0.634884  -0.088596   0.392982   0.405327  -0.101571   0.562500   0.812500
  0.708543   0.336476   0.636859  -0.086559   0.392472   0.396654  -0.081424   0.562500   0.812500
  0.713568   0.336041   0.638831  -0.084566   0.392063   0.387415  -0.072137   0.562500   0.812500
  0.718593   0.335616   0.640801  -0.082619   0.391700   0.384305  -0.065758   0.562500   0.812500
  0.723618   0.335201   0.642769  -0.080688   0.391370   0.374660  -0.057029   0.562500   0.812500
  0.728643   0.334795   0.644736  -0.078806   0.391083   0.354029  -0.048626   0.562500   0.812500
  0.733668   0.334399   0.646701  -0.077027   0.390839   0.338722  -0.046201   0.562500   0.812500
  0.738693   0.334012   0.648665  -0.075325   0.390607   0.332066  -0.047108   0.562500   0.812500
  0.743719   0.333633   0.650628  -0.073656   0.390370   0.320737  -0.044663   0.562500   0.812500
  0.748744   0.333263   0.652590  -0.072044   0.390145   0.298499  -0.038157   0.562500   0.812500
  0.753769   0.332901   0.654550  -0.070544   0.389954   0.282644  -0.036187   0.562500   0.812500
  0.758794   0.332547   0.656510  -0.069124   0.389772   0.278658  -0.039441   0.562500   0.812500
  0.763819   0.332199   0.658468  -0.067723   0.389574   0.271116  -0.039602   0.562500   0.812500
  0.768844   0.331859   0.660426  -0.066361   0.389375   0.248760  -0.032438   0.562500   0.812500
  0.773869   0.331526   0.662383  -0.065111   0.389212   0.232046  -0.029119   0.562500   0.812500
  0.778894   0.331199   0.664338  -0.063945   0.389065   0.231871  -0.033952   0.562500   0.812500
  0.783920   0.330877   0.666294  -0.062780   0.388895   0.229898  -0.036636   0.562500   0.812500
  0.788945   0.330562   0.668248  -0.061624   0.388711   0.207045  -0.028038   0.562500   0.812500
  0.793970   0.330252   0.670201  -0.060584   0.388570   0.187864  -0.022196   0.562500   0.812500
  0.798995   0.329948   0.672154  -0.059640   0.388458   0.191680  -0.028740   0.562500   0.812500
  0.804020   0.329648   0.674106  -0.058677   0.388314   0.196670  -0.034989   0.562500   0.812500
  0.809045   0.329353   0.676057  -0.057689   0.388138   0.172737  -0.024571   0.562500   0.812500
  0.814070   0.329063   0.678007  -0.056821   0.388014   0.148949  -0.014719   0.562500   0.812500
  0.819095   0.328778   0.679957  -0.056072   0.387941   0.156756  -0.023225   0.562500   0.812500
  0.824121   0.328496   0.681907  -0.055284   0.387824   0.170465  -0.034736   0.562500   0.812500
  0.829146   0.328218   0.683856  -0.054428   0.387649   0.145076  -0.022334   0.562500   0.812500
  0.834171   0.327945   0.685804  -0.053699   0.387537   0.114119  -0.006436   0.562500   0.812500
  0.839196   0.327675   0.687751  -0.053125   0.387505   0.125742  -0.016966   0.562500   0.812500
  0.844221   0.327408   0.689698  -0.052493   0.387419   0.150304  -0.035920   0.562500   0.812500
  0.849246   0.327144   0.691645  -0.051738   0.387239   0.123541  -0.021738   0.562500   0.812500
  0.854271   0.326884   0.693591  -0.051117   0.387130   0.082558   0.002766   0.562500   0.812500
  0.859296   0.326627   0.695536  -0.050702   0.387144   0.097463  -0.009498   0.562500   0.812500
  0.864322   0.326372   0.697482  -0.050213   0.387096   0.135172  -0.038489   0.562500   0.812500
  0.869347   0.326120   0.699427  -0.049533   0.386902   0.107761  -0.023368   0.562500   0.812500
  0.874372   0.325871   0.701371  -0.048992   0.386785   0.053967   0.012585   0.562500   0.812500
  0.879397   0.325625   0.703315  -0.048721   0.386848   0.071114  -0.000522   0.562500   0.812500
  0.884422   0.325380   0.705259  -0.048363   0.386846   0.123929  -0.042069   0.562500   0.812500
  0.889447   0.325137   0.707203  -0.047740   0.386634   0.097395  -0.027616   0.562500   0.812500
  0.894472   0.324897   0.709146  -0.047251   0.386495   0.028570   0.022495   0.562500   0.812500
  0.899497   0.324660   0.711088  -0.047108   0.386609   0.046288   0.010152   0.562500   0.812500
  0.904523   0.324423   0.713031  -0.046875   0.386660   0.115357  -0.046001   0.562500   0.812500
  0.909548   0.324187   0.714974  -0.046295   0.386428   0.091907  -0.034653   0.562500   0.812500
  0.914573   0.323955   0.716916  -0.045833   0.386254   0.006951   0.031573   0.562500   0.812500
  0.919598   0.323724   0.718857  -0.045798   0.386413   0.023071   0.022286   0.562500   0.812500
  0.924623   0.323494   0.720798  -0.045683   0.386525   0.108245  -0.049407   0.562500   0.812500
  0.929648   0.323265   0.722741  -0.045139   0.386277   0.090533  -0.044194   0.562500   0.812500
  0.934673   0.323038   0.724682  -0.044684   0.386055  -0.010273   0.038891   0.562500   0.812500
  0.939698   0.322813   0.726622  -0.044735   0.386250   0.001753   0.035421   0.562500   0.812500
  0.944724   0.322589   0.728563  -0.044726   0.386428   0.101605  -0.051492   0.562500   0.812500
  0.949749   0.322364   0.730505  -0.044216   0.386169   0.092023  -0.055394   0.562500   0.812500
  0.954774   0.322142   0.732445  -0.043753   0.385891  -0.023830   0.044733   0.562500   0.812500
  0.959799   0.321922   0.734384  -0.043873   0.386116  -0.020389   0.052052   0.562500   0.812500
  0.964824   0.321701   0.736325  -0.043976   0.386377   0.087878  -0.044593   0.562500   0.812500
  0.969849   0.321480   0.738266  -0.043534   0.386153   0.085503  -0.056936   0.562500   0.812500
  0.974874   0.321262   0.740207  -0.043104   0.385867  -0.044576   0.061540   0.562500   0.812500
  0.979899   0.321045   0.742146  -0.043328   0.386176  -0.060257   0.094976   0.562500   0.812500
  0.984925   0.320827   0.744086  -0.043631   0.386654   0.046529   0.009300   0.562500   0.812500
  0.989950   0.320608   0.746029  -0.043397   0.386700   0.115521  -0.056912   0.562500   0.812500
  0.994975   0.320390   0.747973  -0.042817   0.386414   0.149814  -0.084689   0.562500   0.812500
  1.000000   0.320175   0.749914  -0.042064   0.385989   0.312468  -0.219102   0.562500   0.812500