   0.000000    0.558057    0.308612    0.000000    0.000000   11.371606   22.828315    0.687500    0.062500
   0.005025    0.558057    0.308612    0.057142    0.114712    7.749370   21.068453    0.687500    0.062500
   0.010050    0.558344    0.309188    0.096083    0.220581    5.412970   16.430043    0.687500    0.062500
   0.015075    0.558827    0.310297    0.123283    0.303142    4.052191    9.567453    0.687500    0.062500
   0.020101    0.559447    0.311820    0.143649    0.351228    2.627619    3.668703    0.687500    0.062500
   0.025126    0.560168    0.313585    0.156853    0.369663    0.972884   -0.428658    0.687500    0.062500
   0.030151    0.560957    0.315443    0.161742    0.367509   -0.783248   -2.180278    0.687500    0.062500
   0.035176    0.561769    0.317290    0.157806    0.356554   -2.559471   -1.292513    0.687500    0.062500
   0.040201    0.562562    0.319081    0.144945    0.350059   -4.176964    0.149120    0.687500    0.062500
   0.045226    0.563291    0.320840    0.123956    0.350808   -5.566188    0.963446    0.687500    0.062500
   0.050251    0.563914    0.322603    0.095985    0.355649   -6.689061    1.350563    0.687500    0.062500
   0.055276    0.564396    0.324390    0.062373    0.362436   -7.470471    1.640964    0.687500    0.062500
   0.060302    0.564709    0.326212    0.024826    0.370683   -8.018395    1.858786    0.687500    0.062500
   0.065327    0.564834    0.328075   -0.015466    0.380024   -8.466546    1.950183    0.687500    0.062500
   0.070352    0.564756    0.329984   -0.058011    0.389823   -8.803251    1.980318    0.687500    0.062500
   0.075377    0.564465    0.331943   -0.102247    0.399775   -8.945109    2.048663    0.687500    0.062500
   0.080402    0.563951    0.333952   -0.147196    0.410069   -8.943804    2.104817    0.687500    0.062500
   0.085427    0.563211    0.336013   -0.192139    0.420646   -8.898537    2.081543    0.687500    0.062500
   0.090452    0.562246    0.338126   -0.236854    0.431106   -8.807689    2.017915    0.687500    0.062500
   0.095477    0.561056    0.340293   -0.281112    0.441246   -8.604833    1.988284    0.687500    0.062500
   0.100503    0.559643    0.342510   -0.324360    0.451239   -8.314330    1.959657    0.687500    0.062500
   0.105528    0.558013    0.344778   -0.366140    0.461086   -8.012083    1.878906    0.687500    0.062500
   0.110553    0.556173    0.347095   -0.406401    0.470527   -7.703771    1.771595    0.687500    0.062500
   0.115578    0.554131    0.349459   -0.445112    0.479430   -7.337710    1.693456    0.687500    0.062500
   0.120603    0.551894    0.351868   -0.481984    0.487939   -6.920170    1.623155    0.687500    0.062500
   0.125628    0.549472    0.354320   -0.516758    0.496096   -6.508431    1.519170    0.687500    0.062500
   0.130653    0.546876    0.356813   -0.549463    0.503730   -6.112979    1.398286    0.687500    0.062500
   0.135678    0.544115    0.359344   -0.580180    0.510756   -5.694520    1.302043    0.687500    0.062500
   0.140704    0.541199    0.361911   -0.608801    0.517300   -5.247404    1.216549    0.687500    0.062500
   0.145729    0.538139    0.364511   -0.635169    0.523413   -4.814500    1.109633    0.687500    0.062500
   0.150754    0.534948    0.367141   -0.659362    0.528989   -4.409161    0.992501    0.687500    0.062500
   0.155779    0.531634    0.369799   -0.681518    0.533976   -4.002341    0.896031    0.687500    0.062500
   0.160804    0.528210    0.372482   -0.701630    0.538479   -3.581088    0.810927    0.687500    0.062500
   0.165829    0.524684    0.375188   -0.719625    0.542554   -3.176536    0.712311    0.687500    0.062500
   0.170854    0.521068    0.377915   -0.735587    0.546133   -2.803872    0.607972    0.687500    0.062500
   0.175879    0.517372    0.380659   -0.749676    0.549188   -2.442452    0.520912    0.687500    0.062500
   0.180905    0.513604    0.383419   -0.761952    0.551806   -2.074891    0.444525    0.687500    0.062500
   0.185930    0.509775    0.386192   -0.772379    0.554040   -1.723319    0.359620    0.687500    0.062500
   0.190955    0.505894    0.388976   -0.781038    0.555847   -1.403767    0.271950    0.687500    0.062500
   0.195980    0.501969    0.391769   -0.788092    0.557214   -1.102430    0.198787    0.687500    0.062500
   0.201005    0.498009    0.394569   -0.793632    0.558213   -0.799725    0.135022    0.687500    0.062500
   0.206030    0.494021    0.397374   -0.797651    0.558891   -0.510307    0.065694    0.687500    0.062500
   0.211055    0.490013    0.400183   -0.800215    0.559221   -0.250644   -0.004556    0.687500    0.062500
   0.216080    0.485992    0.402993   -0.801474    0.559198   -0.012495   -0.062551    0.687500    0.062500
   0.221106    0.481963    0.405803   -0.801537    0.558884    0.224645   -0.112655    0.687500    0.062500
   0.226131    0.477936    0.408612   -0.800408    0.558318    0.451911   -0.166665    0.687500    0.062500
   0.231156    0.473914    0.411417   -0.798137    0.557480    0.652915   -0.220530    0.687500    0.062500
   0.236181    0.469903    0.414218   -0.794856    0.556372    0.831384   -0.263930    0.687500    0.062500
   0.241206    0.465909    0.417014   -0.790679    0.555046    1.007687   -0.300880    0.687500    0.062500
   0.246231    0.461936    0.419803   -0.785615    0.553534    1.177876   -0.340964    0.687500    0.062500
   0.251256    0.457988    0.422585   -0.779696    0.551821    1.325872   -0.380411    0.687500    0.062500
   0.256281    0.454070    0.425358   -0.773034    0.549909    1.451717   -0.410852    0.687500    0.062500
   0.261307    0.450185    0.428122   -0.765737    0.547844    1.574963   -0.436111    0.687500    0.062500
   0.266332    0.446337    0.430874   -0.757823    0.545653    1.695666   -0.464255    0.687500    0.062500
   0.271357    0.442529    0.433616   -0.749303    0.543320    1.798639   -0.491781    0.687500    0.062500
   0.276382    0.438763    0.436347   -0.740264    0.540849    1.880941   -0.511612    0.687500    0.062500
   0.281407    0.435044    0.439064   -0.730813    0.538278    1.960184   -0.527144    0.687500    0.062500
   0.286432    0.431371    0.441769   -0.720963    0.535629    2.040105   -0.545581    0.687500    0.062500
   0.291457    0.427748    0.444461   -0.710711    0.532887    2.107899   -0.564205    0.687500    0.062500
   0.296482    0.424177    0.447138   -0.700119    0.530052    2.158417   -0.576889    0.687500    0.062500
   0.301508    0.420658    0.449803   -0.689271    0.527153    2.204192   -0.585373    0.687500    0.062500
   0.306533    0.417195    0.452451   -0.678195    0.524211    2.252412   -0.596431    0.687500    0.062500
   0.311558    0.413787    0.455086   -0.666876    0.521214    2.297916   -0.610105    0.687500    0.062500
   0.316583    0.410436    0.457705   -0.655329    0.518148    2.335032   -0.621415    0.687500    0.062500
   0.321608    0.407143    0.460308   -0.643596    0.515026    2.360587   -0.626476    0.687500    0.062500
   0.326633    0.403909    0.462896   -0.631734    0.511878    2.384388   -0.631529    0.687500    0.062500
   0.331658    0.400734    0.465469   -0.619752    0.508704    2.424734   -0.644883    0.687500    0.062500
   0.336683    0.397620    0.468025   -0.607568    0.505464    2.479595   -0.663893    0.687500    0.062500
   0.341709    0.394566    0.470565   -0.595106    0.502127    2.498575   -0.668461    0.687500    0.062500
   0.346734    0.391576    0.473088   -0.582550    0.498768    2.489770   -0.662850    0.687500    0.062500
   0.351759    0.388649    0.475595   -0.570039    0.495437    2.535976   -0.676631    0.687500    0.062500
   0.356784    0.385784    0.478084   -0.557296    0.492037    2.643385   -0.710341    0.687500    0.062500
   0.361809    0.382984    0.480557   -0.544013    0.488468    2.631250   -0.701910    0.687500    0.062500
   0.366834    0.380250    0.483011   -0.530791    0.484941    2.499028   -0.652334    0.687500    0.062500
   0.371859    0.377583    0.485448   -0.518233    0.481663    2.486250   -0.640588    0.687500    0.062500
   0.376884    0.374979    0.487869   -0.505740    0.478444    2.583341   -0.662620    0.687500    0.062500
   0.381910    0.372437    0.490273   -0.492756    0.475113    2.274796   -0.552686    0.687500    0.062500
   0.386935    0.369961    0.492661   -0.481325    0.472336    1.569722   -0.310900    0.687500    0.062500
   0.391960    0.367542    0.495034   -0.473437    0.470774    1.038277   -0.114572    0.687500    0.062500
   0.396985    0.365163    0.497400   -0.468220    0.470198    0.499468    0.070326    0.687500    0.062500
   0.402010    0.362810    0.499763   -0.465710    0.470552   -1.285687    0.587631    0.687500    0.062500
   0.407035    0.360470    0.502127   -0.472171    0.473504   -4.143017    1.435738    0.687500    0.062500
   0.412060    0.358097    0.504506   -0.492989    0.480719   -7.039536    2.374198    0.687500    0.062500
   0.417085    0.355620    0.506922   -0.528363    0.492649  -10.928475    3.565909    0.687500    0.062500
   0.422111    0.352965    0.509398   -0.583290    0.510572  -18.021318    5.352637    0.687500    0.062500
   0.427136    0.350034    0.511964   -0.673847    0.537469  -27.334075    7.726847    0.687500    0.062500
   0.432161    0.346648    0.514665   -0.811200    0.576296  -38.084106   10.987941    0.687500    0.062500
   0.437186    0.342571    0.517560   -1.002573    0.631510  -51.934999   14.593758    0.687500    0.062500
   0.442211    0.337533    0.520734   -1.263546    0.704844  -65.967294   14.512085    0.687500    0.062500
   0.447236    0.331184    0.524276   -1.595032    0.777767  -74.950625    9.397843    0.687500    0.062500
   0.452261    0.323169    0.528184   -1.971659    0.824991  -80.385182    1.240210    0.687500    0.062500
   0.457286    0.313261    0.532329   -2.375594    0.831223  -77.071724  -14.749552    0.687500    0.062500
   0.462312    0.301322    0.536507   -2.762957    0.757092  -48.365182  -45.127808    0.687500    0.062500
   0.467337    0.287438    0.540312   -3.005992    0.530325   -0.073346  -80.850729    0.687500    0.062500
   0.472362    0.272333    0.542976   -3.006361    0.124050   51.846859 -113.531299    0.687500    0.062500
   0.477387    0.257226    0.543600   -2.745830   -0.446445  106.113134 -133.461868    0.687500    0.062500
   0.482412    0.243428    0.541356   -2.212612   -1.117091  152.262359 -112.743083    0.687500    0.062500
   0.487437    0.232310    0.535743   -1.447493   -1.683625  175.495733  -54.082131    0.687500    0.062500
   0.492462    0.225036    0.527283   -0.565627   -1.955387  182.317028   15.215840    0.687500    0.062500
   0.497487    0.222194    0.517457    0.350516   -1.878928  172.115591   88.402659    0.687500    0.062500
   0.502513    0.223955    0.508014    1.215569   -1.434616  131.849430  146.292444    0.687500    0.062500
   0.507538    0.230064    0.500805    1.878112   -0.699496   76.152497  165.110786    0.687500    0.062500
   0.512563    0.239501    0.497290    2.260779    0.130185   26.123097  156.943242    0.687500    0.062500
   0.517588    0.250861    0.497944    2.392047    0.918825  -17.329784  127.656941    0.687500    0.062500
   0.522613    0.262881    0.502561    2.304965    1.560301  -50.661826   73.828935    0.687500    0.062500
   0.527638    0.274464    0.510401    2.050389    1.931292  -68.355947   18.746763    0.687500    0.062500
   0.532663    0.284767    0.520106    1.706901    2.025494  -76.608279  -20.689731    0.687500    0.062500
   0.537688    0.293344    0.530284    1.321944    1.921528  -77.993972  -46.528171    0.687500    0.062500
   0.542714    0.299988    0.539942    0.929946    1.687678  -68.282363  -55.424502    0.687500    0.062500
   0.547739    0.304661    0.548422    0.586827    1.409169  -52.467290  -49.841958    0.687500    0.062500
   0.552764    0.307610    0.555503    0.323179    1.158714  -39.085011  -41.390948    0.687500    0.062500
   0.557789    0.309234    0.561326    0.126777    0.950724  -28.311434  -33.240991    0.687500    0.062500
   0.562814    0.309871    0.566103   -0.015488    0.783688  -19.117619  -24.620763    0.687500    0.062500
   0.567839    0.309793    0.570041   -0.111554    0.659969  -12.415076  -17.424525    0.687500    0.062500
   0.572864    0.309233    0.573358   -0.173940    0.572411   -7.777273  -12.554777    0.687500    0.062500
   0.577889    0.308359    0.576234   -0.213020    0.509323   -4.249087   -8.864370    0.687500    0.062500
   0.582915    0.307288    0.578794   -0.234376    0.464770   -1.917306   -5.901866    0.687500    0.062500
   0.587940    0.306110    0.581129   -0.244011    0.435114   -0.703830   -3.936642    0.687500    0.062500
   0.592965    0.304884    0.583316   -0.247548    0.415332    0.181796   -2.635777    0.687500    0.062500
   0.597990    0.303640    0.585403   -0.246634    0.402087    0.925909   -1.605012    0.687500    0.062500
   0.603015    0.302401    0.587423   -0.241981    0.394022    1.242673   -0.879839    0.687500    0.062500
   0.608040    0.301185    0.589403   -0.235737    0.389601    1.221375   -0.513304    0.687500    0.062500
   0.613065    0.300000    0.591361   -0.229599    0.387021    1.244243   -0.280111    0.687500    0.062500
   0.618090    0.298847    0.593306   -0.223347    0.385614    1.302209   -0.078925    0.687500    0.062500
   0.623116    0.297724    0.595244   -0.216802    0.385217    1.228597    0.029868    0.687500    0.062500
   0.628141    0.296635    0.597180   -0.210629    0.385367    1.075464    0.041745    0.687500    0.062500
   0.633166    0.295576    0.599116   -0.205224    0.385577    0.994692    0.048291    0.687500    0.062500
   0.638191    0.294545    0.601054   -0.200226    0.385820    0.951906    0.065925    0.687500    0.062500
   0.643216    0.293539    0.602993   -0.195443    0.386151    0.866727    0.061524    0.687500    0.062500
   0.648241    0.292557    0.604933   -0.191087    0.386460    0.765717    0.034582    0.687500    0.062500
   0.653266    0.291597    0.606875   -0.187240    0.386634    0.710342    0.016408    0.687500    0.062500
   0.658291    0.290656    0.608818   -0.183670    0.386716    0.676021    0.009104    0.687500    0.062500
   0.663317    0.289733    0.610761   -0.180273    0.386762    0.623398    0.000311    0.687500    0.062500
   0.668342    0.288827    0.612705   -0.177140    0.386764    0.567016   -0.013277    0.687500    0.062500
   0.673367    0.287937    0.614648   -0.174291    0.386697    0.536862   -0.024306    0.687500    0.062500
   0.678392    0.287061    0.616591   -0.171593    0.386575    0.517318   -0.030142    0.687500    0.062500
   0.683417    0.286199    0.618534   -0.168993    0.386423    0.484895   -0.031920    0.687500    0.062500
   0.688442    0.285349    0.620476   -0.166557    0.386263    0.449186   -0.033990    0.687500    0.062500
   0.693467    0.284512    0.622417   -0.164300    0.386092    0.431509   -0.038654    0.687500    0.062500
   0.698492    0.283687    0.624357   -0.162131    0.385898    0.421029   -0.042249    0.687500    0.062500
   0.703518    0.282872    0.626296   -0.160015    0.385686    0.398342   -0.040622    0.687500    0.062500
   0.708543    0.282068    0.628234   -0.158014    0.385482    0.369991   -0.037467    0.687500    0.062500
   0.713568    0.281274    0.630172   -0.156154    0.385293    0.357254   -0.039184    0.687500    0.062500
   0.718593    0.280489    0.632108   -0.154359    0.385096    0.352468   -0.042261    0.687500    0.062500
   0.723618    0.279714    0.634043   -0.152588    0.384884    0.335409   -0.039970    0.687500    0.062500
   0.728643    0.278947    0.635977   -0.150903    0.384683    0.309014   -0.034625    0.687500    0.062500
   0.733668    0.278188    0.637910   -0.149350    0.384509    0.297815   -0.035027    0.687500    0.062500
   0.738693    0.277438    0.639842   -0.147853    0.384333    0.297604   -0.038658    0.687500    0.062500
   0.743719    0.276695    0.641774   -0.146358    0.384139    0.285228   -0.036968    0.687500    0.062500
   0.748744    0.275959    0.643704   -0.144924    0.383953    0.258597   -0.030252    0.687500    0.062500
   0.753769    0.275231    0.645633   -0.143625    0.383801    0.247133   -0.029604    0.687500    0.062500
   0.758794    0.274510    0.647562   -0.142383    0.383652    0.251412   -0.034340    0.687500    0.062500
   0.763819    0.273794    0.649490   -0.141120    0.383480    0.244067   -0.033970    0.687500    0.062500
   0.768844    0.273085    0.651417   -0.139893    0.383309    0.215888   -0.025796    0.687500    0.062500
   0.773869    0.272382    0.653343   -0.138808    0.383179    0.202580   -0.023692    0.687500    0.062500
   0.778894    0.271684    0.655268   -0.137790    0.383060    0.211718   -0.029986    0.687500    0.062500
   0.783920    0.270992    0.657194   -0.136726    0.382910    0.210457   -0.031759    0.687500    0.062500
   0.788945    0.270305    0.659118   -0.135669    0.382750    0.179559   -0.021739    0.687500    0.062500
   0.793970    0.269623    0.661041   -0.134766    0.382641    0.162500   -0.017284    0.687500    0.062500
   0.798995    0.268946    0.662964   -0.133950    0.382554    0.177095   -0.025567    0.687500    0.062500
   0.804020    0.268273    0.664886   -0.133060    0.382425    0.183618   -0.030627    0.687500    0.062500
   0.809045    0.267604    0.666808   -0.132137    0.382272    0.148832   -0.018299    0.687500    0.062500
   0.814070    0.266940    0.668729   -0.131389    0.382180    0.125512   -0.010107    0.687500    0.062500
   0.819095    0.266280    0.670649   -0.130759    0.382129    0.146265   -0.020813    0.687500    0.062500
   0.824121    0.265623    0.672570   -0.130024    0.382024    0.162982   -0.030811    0.687500    0.062500
   0.829146    0.264969    0.674489   -0.129205    0.381869    0.123276   -0.015809    0.687500    0.062500
   0.834171    0.264320    0.676408   -0.128585    0.381790    0.090518   -0.001928    0.687500    0.062500
   0.839196    0.263674    0.678327   -0.128130    0.381780    0.118042   -0.015340    0.687500    0.062500
   0.844221    0.263030    0.680245   -0.127537    0.381703    0.147997   -0.032417    0.687500    0.062500
   0.849246    0.262389    0.682163   -0.126793    0.381540    0.102777   -0.014679    0.687500    0.062500
   0.854271    0.261752    0.684081   -0.126277    0.381467    0.056829    0.007393    0.687500    0.062500
   0.859296    0.261118    0.685997   -0.125991    0.381504    0.091376   -0.008711    0.687500    0.062500
   0.864322    0.260484    0.687915   -0.125532    0.381460    0.138041   -0.035466    0.687500    0.062500
   0.869347    0.259854    0.689832   -0.124839    0.381282    0.087503   -0.015535    0.687500    0.062500
   0.874372    0.259226    0.691748   -0.124399    0.381204    0.024435    0.017571    0.687500    0.062500
   0.879397    0.258601    0.693663   -0.124276    0.381292    0.065564   -0.000632    0.687500    0.062500
   0.884422    0.257977    0.695579   -0.123947    0.381289    0.132232   -0.039675    0.687500    0.062500
   0.889447    0.257354    0.697495   -0.123282    0.381089    0.077764   -0.018873    0.687500    0.062500
   0.894472    0.256734    0.699410   -0.122891    0.380995   -0.005929    0.028063    0.687500    0.062500
   0.899497    0.256117    0.701325   -0.122921    0.381136    0.040328    0.009092    0.687500    0.062500
   0.904523    0.255499    0.703240   -0.122718    0.381181    0.129475   -0.044469    0.687500    0.062500
   0.909548    0.254882    0.705156   -0.122068    0.380958    0.073683   -0.025023    0.687500    0.062500
   0.914573    0.254269    0.707070   -0.121698    0.380832   -0.032962    0.037891    0.687500    0.062500
   0.919598    0.253657    0.708984   -0.121863    0.381022    0.015925    0.020256    0.687500    0.062500
   0.924623    0.253045    0.710898   -0.121783    0.381124    0.128467   -0.049024    0.687500    0.062500
   0.929648    0.252433    0.712813   -0.121138    0.380878    0.075031   -0.033883    0.687500    0.062500
   0.934673    0.251824    0.714727   -0.120761    0.380708   -0.055280    0.046050    0.687500    0.062500
   0.939698    0.251218    0.716640   -0.121038    0.380939   -0.007174    0.032452    0.687500    0.062500
   0.944724    0.250609    0.718555   -0.121074    0.381102    0.127975   -0.052537    0.687500    0.062500
   0.949749    0.250001    0.720470   -0.120431    0.380838    0.080726   -0.044752    0.687500    0.062500
   0.954774    0.249396    0.722384   -0.120026    0.380613   -0.073220    0.052679    0.687500    0.062500
   0.959799    0.248793    0.724296   -0.120394    0.380878   -0.032169    0.048009    0.687500    0.062500
   0.964824    0.248188    0.726210   -0.120555    0.381119    0.118865   -0.047859    0.687500    0.062500
   0.969849    0.247582    0.728125   -0.119958    0.380879    0.078850   -0.047481    0.687500    0.062500
   0.974874    0.246979    0.730039   -0.119562    0.380640   -0.096013    0.068134    0.687500    0.062500
   0.979899    0.246378    0.731952   -0.120044    0.380983   -0.068706    0.084732    0.687500    0.062500
   0.984925    0.245775    0.733867   -0.120390    0.381408    0.108276   -0.009718    0.687500    0.062500
   0.989950    0.245170    0.735783   -0.119845    0.381360    0.198142   -0.073082    0.687500    0.062500
   0.994975    0.244568    0.737700   -0.118850    0.380992    0.257860   -0.104504    0.687500    0.062500
   1.000000    0.243970    0.739614   -0.117554    0.380467    0.526726   -0.251880    0.687500    0.062500