  0.000000   0.558057   0.308612   0.000000   0.000000  11.371597  22.828399   0.687500   0.437500
  0.005025   0.558057   0.308612   0.057142   0.114713   7.749367  21.068486   0.687500   0.437500
  0.010050   0.558344   0.309188   0.096083   0.220582   5.412972  16.430028   0.687500   0.437500
  0.015075   0.558827   0.310297   0.123283   0.303143   4.052194   9.567417   0.687500   0.437500
  0.020101   0.559447   0.311820   0.143649   0.351229   2.627620   3.668672   0.687500   0.437500
  0.025126   0.560168   0.313585   0.156853   0.369664   0.972882  -0.428677   0.687500   0.437500
  0.030151   0.560957   0.315443   0.161742   0.367510  -0.783252  -2.180289   0.687500   0.437500
  0.035176   0.561769   0.317290   0.157806   0.356554  -2.559476  -1.292527   0.687500   0.437500
  0.040201   0.562562   0.319081   0.144945   0.350059  -4.176967   0.149099   0.687500   0.437500
  0.045226   0.563291   0.320840   0.123955   0.350808  -5.566189   0.963422   0.687500   0.437500
  0.050251   0.563914   0.322603   0.095985   0.355649  -6.689061   1.350544   0.687500   0.437500
  0.055276   0.564396   0.324390   0.062373   0.362436  -7.470471   1.640955   0.687500   0.437500
  0.060302   0.564709   0.326212   0.024826   0.370683  -8.018395   1.858784   0.687500   0.437500
  0.065327   0.564834   0.328075  -0.015466   0.380023  -8.466546   1.950184   0.687500   0.437500
  0.070352   0.564756   0.329984  -0.058011   0.389823  -8.803251   1.980320   0.687500   0.437500
  0.075377   0.564465   0.331943  -0.102247   0.399774  -8.945109   2.048666   0.687500   0.437500
  0.080402   0.563951   0.333952  -0.147196   0.410069  -8.943804   2.104820   0.687500   0.437500
  0.085427   0.563211   0.336013  -0.192139   0.420645  -8.898536   2.081546   0.687500   0.437500
  0.090452   0.562246   0.338126  -0.236854   0.431105  -8.807688   2.017918   0.687500   0.437500
  0.095477   0.561056   0.340293  -0.281113   0.441245  -8.604832   1.988287   0.687500   0.437500
  0.100503   0.559643   0.342510  -0.324360   0.451238  -8.314329   1.959660   0.687500   0.437500
  0.105528   0.558013   0.344778  -0.366140   0.461086  -8.012082   1.878909   0.687500   0.437500
  0.110553   0.556173   0.347095  -0.406401   0.470527  -7.703769   1.771598   0.687500   0.437500
  0.115578   0.554131   0.349459  -0.445112   0.479429  -7.337709   1.693459   0.687500   0.437500
  0.120603   0.551894   0.351868  -0.481984   0.487939  -6.920169   1.623158   0.687500   0.437500
  0.125628   0.549472   0.354320  -0.516758   0.496095  -6.508430   1.519173   0.687500   0.437500
  0.130653   0.546876   0.356813  -0.549463   0.503729  -6.112978   1.398289   0.687500   0.437500
  0.135678   0.544115   0.359344  -0.580180   0.510756  -5.694519   1.302046   0.687500   0.437500
  0.140704   0.541199   0.361911  -0.608801   0.517300  -5.247402   1.216552   0.687500   0.437500
  0.145729   0.538139   0.364511  -0.635169   0.523413  -4.814499   1.109636   0.687500   0.437500
  0.150754   0.534948   0.367141  -0.659362   0.528989  -4.409160   0.992504   0.687500   0.437500
  0.155779   0.531634   0.369799  -0.681518   0.533976  -4.002340   0.896034   0.687500   0.437500
  0.160804   0.528210   0.372482  -0.701630   0.538479  -3.581087   0.810930   0.687500   0.437500
  0.165829   0.524684   0.375188  -0.719625   0.542554  -3.176535   0.712313   0.687500   0.437500
  0.170854   0.521068   0.377915  -0.735587   0.546133  -2.803871   0.607975   0.687500   0.437500
  0.175879   0.517372   0.380659  -0.749676   0.549188  -2.442451   0.520914   0.687500   0.437500
  0.180905   0.513604   0.383419  -0.761952   0.551806  -2.074890   0.444527   0.687500   0.437500
  0.185930   0.509775   0.386192  -0.772379   0.554040  -1.723317   0.359621   0.687500   0.437500
  0.190955   0.505894   0.388976  -0.781038   0.555847  -1.403764   0.271951   0.687500   0.437500
  0.195980   0.501969   0.391769  -0.788092   0.557214  -1.102426   0.198788   0.687500   0.437500
  0.201005   0.498009   0.394569  -0.793632   0.558213  -0.799721   0.135022   0.687500   0.437500
  0.206030   0.494021   0.397374  -0.797650   0.558891  -0.510300   0.065692   0.687500   0.437500
  0.211055   0.490013   0.400183  -0.800215   0.559221  -0.250629  -0.004564   0.687500   0.437500
  0.216080   0.485992   0.402993  -0.801474   0.559198  -0.012474  -0.062563   0.687500   0.437500
  0.221106   0.481963   0.405803  -0.801537   0.558884   0.224662  -0.112667   0.687500   0.437500
  0.226131   0.477936   0.408612  -0.800408   0.558318   0.451937  -0.166684   0.687500   0.437500
  0.231156   0.473914   0.411417  -0.798137   0.557480   0.652985  -0.220576   0.687500   0.437500
  0.236181   0.469903   0.414218  -0.794856   0.556372   0.831477  -0.263999   0.687500   0.437500
  0.241206   0.465909   0.417014  -0.790677   0.555045   1.007725  -0.300933   0.687500   0.437500
  0.246231   0.461936   0.419803  -0.785614   0.553533   1.177912  -0.341026   0.687500   0.437500
  0.251256   0.457988   0.422585  -0.779695   0.551819   1.326073  -0.380584   0.687500   0.437500
  0.256281   0.454070   0.425358  -0.773031   0.549907   1.451944  -0.411108   0.687500   0.437500
  0.261307   0.450185   0.428121  -0.765734   0.547841   1.574715  -0.436212   0.687500   0.437500
  0.266332   0.446337   0.430874  -0.757821   0.545649   1.695073  -0.464252   0.687500   0.437500
  0.271357   0.442529   0.433616  -0.749303   0.543316   1.798383  -0.492084   0.687500   0.437500
  0.276382   0.438764   0.436346  -0.740266   0.540843   1.880204  -0.512067   0.687500   0.437500
  0.281407   0.435044   0.439064  -0.730818   0.538270   1.956273  -0.526571   0.687500   0.437500
  0.286432   0.431371   0.441769  -0.720988   0.535624   2.033052  -0.543909   0.687500   0.437500
  0.291457   0.427748   0.444460  -0.710772   0.532891   2.099947  -0.562804   0.687500   0.437500
  0.296482   0.424177   0.447138  -0.700219   0.530063   2.145384  -0.575021   0.687500   0.437500
  0.301508   0.420657   0.449802  -0.689437   0.527173   2.173888  -0.578212   0.687500   0.437500
  0.306533   0.417193   0.452451  -0.678513   0.524267   2.203084  -0.582774   0.687500   0.437500
  0.311558   0.413784   0.455086  -0.667443   0.521339   2.235346  -0.593662   0.687500   0.437500
  0.316583   0.410430   0.457706  -0.656210   0.518355   2.241080  -0.599461   0.687500   0.437500
  0.321608   0.407132   0.460310  -0.644948   0.515343   2.189034  -0.583092   0.687500   0.437500
  0.326633   0.403891   0.462900  -0.633949   0.512413   2.124337  -0.560429   0.687500   0.437500
  0.331658   0.400706   0.465475  -0.623274   0.509597   2.086381  -0.553469   0.687500   0.437500
  0.336683   0.397574   0.468036  -0.612790   0.506816   1.997450  -0.544730   0.687500   0.437500
  0.341709   0.394494   0.470583  -0.602751   0.504078   1.729515  -0.482313   0.687500   0.437500
  0.346734   0.391465   0.473116  -0.594060   0.501654   1.394757  -0.389171   0.687500   0.437500
  0.351759   0.388480   0.475637  -0.587051   0.499699   1.118738  -0.322161   0.687500   0.437500
  0.356784   0.385530   0.478148  -0.581429   0.498080   0.711136  -0.262232   0.687500   0.437500
  0.361809   0.382608   0.480650  -0.577856   0.496762  -0.151473  -0.107514   0.687500   0.437500
  0.366834   0.379705   0.483147  -0.578617   0.496222  -1.209743   0.123633   0.687500   0.437500
  0.371859   0.376797   0.485640  -0.584696   0.496843  -2.195118   0.333743   0.687500   0.437500
  0.376884   0.373859   0.488137  -0.595727   0.498520  -3.506286   0.507916   0.687500   0.437500
  0.381910   0.370865   0.490642  -0.613349   0.501073  -5.683189   0.736162   0.687500   0.437500
  0.386935   0.367783   0.493160  -0.641907   0.504772  -8.177459   1.048177   0.687500   0.437500
  0.391960   0.364557   0.495697  -0.682999   0.510039 -10.619805   1.369198   0.687500   0.437500
  0.396985   0.361125   0.498260  -0.736363   0.516920 -13.653669   1.540702   0.687500   0.437500
  0.402010   0.357425   0.500857  -0.804973   0.524662 -17.628476   1.394815   0.687500   0.437500
  0.407035   0.353380   0.503494  -0.893556   0.531671 -21.540489   1.110144   0.687500   0.437500
  0.412060   0.348890   0.506165  -1.001797   0.537249 -25.212187   0.781837   0.687500   0.437500
  0.417085   0.343856   0.508865  -1.128488   0.541178 -29.170986  -0.128776   0.687500   0.437500
  0.422111   0.338184   0.511585  -1.275102   0.540530 -32.625451  -2.215316   0.687500   0.437500
  0.427136   0.331777   0.514301  -1.439045   0.529399 -34.589362  -4.714859   0.687500   0.437500
  0.432161   0.324545   0.516961  -1.612856   0.505706 -35.598367  -7.256832   0.687500   0.437500
  0.437186   0.316441   0.519502  -1.791738   0.469241 -34.629707 -11.053959   0.687500   0.437500
  0.442211   0.307437   0.521860  -1.965752   0.413695 -28.956616 -16.777191   0.687500   0.437500
  0.447236   0.297559   0.523939  -2.111259   0.329389 -20.637368 -22.192829   0.687500   0.437500
  0.452261   0.286950   0.525594  -2.214962   0.217870 -12.562323 -25.982286   0.687500   0.437500
  0.457286   0.275820   0.526689  -2.278088   0.087309  -1.714744 -28.212066   0.687500   0.437500
  0.462312   0.264370   0.527128  -2.286706  -0.054485  17.125848 -29.416558   0.687500   0.437500
  0.467337   0.252880   0.526854  -2.200649  -0.202303  39.468808 -30.901818   0.687500   0.437500
  0.472362   0.241821   0.525838  -2.002318  -0.357584  59.459977 -32.531203   0.687500   0.437500
  0.477387   0.231760   0.524041  -1.703531  -0.521054  76.006964 -29.909934   0.687500   0.437500
  0.482412   0.223200   0.521422  -1.321596  -0.671351  86.588718 -15.840382   0.687500   0.437500
  0.487437   0.216559   0.518049  -0.886488  -0.750949  91.552192   5.029330   0.687500   0.437500
  0.492462   0.212104   0.514275  -0.426438  -0.725677  94.851633  24.106397   0.687500   0.437500
  0.497487   0.209961   0.510629   0.050191  -0.604542  95.084382  39.266118   0.687500   0.437500
  0.502513   0.210213   0.507590   0.528085  -0.407190  84.654536  48.126302   0.687500   0.437500
  0.507538   0.212867   0.505544   0.953474  -0.165356  65.369278  51.437296   0.687500   0.437500
  0.512563   0.217658   0.504713   1.281955   0.093117  46.092276  53.566102   0.687500   0.437500
  0.517588   0.224100   0.505181   1.513569   0.362286  28.558383  54.596695   0.687500   0.437500
  0.522613   0.231706   0.507002   1.657074   0.636635  11.928240  49.483675   0.687500   0.437500
  0.527638   0.240032   0.510201   1.717014   0.885290  -2.903097  37.837796   0.687500   0.437500
  0.532663   0.248660   0.514650   1.702426   1.075425 -15.838356  25.054737   0.687500   0.437500
  0.537688   0.257215   0.520054   1.622838   1.201325 -27.243746  12.833407   0.687500   0.437500
  0.542714   0.265372   0.526091   1.485911   1.265826 -34.759790   2.214405   0.687500   0.437500
  0.547739   0.272838   0.532452   1.311243   1.276953 -37.050625  -4.941690   0.687500   0.437500
  0.552764   0.279427   0.538869   1.125064   1.252121 -37.236072  -9.824677   0.687500   0.437500
  0.557789   0.285081   0.545161   0.937952   1.202752 -36.765923 -14.041467   0.687500   0.437500
  0.562814   0.289794   0.551205   0.753204   1.132194 -34.541161 -17.103804   0.687500   0.437500
  0.567839   0.293579   0.556894   0.579634   1.046247 -30.596253 -17.976194   0.687500   0.437500
  0.572864   0.296491   0.562151   0.425888   0.955917 -26.599480 -17.607513   0.687500   0.437500
  0.577889   0.298631   0.566955   0.292226   0.867439 -22.811473 -16.722296   0.687500   0.437500
  0.582915   0.300100   0.571314   0.177575   0.783393 -18.796757 -15.071181   0.687500   0.437500
  0.587940   0.300993   0.575251   0.083122   0.707660 -14.962639 -12.939091   0.687500   0.437500
  0.592965   0.301410   0.578807   0.007934   0.642641 -11.778782 -11.018820   0.687500   0.437500
  0.597990   0.301450   0.582036  -0.051254   0.587272  -9.053434  -9.267291   0.687500   0.437500
  0.603015   0.301193   0.584987  -0.096748   0.540703  -6.712474  -7.473428   0.687500   0.437500
  0.608040   0.300706   0.587704  -0.130478   0.503150  -4.902433  -5.874977   0.687500   0.437500
  0.613065   0.300051   0.590233  -0.155113   0.473628  -3.474254  -4.637792   0.687500   0.437500
  0.618090   0.299271   0.592613  -0.172571   0.450323  -2.262844  -3.594416   0.687500   0.437500
  0.623116   0.298404   0.594876  -0.183944   0.432257  -1.356642  -2.677639   0.687500   0.437500
  0.628141   0.297480   0.597048  -0.190761   0.418802  -0.795083  -1.991785   0.687500   0.437500
  0.633166   0.296521   0.599153  -0.194756   0.408793  -0.359418  -1.496246   0.687500   0.437500
  0.638191   0.295542   0.601207  -0.196562   0.401275   0.029345  -1.080928   0.687500   0.437500
  0.643216   0.294555   0.603223  -0.196415   0.395843   0.279876  -0.745159   0.687500   0.437500
  0.648241   0.293568   0.605212  -0.195008   0.392099   0.380137  -0.532438   0.687500   0.437500
  0.653266   0.292588   0.607183  -0.193098   0.389423   0.460265  -0.390310   0.687500   0.437500
  0.658291   0.291617   0.609139  -0.190785   0.387462   0.545881  -0.266482   0.687500   0.437500
  0.663317   0.290659   0.611087  -0.188042   0.386123   0.581449  -0.169246   0.687500   0.437500
  0.668342   0.289714   0.613027  -0.185120   0.385272   0.565284  -0.118679   0.687500   0.437500
  0.673367   0.288783   0.614963  -0.182279   0.384676   0.558267  -0.090911   0.687500   0.437500
  0.678392   0.287867   0.616896  -0.179474   0.384219   0.562389  -0.064048   0.687500   0.437500
  0.683417   0.286966   0.618827  -0.176648   0.383897   0.546194  -0.040346   0.687500   0.437500
  0.688442   0.286078   0.620756  -0.173904   0.383694   0.513259  -0.029920   0.687500   0.437500
  0.693467   0.285204   0.622684  -0.171324   0.383544   0.494966  -0.028494   0.687500   0.437500
  0.698492   0.284343   0.624611  -0.168837   0.383401   0.485621  -0.026490   0.687500   0.437500
  0.703518   0.283495   0.626538  -0.166396   0.383268   0.462990  -0.020710   0.687500   0.437500
  0.708543   0.282658   0.628464  -0.164070   0.383164   0.431672  -0.016622   0.687500   0.437500
  0.713568   0.281834   0.630390  -0.161901   0.383080   0.415576  -0.018674   0.687500   0.437500
  0.718593   0.281020   0.632314  -0.159813   0.382986   0.408318  -0.021830   0.687500   0.437500
  0.723618   0.280217   0.634239  -0.157761   0.382877   0.388856  -0.019756   0.687500   0.437500
  0.728643   0.279425   0.636163  -0.155807   0.382777   0.359577  -0.015257   0.687500   0.437500
  0.733668   0.278642   0.638086  -0.154000   0.382701   0.345577  -0.016669   0.687500   0.437500
  0.738693   0.277868   0.640009  -0.152263   0.382617   0.342921  -0.021142   0.687500   0.437500
  0.743719   0.277103   0.641932  -0.150540   0.382511   0.328255  -0.020243   0.687500   0.437500
  0.748744   0.276346   0.643855  -0.148890   0.382409   0.299351  -0.014391   0.687500   0.437500
  0.753769   0.275598   0.645776  -0.147386   0.382337   0.285727  -0.014593   0.687500   0.437500
  0.758794   0.274857   0.647697  -0.145950   0.382263   0.288006  -0.020100   0.687500   0.437500
  0.763819   0.274124   0.649618  -0.144503   0.382162   0.278777  -0.020453   0.687500   0.437500
  0.768844   0.273398   0.651539  -0.143102   0.382059   0.248798  -0.012981   0.687500   0.437500
  0.773869   0.272679   0.653459  -0.141852   0.381994   0.233783  -0.011547   0.687500   0.437500
  0.778894   0.271966   0.655378  -0.140677   0.381936   0.241311  -0.018469   0.687500   0.437500
  0.783920   0.271259   0.657298  -0.139464   0.381843   0.238526  -0.020834   0.687500   0.437500
  0.788945   0.270558   0.659216  -0.138266   0.381739   0.206181  -0.011377   0.687500   0.437500
  0.793970   0.269863   0.661135  -0.137230   0.381682   0.187749  -0.007456   0.687500   0.437500
  0.798995   0.269174   0.663053  -0.136286   0.381644   0.201044  -0.016245   0.687500   0.437500
  0.804020   0.268489   0.664970  -0.135276   0.381562   0.206334  -0.021785   0.687500   0.437500
  0.809045   0.267809   0.666888  -0.134239   0.381453   0.170378  -0.009911   0.687500   0.437500
  0.814070   0.267135   0.668805  -0.133383   0.381403   0.145949  -0.002151   0.687500   0.437500
  0.819095   0.266464   0.670721  -0.132650   0.381392   0.165650  -0.013266   0.687500   0.437500
  0.824121   0.265798   0.672638  -0.131817   0.381326   0.181369  -0.023653   0.687500   0.437500
  0.829146   0.265135   0.674554  -0.130906   0.381207   0.140716  -0.009019   0.687500   0.437500
  0.834171   0.264477   0.676470  -0.130199   0.381161   0.107061   0.004513   0.687500   0.437500
  0.839196   0.263823   0.678385  -0.129661   0.381184   0.133732  -0.009231   0.687500   0.437500
  0.844221   0.263172   0.680300  -0.128989   0.381138   0.162880  -0.026622   0.687500   0.437500
  0.849246   0.262523   0.682216  -0.128170   0.381004   0.116893  -0.009183   0.687500   0.437500
  0.854271   0.261879   0.684130  -0.127583   0.380958   0.070218   0.012607   0.687500   0.437500
  0.859296   0.261238   0.686045  -0.127230   0.381021   0.104076  -0.003766   0.687500   0.437500
  0.864322   0.260599   0.687960  -0.126707   0.381002   0.150087  -0.030776   0.687500   0.437500
  0.869347   0.259962   0.689874  -0.125953   0.380848   0.098930  -0.011086   0.687500   0.437500
  0.874372   0.259329   0.691788  -0.125456   0.380792   0.035273   0.021791   0.687500   0.437500
  0.879397   0.258699   0.693701  -0.125278   0.380901   0.075845   0.003370   0.687500   0.437500
  0.884422   0.258069   0.695615  -0.124897   0.380918   0.141983  -0.035879   0.687500   0.437500
  0.889447   0.257442   0.697529  -0.124184   0.380738   0.087012  -0.015273   0.687500   0.437500
  0.894472   0.256818   0.699443  -0.123746   0.380661   0.002843   0.031478   0.687500   0.437500
  0.899497   0.256196   0.701356  -0.123732   0.380819   0.048649   0.012331   0.687500   0.437500
  0.904523   0.255574   0.703270  -0.123488   0.380881   0.137367  -0.041396   0.687500   0.437500
  0.909548   0.254953   0.705183  -0.122797   0.380673   0.081168  -0.022109   0.687500   0.437500
  0.914573   0.254336   0.707096  -0.122390   0.380562  -0.025862   0.040655   0.687500   0.437500
  0.919598   0.253721   0.709009  -0.122520   0.380767   0.022660   0.022878   0.687500   0.437500
  0.924623   0.253106   0.710922  -0.122406   0.380882   0.134855  -0.046537   0.687500   0.437500
  0.929648   0.252491   0.712836  -0.121728   0.380648   0.081090  -0.031524   0.687500   0.437500
  0.934673   0.251879   0.714749  -0.121321   0.380489  -0.049533   0.048287   0.687500   0.437500
  0.939698   0.251269   0.716661  -0.121569   0.380732  -0.001724   0.034574   0.687500   0.437500
  0.944724   0.250658   0.718574  -0.121578   0.380906   0.133145  -0.050524   0.687500   0.437500
  0.949749   0.250047   0.720488  -0.120909   0.380652   0.085630  -0.042842   0.687500   0.437500
  0.954774   0.249440   0.722401  -0.120479   0.380437  -0.068568   0.054491   0.687500   0.437500
  0.959799   0.248834   0.724313  -0.120823   0.380710  -0.027757   0.049728   0.687500   0.437500
  0.964824   0.248227   0.726226  -0.120963   0.380960   0.123049  -0.046229   0.687500   0.437500
  0.969849   0.247619   0.728140  -0.120344   0.380728   0.082818  -0.045935   0.687500   0.437500
  0.974874   0.247015   0.730053  -0.119928   0.380497  -0.092250   0.069601   0.687500   0.437500
  0.979899   0.246412   0.731965  -0.120392   0.380847  -0.065136   0.086123   0.687500   0.437500
  0.984925   0.245807   0.733879  -0.120719   0.381280   0.111663  -0.008399   0.687500   0.437500
  0.989950   0.245200   0.735795  -0.120158   0.381238   0.201354  -0.071832   0.687500   0.437500
  0.994975   0.244597   0.737711  -0.119146   0.380877   0.260907  -0.103318   0.687500   0.437500
  1.000000   0.243998   0.739625  -0.117835   0.380357   0.529615  -0.250754   0.687500   0.437500