  0.000000   0.594279   0.323616   0.000000   0.000000   9.706805  22.263941   0.812500   0.562500
  0.005025   0.594279   0.323616   0.048777   0.111876   5.760878  20.396924   0.812500   0.562500
  0.010050   0.594524   0.324178   0.077725   0.214371   3.717532  15.858082   0.812500   0.562500
  0.015075   0.594915   0.325255   0.096406   0.294058   3.184651   9.227279   0.812500   0.562500
  0.020101   0.595399   0.326733   0.112412   0.340434   2.492283   3.490870   0.812500   0.562500
  0.025126   0.595964   0.328444   0.124935   0.357976   1.268107  -0.536679   0.812500   0.562500
  0.030151   0.596592   0.330243   0.131308   0.355279  -0.469640  -2.309529   0.812500   0.562500
  0.035176   0.597252   0.332028   0.128948   0.343673  -2.676178  -1.542471   0.812500   0.562500
  0.040201   0.597900   0.333755   0.115500   0.335923  -4.782098  -0.237619   0.812500   0.562500
  0.045226   0.598480   0.335443   0.091470   0.334728  -6.512058   0.474233   0.812500   0.562500
  0.050251   0.598940   0.337125   0.058747   0.337112  -7.859374   0.788359   0.812500   0.562500
  0.055276   0.599235   0.338819   0.019253   0.341073  -8.796254   1.026925   0.812500   0.562500
  0.060302   0.599332   0.340533  -0.024956   0.346234  -9.456551   1.210263   0.812500   0.562500
  0.065327   0.599206   0.342273  -0.072476   0.352316  -9.984512   1.279843   0.812500   0.562500
  0.070352   0.598842   0.344044  -0.122648   0.358747 -10.373507   1.296730   0.812500   0.562500
  0.075377   0.598226   0.345846  -0.174775   0.365263 -10.544100   1.360129   0.812500   0.562500
  0.080402   0.597348   0.347682  -0.227759   0.372098 -10.551517   1.420897   0.812500   0.562500
  0.085427   0.596203   0.349551  -0.280780   0.379238 -10.497778   1.409237   0.812500   0.562500
  0.090452   0.594792   0.351457  -0.333531   0.386319 -10.383679   1.360875   0.812500   0.562500
  0.095477   0.593116   0.353398  -0.385709   0.393158 -10.145196   1.350207   0.812500   0.562500
  0.100503   0.591178   0.355374  -0.436699   0.399944  -9.808971   1.346149   0.812500   0.562500
  0.105528   0.588983   0.357384  -0.485989   0.406708  -9.452662   1.293647   0.812500   0.562500
  0.110553   0.586541   0.359428  -0.533489   0.413209  -9.083359   1.215244   0.812500   0.562500
  0.115578   0.583860   0.361504  -0.579133   0.419315  -8.650873   1.166804   0.812500   0.562500
  0.120603   0.580950   0.363611  -0.622603   0.425179  -8.162968   1.129335   0.812500   0.562500
  0.125628   0.577822   0.365748  -0.663622   0.430853  -7.677951   1.059918   0.812500   0.562500
  0.130653   0.574487   0.367913  -0.702204   0.436180  -7.207070   0.972512   0.812500   0.562500
  0.135678   0.570958   0.370105  -0.738420   0.441066  -6.711908   0.908759   0.812500   0.562500
  0.140704   0.567247   0.372321  -0.772154   0.445634  -6.187770   0.857407   0.812500   0.562500
  0.145729   0.563367   0.374561  -0.803247   0.449942  -5.678131   0.785305   0.812500   0.562500
  0.150754   0.559331   0.376822  -0.831780   0.453888  -5.196654   0.700967   0.812500   0.562500
  0.155779   0.555151   0.379102  -0.857893   0.457411  -4.714766   0.635261   0.812500   0.562500
  0.160804   0.550840   0.381401  -0.881585   0.460603  -4.220148   0.581715   0.812500   0.562500
  0.165829   0.546410   0.383716  -0.902791   0.463526  -3.744213   0.514853   0.812500   0.562500
  0.170854   0.541873   0.386045  -0.921606   0.466113  -3.302201   0.439852   0.812500   0.562500
  0.175879   0.537242   0.388387  -0.938199   0.468324  -2.873669   0.379532   0.812500   0.562500
  0.180905   0.532527   0.390741  -0.952642   0.470231  -2.441640   0.330225   0.812500   0.562500
  0.185930   0.527740   0.393104  -0.964911   0.471890  -2.028380   0.272463   0.812500   0.562500
  0.190955   0.522891   0.395475  -0.975104   0.473260  -1.649790   0.209454   0.812500   0.562500
  0.195980   0.517991   0.397853  -0.983394   0.474312  -1.292101   0.158091   0.812500   0.562500
  0.201005   0.513050   0.400236  -0.989887   0.475106  -0.936015   0.116232   0.812500   0.562500
  0.206030   0.508076   0.402624  -0.994591   0.475691  -0.596195   0.068965   0.812500   0.562500
  0.211055   0.503078   0.405014  -0.997586   0.476037  -0.288888   0.018420   0.812500   0.562500
  0.216080   0.498065   0.407406  -0.999038   0.476130  -0.005793  -0.022809   0.812500   0.562500
  0.221106   0.493044   0.409799  -0.999067   0.476015   0.273379  -0.056131   0.812500   0.562500
  0.226131   0.488023   0.412191  -0.997693   0.475733   0.539817  -0.093012   0.812500   0.562500
  0.231156   0.483010   0.414582  -0.994981   0.475266   0.777447  -0.131872   0.812500   0.562500
  0.236181   0.478010   0.416970  -0.991074   0.474603   0.990024  -0.163172   0.812500   0.562500
  0.241206   0.473030   0.419355  -0.986099   0.473783   1.197644  -0.188014   0.812500   0.562500
  0.246231   0.468075   0.421736  -0.980081   0.472838   1.396630  -0.215395   0.812500   0.562500
  0.251256   0.463150   0.424112  -0.973063   0.471756   1.571365  -0.244004   0.812500   0.562500
  0.256281   0.458260   0.426482  -0.965167   0.470530   1.721478  -0.266381   0.812500   0.562500
  0.261307   0.453410   0.428847  -0.956515   0.469191   1.865783  -0.283419   0.812500   0.562500
  0.266332   0.448603   0.431205  -0.947139   0.467767   2.005396  -0.302461   0.812500   0.562500
  0.271357   0.443844   0.433555  -0.937062   0.466247   2.126051  -0.322506   0.812500   0.562500
  0.276382   0.439135   0.435898  -0.926379   0.464626   2.222271  -0.337281   0.812500   0.562500
  0.281407   0.434480   0.438233  -0.915212   0.462931   2.308953  -0.347029   0.812500   0.562500
  0.286432   0.429881   0.440559  -0.903609   0.461188   2.394066  -0.358370   0.812500   0.562500
  0.291457   0.425340   0.442877  -0.891579   0.459387   2.466656  -0.371181   0.812500   0.562500
  0.296482   0.420860   0.445185  -0.879184   0.457522   2.510535  -0.379399   0.812500   0.562500
  0.301508   0.416441   0.447485  -0.866566   0.455615   2.529490  -0.381143   0.812500   0.562500
  0.306533   0.412087   0.449774  -0.853856   0.453700   2.546607  -0.383460   0.812500   0.562500
  0.311558   0.407796   0.452054  -0.841059   0.451773   2.558946  -0.388854   0.812500   0.562500
  0.316583   0.403570   0.454324  -0.828200   0.449819   2.520273  -0.390751   0.812500   0.562500
  0.321608   0.399408   0.456584  -0.815536   0.447855   2.405122  -0.381966   0.812500   0.562500
  0.326633   0.395310   0.458835  -0.803450   0.445936   2.279101  -0.370891   0.812500   0.562500
  0.331658   0.391273   0.461076  -0.791998   0.444072   2.157357  -0.367342   0.812500   0.562500
  0.336683   0.387293   0.463307  -0.781157   0.442226   1.911921  -0.367915   0.812500   0.562500
  0.341709   0.383367   0.465530  -0.771548   0.440377   1.449920  -0.355089   0.812500   0.562500
  0.346734   0.379490   0.467743  -0.764262   0.438593   0.953470  -0.333135   0.812500   0.562500
  0.351759   0.375649   0.469947  -0.759471   0.436919   0.480240  -0.330436   0.812500   0.562500
  0.356784   0.371833   0.472142  -0.757057   0.435258  -0.277133  -0.372523   0.812500   0.562500
  0.361809   0.368029   0.474329  -0.758450   0.433386  -1.540636  -0.429257   0.812500   0.562500
  0.366834   0.364218   0.476507  -0.766192   0.431229  -2.871723  -0.460878   0.812500   0.562500
  0.371859   0.360368   0.478674  -0.780622   0.428913  -4.109634  -0.530532   0.812500   0.562500
  0.376884   0.356445   0.480829  -0.801273   0.426247  -5.816578  -0.782351   0.812500   0.562500
  0.381910   0.352418   0.482972  -0.830507   0.422315  -8.382506  -1.200934   0.812500   0.562500
  0.386935   0.348244   0.485094  -0.872629   0.416281 -11.013250  -1.562430   0.812500   0.562500
  0.391960   0.343859   0.487186  -0.927971   0.408429 -13.366371  -1.943544   0.812500   0.562500
  0.396985   0.339196   0.489238  -0.995137   0.398663 -16.037589  -2.780526   0.812500   0.562500
  0.402010   0.334196   0.491241  -1.075726   0.384691 -19.349685  -4.195914   0.812500   0.562500
  0.407035   0.328790   0.493174  -1.172958   0.363607 -22.511403  -5.532721   0.812500   0.562500
  0.412060   0.322896   0.495001  -1.286078   0.335805 -25.155552  -6.714992   0.812500   0.562500
  0.417085   0.316434   0.496689  -1.412484   0.302062 -27.062084  -8.526953   0.812500   0.562500
  0.422111   0.309335   0.498207  -1.548498   0.259205 -27.570512 -11.378173   0.812500   0.562500
  0.427136   0.301553   0.499510  -1.687040   0.202030 -27.168882 -14.158459   0.812500   0.562500
  0.432161   0.293076   0.500525  -1.823564   0.130884 -26.449410 -16.374337   0.812500   0.562500
  0.437186   0.283913   0.501182  -1.956472   0.048603 -23.442497 -18.530446   0.812500   0.562500
  0.442211   0.274081   0.501427  -2.074271  -0.044513 -15.276646 -20.944579   0.812500   0.562500
  0.447236   0.263658   0.501203  -2.151036  -0.149759  -5.082247 -23.088926   0.812500   0.562500
  0.452261   0.252849   0.500450  -2.176574  -0.265781   3.699883 -24.315272   0.812500   0.562500
  0.457286   0.241912   0.499115  -2.157982  -0.387965  13.051058 -23.173960   0.812500   0.562500
  0.462312   0.231066   0.497165  -2.092387  -0.504438  27.247359 -18.509081   0.812500   0.562500
  0.467337   0.220552   0.494630  -1.955470  -0.597446  44.208101 -13.276642   0.812500   0.562500
  0.472362   0.210725   0.491628  -1.733324  -0.664161  59.546576  -9.391501   0.812500   0.562500
  0.477387   0.202015   0.488291  -1.434102  -0.711353  70.928810  -4.056280   0.812500   0.562500
  0.482412   0.194809   0.484716  -1.077685  -0.731736  75.418082   7.549524   0.812500   0.562500
  0.487437   0.189394   0.481039  -0.698709  -0.693800  75.431174  22.906638   0.812500   0.562500
  0.492462   0.185883   0.477553  -0.319667  -0.578694  75.583175  36.715925   0.812500   0.562500
  0.497487   0.184276   0.474645   0.060138  -0.394196  74.642955  46.822438   0.812500   0.562500
  0.502513   0.184579   0.472664   0.435293  -0.158867  66.288788  50.726189   0.812500   0.562500
  0.507538   0.186766   0.471865   0.768395   0.096032  51.117415  50.359446   0.812500   0.562500
  0.512563   0.190627   0.472348   1.025260   0.349089  35.926965  50.120388   0.812500   0.562500
  0.517588   0.195779   0.474102   1.205793   0.600943  22.700356  49.765519   0.812500   0.562500
  0.522613   0.201838   0.477122   1.319862   0.851015  10.800660  44.630094   0.812500   0.562500
  0.527638   0.208470   0.481398   1.374135   1.075281  -0.278440  33.972103   0.812500   0.562500
  0.532663   0.215375   0.486801   1.372736   1.245991 -10.643657  22.466983   0.812500   0.562500
  0.537688   0.222273   0.493062   1.319252   1.358888 -19.928266  11.940852   0.812500   0.562500
  0.542714   0.228904   0.499892   1.219092   1.418903 -26.040338   2.977215   0.812500   0.562500
  0.547739   0.235030   0.507022   1.088240   1.433863 -28.277489  -3.875120   0.812500   0.562500
  0.552764   0.240498   0.514227   0.946145   1.414391 -29.237221  -9.547678   0.812500   0.562500
  0.557789   0.245253   0.521335   0.799228   1.366414 -29.997080 -14.766124   0.812500   0.562500
  0.562814   0.249269   0.528201   0.648493   1.292214 -29.379078 -18.470980   0.812500   0.562500
  0.567839   0.252528   0.534694   0.500863   1.199397 -26.834583 -19.592107   0.812500   0.562500
  0.572864   0.255044   0.540721   0.366019   1.100947 -23.829976 -19.500272   0.812500   0.562500
  0.577889   0.256884   0.546254   0.246274   1.002958 -21.029151 -19.176643   0.812500   0.562500
  0.582915   0.258121   0.551294   0.140581   0.906576 -18.177612 -18.237471   0.812500   0.562500
  0.587940   0.258828   0.555850   0.049238   0.814933 -15.219921 -16.407315   0.812500   0.562500
  0.592965   0.259075   0.559945  -0.027242   0.732486 -12.455431 -14.363818   0.812500   0.562500
  0.597990   0.258938   0.563626  -0.089830   0.660308  -9.948491 -12.414978   0.812500   0.562500
  0.603015   0.258487   0.566944  -0.139821   0.597923  -7.756263 -10.488073   0.812500   0.562500
  0.608040   0.257784   0.569948  -0.178797   0.545220  -6.000802  -8.686221   0.812500   0.562500
  0.613065   0.256886   0.572688  -0.208951   0.501572  -4.542391  -7.118152   0.812500   0.562500
  0.618090   0.255836   0.575208  -0.231776   0.465803  -3.238135  -5.692241   0.812500   0.562500
  0.623116   0.254671   0.577550  -0.248051   0.437194  -2.170255  -4.403051   0.812500   0.562500
  0.628141   0.253425   0.579746  -0.258956   0.415068  -1.442389  -3.405541   0.812500   0.562500
  0.633166   0.252123   0.581832  -0.266204   0.397956  -0.892433  -2.649323   0.812500   0.562500
  0.638191   0.250786   0.583832  -0.270689   0.384643  -0.405253  -1.985802   0.812500   0.562500
  0.643216   0.249425   0.585765  -0.272725   0.374664  -0.034221  -1.410824   0.812500   0.562500
  0.648241   0.248055   0.587647  -0.272897   0.367575   0.175755  -1.013669   0.812500   0.562500
  0.653266   0.246684   0.589494  -0.272014   0.362481   0.321555  -0.744875   0.812500   0.562500
  0.658291   0.245317   0.591316  -0.270398   0.358738   0.452583  -0.515803   0.812500   0.562500
  0.663317   0.243958   0.593119  -0.268124   0.356146   0.535329  -0.323419   0.812500   0.562500
  0.668342   0.242610   0.594909  -0.265434   0.354520   0.558999  -0.204336   0.812500   0.562500
  0.673367   0.241277   0.596690  -0.262625   0.353494   0.573919  -0.133775   0.812500   0.562500
  0.678392   0.239957   0.598466  -0.259741   0.352821   0.591367  -0.074492   0.812500   0.562500
  0.683417   0.238652   0.600239  -0.256769   0.352447   0.587207  -0.025028   0.812500   0.562500
  0.688442   0.237362   0.602010  -0.253818   0.352321   0.562832   0.001340   0.812500   0.562500
  0.693467   0.236086   0.603781  -0.250990   0.352328   0.548055   0.012319   0.812500   0.562500
  0.698492   0.234825   0.605551  -0.248236   0.352390   0.540460   0.021246   0.812500   0.562500
  0.703518   0.233577   0.607322  -0.245520   0.352497   0.519137   0.030256   0.812500   0.562500
  0.708543   0.232343   0.609094  -0.242911   0.352649   0.487322   0.034318   0.812500   0.562500
  0.713568   0.231123   0.610866  -0.240462   0.352821   0.469557   0.032669   0.812500   0.562500
  0.718593   0.229915   0.612639  -0.238103   0.352985   0.461282   0.030066   0.812500   0.562500
  0.723618   0.228718   0.614412  -0.235785   0.353136   0.441082   0.030172   0.812500   0.562500
  0.728643   0.227533   0.616187  -0.233568   0.353288   0.409483   0.031252   0.812500   0.562500
  0.733668   0.226360   0.617962  -0.231511   0.353445   0.392704   0.028653   0.812500   0.562500
  0.738693   0.225196   0.619738  -0.229537   0.353589   0.388861   0.023954   0.812500   0.562500
  0.743719   0.224043   0.621515  -0.227583   0.353710   0.373735   0.022308   0.812500   0.562500
  0.748744   0.222899   0.623293  -0.225705   0.353822   0.342272   0.024248   0.812500   0.562500
  0.753769   0.221765   0.625071  -0.223985   0.353943   0.325445   0.022861   0.812500   0.562500
  0.758794   0.220639   0.626849  -0.222350   0.354058   0.326932   0.017592   0.812500   0.562500
  0.763819   0.219522   0.628628  -0.220707   0.354147   0.318167   0.015055   0.812500   0.562500
  0.768844   0.218413   0.630408  -0.219108   0.354222   0.285593   0.018465   0.812500   0.562500
  0.773869   0.217312   0.632188  -0.217673   0.354315   0.266742   0.018841   0.812500   0.562500
  0.778894   0.216218   0.633968  -0.216333   0.354410   0.273948   0.012874   0.812500   0.562500
  0.783920   0.215131   0.635750  -0.214956   0.354475   0.272960   0.008851   0.812500   0.562500
  0.788945   0.214051   0.637531  -0.213584   0.354519   0.237981   0.013937   0.812500   0.562500
  0.793970   0.212977   0.639312  -0.212388   0.354589   0.214607   0.016790   0.812500   0.562500
  0.798995   0.211910   0.641094  -0.211310   0.354673   0.228005   0.009795   0.812500   0.562500
  0.804020   0.210848   0.642876  -0.210164   0.354723   0.236912   0.003215   0.812500   0.562500
  0.809045   0.209792   0.644659  -0.208974   0.354739   0.198332   0.010164   0.812500   0.562500
  0.814070   0.208742   0.646441  -0.207977   0.354790   0.167221   0.016646   0.812500   0.562500
  0.819095   0.207697   0.648224  -0.207137   0.354874   0.187327   0.008317   0.812500   0.562500
  0.824121   0.206656   0.650008  -0.206195   0.354915   0.209119  -0.002344   0.812500   0.562500
  0.829146   0.205620   0.651791  -0.205144   0.354904   0.166027   0.006540   0.812500   0.562500
  0.834171   0.204589   0.653575  -0.204310   0.354936   0.123153   0.018326   0.812500   0.562500
  0.839196   0.203562   0.655358  -0.203691   0.355029   0.150263   0.008556   0.812500   0.562500
  0.844221   0.202539   0.657142  -0.202936   0.355071   0.188665  -0.008100   0.812500   0.562500
  0.849246   0.201519   0.658926  -0.201988   0.355031   0.140794   0.002502   0.812500   0.562500
  0.854271   0.200504   0.660711  -0.201281   0.355043   0.081476   0.021735   0.812500   0.562500
  0.859296   0.199493   0.662495  -0.200871   0.355153   0.115379   0.010723   0.812500   0.562500
  0.864322   0.198483   0.664280  -0.200291   0.355206   0.174592  -0.014211   0.812500   0.562500
  0.869347   0.197477   0.666065  -0.199414   0.355135   0.122703  -0.002650   0.812500   0.562500
  0.874372   0.196474   0.667849  -0.198798   0.355122   0.042108   0.026459   0.812500   0.562500
  0.879397   0.195476   0.669634  -0.198586   0.355255   0.081690   0.014937   0.812500   0.562500
  0.884422   0.194478   0.671419  -0.198175   0.355330   0.165573  -0.020505   0.812500   0.562500
  0.889447   0.193482   0.673204  -0.197343   0.355227   0.111851  -0.009398   0.812500   0.562500
  0.894472   0.192490   0.674989  -0.196781   0.355180   0.005801   0.031924   0.812500   0.562500
  0.899497   0.191501   0.676774  -0.196752   0.355340   0.048770   0.021248   0.812500   0.562500
  0.904523   0.190512   0.678560  -0.196507   0.355447   0.160072  -0.026546   0.812500   0.562500
  0.909548   0.189525   0.680346  -0.195703   0.355313   0.108070  -0.018022   0.812500   0.562500
  0.914573   0.188542   0.682132  -0.195160   0.355223  -0.026024   0.037238   0.812500   0.562500
  0.919598   0.187561   0.683917  -0.195290   0.355410   0.016911   0.029367   0.812500   0.562500
  0.924623   0.186580   0.685702  -0.195205   0.355557   0.156346  -0.031677   0.812500   0.562500
  0.929648   0.185599   0.687489  -0.194420   0.355398   0.110709  -0.028386   0.812500   0.562500
  0.934673   0.184622   0.689275  -0.193864   0.355256  -0.051886   0.041510   0.812500   0.562500
  0.939698   0.183648   0.691060  -0.194124   0.355464  -0.013291   0.038824   0.812500   0.562500
  0.944724   0.182672   0.692847  -0.194191   0.355659   0.152852  -0.035287   0.812500   0.562500
  0.949749   0.181696   0.694634  -0.193423   0.355482   0.118153  -0.039847   0.812500   0.562500
  0.954774   0.180724   0.696420  -0.192829   0.355282  -0.072476   0.044895   0.812500   0.562500
  0.959799   0.179755   0.698206  -0.193193   0.355507  -0.046061   0.051691   0.812500   0.562500
  0.964824   0.178784   0.699992  -0.193425   0.355767   0.137472  -0.030832   0.812500   0.562500
  0.969849   0.177812   0.701780  -0.192734   0.355612   0.113654  -0.042685   0.812500   0.562500
  0.974874   0.176844   0.703567  -0.192163   0.355398  -0.103104   0.058177   0.812500   0.562500
  0.979899   0.175878   0.705353  -0.192681   0.355690  -0.103037   0.087968   0.812500   0.562500
  0.984925   0.174910   0.707140  -0.193199   0.356132   0.093456   0.015583   0.812500   0.562500
  0.989950   0.173939   0.708930  -0.192729   0.356210   0.207467  -0.041336   0.812500   0.562500
  0.994975   0.172971   0.710720  -0.191687   0.356003   0.272481  -0.064946   0.812500   0.562500
  1.000000   0.172007   0.712509  -0.190318   0.355676   0.572205  -0.178735   0.812500   0.562500