  0.000000   0.626879   0.345398   0.000000   0.000000   8.115751  21.343310   0.937500   0.562500
  0.005025   0.626879   0.345398   0.040782   0.107250   4.009556  19.431046   0.937500   0.562500
  0.010050   0.627084   0.345937   0.060930   0.204891   2.364093  15.157591   0.937500   0.562500
  0.015075   0.627390   0.346967   0.072809   0.281058   2.578998   8.883522   0.937500   0.562500
  0.020101   0.627756   0.348379   0.085771   0.325707   2.418704   3.294484   0.937500   0.562500
  0.025126   0.628187   0.350016   0.097925   0.342261   1.449191  -0.730426   0.937500   0.562500
  0.030151   0.628679   0.351736   0.105207   0.338591  -0.304117  -2.557548   0.937500   0.562500
  0.035176   0.629208   0.353437   0.103679   0.325739  -2.818236  -1.905293   0.937500   0.562500
  0.040201   0.629729   0.355074   0.089518   0.316165  -5.288074  -0.743386   0.937500   0.562500
  0.045226   0.630179   0.356663   0.062945   0.312430  -7.295214  -0.160737   0.937500   0.562500
  0.050251   0.630495   0.358233   0.026287   0.311622  -8.845093   0.043711   0.937500   0.562500
  0.055276   0.630627   0.359798  -0.018160   0.311842  -9.932003   0.196153   0.937500   0.562500
  0.060302   0.630536   0.361366  -0.068078   0.312828 -10.699329   0.322328   0.937500   0.562500
  0.065327   0.630194   0.362938  -0.121842   0.314447 -11.303578   0.354529   0.937500   0.562500
  0.070352   0.629581   0.364518  -0.178643   0.316229 -11.748873   0.342756   0.937500   0.562500
  0.075377   0.628684   0.366107  -0.237681   0.317951 -11.955757   0.388738   0.937500   0.562500
  0.080402   0.627489   0.367705  -0.297759   0.319904 -11.975175   0.451253   0.937500   0.562500
  0.085427   0.625993   0.369312  -0.357934   0.322172 -11.915809   0.453409   0.937500   0.562500
  0.090452   0.624194   0.370931  -0.417811   0.324450 -11.787438   0.420489   0.937500   0.562500
  0.095477   0.622095   0.372561  -0.477043   0.326563 -11.525434   0.429208   0.937500   0.562500
  0.100503   0.619697   0.374203  -0.534970   0.328721 -11.150612   0.457681   0.937500   0.562500
  0.105528   0.617009   0.375855  -0.591001   0.331020 -10.745717   0.445189   0.937500   0.562500
  0.110553   0.614039   0.377518  -0.644999   0.333258 -10.326133   0.404137   0.937500   0.562500
  0.115578   0.610798   0.379193  -0.696887   0.335288  -9.841019   0.392210   0.937500   0.562500
  0.120603   0.607296   0.380877  -0.746339   0.337259  -9.291261   0.400523   0.937500   0.562500
  0.125628   0.603546   0.382572  -0.793027   0.339272  -8.738942   0.381795   0.937500   0.562500
  0.130653   0.599561   0.384277  -0.836940   0.341190  -8.203175   0.340009   0.937500   0.562500
  0.135678   0.595355   0.385991  -0.878161   0.342899  -7.645118   0.317940   0.937500   0.562500
  0.140704   0.590942   0.387715  -0.916586   0.344497  -7.052464   0.315096   0.937500   0.562500
  0.145729   0.586336   0.389446  -0.952024   0.346080  -6.471378   0.295131   0.937500   0.562500
  0.150754   0.581552   0.391185  -0.984543   0.347563  -5.923103   0.256690   0.937500   0.562500
  0.155779   0.576605   0.392931  -1.014306   0.348853  -5.379050   0.230980   0.937500   0.562500
  0.160804   0.571508   0.394684  -1.041336   0.350014  -4.818834   0.222683   0.937500   0.562500
  0.165829   0.566275   0.396443  -1.065551   0.351133  -4.275540   0.204290   0.937500   0.562500
  0.170854   0.560921   0.398208  -1.087035   0.352159  -3.771819   0.171164   0.937500   0.562500
  0.175879   0.555458   0.399977  -1.105989   0.353019  -3.287732   0.145599   0.937500   0.562500
  0.180905   0.549900   0.401752  -1.122513   0.353751  -2.797971   0.135289   0.937500   0.562500
  0.185930   0.544259   0.403529  -1.136573   0.354431  -2.325586   0.119832   0.937500   0.562500
  0.190955   0.538548   0.405310  -1.148259   0.355033  -1.893743   0.092697   0.937500   0.562500
  0.195980   0.532778   0.407094  -1.157775   0.355499  -1.489765   0.069361   0.937500   0.562500
  0.201005   0.526960   0.408881  -1.165261   0.355847  -1.085953   0.059060   0.937500   0.562500
  0.206030   0.521105   0.410669  -1.170718   0.356144  -0.696857   0.047057   0.937500   0.562500
  0.211055   0.515222   0.412458  -1.174220   0.356381  -0.345882   0.025830   0.937500   0.562500
  0.216080   0.509321   0.414249  -1.175958   0.356511  -0.026440   0.005660   0.937500   0.562500
  0.221106   0.503411   0.416041  -1.176091   0.356539   0.290103  -0.003615   0.937500   0.562500
  0.226131   0.497501   0.417833  -1.174633   0.356521   0.595876  -0.012202   0.937500   0.562500
  0.231156   0.491598   0.419624  -1.171639   0.356459   0.867779  -0.028039   0.937500   0.562500
  0.236181   0.485711   0.421415  -1.167278   0.356319   1.107230  -0.044787   0.937500   0.562500
  0.241206   0.479845   0.423206  -1.161714   0.356094   1.342463  -0.052593   0.937500   0.562500
  0.246231   0.474008   0.424995  -1.154968   0.355829   1.571584  -0.058084   0.937500   0.562500
  0.251256   0.468204   0.426783  -1.147071   0.355537   1.772114  -0.069298   0.937500   0.562500
  0.256281   0.462440   0.428570  -1.138166   0.355189   1.940710  -0.082890   0.937500   0.562500
  0.261307   0.456720   0.430355  -1.128412   0.354773   2.103982  -0.089228   0.937500   0.562500
  0.266332   0.451049   0.432138  -1.117840   0.354324   2.265669  -0.092120   0.937500   0.562500
  0.271357   0.445432   0.433918  -1.106455   0.353861   2.404922  -0.099725   0.937500   0.562500
  0.276382   0.439872   0.435696  -1.094370   0.353360   2.512645  -0.111028   0.937500   0.562500
  0.281407   0.434373   0.437472  -1.081744   0.352802   2.610906  -0.116358   0.937500   0.562500
  0.286432   0.428937   0.439245  -1.068624   0.352218   2.711225  -0.117307   0.937500   0.562500
  0.291457   0.423567   0.441015  -1.055000   0.351628   2.796671  -0.122896   0.937500   0.562500
  0.296482   0.418266   0.442782  -1.040947   0.351011   2.846749  -0.134525   0.937500   0.562500
  0.301508   0.413034   0.444546  -1.026639   0.350334   2.871077  -0.141143   0.937500   0.562500
  0.306533   0.407875   0.446306  -1.012212   0.349625   2.897388  -0.141896   0.937500   0.562500
  0.311558   0.402789   0.448063  -0.997653   0.348912   2.918377  -0.149408   0.937500   0.562500
  0.316583   0.397776   0.449816  -0.982988   0.348161   2.882937  -0.170616   0.937500   0.562500
  0.321608   0.392836   0.451566  -0.968501   0.347304   2.768146  -0.189542   0.937500   0.562500
  0.326633   0.387970   0.453311  -0.954591   0.346352   2.645386  -0.198599   0.937500   0.562500
  0.331658   0.383173   0.455052  -0.941298   0.345354   2.529980  -0.221986   0.937500   0.562500
  0.336683   0.378443   0.456787  -0.928585   0.344238   2.290036  -0.287131   0.937500   0.562500
  0.341709   0.373776   0.458517  -0.917075   0.342795   1.827129  -0.365964   0.937500   0.562500
  0.346734   0.369167   0.460240  -0.907894   0.340956   1.328219  -0.422391   0.937500   0.562500
  0.351759   0.364605   0.461953  -0.901219   0.338834   0.863247  -0.510571   0.937500   0.562500
  0.356784   0.360077   0.463656  -0.896882   0.336268   0.129635  -0.729233   0.937500   0.562500
  0.361809   0.355570   0.465345  -0.896230   0.332604  -1.117879  -1.030368   0.937500   0.562500
  0.366834   0.351066   0.467017  -0.901848   0.327426  -2.449013  -1.271669   0.937500   0.562500
  0.371859   0.346534   0.468662  -0.914154   0.321036  -3.663796  -1.561103   0.937500   0.562500
  0.376884   0.341941   0.470275  -0.932564   0.313191  -5.285194  -2.192343   0.937500   0.562500
  0.381910   0.337254   0.471849  -0.959128   0.302173  -7.755326  -3.115899   0.937500   0.562500
  0.386935   0.332434   0.473368  -0.998098   0.286515 -10.342996  -3.891405   0.937500   0.562500
  0.391960   0.327419   0.474807  -1.050072   0.266961 -12.625453  -4.654832   0.937500   0.562500
  0.396985   0.322142   0.476149  -1.113515   0.243570 -15.070829  -6.062848   0.937500   0.562500
  0.402010   0.316547   0.477373  -1.189246   0.213104 -18.073697  -8.170464   0.937500   0.562500
  0.407035   0.310571   0.478444  -1.280066   0.172048 -21.042550 -10.007926   0.937500   0.562500
  0.412060   0.304138   0.479308  -1.385805   0.121758 -23.512856 -11.549715   0.937500   0.562500
  0.417085   0.297175   0.479920  -1.503957   0.063721 -25.005874 -13.724640   0.937500   0.562500
  0.422111   0.289616   0.480240  -1.629636  -0.005259 -24.894747 -16.802316   0.937500   0.562500
  0.427136   0.281427   0.480214  -1.754733  -0.089691 -24.048301 -19.526202   0.937500   0.562500
  0.432161   0.272609   0.479763  -1.875575  -0.187810 -23.049871 -21.460541   0.937500   0.562500
  0.437186   0.263185   0.478820  -1.991401  -0.295649 -19.659356 -22.876548   0.937500   0.562500
  0.442211   0.253178   0.477334  -2.090189  -0.410604 -10.943120 -23.826289   0.937500   0.562500
  0.447236   0.242675   0.475271  -2.145178  -0.530331  -0.345972 -24.321066   0.937500   0.562500
  0.452261   0.231895   0.472606  -2.146917  -0.652544   8.499219 -23.955197   0.937500   0.562500
  0.457286   0.221107   0.469327  -2.104208  -0.772919  17.400264 -20.632757   0.937500   0.562500
  0.462312   0.210531   0.465442  -2.016755  -0.876620  30.687315 -12.860926   0.937500   0.562500
  0.467337   0.200397   0.461037  -1.862551  -0.941246  46.861303  -4.700013   0.937500   0.562500
  0.472362   0.191038   0.456307  -1.627073  -0.964863  61.499125   1.485742   0.937500   0.562500
  0.477387   0.182862   0.451459  -1.318040  -0.957397  71.411824   8.798039   0.937500   0.562500
  0.482412   0.176238   0.446648  -0.959195  -0.913187  73.172198  21.762455   0.937500   0.562500
  0.487437   0.171418   0.442059  -0.591505  -0.803831  70.473664  37.542357   0.937500   0.562500
  0.492462   0.168446   0.438020  -0.237375  -0.615181  68.606533  51.246784   0.937500   0.562500
  0.497487   0.167253   0.434929   0.107373  -0.357665  65.970268  60.616538   0.937500   0.562500
  0.502513   0.167793   0.433131   0.438940  -0.053007  56.384393  62.489615   0.937500   0.562500
  0.507538   0.169999   0.432865   0.722271   0.261004  40.827305  59.393554   0.937500   0.562500
  0.512563   0.173628   0.434176   0.927428   0.559456  25.781816  56.654288   0.937500   0.562500
  0.517588   0.178288   0.436987   1.056982   0.844144  13.174057  53.902255   0.937500   0.562500
  0.522613   0.183600   0.441229   1.123182   1.115003   2.765023  46.264919   0.937500   0.562500
  0.527638   0.189244   0.446832   1.137076   1.347484  -6.334534  33.412951   0.937500   0.562500
  0.532663   0.194957   0.453603   1.105245   1.515384 -14.829044  20.147855   0.937500   0.562500
  0.537688   0.200511   0.461218   1.030729   1.616627 -22.197765   8.089402   0.937500   0.562500
  0.542714   0.205692   0.469343   0.919163   1.657284 -26.317530  -2.004380   0.937500   0.562500
  0.547739   0.210311   0.477671   0.786917   1.647212 -27.067403  -9.340701   0.937500   0.562500
  0.552764   0.214265   0.485948   0.650904   1.600275 -27.066278 -15.172573   0.937500   0.562500
  0.557789   0.217536   0.493990   0.514896   1.524033 -27.003950 -20.452876   0.937500   0.562500
  0.562814   0.220123   0.501648   0.379201   1.421257 -25.680361 -23.991408   0.937500   0.562500
  0.567839   0.222028   0.508790   0.250157   1.300701 -22.834919 -24.655469   0.937500   0.562500
  0.572864   0.223286   0.515326   0.135411   1.176807 -19.841210 -24.035267   0.937500   0.562500
  0.577889   0.223966   0.521239   0.035709   1.056030 -17.166561 -23.192585   0.937500   0.562500
  0.582915   0.224145   0.526547  -0.050570   0.939464 -14.548894 -21.695112   0.937500   0.562500
  0.587940   0.223891   0.531268  -0.123678   0.830446 -11.928544 -19.303026   0.937500   0.562500
  0.592965   0.223270   0.535441  -0.183619   0.733448  -9.519213 -16.762326   0.937500   0.562500
  0.597990   0.222347   0.539126  -0.231453   0.649217  -7.381413 -14.363060   0.937500   0.562500
  0.603015   0.221184   0.542388  -0.268545   0.577043  -5.597667 -12.020465   0.937500   0.562500
  0.608040   0.219835   0.545288  -0.296673   0.516640  -4.211657  -9.877679   0.937500   0.562500
  0.613065   0.218344   0.547884  -0.317836   0.467005  -3.038676  -8.038904   0.937500   0.562500
  0.618090   0.216747   0.550231  -0.333106   0.426609  -1.994524  -6.377311   0.937500   0.562500
  0.623116   0.215073   0.552375  -0.343130   0.394557  -1.194827  -4.888036   0.937500   0.562500
  0.628141   0.213348   0.554358  -0.349134   0.369995  -0.684127  -3.745636   0.937500   0.562500
  0.633166   0.211594   0.556217  -0.352572   0.351173  -0.278932  -2.881070   0.937500   0.562500
  0.638191   0.209822   0.557982  -0.353974   0.336695   0.087028  -2.126246   0.937500   0.562500
  0.643216   0.208044   0.559673  -0.353536   0.326011   0.335501  -1.482303   0.937500   0.562500
  0.648241   0.206267   0.561312  -0.351850   0.318562   0.451272  -1.041511   0.937500   0.562500
  0.653266   0.204499   0.562912  -0.349583   0.313329   0.542226  -0.738841   0.937500   0.562500
  0.658291   0.202742   0.564487  -0.346858   0.309616   0.630718  -0.481790   0.937500   0.562500
  0.663317   0.200999   0.566043  -0.343688   0.307195   0.668312  -0.274822   0.937500   0.562500
  0.668342   0.199272   0.567587  -0.340330   0.305814   0.657896  -0.150069   0.937500   0.562500
  0.673367   0.197562   0.569123  -0.337024   0.305060   0.657185  -0.070907   0.937500   0.562500
  0.678392   0.195868   0.570656  -0.333721   0.304703   0.663853  -0.004146   0.937500   0.562500
  0.683417   0.194191   0.572187  -0.330386   0.304683   0.644294   0.043139   0.937500   0.562500
  0.688442   0.192531   0.573719  -0.327148   0.304899   0.607417   0.064375   0.937500   0.562500
  0.693467   0.190887   0.575251  -0.324096   0.305223   0.590095   0.077632   0.937500   0.562500
  0.698492   0.189259   0.576784  -0.321131   0.305613   0.582031   0.089423   0.937500   0.562500
  0.703518   0.187645   0.578320  -0.318205   0.306062   0.554463   0.092622   0.937500   0.562500
  0.708543   0.186046   0.579858  -0.315419   0.306528   0.515935   0.089129   0.937500   0.562500
  0.713568   0.184461   0.581399  -0.312827   0.306976   0.498999   0.088837   0.937500   0.562500
  0.718593   0.182889   0.582941  -0.310319   0.307422   0.493337   0.089016   0.937500   0.562500
  0.723618   0.181329   0.584486  -0.307840   0.307869   0.469419   0.083119   0.937500   0.562500
  0.728643   0.179782   0.586033  -0.305481   0.308287   0.431905   0.075961   0.937500   0.562500
  0.733668   0.178247   0.587582  -0.303311   0.308669   0.416493   0.074887   0.937500   0.562500
  0.738693   0.176723   0.589133  -0.301218   0.309045   0.416524   0.073973   0.937500   0.562500
  0.743719   0.175209   0.590687  -0.299125   0.309417   0.398564   0.066763   0.937500   0.562500
  0.748744   0.173706   0.592241  -0.297122   0.309752   0.360599   0.059767   0.937500   0.562500
  0.753769   0.172213   0.593798  -0.295310   0.310053   0.344960   0.060180   0.937500   0.562500
  0.758794   0.170729   0.595356  -0.293576   0.310355   0.351375   0.060063   0.937500   0.562500
  0.763819   0.169254   0.596915  -0.291811   0.310657   0.340428   0.052430   0.937500   0.562500
  0.768844   0.167788   0.598476  -0.290100   0.310920   0.300226   0.045779   0.937500   0.562500
  0.773869   0.166330   0.600039  -0.288591   0.311150   0.282119   0.048189   0.937500   0.562500
  0.778894   0.164880   0.601602  -0.287174   0.311392   0.295555   0.049114   0.937500   0.562500
  0.783920   0.163436   0.603167  -0.285688   0.311639   0.293177   0.040423   0.937500   0.562500
  0.788945   0.162001   0.604733  -0.284215   0.311842   0.248974   0.033682   0.937500   0.562500
  0.793970   0.160573   0.606300  -0.282964   0.312012   0.225624   0.038720   0.937500   0.562500
  0.798995   0.159151   0.607868  -0.281830   0.312206   0.246984   0.040909   0.937500   0.562500
  0.804020   0.157735   0.609437  -0.280589   0.312412   0.255629   0.030136   0.937500   0.562500
  0.809045   0.156325   0.611007  -0.279305   0.312563   0.205667   0.022652   0.937500   0.562500
  0.814070   0.154921   0.612578  -0.278271   0.312677   0.173441   0.031307   0.937500   0.562500
  0.819095   0.153523   0.614149  -0.277400   0.312834   0.203804   0.035237   0.937500   0.562500
  0.824121   0.152129   0.615721  -0.276375   0.313012   0.226997   0.021060   0.937500   0.562500
  0.829146   0.150740   0.617294  -0.275235   0.313117   0.169704   0.011848   0.937500   0.562500
  0.834171   0.149357   0.618867  -0.274382   0.313177   0.123943   0.025480   0.937500   0.562500
  0.839196   0.147978   0.620441  -0.273759   0.313305   0.164248   0.032049   0.937500   0.562500
  0.844221   0.146602   0.622015  -0.272934   0.313466   0.206479   0.013013   0.937500   0.562500
  0.849246   0.145231   0.623591  -0.271896   0.313531   0.140920   0.000670   0.937500   0.562500
  0.854271   0.143865   0.625166  -0.271188   0.313535   0.076074   0.020868   0.937500   0.562500
  0.859296   0.142502   0.626742  -0.270806   0.313640   0.126765   0.031413   0.937500   0.562500
  0.864322   0.141141   0.628318  -0.270169   0.313797   0.193252   0.006003   0.937500   0.562500
  0.869347   0.139783   0.629895  -0.269197   0.313828   0.119672  -0.011374   0.937500   0.562500
  0.874372   0.138431   0.631472  -0.268596   0.313770   0.029827   0.016976   0.937500   0.562500
  0.879397   0.137081   0.633049  -0.268446   0.313856   0.090283   0.033314   0.937500   0.562500
  0.884422   0.135732   0.634626  -0.267993   0.314023   0.186050   0.000390   0.937500   0.562500
  0.889447   0.134385   0.636204  -0.267058   0.314025   0.106469  -0.024279   0.937500   0.562500
  0.894472   0.133043   0.637782  -0.266523   0.313903  -0.013753   0.013400   0.937500   0.562500
  0.899497   0.131704   0.639359  -0.266592   0.313970   0.054333   0.037654   0.937500   0.562500
  0.904523   0.130364   0.640937  -0.266319   0.314160   0.183299  -0.003310   0.937500   0.562500
  0.909548   0.129026   0.642516  -0.265398   0.314143   0.101613  -0.037660   0.937500   0.562500
  0.914573   0.127692   0.644094  -0.264887   0.313954  -0.052710   0.009718   0.937500   0.562500
  0.919598   0.126361   0.645672  -0.265152   0.314003   0.019257   0.044035   0.937500   0.562500
  0.924623   0.125029   0.647250  -0.265055   0.314224   0.183069  -0.004517   0.937500   0.562500
  0.929648   0.123697   0.648829  -0.264135   0.314201   0.104828  -0.050721   0.937500   0.562500
  0.934673   0.122370   0.650407  -0.263608   0.313946  -0.084973   0.005613   0.937500   0.562500
  0.939698   0.121045   0.651985  -0.264035   0.313975  -0.014286   0.051851   0.937500   0.562500
  0.944724   0.119718   0.653563  -0.264107   0.314235   0.183497  -0.002949   0.937500   0.562500
  0.949749   0.118391   0.655142  -0.263185   0.314220   0.114555  -0.062489   0.937500   0.562500
  0.954774   0.117068   0.656721  -0.262610   0.313906  -0.110970   0.001725   0.937500   0.562500
  0.959799   0.115749   0.658298  -0.263167   0.313915  -0.051039   0.063112   0.937500   0.562500
  0.964824   0.114426   0.659876  -0.263424   0.314232   0.170944   0.007975   0.937500   0.562500
  0.969849   0.113103   0.661455  -0.262565   0.314272   0.112987  -0.061226   0.937500   0.562500
  0.974874   0.111783   0.663034  -0.261997   0.313965  -0.144672   0.014963   0.937500   0.562500
  0.979899   0.110467   0.664612  -0.262724   0.314040  -0.106252   0.114893   0.937500   0.562500
  0.984925   0.109146   0.666190  -0.263258   0.314617   0.153415   0.112128   0.937500   0.562500
  0.989950   0.107823   0.667771  -0.262487   0.315181   0.286157   0.062476   0.937500   0.562500
  0.994975   0.106504   0.669355  -0.261049   0.315495   0.373910   0.064982   0.937500   0.562500
  1.000000   0.105193   0.670940  -0.259170   0.315821   0.769389   0.056007   0.937500   0.562500