  0.000000   0.626879   0.345398   0.000000   0.000000   8.115747  21.343319   0.937500   0.687500
  0.005025   0.626879   0.345398   0.040782   0.107250   4.009551  19.431056   0.937500   0.687500
  0.010050   0.627084   0.345937   0.060930   0.204891   2.364089  15.157598   0.937500   0.687500
  0.015075   0.627390   0.346967   0.072809   0.281058   2.578997   8.883520   0.937500   0.687500
  0.020101   0.627756   0.348379   0.085771   0.325707   2.418706   3.294477   0.937500   0.687500
  0.025126   0.628187   0.350016   0.097925   0.342261   1.449195  -0.730437   0.937500   0.687500
  0.030151   0.628679   0.351736   0.105207   0.338591  -0.304113  -2.557559   0.937500   0.687500
  0.035176   0.629208   0.353437   0.103679   0.325739  -2.818233  -1.905302   0.937500   0.687500
  0.040201   0.629729   0.355074   0.089518   0.316165  -5.288073  -0.743391   0.937500   0.687500
  0.045226   0.630179   0.356663   0.062945   0.312430  -7.295214  -0.160740   0.937500   0.687500
  0.050251   0.630495   0.358233   0.026287   0.311622  -8.845094   0.043710   0.937500   0.687500
  0.055276   0.630627   0.359798  -0.018160   0.311842  -9.932003   0.196154   0.937500   0.687500
  0.060302   0.630536   0.361366  -0.068078   0.312827 -10.699329   0.322329   0.937500   0.687500
  0.065327   0.630194   0.362938  -0.121842   0.314447 -11.303578   0.354530   0.937500   0.687500
  0.070352   0.629581   0.364518  -0.178643   0.316229 -11.748873   0.342756   0.937500   0.687500
  0.075377   0.628684   0.366107  -0.237681   0.317951 -11.955757   0.388739   0.937500   0.687500
  0.080402   0.627489   0.367705  -0.297759   0.319904 -11.975175   0.451254   0.937500   0.687500
  0.085427   0.625993   0.369312  -0.357934   0.322172 -11.915809   0.453409   0.937500   0.687500
  0.090452   0.624194   0.370931  -0.417811   0.324450 -11.787438   0.420490   0.937500   0.687500
  0.095477   0.622095   0.372561  -0.477043   0.326563 -11.525434   0.429209   0.937500   0.687500
  0.100503   0.619697   0.374203  -0.534970   0.328720 -11.150612   0.457682   0.937500   0.687500
  0.105528   0.617009   0.375855  -0.591001   0.331020 -10.745717   0.445190   0.937500   0.687500
  0.110553   0.614039   0.377518  -0.644999   0.333257 -10.326133   0.404138   0.937500   0.687500
  0.115578   0.610798   0.379193  -0.696887   0.335288  -9.841019   0.392210   0.937500   0.687500
  0.120603   0.607296   0.380877  -0.746339   0.337259  -9.291261   0.400524   0.937500   0.687500
  0.125628   0.603546   0.382572  -0.793027   0.339272  -8.738941   0.381796   0.937500   0.687500
  0.130653   0.599561   0.384277  -0.836940   0.341190  -8.203175   0.340010   0.937500   0.687500
  0.135678   0.595355   0.385991  -0.878161   0.342899  -7.645118   0.317941   0.937500   0.687500
  0.140704   0.590942   0.387715  -0.916586   0.344497  -7.052464   0.315097   0.937500   0.687500
  0.145729   0.586336   0.389446  -0.952024   0.346080  -6.471378   0.295132   0.937500   0.687500
  0.150754   0.581552   0.391185  -0.984543   0.347563  -5.923103   0.256691   0.937500   0.687500
  0.155779   0.576605   0.392931  -1.014306   0.348853  -5.379050   0.230981   0.937500   0.687500
  0.160804   0.571508   0.394684  -1.041336   0.350014  -4.818834   0.222684   0.937500   0.687500
  0.165829   0.566275   0.396443  -1.065551   0.351133  -4.275540   0.204291   0.937500   0.687500
  0.170854   0.560921   0.398208  -1.087035   0.352159  -3.771818   0.171164   0.937500   0.687500
  0.175879   0.555458   0.399977  -1.105989   0.353019  -3.287731   0.145599   0.937500   0.687500
  0.180905   0.549900   0.401752  -1.122513   0.353751  -2.797970   0.135289   0.937500   0.687500
  0.185930   0.544259   0.403529  -1.136573   0.354431  -2.325584   0.119832   0.937500   0.687500
  0.190955   0.538548   0.405310  -1.148259   0.355033  -1.893739   0.092695   0.937500   0.687500
  0.195980   0.532778   0.407094  -1.157775   0.355499  -1.489760   0.069359   0.937500   0.687500
  0.201005   0.526960   0.408881  -1.165261   0.355847  -1.085951   0.059057   0.937500   0.687500
  0.206030   0.521105   0.410669  -1.170718   0.356144  -0.696852   0.047052   0.937500   0.687500
  0.211055   0.515222   0.412458  -1.174219   0.356381  -0.345863   0.025819   0.937500   0.687500
  0.216080   0.509321   0.414249  -1.175957   0.356510  -0.026421   0.005641   0.937500   0.687500
  0.221106   0.503411   0.416041  -1.176090   0.356539   0.290092  -0.003638   0.937500   0.687500
  0.226131   0.497501   0.417833  -1.174633   0.356520   0.595861  -0.012232   0.937500   0.687500
  0.231156   0.491598   0.419624  -1.171638   0.356459   0.867820  -0.028101   0.937500   0.687500
  0.236181   0.485711   0.421415  -1.167278   0.356318   1.107245  -0.044894   0.937500   0.687500
  0.241206   0.479845   0.423206  -1.161714   0.356092   1.342256  -0.052717   0.937500   0.687500
  0.246231   0.474008   0.424995  -1.154969   0.355827   1.571227  -0.058232   0.937500   0.687500
  0.251256   0.468204   0.426783  -1.147073   0.355535   1.771857  -0.069570   0.937500   0.687500
  0.256281   0.462440   0.428570  -1.138170   0.355185   1.940168  -0.083374   0.937500   0.687500
  0.261307   0.456720   0.430355  -1.128419   0.354766   2.102123  -0.089820   0.937500   0.687500
  0.266332   0.451049   0.432138  -1.117855   0.354315   2.262545  -0.092787   0.937500   0.687500
  0.271357   0.445432   0.433918  -1.106486   0.353848   2.401325  -0.100793   0.937500   0.687500
  0.276382   0.439872   0.435696  -1.094419   0.353342   2.506970  -0.112952   0.937500   0.687500
  0.281407   0.434373   0.437472  -1.081822   0.352774   2.598907  -0.118924   0.937500   0.687500
  0.286432   0.428936   0.439244  -1.068762   0.352177   2.692251  -0.120209   0.937500   0.687500
  0.291457   0.423566   0.441014  -1.055234   0.351573   2.772331  -0.126958   0.937500   0.687500
  0.296482   0.418263   0.442781  -1.041303   0.350935   2.811210  -0.141610   0.937500   0.687500
  0.301508   0.413030   0.444545  -1.027174   0.350223   2.810832  -0.151494   0.937500   0.687500
  0.306533   0.407868   0.446304  -1.013049   0.349462   2.808879  -0.154361   0.937500   0.687500
  0.311558   0.402778   0.448060  -0.998935   0.348686   2.802356  -0.165539   0.937500   0.687500
  0.316583   0.397758   0.449813  -0.984853   0.347854   2.721114  -0.196661   0.937500   0.687500
  0.321608   0.392809   0.451561  -0.971179   0.346866   2.528807  -0.229452   0.937500   0.687500
  0.326633   0.387929   0.453304  -0.958472   0.345713   2.320692  -0.249852   0.937500   0.687500
  0.331658   0.383113   0.455041  -0.946810   0.344458   2.112974  -0.286996   0.937500   0.687500
  0.336683   0.378355   0.456772  -0.936193   0.343015   1.733879  -0.383399   0.937500   0.687500
  0.341709   0.373650   0.458496  -0.927478   0.341088   1.084079  -0.510276   0.937500   0.687500
  0.346734   0.368989   0.460210  -0.922031   0.338524   0.402837  -0.611317   0.937500   0.687500
  0.351759   0.364356   0.461911  -0.920007   0.335452  -0.264915  -0.748731   0.937500   0.687500
  0.356784   0.359733   0.463596  -0.921338   0.331690  -1.286398  -1.057889   0.937500   0.687500
  0.361809   0.355103   0.465263  -0.927802   0.326374  -2.836226  -1.490119   0.937500   0.687500
  0.366834   0.350441   0.466903  -0.942054   0.318886  -4.385801  -1.854024   0.937500   0.687500
  0.371859   0.345707   0.468506  -0.964093   0.309570  -5.820098  -2.275158   0.937500   0.687500
  0.376884   0.340862   0.470061  -0.993339   0.298137  -7.720139  -3.114136   0.937500   0.687500
  0.381910   0.335870   0.471560  -1.032140   0.282486 -10.330434  -4.293282   0.937500   0.687500
  0.386935   0.330683   0.472979  -1.084050   0.260912 -12.816488  -5.274426   0.937500   0.687500
  0.391960   0.325236   0.474290  -1.148453   0.234408 -14.882858  -6.238695   0.937500   0.687500
  0.396985   0.319465   0.475468  -1.223240   0.203058 -16.926411  -7.919274   0.937500   0.687500
  0.402010   0.313318   0.476488  -1.308295   0.163264 -19.149000 -10.256494   0.937500   0.687500
  0.407035   0.306744   0.477309  -1.404519   0.111725 -21.127187 -12.150991   0.937500   0.687500
  0.412060   0.299686   0.477870  -1.510683   0.050666 -22.443644 -13.646804   0.937500   0.687500
  0.417085   0.292095   0.478125  -1.623462  -0.017909 -22.266133 -15.641556   0.937500   0.687500
  0.422111   0.283936   0.478035  -1.735372  -0.096523 -20.122928 -18.246752   0.937500   0.687500
  0.427136   0.275215   0.477550  -1.836489  -0.188213 -17.673335 -20.293442   0.937500   0.687500
  0.432161   0.265987   0.476604  -1.925298  -0.290188 -15.432429 -21.364552   0.937500   0.687500
  0.437186   0.256312   0.475146  -2.002846  -0.397545 -10.872798 -21.366407   0.937500   0.687500
  0.442211   0.246248   0.473148  -2.057482  -0.504911  -1.577091 -20.398924   0.937500   0.687500
  0.447236   0.235909   0.470611  -2.065406  -0.607415   8.642876 -19.307811   0.937500   0.687500
  0.452261   0.225531   0.467559  -2.021976  -0.704437  16.441041 -17.746685   0.937500   0.687500
  0.457286   0.215370   0.464019  -1.939360  -0.793614  23.057881 -13.234489   0.937500   0.687500
  0.462312   0.205623   0.460030  -1.823471  -0.860131  32.179386  -4.520721   0.937500   0.687500
  0.467337   0.196460   0.455708  -1.661769  -0.882847  43.827198   3.864089   0.937500   0.687500
  0.472362   0.188110   0.451272  -1.441538  -0.863430  54.497160   9.604106   0.937500   0.687500
  0.477387   0.180866   0.446933  -1.167690  -0.815170  60.738930  15.149177   0.937500   0.687500
  0.482412   0.174998   0.442837  -0.862476  -0.739045  60.098441  24.125594   0.937500   0.687500
  0.487437   0.170664   0.439123  -0.560482  -0.617814  57.146001  35.208078   0.937500   0.687500
  0.492462   0.167848   0.436019  -0.273323  -0.440893  56.255107  44.777065   0.937500   0.687500
  0.497487   0.166474   0.433803   0.009359  -0.215889  55.735505  50.436328   0.937500   0.687500
  0.502513   0.166521   0.432718   0.289485   0.037604  49.965072  50.007625   0.937500   0.687500
  0.507538   0.167976   0.432907   0.540560   0.288893  38.649174  46.896992   0.937500   0.687500
  0.512563   0.170692   0.434359   0.734772   0.524550  27.247642  45.387317   0.937500   0.687500
  0.517588   0.174385   0.436995   0.871691   0.752621  18.045222  44.839359   0.937500   0.687500
  0.522613   0.178765   0.440776   0.962369   0.977939  10.435189  40.812105   0.937500   0.687500
  0.527638   0.183601   0.445691   1.014806   1.183020   2.610704  31.860058   0.937500   0.687500
  0.532663   0.188700   0.451635   1.027924   1.343117  -5.641226  21.901457   0.937500   0.687500
  0.537688   0.193866   0.458384   0.999577   1.453172 -13.324990  12.930601   0.937500   0.687500
  0.542714   0.198889   0.465688   0.932606   1.518161 -18.534113   5.326561   0.937500   0.687500
  0.547739   0.203576   0.473317   0.839472   1.544927 -20.869202  -1.102860   0.937500   0.687500
  0.552764   0.207794   0.481080   0.734604   1.539385 -22.401305  -7.114002   0.937500   0.687500
  0.557789   0.211486   0.488816   0.622038   1.503637 -23.935080 -13.081504   0.937500   0.687500
  0.562814   0.214611   0.496371   0.501764   1.437902 -24.386899 -17.842401   0.937500   0.687500
  0.567839   0.217133   0.503597   0.379220   1.348244 -22.988056 -19.951327   0.937500   0.687500
  0.572864   0.219038   0.510372   0.263705   1.247989 -20.944630 -20.625290   0.937500   0.687500
  0.577889   0.220363   0.516643   0.158458   1.144347 -18.994150 -21.100788   0.937500   0.687500
  0.582915   0.221160   0.522394   0.062993   1.038294 -16.923061 -21.056188   0.937500   0.687500
  0.587940   0.221476   0.527612  -0.022045   0.932487 -14.545779 -19.800700   0.937500   0.687500
  0.592965   0.221365   0.532298  -0.095138   0.832988 -12.177035 -17.936495   0.937500   0.687500
  0.597990   0.220887   0.536483  -0.156327   0.742858  -9.973794 -16.009581   0.937500   0.687500
  0.603015   0.220102   0.540216  -0.206446   0.662409  -7.974180 -14.006214   0.937500   0.687500
  0.608040   0.219064   0.543545  -0.246516   0.592028  -6.275367 -11.979706   0.937500   0.687500
  0.613065   0.217826   0.546520  -0.278050   0.531830  -4.824607 -10.105959   0.937500   0.687500
  0.618090   0.216429   0.549192  -0.302293   0.481048  -3.525911  -8.338971   0.937500   0.687500
  0.623116   0.214909   0.551610  -0.320014   0.439136  -2.438921  -6.652077   0.937500   0.687500
  0.628141   0.213301   0.553817  -0.332270   0.405709  -1.651926  -5.256177   0.937500   0.687500
  0.633166   0.211631   0.555855  -0.340571   0.379297  -1.037278  -4.169888   0.937500   0.687500
  0.638191   0.209920   0.557761  -0.345783   0.358343  -0.501947  -3.215508   0.937500   0.687500
  0.643216   0.208183   0.559562  -0.348306   0.342185  -0.099974  -2.357149   0.937500   0.687500
  0.648241   0.206432   0.561281  -0.348808   0.330341   0.138705  -1.717649   0.937500   0.687500
  0.653266   0.204680   0.562941  -0.348111   0.321710   0.318473  -1.267342   0.937500   0.687500
  0.658291   0.202930   0.564558  -0.346511   0.315341   0.477631  -0.891131   0.937500   0.687500
  0.663317   0.201189   0.566143  -0.344110   0.310862   0.570322  -0.575285   0.937500   0.687500
  0.668342   0.199460   0.567705  -0.341244   0.307972   0.595122  -0.364635   0.937500   0.687500
  0.673367   0.197745   0.569252  -0.338254   0.306139   0.618944  -0.226260   0.937500   0.687500
  0.678392   0.196045   0.570791  -0.335144   0.305002   0.646543  -0.112866   0.937500   0.687500
  0.683417   0.194361   0.572323  -0.331895   0.304435   0.641397  -0.027016   0.937500   0.687500
  0.688442   0.192693   0.573853  -0.328672   0.304299   0.610424   0.019959   0.937500   0.687500
  0.693467   0.191042   0.575382  -0.325604   0.304400   0.596742   0.049539   0.937500   0.687500
  0.698492   0.189406   0.576912  -0.322606   0.304649   0.592791   0.074535   0.937500   0.687500
  0.703518   0.187784   0.578443  -0.319626   0.305023   0.567682   0.087999   0.937500   0.687500
  0.708543   0.186178   0.579976  -0.316774   0.305465   0.528889   0.089904   0.937500   0.687500
  0.713568   0.184586   0.581511  -0.314116   0.305917   0.511397   0.092428   0.937500   0.687500
  0.718593   0.183008   0.583048  -0.311546   0.306382   0.505820   0.095121   0.937500   0.687500
  0.723618   0.181442   0.584588  -0.309004   0.306860   0.481778   0.091098   0.937500   0.687500
  0.728643   0.179889   0.586130  -0.306584   0.307317   0.443474   0.084433   0.937500   0.687500
  0.733668   0.178349   0.587674  -0.304355   0.307742   0.427281   0.083278   0.937500   0.687500
  0.738693   0.176820   0.589220  -0.302208   0.308160   0.426812   0.082392   0.937500   0.687500
  0.743719   0.175301   0.590769  -0.300063   0.308574   0.408386   0.075157   0.937500   0.687500
  0.748744   0.173793   0.592320  -0.298011   0.308952   0.369841   0.067844   0.937500   0.687500
  0.753769   0.172295   0.593872  -0.296152   0.309293   0.353651   0.067843   0.937500   0.687500
  0.758794   0.170807   0.595426  -0.294375   0.309634   0.359608   0.067385   0.937500   0.687500
  0.763819   0.169328   0.596982  -0.292568   0.309972   0.348241   0.059437   0.937500   0.687500
  0.768844   0.167858   0.598540  -0.290818   0.310271   0.307618   0.052433   0.937500   0.687500
  0.773869   0.166396   0.600099  -0.289272   0.310534   0.289112   0.054489   0.937500   0.687500
  0.778894   0.164943   0.601659  -0.287820   0.310808   0.302183   0.055093   0.937500   0.687500
  0.783920   0.163496   0.603222  -0.286301   0.311085   0.299463   0.046100   0.937500   0.687500
  0.788945   0.162058   0.604785  -0.284796   0.311317   0.254933   0.039067   0.937500   0.687500
  0.793970   0.160626   0.606349  -0.283515   0.311513   0.231273   0.043826   0.937500   0.687500
  0.798995   0.159202   0.607914  -0.282353   0.311733   0.252341   0.045752   0.937500   0.687500
  0.804020   0.157783   0.609481  -0.281085   0.311963   0.260710   0.034731   0.937500   0.687500
  0.809045   0.156371   0.611049  -0.279775   0.312138   0.210486   0.027010   0.937500   0.687500
  0.814070   0.154965   0.612617  -0.278717   0.312274   0.178012   0.035441   0.937500   0.687500
  0.819095   0.153564   0.614186  -0.277823   0.312452   0.208139   0.039158   0.937500   0.687500
  0.824121   0.152168   0.615757  -0.276776   0.312648   0.231109   0.024779   0.937500   0.687500
  0.829146   0.150777   0.617328  -0.275615   0.312773   0.173605   0.015375   0.937500   0.687500
  0.834171   0.149392   0.618899  -0.274743   0.312850   0.127643   0.028826   0.937500   0.687500
  0.839196   0.148011   0.620471  -0.274101   0.312995   0.167757   0.035223   0.937500   0.687500
  0.844221   0.146634   0.622044  -0.273258   0.313172   0.209808   0.016023   0.937500   0.687500
  0.849246   0.145261   0.623618  -0.272204   0.313253   0.144078   0.003526   0.937500   0.687500
  0.854271   0.143893   0.625192  -0.271480   0.313270   0.079069   0.023577   0.937500   0.687500
  0.859296   0.142529   0.626766  -0.271083   0.313389   0.129606   0.033983   0.937500   0.687500
  0.864322   0.141166   0.628341  -0.270431   0.313560   0.195947   0.008440   0.937500   0.687500
  0.869347   0.139808   0.629917  -0.269447   0.313602   0.122228  -0.009062   0.937500   0.687500
  0.874372   0.138454   0.631493  -0.268833   0.313556   0.032251   0.019169   0.937500   0.687500
  0.879397   0.137103   0.633068  -0.268670   0.313653   0.092582   0.035394   0.937500   0.687500
  0.884422   0.135753   0.634644  -0.268205   0.313831   0.188231   0.002363   0.937500   0.687500
  0.889447   0.134405   0.636221  -0.267259   0.313842   0.108538  -0.022408   0.937500   0.687500
  0.894472   0.133062   0.637799  -0.266714   0.313730  -0.011790   0.015176   0.937500   0.687500
  0.899497   0.131722   0.639375  -0.266773   0.313806   0.056195   0.039337   0.937500   0.687500
  0.904523   0.130381   0.640952  -0.266491   0.314004   0.185065  -0.001713   0.937500   0.687500
  0.909548   0.129042   0.642530  -0.265561   0.313995   0.103288  -0.036145   0.937500   0.687500
  0.914573   0.127707   0.644108  -0.265042   0.313814  -0.051121   0.011155   0.937500   0.687500
  0.919598   0.126375   0.645685  -0.265299   0.313870   0.020763   0.045398   0.937500   0.687500
  0.924623   0.125042   0.647262  -0.265194   0.314098   0.184498  -0.003224   0.937500   0.687500
  0.929648   0.123710   0.648840  -0.264267   0.314082   0.106183  -0.049495   0.937500   0.687500
  0.934673   0.122382   0.650419  -0.263734   0.313833  -0.083687   0.006777   0.937500   0.687500
  0.939698   0.121057   0.651996  -0.264154   0.313867  -0.013066   0.052954   0.937500   0.687500
  0.944724   0.119729   0.653573  -0.264220   0.314133   0.184654  -0.001902   0.937500   0.687500
  0.949749   0.118401   0.655152  -0.263292   0.314124   0.115652  -0.061496   0.937500   0.687500
  0.954774   0.117078   0.656730  -0.262711   0.313815  -0.109929   0.002666   0.937500   0.687500
  0.959799   0.115758   0.658307  -0.263263   0.313828  -0.050052   0.064006   0.937500   0.687500
  0.964824   0.114435   0.659884  -0.263515   0.314150   0.171881   0.008822   0.937500   0.687500
  0.969849   0.113111   0.661463  -0.262651   0.314194   0.113875  -0.060422   0.937500   0.687500
  0.974874   0.111791   0.663041  -0.262079   0.313890  -0.143830   0.015726   0.937500   0.687500
  0.979899   0.110474   0.664619  -0.262802   0.313969  -0.105454   0.115616   0.937500   0.687500
  0.984925   0.109153   0.666197  -0.263332   0.314550   0.154171   0.112814   0.937500   0.687500
  0.989950   0.107830   0.667777  -0.262557   0.315117   0.286874   0.063127   0.937500   0.687500
  0.994975   0.106511   0.669361  -0.261115   0.315434   0.374591   0.065599   0.937500   0.687500
  1.000000   0.105199   0.670946  -0.259233   0.315764   0.770035   0.056592   0.937500   0.687500