  0.000000   0.558057   0.308612   0.000000   0.000000  11.371595  22.828408   0.687500   0.687500
  0.005025   0.558057   0.308612   0.057142   0.114713   9.197661  20.705717   0.687500   0.687500
  0.010050   0.558344   0.309188   0.103361   0.218759   8.058857  15.767271   0.687500   0.687500
  0.015075   0.558864   0.310288   0.143856   0.297990   7.674138   8.660158   0.687500   0.687500
  0.020101   0.559587   0.311785   0.182426   0.341515   7.030557   2.565776   0.687500   0.687500
  0.025126   0.560503   0.313502   0.217755   0.354408   5.985140  -1.684205   0.687500   0.687500
  0.030151   0.561597   0.315282   0.247830   0.345945   4.688191  -3.550837   0.687500   0.687500
  0.035176   0.562843   0.317021   0.271389   0.328102   3.240213  -2.745293   0.687500   0.687500
  0.040201   0.564207   0.318669   0.287671   0.314307   1.837266  -1.357405   0.687500   0.687500
  0.045226   0.565652   0.320249   0.296903   0.307486   0.564343  -0.572210   0.687500   0.687500
  0.050251   0.567144   0.321794   0.299739   0.304611  -0.526640  -0.193074   0.687500   0.687500
  0.055276   0.568650   0.323325   0.297092   0.303641  -1.348202   0.107396   0.687500   0.687500
  0.060302   0.570143   0.324851   0.290316   0.304181  -1.997313   0.350571   0.687500   0.687500
  0.065327   0.571602   0.326379   0.280280   0.305942  -2.597820   0.480134   0.687500   0.687500
  0.070352   0.573011   0.327917   0.267226   0.308355  -3.129330   0.559067   0.687500   0.687500
  0.075377   0.574353   0.329466   0.251501   0.311164  -3.500704   0.684904   0.687500   0.687500
  0.080402   0.575617   0.331030   0.233910   0.314606  -3.756778   0.805529   0.687500   0.687500
  0.085427   0.576793   0.332611   0.215032   0.318654  -3.990716   0.852193   0.687500   0.687500
  0.090452   0.577873   0.334212   0.194979   0.322936  -4.195591   0.862641   0.687500   0.687500
  0.095477   0.578853   0.335835   0.173896   0.327271  -4.300327   0.910057   0.687500   0.687500
  0.100503   0.579727   0.337479   0.152282   0.331845  -4.325289   0.960452   0.687500   0.687500
  0.105528   0.580492   0.339147   0.130548   0.336671  -4.342725   0.959777   0.687500   0.687500
  0.110553   0.581148   0.340839   0.108726   0.341494  -4.355324   0.932851   0.687500   0.687500
  0.115578   0.581695   0.342555   0.086840   0.346181  -4.308786   0.934749   0.687500   0.687500
  0.120603   0.582131   0.344294   0.065188   0.350878  -4.207138   0.943575   0.687500   0.687500
  0.125628   0.582458   0.346057   0.044048   0.355620  -4.105767   0.917334   0.687500   0.687500
  0.130653   0.582680   0.347844   0.023416   0.360230  -4.013567   0.872411   0.687500   0.687500
  0.135678   0.582797   0.349655   0.003248   0.364613  -3.889923   0.850016   0.687500   0.687500
  0.140704   0.582814   0.351487  -0.016303   0.368886  -3.728167   0.836001   0.687500   0.687500
  0.145729   0.582732   0.353341  -0.035037   0.373086  -3.570187   0.797951   0.687500   0.687500
  0.150754   0.582556   0.355216  -0.052977   0.377096  -3.428719   0.746915   0.687500   0.687500
  0.155779   0.582290   0.357111  -0.070206   0.380849  -3.274209   0.713646   0.687500   0.687500
  0.160804   0.581937   0.359024  -0.086659   0.384435  -3.093343   0.688756   0.687500   0.687500
  0.165829   0.581501   0.360956  -0.102203   0.387896  -2.917020   0.647308   0.687500   0.687500
  0.170854   0.580988   0.362905  -0.116861   0.391149  -2.760305   0.597062   0.687500   0.687500
  0.175879   0.580401   0.364871  -0.130732   0.394149  -2.602527   0.561012   0.687500   0.687500
  0.180905   0.579743   0.366852  -0.143812   0.396969  -2.426396   0.532576   0.687500   0.687500
  0.185930   0.579021   0.368847  -0.156005   0.399645  -2.254090   0.492574   0.687500   0.687500
  0.190955   0.578237   0.370855  -0.167332   0.402120  -2.101869   0.446817   0.687500   0.687500
  0.195980   0.577396   0.372875  -0.177894   0.404366  -1.956174   0.412639   0.687500   0.687500
  0.201005   0.576502   0.374907  -0.187723   0.406439  -1.797707   0.385003   0.687500   0.687500
  0.206030   0.575559   0.376950  -0.196757   0.408374  -1.641425   0.349021   0.687500   0.687500
  0.211055   0.574570   0.379002  -0.205005   0.410128  -1.504138   0.309413   0.687500   0.687500
  0.216080   0.573540   0.381063  -0.212563   0.411682  -1.378009   0.279469   0.687500   0.687500
  0.221106   0.572472   0.383132  -0.219489   0.413087  -1.242968   0.254942   0.687500   0.687500
  0.226131   0.571369   0.385208  -0.225735   0.414368  -1.108145   0.224080   0.687500   0.687500
  0.231156   0.570234   0.387290  -0.231303   0.415494  -0.990304   0.191000   0.687500   0.687500
  0.236181   0.569072   0.389378  -0.236280   0.416454  -0.886358   0.166224   0.687500   0.687500
  0.241206   0.567885   0.391470  -0.240734   0.417289  -0.776543   0.145961   0.687500   0.687500
  0.246231   0.566675   0.393567  -0.244636   0.418023  -0.664773   0.120521   0.687500   0.687500
  0.251256   0.565446   0.395668  -0.247976   0.418628  -0.567260   0.093568   0.687500   0.687500
  0.256281   0.564200   0.397771  -0.250827   0.419098  -0.485497   0.074017   0.687500   0.687500
  0.261307   0.562939   0.399878  -0.253267   0.419470  -0.401395   0.058764   0.687500   0.687500
  0.266332   0.561666   0.401986  -0.255284   0.419766  -0.313345   0.039035   0.687500   0.687500
  0.271357   0.560384   0.404095  -0.256858   0.419962  -0.235870   0.017631   0.687500   0.687500
  0.276382   0.559093   0.406205  -0.258044   0.420051  -0.177079   0.003352   0.687500   0.687500
  0.281407   0.557796   0.408316  -0.258934   0.420067  -0.124166  -0.004719   0.687500   0.687500
  0.286432   0.556495   0.410427  -0.259557   0.420044  -0.066524  -0.016242   0.687500   0.687500
  0.291457   0.555191   0.412538  -0.259892   0.419962  -0.014489  -0.030765   0.687500   0.687500
  0.296482   0.553885   0.414648  -0.259965   0.419807   0.008654  -0.036994   0.687500   0.687500
  0.301508   0.552578   0.416758  -0.259921   0.419622   0.001236  -0.029823   0.687500   0.687500
  0.306533   0.551272   0.418866  -0.259915   0.419472  -0.005371  -0.023018   0.687500   0.687500
  0.311558   0.549966   0.420974  -0.259942   0.419356  -0.013093  -0.021538   0.687500   0.687500
  0.316583   0.548660   0.423081  -0.260008   0.419248  -0.085995  -0.007117   0.687500   0.687500
  0.321608   0.547353   0.425188  -0.260440   0.419212  -0.257542   0.037362   0.687500   0.687500
  0.326633   0.546045   0.427295  -0.261734   0.419400  -0.440912   0.088126   0.687500   0.687500
  0.331658   0.544729   0.429402  -0.263950   0.419843  -0.626553   0.129749   0.687500   0.687500
  0.336683   0.543403   0.431512  -0.267098   0.420495  -0.981186   0.191346   0.687500   0.687500
  0.341709   0.542061   0.433625  -0.272029   0.421456  -1.589185   0.306589   0.687500   0.687500
  0.346734   0.540694   0.435743  -0.280015   0.422997  -2.218764   0.434877   0.687500   0.687500
  0.351759   0.539287   0.437869  -0.291164   0.425182  -2.849237   0.539588   0.687500   0.687500
  0.356784   0.537823   0.440005  -0.305482   0.427894  -3.857959   0.645168   0.687500   0.687500
  0.361809   0.536288   0.442155  -0.324868   0.431136  -5.384037   0.802297   0.687500   0.687500
  0.366834   0.534656   0.444322  -0.351923   0.435167  -6.884492   0.974618   0.687500   0.687500
  0.371859   0.532888   0.446509  -0.386517   0.440065  -8.305716   1.075880   0.687500   0.687500
  0.376884   0.530945   0.448720  -0.428254   0.445471 -10.301972   1.030101   0.687500   0.687500
  0.381910   0.528793   0.450959  -0.480031   0.450648 -13.051423   0.902987   0.687500   0.687500
  0.386935   0.526381   0.453223  -0.545615   0.455186 -15.605475   0.820860   0.687500   0.687500
  0.391960   0.523639   0.455511  -0.624032   0.459310 -17.784152   0.621349   0.687500   0.687500
  0.396985   0.520503   0.457819  -0.713398   0.462433 -20.217912  -0.116754   0.687500   0.687500
  0.402010   0.516918   0.460142  -0.814993   0.461846 -23.028371  -1.374284   0.687500   0.687500
  0.407035   0.512823   0.462463  -0.930710   0.454940 -25.422277  -2.456311   0.687500   0.687500
  0.412060   0.508146   0.464749  -1.058457   0.442597 -27.090750  -3.446028   0.687500   0.687500
  0.417085   0.502828   0.466973  -1.194588   0.425281 -27.640519  -5.280956   0.687500   0.687500
  0.422111   0.496824   0.469111  -1.333509   0.398739 -26.616387  -8.257244   0.687500   0.687500
  0.427136   0.490123   0.471114  -1.467257   0.357246 -25.034747 -10.953685   0.687500   0.687500
  0.432161   0.482750   0.472910  -1.593056   0.302204 -23.294063 -12.838898   0.687500   0.687500
  0.437186   0.474745   0.474428  -1.710109   0.237689 -19.176354 -14.595999   0.687500   0.687500
  0.442211   0.466151   0.475623  -1.806470   0.164344 -10.477256 -16.978563   0.687500   0.687500
  0.447236   0.457074   0.476448  -1.859118   0.079026  -0.787471 -19.461862   0.687500   0.687500
  0.452261   0.447732   0.476846  -1.863075  -0.018769   6.958624 -20.847833   0.687500   0.687500
  0.457286   0.438370   0.476751  -1.828108  -0.123530  14.629646 -19.543987   0.687500   0.687500
  0.462312   0.429182   0.476130  -1.754580  -0.221758  25.914338 -15.365347   0.687500   0.687500
  0.467337   0.420365   0.475016  -1.624360  -0.298969  39.364630 -11.848073   0.687500   0.687500
  0.472362   0.412203   0.473514  -1.426553  -0.358505  51.187675 -10.164034   0.687500   0.687500
  0.477387   0.405034   0.471712  -1.169335  -0.409580  59.227103  -7.486224   0.687500   0.687500
  0.482412   0.399158   0.469654  -0.871719  -0.447198  62.244284   0.278579   0.687500   0.687500
  0.487437   0.394778   0.467407  -0.558941  -0.445798  63.472091  11.067626   0.687500   0.687500
  0.492462   0.391969   0.465167  -0.239994  -0.390183  65.858957  20.266111   0.687500   0.687500
  0.497487   0.390763   0.463206   0.090947  -0.288346  67.535438  26.015740   0.687500   0.687500
  0.502513   0.391220   0.461757   0.430381  -0.157591  62.719883  27.927975   0.687500   0.687500
  0.507538   0.393383   0.460965   0.745548  -0.017253  51.702430  29.037146   0.687500   0.687500
  0.512563   0.397129   0.460878   1.005353   0.128659  40.710542  31.612365   0.687500   0.687500
  0.517588   0.402181   0.461525   1.209923   0.287511  31.796699  34.577424   0.687500   0.687500
  0.522613   0.408261   0.462970   1.369702   0.461263  23.166190  34.052727   0.687500   0.687500
  0.527638   0.415144   0.465287   1.486112   0.632377  12.896884  28.857967   0.687500   0.687500
  0.532663   0.422612   0.468465   1.550918   0.777389   1.978142  22.601874   0.687500   0.687500
  0.537688   0.430405   0.472371   1.560859   0.890963  -8.250248  17.075480   0.687500   0.687500
  0.542714   0.438250   0.476849   1.519393   0.976785 -15.947761  12.118442   0.687500   0.687500
  0.547739   0.445885   0.481758   1.439255   1.037680 -20.479722   7.194944   0.687500   0.687500
  0.552764   0.453117   0.486972   1.336345   1.073834 -23.913968   2.210541   0.687500   0.687500
  0.557789   0.459832   0.492368   1.216177   1.084942 -27.309665  -2.787583   0.687500   0.687500
  0.562814   0.465943   0.497820   1.078946   1.070935 -29.405598  -7.009922   0.687500   0.687500
  0.567839   0.471365   0.503201   0.931183   1.035710 -28.908145  -9.419868   0.687500   0.687500
  0.572864   0.476044   0.508406   0.785919   0.988375 -27.244764 -10.770760   0.687500   0.687500
  0.577889   0.479994   0.513372   0.649015   0.934252 -25.552097 -11.942199   0.687500   0.687500
  0.582915   0.483255   0.518068   0.520590   0.874230 -23.583849 -12.693006   0.687500   0.687500
  0.587940   0.485871   0.522461   0.402081   0.810448 -20.954571 -12.420414   0.687500   0.687500
  0.592965   0.487892   0.526533   0.296784   0.748035 -18.127859 -11.567934   0.687500   0.687500
  0.597990   0.489383   0.530292   0.205692   0.689907 -15.409834 -10.608176   0.687500   0.687500
  0.603015   0.490417   0.533759   0.128257   0.636601 -12.831602  -9.528967   0.687500   0.687500
  0.608040   0.491061   0.536958   0.063778   0.588717 -10.536690  -8.317960   0.687500   0.687500
  0.613065   0.491382   0.539916   0.010832   0.546920  -8.545818  -7.137510   0.687500   0.687500
  0.618090   0.491436   0.542665  -0.032111   0.511054  -6.727317  -5.997438   0.687500   0.687500
  0.623116   0.491275   0.545233  -0.065923   0.480911  -5.108744  -4.869480   0.687500   0.687500
  0.628141   0.490944   0.547650  -0.091594   0.456441  -3.867497  -3.904221   0.687500   0.687500
  0.633166   0.490483   0.549943  -0.111028   0.436823  -2.911520  -3.148311   0.687500   0.687500
  0.638191   0.489925   0.552138  -0.125659   0.421003  -2.076184  -2.478880   0.687500   0.687500
  0.643216   0.489294   0.554254  -0.136091   0.408546  -1.381173  -1.854635   0.687500   0.687500
  0.648241   0.488610   0.556307  -0.143032   0.399227  -0.909880  -1.375799   0.687500   0.687500
  0.653266   0.487891   0.558313  -0.147604   0.392313  -0.572556  -1.043890   0.687500   0.687500
  0.658291   0.487150   0.560284  -0.150481   0.387068  -0.283243  -0.767501   0.687500   0.687500
  0.663317   0.486393   0.562230  -0.151905   0.383210  -0.066109  -0.522113   0.687500   0.687500
  0.668342   0.485630   0.564155  -0.152237   0.380587   0.053853  -0.350907   0.687500   0.687500
  0.673367   0.484865   0.566068  -0.151966   0.378823   0.137375  -0.244929   0.687500   0.687500
  0.678392   0.484101   0.567971  -0.151276   0.377592   0.212767  -0.159919   0.687500   0.687500
  0.683417   0.483341   0.569869  -0.150207   0.376789   0.255542  -0.085678   0.687500   0.687500
  0.688442   0.482586   0.571762  -0.148923   0.376358   0.262344  -0.039220   0.687500   0.687500
  0.693467   0.481838   0.573653  -0.147604   0.376161   0.270576  -0.016682   0.687500   0.687500
  0.698492   0.481096   0.575544  -0.146245   0.376077   0.283735   0.000386   0.687500   0.687500
  0.703518   0.480361   0.577434  -0.144819   0.376079   0.279638   0.017996   0.687500   0.687500
  0.708543   0.479634   0.579324  -0.143414   0.376170   0.260491   0.028577   0.687500   0.687500
  0.713568   0.478913   0.581214  -0.142105   0.376313   0.253467   0.029108   0.687500   0.687500
  0.718593   0.478199   0.583105  -0.140831   0.376460   0.254962   0.027505   0.687500   0.687500
  0.723618   0.477491   0.584997  -0.139550   0.376598   0.243342   0.030383   0.687500   0.687500
  0.728643   0.476790   0.586889  -0.138327   0.376751   0.220139   0.034228   0.687500   0.687500
  0.733668   0.476095   0.588782  -0.137221   0.376923   0.211507   0.031385   0.687500   0.687500
  0.738693   0.475405   0.590676  -0.136158   0.377080   0.214253   0.025500   0.687500   0.687500
  0.743719   0.474721   0.592571  -0.135081   0.377208   0.204765   0.024950   0.687500   0.687500
  0.748744   0.474042   0.594467  -0.134052   0.377334   0.180547   0.029086   0.687500   0.687500
  0.753769   0.473369   0.596363  -0.133145   0.377480   0.171367   0.027089   0.687500   0.687500
  0.758794   0.472700   0.598260  -0.132284   0.377616   0.178023   0.019891   0.687500   0.687500
  0.763819   0.472035   0.600157  -0.131389   0.377716   0.173036   0.017919   0.687500   0.687500
  0.768844   0.471375   0.602055  -0.130520   0.377806   0.147100   0.023779   0.687500   0.687500
  0.773869   0.470719   0.603954  -0.129781   0.377926   0.135975   0.023643   0.687500   0.687500
  0.778894   0.470067   0.605853  -0.129097   0.378044   0.147276   0.015229   0.687500   0.687500
  0.783920   0.469418   0.607753  -0.128357   0.378121   0.148139   0.011437   0.687500   0.687500
  0.788945   0.468773   0.609653  -0.127613   0.378178   0.119305   0.019519   0.687500   0.687500
  0.793970   0.468132   0.611553  -0.127013   0.378276   0.104257   0.022118   0.687500   0.687500
  0.798995   0.467493   0.613454  -0.126489   0.378388   0.120816   0.012065   0.687500   0.687500
  0.804020   0.466858   0.615356  -0.125882   0.378448   0.129256   0.005315   0.687500   0.687500
  0.809045   0.466225   0.617257  -0.125233   0.378475   0.096334   0.016028   0.687500   0.687500
  0.814070   0.465596   0.619159  -0.124749   0.378556   0.074827   0.022675   0.687500   0.687500
  0.819095   0.464969   0.621061  -0.124373   0.378669   0.097344   0.010494   0.687500   0.687500
  0.824121   0.464344   0.622965  -0.123883   0.378722   0.115776  -0.000914   0.687500   0.687500
  0.829146   0.463721   0.624868  -0.123302   0.378718   0.077735   0.012741   0.687500   0.687500
  0.834171   0.463102   0.626771  -0.122911   0.378782   0.046593   0.025335   0.687500   0.687500
  0.839196   0.462484   0.628674  -0.122677   0.378909   0.075686   0.010693   0.687500   0.687500
  0.844221   0.461868   0.630578  -0.122296   0.378963   0.107162  -0.007558   0.687500   0.687500
  0.849246   0.461253   0.632482  -0.121758   0.378925   0.063417   0.009057   0.687500   0.687500
  0.854271   0.460641   0.634386  -0.121439   0.378970   0.018899   0.030057   0.687500   0.687500
  0.859296   0.460031   0.636291  -0.121344   0.379121   0.054831   0.012929   0.687500   0.687500
  0.864322   0.459421   0.638196  -0.121069   0.379186   0.102838  -0.014806   0.687500   0.687500
  0.869347   0.458813   0.640102  -0.120552   0.379112   0.053599   0.004191   0.687500   0.687500
  0.874372   0.458207   0.642007  -0.120283   0.379133  -0.008212   0.036404   0.687500   0.687500
  0.879397   0.457603   0.643912  -0.120324   0.379316   0.034133   0.017347   0.687500   0.687500
  0.884422   0.456998   0.645818  -0.120152   0.379403   0.101976  -0.022510   0.687500   0.687500
  0.889447   0.456394   0.647724  -0.119640   0.379290   0.048645  -0.002487   0.687500   0.687500
  0.894472   0.455793   0.649630  -0.119396   0.379277  -0.033949   0.043706   0.687500   0.687500
  0.899497   0.455193   0.651536  -0.119566   0.379497   0.013370   0.024025   0.687500   0.687500
  0.904523   0.454592   0.653444  -0.119499   0.379618   0.103543  -0.030213   0.687500   0.687500
  0.909548   0.453992   0.655351  -0.118979   0.379466   0.048741  -0.011415   0.687500   0.687500
  0.914573   0.453394   0.657258  -0.118734   0.379409  -0.056947   0.050880   0.687500   0.687500
  0.919598   0.452797   0.659164  -0.119020   0.379664  -0.007137   0.032655   0.687500   0.687500
  0.924623   0.452199   0.661072  -0.119056   0.379828   0.106295  -0.037189   0.687500   0.687500
  0.929648   0.451601   0.662981  -0.118522   0.379641   0.053718  -0.022587   0.687500   0.687500
  0.934673   0.451005   0.664889  -0.118252   0.379528  -0.075764   0.056832   0.687500   0.687500
  0.939698   0.450411   0.666796  -0.118632   0.379814  -0.026859   0.042743   0.687500   0.687500
  0.944724   0.449815   0.668705  -0.118767   0.380028   0.109061  -0.042715   0.687500   0.687500
  0.949749   0.449218   0.670614  -0.118219   0.379814   0.062556  -0.035378   0.687500   0.687500
  0.954774   0.448624   0.672523  -0.117905   0.379636  -0.090674   0.061626   0.687500   0.687500
  0.959799   0.448032   0.674431  -0.118361   0.379946  -0.048934   0.056548   0.687500   0.687500
  0.964824   0.447437   0.676340  -0.118607   0.380230   0.102764  -0.039710   0.687500   0.687500
  0.969849   0.446841   0.678250  -0.118090   0.380030   0.063388  -0.039704   0.687500   0.687500
  0.974874   0.446247   0.680160  -0.117772   0.379831  -0.110859   0.075556   0.687500   0.687500
  0.979899   0.445656   0.682069  -0.118329   0.380210  -0.082959   0.091815   0.687500   0.687500
  0.984925   0.445061   0.683980  -0.118746   0.380672   0.094595  -0.002960   0.687500   0.687500
  0.989950   0.444464   0.685893  -0.118270   0.380657   0.185011  -0.066634   0.687500   0.687500
  0.994975   0.443870   0.687805  -0.117341   0.380322   0.245258  -0.098350   0.687500   0.687500
  1.000000   0.443280   0.689716  -0.116108   0.379828   0.514632  -0.246008   0.687500   0.687500