  0.000000   0.358579   0.358579   0.000000   0.000000  13.886836  12.914082   0.000000   0.375000
  0.005025   0.358579   0.358579   0.069781   0.064893  33.110324  29.216265   0.000000   0.375000
  0.010050   0.358930   0.358905   0.236161   0.211705  21.030221  20.072236   0.000000   0.375000
  0.015075   0.360116   0.359969   0.341838   0.312568   4.333396   7.017830   0.000000   0.375000
  0.020101   0.361834   0.361540   0.363617   0.347840  -1.742406   1.604947   0.000000   0.375000
  0.025126   0.363662   0.363288   0.354862   0.355904  -3.007088  -0.886007   0.000000   0.375000
  0.030151   0.365445   0.365076   0.339751   0.351452  -2.734635  -2.123487   0.000000   0.375000
  0.035176   0.367152   0.366842   0.326009   0.340782  -1.984578  -2.409580   0.000000   0.375000
  0.040201   0.368790   0.368555   0.316037   0.328674  -1.250315  -2.207129   0.000000   0.375000
  0.045226   0.370378   0.370206   0.309754   0.317583  -0.780047  -1.876800   0.000000   0.375000
  0.050251   0.371935   0.371802   0.305834   0.308152  -0.541825  -1.544622   0.000000   0.375000
  0.055276   0.373472   0.373351   0.303112   0.300390  -0.434314  -1.178195   0.000000   0.375000
  0.060302   0.374995   0.374860   0.300929   0.294469  -0.361086  -0.772077   0.000000   0.375000
  0.065327   0.376507   0.376340   0.299114   0.290589  -0.336449  -0.409493   0.000000   0.375000
  0.070352   0.378010   0.377800   0.297424   0.288531  -0.316230  -0.220132   0.000000   0.375000
  0.075377   0.379505   0.379250   0.295835   0.287425  -0.270157  -0.123457   0.000000   0.375000
  0.080402   0.380991   0.380694   0.294477   0.286805  -0.224429  -0.079046   0.000000   0.375000
  0.085427   0.382471   0.382136   0.293349   0.286407  -0.224203  -0.054101   0.000000   0.375000
  0.090452   0.383945   0.383575   0.292223   0.286136  -0.250842  -0.048109   0.000000   0.375000
  0.095477   0.385414   0.385013   0.290962   0.285894  -0.227854  -0.033712   0.000000   0.375000
  0.100503   0.386876   0.386450   0.289817   0.285724  -0.153991  -0.020917   0.000000   0.375000
  0.105528   0.388332   0.387885   0.289043   0.285619  -0.112340  -0.014921   0.000000   0.375000
  0.110553   0.389785   0.389321   0.288479   0.285544  -0.120525  -0.020998   0.000000   0.375000
  0.115578   0.391234   0.390755   0.287873   0.285439  -0.145996  -0.037584   0.000000   0.375000
  0.120603   0.392681   0.392190   0.287140   0.285250  -0.130155  -0.047496   0.000000   0.375000
  0.125628   0.394124   0.393623   0.286486   0.285011  -0.084840  -0.032339   0.000000   0.375000
  0.130653   0.395563   0.395055   0.286059   0.284849  -0.063374  -0.013954   0.000000   0.375000
  0.135678   0.397001   0.396487   0.285741   0.284779  -0.071743  -0.008044   0.000000   0.375000
  0.140704   0.398437   0.397918   0.285380   0.284738  -0.081756  -0.007903   0.000000   0.375000
  0.145729   0.399871   0.399349   0.284969   0.284698  -0.072630  -0.004922   0.000000   0.375000
  0.150754   0.401303   0.400779   0.284604   0.284674  -0.056214  -0.003211   0.000000   0.375000
  0.155779   0.402733   0.402210   0.284322   0.284658  -0.046682  -0.004971   0.000000   0.375000
  0.160804   0.404162   0.403640   0.284087   0.284633  -0.040985  -0.006150   0.000000   0.375000
  0.165829   0.405589   0.405071   0.283881   0.284602  -0.037785  -0.006080   0.000000   0.375000
  0.170854   0.407016   0.406501   0.283691   0.284571  -0.041863  -0.005942   0.000000   0.375000
  0.175879   0.408442   0.407931   0.283481   0.284541  -0.049496  -0.005956   0.000000   0.375000
  0.180905   0.409866   0.409361   0.283232   0.284511  -0.044316  -0.005845   0.000000   0.375000
  0.185930   0.411290   0.410790   0.283010   0.284482  -0.028494  -0.004539   0.000000   0.375000
  0.190955   0.412712   0.412220   0.282866   0.284459  -0.017685  -0.003318   0.000000   0.375000
  0.195980   0.414133   0.413649   0.282778   0.284443  -0.014684  -0.002781   0.000000   0.375000
  0.201005   0.415554   0.415079   0.282704   0.284429  -0.014907  -0.002279   0.000000   0.375000
  0.206030   0.416975   0.416508   0.282629   0.284417  -0.014740  -0.002321   0.000000   0.375000
  0.211055   0.418395   0.417937   0.282555   0.284405  -0.013822  -0.002552   0.000000   0.375000
  0.216080   0.419815   0.419366   0.282485   0.284393  -0.011963  -0.002447   0.000000   0.375000
  0.221106   0.421234   0.420796   0.282425   0.284380  -0.009582  -0.003599   0.000000   0.375000
  0.226131   0.422654   0.422225   0.282377   0.284362  -0.007298  -0.006532   0.000000   0.375000
  0.231156   0.424073   0.423654   0.282340   0.284329  -0.005234  -0.007828   0.000000   0.375000
  0.236181   0.425491   0.425082   0.282314   0.284290  -0.004875  -0.004537   0.000000   0.375000
  0.241206   0.426910   0.426511   0.282290   0.284267  -0.006864  -0.001271   0.000000   0.375000
  0.246231   0.428328   0.427939   0.282255   0.284261  -0.009128  -0.000911   0.000000   0.375000
  0.251256   0.429747   0.429368   0.282209   0.284256  -0.006661  -0.002150   0.000000   0.375000
  0.256281   0.431165   0.430796   0.282176   0.284245  -0.000646  -0.003478   0.000000   0.375000
  0.261307   0.432583   0.432225   0.282173   0.284228   0.002822  -0.004295   0.000000   0.375000
  0.266332   0.434001   0.433653   0.282187   0.284206   0.003133  -0.004337   0.000000   0.375000
  0.271357   0.435419   0.435081   0.282202   0.284185   0.002575  -0.004586   0.000000   0.375000
  0.276382   0.436837   0.436509   0.282215   0.284162   0.001750  -0.005856   0.000000   0.375000
  0.281407   0.438255   0.437937   0.282224   0.284132   0.000446  -0.006413   0.000000   0.375000
  0.286432   0.439673   0.439365   0.282226   0.284100   0.000287  -0.005204   0.000000   0.375000
  0.291457   0.441092   0.440792   0.282228   0.284074   0.002362  -0.004484   0.000000   0.375000
  0.296482   0.442510   0.442220   0.282240   0.284051   0.004527  -0.006182   0.000000   0.375000
  0.301508   0.443928   0.443648   0.282263   0.284020   0.005261  -0.008347   0.000000   0.375000
  0.306533   0.445347   0.445075   0.282289   0.283978   0.005282  -0.010267   0.000000   0.375000
  0.311558   0.446765   0.446502   0.282316   0.283927   0.005802  -0.016737   0.000000   0.375000
  0.316583   0.448184   0.447928   0.282345   0.283843   0.006835  -0.026658   0.000000   0.375000
  0.321608   0.449603   0.449355   0.282379   0.283709   0.008460  -0.036097   0.000000   0.375000
  0.326633   0.451022   0.450780   0.282422   0.283527   0.009578  -0.034497   0.000000   0.375000
  0.331658   0.452441   0.452205   0.282470   0.283354   0.010371  -0.022732   0.000000   0.375000
  0.336683   0.453860   0.453629   0.282522   0.283240   0.010073   0.008607   0.000000   0.375000
  0.341709   0.455280   0.455053   0.282572   0.283283   0.010080   0.047360   0.000000   0.375000
  0.346734   0.456700   0.456476   0.282623   0.283521   0.006190   0.082149   0.000000   0.375000
  0.351759   0.458120   0.457901   0.282654   0.283934   0.002926   0.164542   0.000000   0.375000
  0.356784   0.459541   0.459327   0.282669   0.284760   0.006385   0.414593   0.000000   0.375000
  0.361809   0.460961   0.460758   0.282701   0.286844   0.007358   0.955900   0.000000   0.375000
  0.366834   0.462381   0.462200   0.282738   0.291647  -0.065330   1.595459   0.000000   0.375000
  0.371859   0.463802   0.463665   0.282410   0.299664  -0.260769   2.173450   0.000000   0.375000
  0.376884   0.465221   0.465171   0.281099   0.310586  -0.533424   3.137824   0.000000   0.375000
  0.381910   0.466634   0.466732   0.278418   0.326357  -0.955951   5.462795   0.000000   0.375000
  0.386935   0.468033   0.468372   0.273615   0.353807  -1.604641   9.042483   0.000000   0.375000
  0.391960   0.469408   0.470150   0.265551   0.399246  -2.400322  12.825908   0.000000   0.375000
  0.396985   0.470743   0.472156   0.253490   0.463696  -3.370125  16.496001   0.000000   0.375000
  0.402010   0.472016   0.474486   0.236555   0.546588  -5.066647  20.510839   0.000000   0.375000
  0.407035   0.473205   0.477233   0.211095   0.649655  -8.083256  25.080413   0.000000   0.375000
  0.412060   0.474266   0.480497   0.170477   0.775684 -11.870129  29.507879   0.000000   0.375000
  0.417085   0.475122   0.484395   0.110829   0.923961 -15.920373  32.976798   0.000000   0.375000
  0.422111   0.475679   0.489039   0.030813   1.089703 -20.291448  35.060220   0.000000   0.375000
  0.427136   0.475834   0.494515  -0.071151   1.265880 -24.974325  36.244916   0.000000   0.375000
  0.432161   0.475477   0.500876  -0.196647   1.448011 -29.435173  37.107450   0.000000   0.375000
  0.437186   0.474489   0.508152  -0.344559   1.634476 -33.393595  35.835346   0.000000   0.375000
  0.442211   0.472757   0.516365  -0.512362   1.814549 -36.781769  27.317591   0.000000   0.375000
  0.447236   0.470183   0.525483  -0.697190   1.951820 -38.867352  11.494163   0.000000   0.375000
  0.452261   0.466679   0.535291  -0.892499   2.009578 -37.563294  -6.042525   0.000000   0.375000
  0.457286   0.462194   0.545389  -1.081254   1.979214 -31.404615 -22.769946   0.000000   0.375000
  0.462312   0.456760   0.555337  -1.239094   1.864772 -22.234362 -39.267441   0.000000   0.375000
  0.467337   0.450534   0.564707  -1.350821   1.667453 -11.624143 -55.475745   0.000000   0.375000
  0.472362   0.443746   0.573086  -1.409233   1.388688   2.164251 -69.237118   0.000000   0.375000
  0.477387   0.436664   0.580065  -1.398357   1.040771  20.117821 -78.902497   0.000000   0.375000
  0.482412   0.429638   0.585294  -1.297265   0.644286  38.750410 -83.808624   0.000000   0.375000
  0.487437   0.423119   0.588532  -1.102544   0.223148  54.821645 -83.920514   0.000000   0.375000
  0.492462   0.417578   0.589653  -0.827066  -0.198553  67.475355 -78.782338   0.000000   0.375000
  0.497487   0.413422   0.588656  -0.488002  -0.594434  77.392655 -68.152222   0.000000   0.375000
  0.502513   0.410970   0.585668  -0.099027  -0.936967  85.512771 -53.352829   0.000000   0.375000
  0.507538   0.410472   0.580960   0.330675  -1.205065  89.391825 -36.143437   0.000000   0.375000
  0.512563   0.412134   0.574904   0.779869  -1.386686  83.037897 -17.869434   0.000000   0.375000
  0.517588   0.416053   0.567936   1.197134  -1.476480  67.237191  -0.223339   0.000000   0.375000
  0.522613   0.422068   0.560517   1.535001  -1.477602  49.491070  14.881070   0.000000   0.375000
  0.527638   0.429782   0.553092   1.783694  -1.402825  32.925413  26.611309   0.000000   0.375000
  0.532663   0.438745   0.546043   1.949144  -1.269103  16.919008  34.921124   0.000000   0.375000
  0.537688   0.448539   0.539665   2.034162  -1.093624   0.832507  40.455937   0.000000   0.375000
  0.542714   0.458763   0.534169   2.038346  -0.890293 -13.288882  42.320034   0.000000   0.375000
  0.547739   0.469006   0.529695   1.971570  -0.677634 -25.051824  39.754184   0.000000   0.375000
  0.552764   0.478913   0.526290   1.845684  -0.477870 -34.765704  34.501334   0.000000   0.375000
  0.557789   0.488187   0.523889   1.670987  -0.304500 -41.336521  28.915713   0.000000   0.375000
  0.562814   0.496584   0.522359   1.463271  -0.159199 -42.336215  23.881808   0.000000   0.375000
  0.567839   0.503937   0.521559   1.250531  -0.039193 -38.665197  19.346270   0.000000   0.375000
  0.572864   0.510221   0.521362   1.056239   0.058022 -33.999412  15.128597   0.000000   0.375000
  0.577889   0.515528   0.521653   0.885392   0.134043 -29.804023  11.343385   0.000000   0.375000
  0.582915   0.519978   0.522327   0.735596   0.191055 -25.601107   8.028749   0.000000   0.375000
  0.587940   0.523675   0.523287   0.606951   0.231400 -20.671100   5.418012   0.000000   0.375000
  0.592965   0.526725   0.524450   0.503079   0.258625 -15.708955   3.642581   0.000000   0.375000
  0.597990   0.529253   0.525749   0.424141   0.276929 -11.476894   2.383806   0.000000   0.375000
  0.603015   0.531384   0.527141   0.366470   0.288908  -8.135926   1.310741   0.000000   0.375000
  0.608040   0.533225   0.528593   0.325587   0.295494  -5.562768   0.471416   0.000000   0.375000
  0.613065   0.534862   0.530078   0.297634   0.297863  -3.565480   0.081270   0.000000   0.375000
  0.618090   0.536357   0.531574   0.279717   0.298272  -1.997516   0.006633   0.000000   0.375000
  0.623116   0.537763   0.533073   0.269678   0.298305  -0.859183  -0.015016   0.000000   0.375000
  0.628141   0.539118   0.534572   0.265360   0.298229  -0.318815  -0.067790   0.000000   0.375000
  0.633166   0.540452   0.536071   0.263758   0.297889  -0.189292  -0.120704   0.000000   0.375000
  0.638191   0.541777   0.537568   0.262807   0.297282  -0.114565  -0.138305   0.000000   0.375000
  0.643216   0.543098   0.539062   0.262231   0.296587   0.001192  -0.132088   0.000000   0.375000
  0.648241   0.544415   0.540552   0.262237   0.295923   0.102500  -0.120973   0.000000   0.375000
  0.653266   0.545733   0.542039   0.262753   0.295316   0.159348  -0.119484   0.000000   0.375000
  0.658291   0.547053   0.543523   0.263553   0.294715   0.183135  -0.122540   0.000000   0.375000
  0.663317   0.548378   0.545004   0.264474   0.294099   0.179957  -0.121614   0.000000   0.375000
  0.668342   0.549707   0.546482   0.265378   0.293488   0.164354  -0.116134   0.000000   0.375000
  0.673367   0.551040   0.547957   0.266204   0.292905   0.147856  -0.107404   0.000000   0.375000
  0.678392   0.552378   0.549429   0.266947   0.292365   0.134827  -0.098090   0.000000   0.375000
  0.683417   0.553720   0.550898   0.267624   0.291872   0.126940  -0.089688   0.000000   0.375000
  0.688442   0.555064   0.552365   0.268262   0.291421   0.119471  -0.082762   0.000000   0.375000
  0.693467   0.556412   0.553829   0.268863   0.291005   0.112297  -0.077122   0.000000   0.375000
  0.698492   0.557763   0.555291   0.269427   0.290618   0.106941  -0.072286   0.000000   0.375000
  0.703518   0.559118   0.556752   0.269964   0.290255   0.102346  -0.068025   0.000000   0.375000
  0.708543   0.560474   0.558210   0.270479   0.289913   0.098223  -0.064419   0.000000   0.375000
  0.713568   0.561833   0.559667   0.270972   0.289589   0.094384  -0.061242   0.000000   0.375000
  0.718593   0.563195   0.561122   0.271446   0.289281   0.090877  -0.058462   0.000000   0.375000
  0.723618   0.564559   0.562576   0.271903   0.288988   0.087510  -0.055825   0.000000   0.375000
  0.728643   0.565925   0.564028   0.272343   0.288707   0.084247  -0.053341   0.000000   0.375000
  0.733668   0.567294   0.565479   0.272766   0.288439   0.081019  -0.050947   0.000000   0.375000
  0.738693   0.568664   0.566928   0.273173   0.288183   0.077745  -0.048624   0.000000   0.375000
  0.743719   0.570037   0.568377   0.273564   0.287939   0.074419  -0.046431   0.000000   0.375000
  0.748744   0.571412   0.569824   0.273938   0.287705   0.071399  -0.044361   0.000000   0.375000
  0.753769   0.572789   0.571269   0.274297   0.287482   0.068783  -0.042252   0.000000   0.375000
  0.758794   0.574167   0.572714   0.274642   0.287270   0.066082  -0.040538   0.000000   0.375000
  0.763819   0.575547   0.574158   0.274974   0.287066   0.063021  -0.039931   0.000000   0.375000
  0.768844   0.576929   0.575600   0.275291   0.286866   0.060316  -0.039814   0.000000   0.375000
  0.773869   0.578312   0.577042   0.275594   0.286666   0.058214  -0.037490   0.000000   0.375000
  0.778894   0.579697   0.578482   0.275887   0.286477   0.056044  -0.033341   0.000000   0.375000
  0.783920   0.581084   0.579922   0.276168   0.286310   0.053423  -0.031420   0.000000   0.375000
  0.788945   0.582471   0.581361   0.276437   0.286152   0.051109  -0.032249   0.000000   0.375000
  0.793970   0.583860   0.582799   0.276694   0.285990   0.049254  -0.033072   0.000000   0.375000
  0.798995   0.585251   0.584236   0.276941   0.285824   0.047545  -0.031094   0.000000   0.375000
  0.804020   0.586642   0.585672   0.277180   0.285667   0.046302  -0.027875   0.000000   0.375000
  0.809045   0.588035   0.587107   0.277413   0.285527   0.043980  -0.025541   0.000000   0.375000
  0.814070   0.589429   0.588542   0.277634   0.285399   0.037090  -0.023601   0.000000   0.375000
  0.819095   0.590824   0.589976   0.277820   0.285280   0.027868  -0.023597   0.000000   0.375000
  0.824121   0.592221   0.591410   0.277960   0.285162   0.025443  -0.028439   0.000000   0.375000
  0.829146   0.593617   0.592843   0.278088   0.285019   0.030992  -0.036147   0.000000   0.375000
  0.834171   0.595015   0.594275   0.278244   0.284837   0.035869  -0.034696   0.000000   0.375000
  0.839196   0.596413   0.595707   0.278424   0.284663   0.037038  -0.025397   0.000000   0.375000
  0.844221   0.597812   0.597137   0.278610   0.284535   0.036359  -0.022399   0.000000   0.375000
  0.849246   0.599212   0.598567   0.278793   0.284423   0.031187  -0.027037   0.000000   0.375000
  0.854271   0.600613   0.599996   0.278950   0.284287   0.017434  -0.030840   0.000000   0.375000
  0.859296   0.602015   0.601425   0.279037   0.284132   0.002877  -0.026458   0.000000   0.375000
  0.864322   0.603417   0.602853   0.279052   0.283999   0.007215  -0.019385   0.000000   0.375000
  0.869347   0.604819   0.604280   0.279088   0.283901   0.027439  -0.014318   0.000000   0.375000
  0.874372   0.606222   0.605706   0.279226   0.283829   0.033458  -0.013882   0.000000   0.375000
  0.879397   0.607625   0.607133   0.279394   0.283760   0.014068  -0.020011   0.000000   0.375000
  0.884422   0.609029   0.608558   0.279465   0.283659  -0.010678  -0.031366   0.000000   0.375000
  0.889447   0.610433   0.609984   0.279411   0.283502  -0.006011  -0.034187   0.000000   0.375000
  0.894472   0.611837   0.611408   0.279381   0.283330   0.023636  -0.025463   0.000000   0.375000
  0.899497   0.613241   0.612832   0.279500   0.283202   0.032815  -0.023884   0.000000   0.375000
  0.904523   0.614646   0.614256   0.279664   0.283082   0.000962  -0.039377   0.000000   0.375000
  0.909548   0.616051   0.615678   0.279669   0.282884  -0.043020  -0.051203   0.000000   0.375000
  0.914573   0.617457   0.617100   0.279453   0.282627  -0.044690  -0.038446   0.000000   0.375000
  0.919598   0.618861   0.618520   0.279229   0.282433  -0.010723  -0.013326   0.000000   0.375000
  0.924623   0.620264   0.619939   0.279175   0.282366   0.014000   0.004003   0.000000   0.375000
  0.929648   0.621667   0.621358   0.279245   0.282387   0.016842   0.012567   0.000000   0.375000
  0.934673   0.623070   0.622777   0.279330   0.282450   0.009220   0.000827   0.000000   0.375000
  0.939698   0.624474   0.624196   0.279376   0.282454   0.003526  -0.041402   0.000000   0.375000
  0.944724   0.625878   0.625616   0.279394   0.282246   0.000135  -0.084482   0.000000   0.375000
  0.949749   0.627282   0.627034   0.279394   0.281821  -0.001483  -0.057796   0.000000   0.375000
  0.954774   0.628686   0.628450   0.279387   0.281531   0.000195   0.019611   0.000000   0.375000
  0.959799   0.630090   0.629865   0.279388   0.281629   0.003636   0.062029   0.000000   0.375000
  0.964824   0.631494   0.631280   0.279406   0.281941   0.011905   0.024543   0.000000   0.375000
  0.969849   0.632898   0.632697   0.279466   0.282064   0.024540  -0.074568   0.000000   0.375000
  0.974874   0.634302   0.634114   0.279589   0.281690   0.041339  -0.123711   0.000000   0.375000
  0.979899   0.635707   0.635530   0.279797   0.281068   0.057321  -0.026475   0.000000   0.375000
  0.984925   0.637113   0.636942   0.280085   0.280935   0.052157   0.072825   0.000000   0.375000
  0.989950   0.638520   0.638354   0.280347   0.281301   0.013253   0.077561   0.000000   0.375000
  0.994975   0.639929   0.639768   0.280414   0.281691  -0.004083   0.038032   0.000000   0.375000
  1.000000   0.641338   0.641183   0.280393   0.281882  -0.016029  -0.010643   0.000000   0.375000