  0.000000   0.358579   0.358579   0.000000   0.000000  33.163919  32.457809   0.000000   0.500000
  0.005025   0.358579   0.358579   0.166649   0.163100  27.842750  26.647147   0.000000   0.500000
  0.010050   0.359416   0.359399   0.306559   0.297002  21.632383  18.877832   0.000000   0.500000
  0.015075   0.360957   0.360891   0.415261   0.391864  12.630658   9.735840   0.000000   0.500000
  0.020101   0.363044   0.362861   0.478743   0.440796   2.535379   2.081068   0.000000   0.500000
  0.025126   0.365450   0.365076   0.491483   0.451253  -2.371020  -2.739047   0.000000   0.500000
  0.030151   0.367919   0.367343   0.479569   0.437489  -3.542416  -4.406620   0.000000   0.500000
  0.035176   0.370329   0.369541   0.461768   0.415346  -3.791733  -3.631204   0.000000   0.500000
  0.040201   0.372650   0.371629   0.442715   0.397099  -3.765187  -2.701785   0.000000   0.500000
  0.045226   0.374874   0.373624   0.423795   0.383523  -3.340770  -2.314786   0.000000   0.500000
  0.050251   0.377004   0.375551   0.407007   0.371891  -3.072151  -2.126486   0.000000   0.500000
  0.055276   0.379049   0.377420   0.391570   0.361206  -2.695673  -1.940899   0.000000   0.500000
  0.060302   0.381017   0.379235   0.378021   0.351451  -2.438455  -1.757225   0.000000   0.500000
  0.065327   0.382917   0.381001   0.365768   0.342621  -2.272041  -1.622942   0.000000   0.500000
  0.070352   0.384755   0.382723   0.354351   0.334465  -2.117451  -1.505794   0.000000   0.500000
  0.075377   0.386535   0.384404   0.343711   0.326899  -1.933654  -1.364262   0.000000   0.500000
  0.080402   0.388262   0.386046   0.333994   0.320043  -1.751432  -1.229608   0.000000   0.500000
  0.085427   0.389941   0.387655   0.325193   0.313864  -1.601983  -1.147621   0.000000   0.500000
  0.090452   0.391575   0.389232   0.317143   0.308098  -1.464148  -1.093456   0.000000   0.500000
  0.095477   0.393168   0.390780   0.309786   0.302603  -1.317774  -0.998815   0.000000   0.500000
  0.100503   0.394725   0.392301   0.303163   0.297583  -1.183312  -0.867888   0.000000   0.500000
  0.105528   0.396249   0.393796   0.297217   0.293222  -1.080697  -0.761058   0.000000   0.500000
  0.110553   0.397742   0.395270   0.291786   0.289398  -0.990453  -0.687920   0.000000   0.500000
  0.115578   0.399209   0.396724   0.286809   0.285941  -0.891194  -0.625854   0.000000   0.500000
  0.120603   0.400650   0.398161   0.282331   0.282796  -0.796534  -0.564839   0.000000   0.500000
  0.125628   0.402068   0.399582   0.278328   0.279958  -0.729360  -0.507896   0.000000   0.500000
  0.130653   0.403467   0.400989   0.274663   0.277405  -0.677075  -0.452719   0.000000   0.500000
  0.135678   0.404847   0.402383   0.271261   0.275130  -0.605719  -0.401313   0.000000   0.500000
  0.140704   0.406211   0.403765   0.268217   0.273113  -0.516635  -0.359335   0.000000   0.500000
  0.145729   0.407558   0.405138   0.265621   0.271308  -0.441060  -0.319233   0.000000   0.500000
  0.150754   0.408893   0.406501   0.263404   0.269704  -0.384677  -0.274722   0.000000   0.500000
  0.155779   0.410217   0.407856   0.261471   0.268323  -0.337905  -0.234341   0.000000   0.500000
  0.160804   0.411531   0.409205   0.259773   0.267146  -0.294524  -0.207463   0.000000   0.500000
  0.165829   0.412836   0.410547   0.258293   0.266103  -0.254275  -0.184640   0.000000   0.500000
  0.170854   0.414134   0.411884   0.257016   0.265175  -0.216491  -0.156043   0.000000   0.500000
  0.175879   0.415425   0.413217   0.255928   0.264391  -0.181666  -0.126167   0.000000   0.500000
  0.180905   0.416712   0.414546   0.255015   0.263757  -0.150071  -0.102101   0.000000   0.500000
  0.185930   0.417993   0.415871   0.254261   0.263244  -0.119914  -0.081697   0.000000   0.500000
  0.190955   0.419271   0.417194   0.253658   0.262833  -0.092100  -0.065317   0.000000   0.500000
  0.195980   0.420545   0.418514   0.253195   0.262505  -0.067308  -0.054078   0.000000   0.500000
  0.201005   0.421818   0.419834   0.252857   0.262233  -0.044184  -0.042150   0.000000   0.500000
  0.206030   0.423088   0.421151   0.252635   0.262022  -0.023823  -0.022650   0.000000   0.500000
  0.211055   0.424358   0.422468   0.252515   0.261908  -0.009800  -0.004031   0.000000   0.500000
  0.216080   0.425627   0.423784   0.252466   0.261888   0.000455   0.008646   0.000000   0.500000
  0.221106   0.426896   0.425100   0.252468   0.261931   0.015758   0.017852   0.000000   0.500000
  0.226131   0.428164   0.426416   0.252547   0.262021   0.035811   0.025914   0.000000   0.500000
  0.231156   0.429433   0.427733   0.252727   0.262151   0.051973   0.031941   0.000000   0.500000
  0.236181   0.430703   0.429050   0.252989   0.262311   0.062713   0.037832   0.000000   0.500000
  0.241206   0.431975   0.430369   0.253304   0.262502   0.070572   0.045748   0.000000   0.500000
  0.246231   0.433247   0.431688   0.253658   0.262731   0.077672   0.052948   0.000000   0.500000
  0.251256   0.434522   0.433008   0.254049   0.262998   0.084252   0.056179   0.000000   0.500000
  0.256281   0.435799   0.434329   0.254472   0.263280   0.090412   0.057282   0.000000   0.500000
  0.261307   0.437078   0.435653   0.254926   0.263568   0.096025   0.061761   0.000000   0.500000
  0.266332   0.438359   0.436977   0.255409   0.263878   0.100947   0.069093   0.000000   0.500000
  0.271357   0.439642   0.438303   0.255916   0.264225   0.105179   0.073859   0.000000   0.500000
  0.276382   0.440928   0.439631   0.256445   0.264596   0.108011   0.075851   0.000000   0.500000
  0.281407   0.442217   0.440960   0.256987   0.264978   0.109081   0.076475   0.000000   0.500000
  0.286432   0.443508   0.442292   0.257536   0.265362   0.109542   0.075263   0.000000   0.500000
  0.291457   0.444802   0.443625   0.258086   0.265740   0.112124   0.072108   0.000000   0.500000
  0.296482   0.446099   0.444961   0.258649   0.266102   0.116362   0.069234   0.000000   0.500000
  0.301508   0.447399   0.446298   0.259234   0.266450   0.119474   0.071539   0.000000   0.500000
  0.306533   0.448702   0.447637   0.259835   0.266810   0.122098   0.079038   0.000000   0.500000
  0.311558   0.450007   0.448978   0.260448   0.267207   0.125182   0.092466   0.000000   0.500000
  0.316583   0.451316   0.450321   0.261077   0.267672   0.127848   0.107265   0.000000   0.500000
  0.321608   0.452628   0.451666   0.261720   0.268211   0.125445   0.109501   0.000000   0.500000
  0.326633   0.453943   0.453013   0.262350   0.268761   0.119614   0.080035   0.000000   0.500000
  0.331658   0.455261   0.454364   0.262951   0.269163   0.107693   0.061267   0.000000   0.500000
  0.336683   0.456583   0.455716   0.263492   0.269471   0.094359   0.179068   0.000000   0.500000
  0.341709   0.457907   0.457071   0.263966   0.270371   0.092325   0.449428   0.000000   0.500000
  0.346734   0.459233   0.458429   0.264430   0.272629   0.090780   0.803639   0.000000   0.500000
  0.351759   0.460562   0.459799   0.264887   0.276668   0.049910   1.244281   0.000000   0.500000
  0.356784   0.461893   0.461190   0.265137   0.282920  -0.084605   1.834344   0.000000   0.500000
  0.361809   0.463226   0.462611   0.264712   0.292138  -0.334583   2.643429   0.000000   0.500000
  0.366834   0.464556   0.464079   0.263031   0.305421  -0.710762   3.734478   0.000000   0.500000
  0.371859   0.465878   0.465614   0.259459   0.324187  -1.226518   5.241231   0.000000   0.500000
  0.376884   0.467181   0.467243   0.253296   0.350524  -1.787630   7.225821   0.000000   0.500000
  0.381910   0.468454   0.469005   0.244312   0.386841  -2.358788   9.657035   0.000000   0.500000
  0.386935   0.469682   0.470949   0.232459   0.435367  -3.279183  12.485400   0.000000   0.500000
  0.391960   0.470850   0.473136   0.215981   0.498107  -4.995447  15.655152   0.000000   0.500000
  0.396985   0.471935   0.475639   0.190879   0.576774  -7.224927  19.083367   0.000000   0.500000
  0.402010   0.472895   0.478538   0.154573   0.672668  -9.689760  22.618554   0.000000   0.500000
  0.407035   0.473671   0.481918   0.105882   0.786326 -12.523889  25.744920   0.000000   0.500000
  0.412060   0.474203   0.485869   0.042950   0.915694 -15.777871  27.825427   0.000000   0.500000
  0.417085   0.474419   0.490470  -0.036334   1.055517 -19.202732  29.416097   0.000000   0.500000
  0.422111   0.474237   0.495775  -0.132847   1.203362 -22.469658  30.945676   0.000000   0.500000
  0.427136   0.473569   0.501822  -0.245757   1.358864 -25.543985  31.267893   0.000000   0.500000
  0.432161   0.472334   0.508651  -0.374116   1.515985 -28.536482  27.105465   0.000000   0.500000
  0.437186   0.470454   0.516268  -0.517511   1.652190 -30.926103  18.512987   0.000000   0.500000
  0.442211   0.467854   0.524571  -0.672915   1.745218 -31.521339   8.884159   0.000000   0.500000
  0.447236   0.464472   0.533340  -0.831310   1.789861 -29.207112  -0.600825   0.000000   0.500000
  0.452261   0.460295   0.542334  -0.978076   1.786842 -24.415799 -10.983543   0.000000   0.500000
  0.457286   0.455380   0.551313  -1.100765   1.731650 -17.923195 -22.950173   0.000000   0.500000
  0.462312   0.449848   0.560017  -1.190847   1.616302  -9.724899 -35.754460   0.000000   0.500000
  0.467337   0.443864   0.568139  -1.239714   1.436636   0.205875 -48.230771   0.000000   0.500000
  0.472362   0.437634   0.575358  -1.238680   1.194276  11.567893 -58.632206   0.000000   0.500000
  0.477387   0.431410   0.581359  -1.180551   0.899649  23.670652 -64.922472   0.000000   0.500000
  0.482412   0.425477   0.585880  -1.061606   0.573414  36.095843 -67.555507   0.000000   0.500000
  0.487437   0.420143   0.588761  -0.880225   0.233947  48.766369 -67.312566   0.000000   0.500000
  0.492462   0.415720   0.589937  -0.635174  -0.104298  60.639834 -63.507764   0.000000   0.500000
  0.497487   0.412528   0.589413  -0.330459  -0.423425  67.792626 -55.927772   0.000000   0.500000
  0.502513   0.410867   0.587284   0.010267  -0.704518  68.657261 -45.940689   0.000000   0.500000
  0.507538   0.410919   0.583744   0.355270  -0.935370  66.330921 -34.531218   0.000000   0.500000
  0.512563   0.412704   0.579044   0.688583  -1.108889  62.006835 -22.136160   0.000000   0.500000
  0.517588   0.416164   0.573472   1.000167  -1.220123  55.272850  -9.731320   0.000000   0.500000
  0.522613   0.421190   0.567341   1.277913  -1.269023  46.264422   1.923875   0.000000   0.500000
  0.527638   0.427611   0.560964   1.510392  -1.259356  35.751722  12.325459   0.000000   0.500000
  0.532663   0.435201   0.554636   1.690044  -1.197420  23.937971  20.787465   0.000000   0.500000
  0.537688   0.443694   0.548619   1.810333  -1.092963  10.838451  26.663189   0.000000   0.500000
  0.542714   0.452792   0.543125   1.864807  -0.958954  -1.774068  30.062259   0.000000   0.500000
  0.547739   0.462163   0.538307   1.855892  -0.807891 -12.691061  31.485127   0.000000   0.500000
  0.552764   0.471489   0.534247   1.792119  -0.649678 -21.885676  31.057438   0.000000   0.500000
  0.557789   0.480494   0.530982   1.682144  -0.493615 -28.990182  29.171359   0.000000   0.500000
  0.562814   0.488947   0.528502   1.536468  -0.347029 -32.255383  26.622949   0.000000   0.500000
  0.567839   0.496668   0.526758   1.374385  -0.213248 -32.008354  23.646964   0.000000   0.500000
  0.572864   0.503574   0.525686   1.213543  -0.094422 -30.651911  19.978761   0.000000   0.500000
  0.577889   0.509672   0.525212   1.059517   0.005971 -28.922288  15.938091   0.000000   0.500000
  0.582915   0.514997   0.525242   0.914154   0.086076 -26.478384  12.331291   0.000000   0.500000
  0.587940   0.519591   0.525675   0.781100   0.148041 -23.298073   9.314045   0.000000   0.500000
  0.592965   0.523516   0.526418   0.664027   0.194844 -19.733498   6.884070   0.000000   0.500000
  0.597990   0.526853   0.527398   0.564866   0.229436 -16.058505   5.003251   0.000000   0.500000
  0.603015   0.529691   0.528550   0.484172   0.254577 -12.629644   3.518347   0.000000   0.500000
  0.608040   0.532124   0.529830   0.420708   0.272257  -9.669234   2.242729   0.000000   0.500000
  0.613065   0.534238   0.531198   0.372120   0.283527  -7.234891   1.222650   0.000000   0.500000
  0.618090   0.536108   0.532623   0.335765   0.289671  -5.274967   0.634500   0.000000   0.500000
  0.623116   0.537796   0.534078   0.309253   0.292860  -3.599242   0.388096   0.000000   0.500000
  0.628141   0.539350   0.535550   0.291167   0.294810  -2.233301   0.216489   0.000000   0.500000
  0.633166   0.540813   0.537031   0.279945   0.295898  -1.385926   0.052406   0.000000   0.500000
  0.638191   0.542219   0.538518   0.272980   0.296161  -0.958918  -0.075042   0.000000   0.500000
  0.643216   0.543591   0.540007   0.268162   0.295784  -0.636751  -0.146632   0.000000   0.500000
  0.648241   0.544939   0.541493   0.264962   0.295047  -0.329611  -0.178105   0.000000   0.500000
  0.653266   0.546270   0.542975   0.263306   0.294152  -0.095994  -0.183959   0.000000   0.500000
  0.658291   0.547593   0.544454   0.262823   0.293228   0.024523  -0.177736   0.000000   0.500000
  0.663317   0.548914   0.545927   0.262947   0.292334   0.076233  -0.167107   0.000000   0.500000
  0.668342   0.550235   0.547396   0.263330   0.291495   0.105311  -0.155219   0.000000   0.500000
  0.673367   0.551559   0.548861   0.263859   0.290715   0.124448  -0.144674   0.000000   0.500000
  0.678392   0.552885   0.550322   0.264484   0.289988   0.129540  -0.134146   0.000000   0.500000
  0.683417   0.554214   0.551779   0.265135   0.289314   0.125158  -0.123457   0.000000   0.500000
  0.688442   0.555546   0.553233   0.265764   0.288693   0.122069  -0.113130   0.000000   0.500000
  0.693467   0.556881   0.554684   0.266377   0.288125   0.119070  -0.103345   0.000000   0.500000
  0.698492   0.558220   0.556131   0.266976   0.287605   0.114133  -0.094772   0.000000   0.500000
  0.703518   0.559562   0.557577   0.267549   0.287129   0.107903  -0.087483   0.000000   0.500000
  0.708543   0.560906   0.559020   0.268092   0.286690   0.103357  -0.080915   0.000000   0.500000
  0.713568   0.562253   0.560460   0.268611   0.286283   0.099893  -0.074732   0.000000   0.500000
  0.718593   0.563603   0.561899   0.269113   0.285907   0.096938  -0.068890   0.000000   0.500000
  0.723618   0.564955   0.563336   0.269600   0.285561   0.094060  -0.063433   0.000000   0.500000
  0.728643   0.566310   0.564771   0.270073   0.285242   0.091257  -0.058423   0.000000   0.500000
  0.733668   0.567667   0.566204   0.270531   0.284949   0.088465  -0.053796   0.000000   0.500000
  0.738693   0.569027   0.567636   0.270976   0.284679   0.085657  -0.049454   0.000000   0.500000
  0.743719   0.570389   0.569067   0.271406   0.284430   0.082928  -0.045361   0.000000   0.500000
  0.748744   0.571752   0.570496   0.271823   0.284202   0.080278  -0.041517   0.000000   0.500000
  0.753769   0.573118   0.571924   0.272226   0.283993   0.077459  -0.038275   0.000000   0.500000
  0.758794   0.574486   0.573351   0.272616   0.283801   0.074414  -0.036020   0.000000   0.500000
  0.763819   0.575856   0.574777   0.272990   0.283620   0.071776  -0.034168   0.000000   0.500000
  0.768844   0.577228   0.576202   0.273350   0.283448   0.070132  -0.031007   0.000000   0.500000
  0.773869   0.578602   0.577627   0.273703   0.283293   0.068022  -0.026580   0.000000   0.500000
  0.778894   0.579977   0.579050   0.274045   0.283159   0.063651  -0.023603   0.000000   0.500000
  0.783920   0.581354   0.580473   0.274364   0.283040   0.058278  -0.023436   0.000000   0.500000
  0.788945   0.582733   0.581896   0.274657   0.282923   0.055655  -0.024482   0.000000   0.500000
  0.793970   0.584113   0.583317   0.274937   0.282800   0.056329  -0.022357   0.000000   0.500000
  0.798995   0.585495   0.584738   0.275220   0.282687   0.057076  -0.017302   0.000000   0.500000
  0.804020   0.586878   0.586159   0.275507   0.282600   0.056508  -0.013774   0.000000   0.500000
  0.809045   0.588262   0.587579   0.275791   0.282531   0.055105  -0.012193   0.000000   0.500000
  0.814070   0.589648   0.588999   0.276068   0.282470   0.051633  -0.011489   0.000000   0.500000
  0.819095   0.591035   0.590418   0.276327   0.282412   0.044169  -0.011771   0.000000   0.500000
  0.824121   0.592424   0.591837   0.276549   0.282353   0.035887  -0.013143   0.000000   0.500000
  0.829146   0.593814   0.593256   0.276729   0.282287   0.036903  -0.012497   0.000000   0.500000
  0.834171   0.595204   0.594675   0.276915   0.282224   0.046926  -0.010195   0.000000   0.500000
  0.839196   0.596596   0.596093   0.277151   0.282173   0.052380  -0.008378   0.000000   0.500000
  0.844221   0.597988   0.597511   0.277414   0.282131   0.045010  -0.007619   0.000000   0.500000
  0.849246   0.599382   0.598929   0.277640   0.282093   0.025932  -0.010212   0.000000   0.500000
  0.854271   0.600778   0.600346   0.277770   0.282041   0.019965  -0.016777   0.000000   0.500000
  0.859296   0.602173   0.601763   0.277871   0.281957   0.037595  -0.020954   0.000000   0.500000
  0.864322   0.603570   0.603180   0.278060   0.281852   0.043362  -0.016011   0.000000   0.500000
  0.869347   0.604967   0.604597   0.278278   0.281771   0.026856  -0.006948   0.000000   0.500000
  0.874372   0.606365   0.606013   0.278413   0.281736   0.009098  -0.000915   0.000000   0.500000
  0.879397   0.607765   0.607428   0.278458   0.281732   0.018229   0.002302   0.000000   0.500000
  0.884422   0.609164   0.608844   0.278550   0.281743   0.032167  -0.003891   0.000000   0.500000
  0.889447   0.610563   0.610260   0.278711   0.281724   0.036102  -0.026519   0.000000   0.500000
  0.894472   0.611964   0.611676   0.278893   0.281590   0.037582  -0.053267   0.000000   0.500000
  0.899497   0.613365   0.613091   0.279082   0.281323   0.032762  -0.043146   0.000000   0.500000
  0.904523   0.614768   0.614504   0.279246   0.281106   0.015100  -0.005288   0.000000   0.500000
  0.909548   0.616171   0.615917   0.279322   0.281079   0.005612   0.013711   0.000000   0.500000
  0.914573   0.617575   0.617329   0.279350   0.281148   0.023253   0.013789   0.000000   0.500000
  0.919598   0.618979   0.618742   0.279467   0.281217   0.028652   0.008924   0.000000   0.500000
  0.924623   0.620383   0.620155   0.279611   0.281262  -0.003473  -0.004312   0.000000   0.500000
  0.929648   0.621788   0.621569   0.279594   0.281241  -0.033897  -0.031325   0.000000   0.500000
  0.934673   0.623193   0.622982   0.279423   0.281083  -0.012711  -0.040038   0.000000   0.500000
  0.939698   0.624597   0.624394   0.279360   0.280882   0.016244  -0.014880   0.000000   0.500000
  0.944724   0.626001   0.625806   0.279441   0.280807   0.023144  -0.000325   0.000000   0.500000
  0.949749   0.627405   0.627217   0.279558   0.280806   0.018757  -0.013893   0.000000   0.500000
  0.954774   0.628810   0.628628   0.279652   0.280736   0.011940  -0.017298   0.000000   0.500000
  0.959799   0.630215   0.630039   0.279712   0.280649   0.003610   0.013559   0.000000   0.500000
  0.964824   0.631621   0.631449   0.279730   0.280717   0.006111   0.031171   0.000000   0.500000
  0.969849   0.633027   0.632860   0.279761   0.280874   0.015646  -0.003347   0.000000   0.500000
  0.974874   0.634432   0.634271   0.279839   0.280857   0.026451  -0.051843   0.000000   0.500000
  0.979899   0.635839   0.635682   0.279972   0.280596   0.043929  -0.025419   0.000000   0.500000
  0.984925   0.637246   0.637093   0.280193   0.280469   0.051443   0.046386   0.000000   0.500000
  0.989950   0.638654   0.638502   0.280451   0.280702   0.017231   0.060946   0.000000   0.500000
  0.994975   0.640063   0.639913   0.280538   0.281008  -0.007824   0.032108   0.000000   0.500000
  1.000000   0.641473   0.641325   0.280499   0.281169  -0.022479  -0.012350   0.000000   0.500000