   0.000000    0.388886    0.333706    0.000000    0.000000   11.877815   36.980759    0.125000    0.000000
   0.005025    0.388886    0.333706    0.059686    0.185828   30.224052   29.777897    0.125000    0.000000
   0.010050    0.389186    0.334640    0.211562    0.335462   21.614500   18.841325    0.125000    0.000000
   0.015075    0.390249    0.336325    0.320175    0.430140    7.126805    6.492024    0.125000    0.000000
   0.020101    0.391858    0.338487    0.355994    0.462769   -0.547919   -2.361145    0.125000    0.000000
   0.025126    0.393647    0.340813    0.353241    0.450904   -1.142509   -4.210407    0.125000    0.000000
   0.030151    0.395422    0.343079    0.347500    0.429747   -1.088497   -3.532489    0.125000    0.000000
   0.035176    0.397168    0.345238    0.342030    0.411996   -0.709488   -2.998429    0.125000    0.000000
   0.040201    0.398887    0.347308    0.338465    0.396929   -0.685653   -2.646176    0.125000    0.000000
   0.045226    0.400588    0.349303    0.335019    0.383632   -0.891002   -2.348991    0.125000    0.000000
   0.050251    0.402271    0.351231    0.330542    0.371828   -1.136710   -2.080141    0.125000    0.000000
   0.055276    0.403932    0.353099    0.324830    0.361375   -1.276114   -1.830142    0.125000    0.000000
   0.060302    0.405565    0.354915    0.318416    0.352177   -1.197072   -1.610950    0.125000    0.000000
   0.065327    0.407165    0.356685    0.312401    0.344082   -1.076451   -1.390589    0.125000    0.000000
   0.070352    0.408735    0.358414    0.306992    0.337094   -1.042957   -1.145788    0.125000    0.000000
   0.075377    0.410277    0.360108    0.301751    0.331337   -1.090279   -0.935567    0.125000    0.000000
   0.080402    0.411794    0.361773    0.296272    0.326636   -1.157032   -0.792561    0.125000    0.000000
   0.085427    0.413282    0.363414    0.290458    0.322653   -1.153966   -0.678101    0.125000    0.000000
   0.090452    0.414742    0.365036    0.284660    0.319246   -1.078027   -0.544379    0.125000    0.000000
   0.095477    0.416172    0.366640    0.279243    0.316510   -1.023634   -0.414963    0.125000    0.000000
   0.100503    0.417576    0.368231    0.274098    0.314424   -1.019615   -0.312046    0.125000    0.000000
   0.105528    0.418953    0.369811    0.268974    0.312856   -1.032436   -0.233041    0.125000    0.000000
   0.110553    0.420305    0.371383    0.263786    0.311685   -0.996483   -0.166438    0.125000    0.000000
   0.115578    0.421630    0.372949    0.258779    0.310849   -0.923876   -0.107021    0.125000    0.000000
   0.120603    0.422931    0.374511    0.254136    0.310311   -0.867191   -0.054101    0.125000    0.000000
   0.125628    0.424208    0.376070    0.249779    0.310039   -0.831268   -0.007305    0.125000    0.000000
   0.130653    0.425463    0.377628    0.245602    0.310003   -0.798641    0.031378    0.125000    0.000000
   0.135678    0.426697    0.379186    0.241589    0.310160   -0.767392    0.066564    0.125000    0.000000
   0.140704    0.427911    0.380745    0.237732    0.310495   -0.744866    0.099635    0.125000    0.000000
   0.145729    0.429106    0.382305    0.233989    0.310996   -0.722917    0.127095    0.125000    0.000000
   0.150754    0.430282    0.383868    0.230356    0.311634   -0.673165    0.146735    0.125000    0.000000
   0.155779    0.431439    0.385434    0.226973    0.312372   -0.608026    0.157515    0.125000    0.000000
   0.160804    0.432580    0.387003    0.223918    0.313163   -0.559751    0.163030    0.125000    0.000000
   0.165829    0.433705    0.388577    0.221105    0.313982   -0.528835    0.169265    0.125000    0.000000
   0.170854    0.434816    0.390155    0.218448    0.314833   -0.498437    0.181892    0.125000    0.000000
   0.175879    0.435914    0.391737    0.215943    0.315747   -0.460949    0.194266    0.125000    0.000000
   0.180905    0.436999    0.393324    0.213626    0.316723   -0.422555    0.200609    0.125000    0.000000
   0.185930    0.438072    0.394915    0.211503    0.317731   -0.394231    0.200828    0.125000    0.000000
   0.190955    0.439135    0.396512    0.209522    0.318740   -0.376903    0.197217    0.125000    0.000000
   0.195980    0.440188    0.398114    0.207628    0.319731   -0.354414    0.191164    0.125000    0.000000
   0.201005    0.441231    0.399720    0.205847    0.320692   -0.311505    0.186368    0.125000    0.000000
   0.206030    0.442266    0.401332    0.204282    0.321629   -0.268427    0.185504    0.125000    0.000000
   0.211055    0.443292    0.402948    0.202933    0.322561   -0.237917    0.183527    0.125000    0.000000
   0.216080    0.444312    0.404569    0.201738    0.323483   -0.216504    0.177258    0.125000    0.000000
   0.221106    0.445326    0.406195    0.200649    0.324374   -0.196411    0.169642    0.125000    0.000000
   0.226131    0.446334    0.407825    0.199662    0.325226   -0.173310    0.164874    0.125000    0.000000
   0.231156    0.447338    0.409459    0.198792    0.326055   -0.149173    0.161054    0.125000    0.000000
   0.236181    0.448336    0.411097    0.198042    0.326864   -0.127529    0.155004    0.125000    0.000000
   0.241206    0.449332    0.412740    0.197401    0.327643   -0.108489    0.147569    0.125000    0.000000
   0.246231    0.450324    0.414386    0.196856    0.328385   -0.091881    0.139968    0.125000    0.000000
   0.251256    0.451313    0.416036    0.196394    0.329088   -0.077938    0.132730    0.125000    0.000000
   0.256281    0.452300    0.417690    0.196003    0.329755   -0.065100    0.125542    0.125000    0.000000
   0.261307    0.453285    0.419347    0.195675    0.330386   -0.049102    0.118310    0.125000    0.000000
   0.266332    0.454268    0.421008    0.195429    0.330980   -0.030963    0.111238    0.125000    0.000000
   0.271357    0.455250    0.422671    0.195273    0.331539   -0.015895    0.104583    0.125000    0.000000
   0.276382    0.456231    0.424337    0.195193    0.332065   -0.005655    0.097831    0.125000    0.000000
   0.281407    0.457212    0.426005    0.195165    0.332556    0.002365    0.090974    0.125000    0.000000
   0.286432    0.458193    0.427676    0.195177    0.333014    0.012317    0.084867    0.125000    0.000000
   0.291457    0.459174    0.429350    0.195239    0.333440    0.023821    0.079339    0.125000    0.000000
   0.296482    0.460155    0.431025    0.195358    0.333839    0.033659    0.073710    0.125000    0.000000
   0.301508    0.461137    0.432703    0.195527    0.334209    0.040989    0.068099    0.125000    0.000000
   0.306533    0.462119    0.434383    0.195733    0.334551    0.047376    0.062395    0.125000    0.000000
   0.311558    0.463103    0.436064    0.195972    0.334865    0.054098    0.056094    0.125000    0.000000
   0.316583    0.464087    0.437746    0.196243    0.335147    0.060219    0.049607    0.125000    0.000000
   0.321608    0.465074    0.439431    0.196546    0.335396    0.064774    0.045055    0.125000    0.000000
   0.326633    0.466061    0.441116    0.196871    0.335622    0.068319    0.042231    0.125000    0.000000
   0.331658    0.467050    0.442802    0.197215    0.335835    0.072689    0.038878    0.125000    0.000000
   0.336683    0.468041    0.444490    0.197580    0.336030    0.077832    0.034108    0.125000    0.000000
   0.341709    0.469035    0.446179    0.197971    0.336201    0.081762    0.028664    0.125000    0.000000
   0.346734    0.470029    0.447868    0.198382    0.336345    0.083972    0.024701    0.125000    0.000000
   0.351759    0.471026    0.449558    0.198804    0.336470    0.085366    0.022165    0.125000    0.000000
   0.356784    0.472025    0.451249    0.199233    0.336581    0.087528    0.019236    0.125000    0.000000
   0.361809    0.473026    0.452940    0.199673    0.336678    0.090408    0.015004    0.125000    0.000000
   0.366834    0.474030    0.454632    0.200127    0.336753    0.093141    0.009049    0.125000    0.000000
   0.371859    0.475035    0.456324    0.200595    0.336799    0.095764    0.001218    0.125000    0.000000
   0.376884    0.476043    0.458017    0.201076    0.336805    0.101418   -0.032809    0.125000    0.000000
   0.381910    0.477054    0.459710    0.201586    0.336640    0.112455   -0.101104    0.125000    0.000000
   0.386935    0.478067    0.461401    0.202151    0.336132    0.139517   -0.247757    0.125000    0.000000
   0.391960    0.479083    0.463090    0.202852    0.334887    0.200926   -0.478007    0.125000    0.000000
   0.396985    0.480102    0.464773    0.203862    0.332485    0.306654   -0.902646    0.125000    0.000000
   0.402010    0.481126    0.466444    0.205403    0.327949    0.489524   -1.394461    0.125000    0.000000
   0.407035    0.482159    0.468092    0.207863    0.320942    0.685184   -2.228605    0.125000    0.000000
   0.412060    0.483203    0.469705    0.211306    0.309743    0.998883   -3.601561    0.125000    0.000000
   0.417085    0.484265    0.471261    0.216325    0.291645    1.555941   -4.140567    0.125000    0.000000
   0.422111    0.485352    0.472727    0.224145    0.270835    1.889888   -0.124055    0.125000    0.000000
   0.427136    0.486478    0.474088    0.233642    0.270211    0.476547   12.298211    0.125000    0.000000
   0.432161    0.487653    0.475446    0.236037    0.332010   -3.765772   33.489465    0.125000    0.000000
   0.437186    0.488839    0.477114    0.217114    0.500294   -9.894671   62.760480    0.125000    0.000000
   0.442211    0.489930    0.479628    0.167393    0.815666  -16.364438   97.374879    0.125000    0.000000
   0.447236    0.490771    0.483727    0.085162    1.304975  -26.697951  121.066953    0.125000    0.000000
   0.452261    0.491199    0.490284   -0.048996    1.913336  -47.959164  119.548909    0.125000    0.000000
   0.457286    0.490952    0.499899   -0.289990    2.514069  -78.156579   96.741413    0.125000    0.000000
   0.462312    0.489495    0.512534   -0.682805    3.000292 -108.624770   55.334450    0.125000    0.000000
   0.467337    0.486064    0.527611   -1.228645    3.278347 -131.939700  -13.108869    0.125000    0.000000
   0.472362    0.479890    0.544085   -1.891642    3.212475 -128.750679 -106.117745    0.125000    0.000000
   0.477387    0.470384    0.560227   -2.538614    2.679233  -78.864689 -206.012788    0.125000    0.000000
   0.482412    0.457628    0.573690   -2.934909    1.644019   -0.810943 -289.854136    0.125000    0.000000
   0.487437    0.442880    0.581952   -2.938984    0.187502   84.048766 -314.798577    0.125000    0.000000
   0.492462    0.428112    0.582894   -2.516639   -1.394361  170.231438 -231.252534    0.125000    0.000000
   0.497487    0.415466    0.575887   -1.661226   -2.556405  246.142151  -76.779312    0.125000    0.000000
   0.502513    0.407116    0.563039   -0.424116   -2.942297  285.871267   64.085496    0.125000    0.000000
   0.507538    0.404985    0.548254    1.012388   -2.620268  266.754002  152.430784    0.125000    0.000000
   0.512563    0.410072    0.535087    2.352826   -1.854303  192.060554  180.586801    0.125000    0.000000
   0.517588    0.421895    0.525769    3.317931   -0.946854   88.280464  161.884277    0.125000    0.000000
   0.522613    0.438568    0.521011    3.761540   -0.133386  -15.823218  116.812886    0.125000    0.000000
   0.527638    0.457470    0.520341    3.682028    0.453599  -98.824489   64.482691    0.125000    0.000000
   0.532663    0.475972    0.522620    3.185435    0.777624 -146.165184   20.930562    0.125000    0.000000
   0.537688    0.491979    0.526528    2.450955    0.882800 -151.780515   -6.253901    0.125000    0.000000
   0.542714    0.504297    0.530964    1.688106    0.851368 -125.428103  -20.739222    0.125000    0.000000
   0.547739    0.512780    0.535243    1.057830    0.747154  -88.169692  -24.514265    0.125000    0.000000
   0.552764    0.518095    0.538997    0.614777    0.623969  -53.991551  -20.675078    0.125000    0.000000
   0.557789    0.521185    0.542133    0.343470    0.520077  -27.685230  -13.951848    0.125000    0.000000
   0.562814    0.522911    0.544746    0.204352    0.449969   -8.695301   -8.352026    0.125000    0.000000
   0.567839    0.523937    0.547007    0.160658    0.408000    2.877178   -5.029381    0.125000    0.000000
   0.572864    0.524745    0.549057    0.175116    0.382728    5.225212   -3.569567    0.125000    0.000000
   0.577889    0.525625    0.550980    0.201372    0.364791    2.796257   -2.991804    0.125000    0.000000
   0.582915    0.526637    0.552814    0.215426    0.349754    0.645155   -2.723618    0.125000    0.000000
   0.587940    0.527719    0.554571    0.218668    0.336068   -0.199168   -2.469489    0.125000    0.000000
   0.592965    0.528818    0.556260    0.217667    0.323658   -0.401499   -2.236378    0.125000    0.000000
   0.597990    0.529912    0.557886    0.215650    0.312421   -0.472078   -2.038596    0.125000    0.000000
   0.603015    0.530996    0.559456    0.213278    0.302177   -0.481811   -1.859077    0.125000    0.000000
   0.608040    0.532067    0.560975    0.210856    0.292835   -0.495859   -1.686424    0.125000    0.000000
   0.613065    0.533127    0.562446    0.208365    0.284360   -0.484486   -1.510822    0.125000    0.000000
   0.618090    0.534174    0.563875    0.205930    0.276769   -0.451074   -1.341013    0.125000    0.000000
   0.623116    0.535209    0.565266    0.203663    0.270029   -0.409081   -1.179783    0.125000    0.000000
   0.628141    0.536232    0.566623    0.201608    0.264100   -0.360904   -1.030590    0.125000    0.000000
   0.633166    0.537245    0.567950    0.199794    0.258922   -0.315275   -0.892899    0.125000    0.000000
   0.638191    0.538249    0.569251    0.198210    0.254435   -0.272535   -0.766234    0.125000    0.000000
   0.643216    0.539245    0.570530    0.196840    0.250584   -0.233242   -0.649916    0.125000    0.000000
   0.648241    0.540234    0.571789    0.195668    0.247319   -0.197360   -0.543380    0.125000    0.000000
   0.653266    0.541218    0.573032    0.194676    0.244588   -0.164422   -0.445994    0.125000    0.000000
   0.658291    0.542196    0.574261    0.193850    0.242347   -0.134112   -0.357082    0.125000    0.000000
   0.663317    0.543170    0.575479    0.193176    0.240552   -0.106403   -0.275851    0.125000    0.000000
   0.668342    0.544141    0.576688    0.192642    0.239166   -0.081089   -0.201791    0.125000    0.000000
   0.673367    0.545109    0.577890    0.192234    0.238152   -0.057778   -0.134524    0.125000    0.000000
   0.678392    0.546075    0.579086    0.191944    0.237476   -0.036465   -0.073592    0.125000    0.000000
   0.683417    0.547039    0.580280    0.191760    0.237106   -0.017632   -0.018465    0.125000    0.000000
   0.688442    0.548003    0.581471    0.191672    0.237014   -0.001089    0.031310    0.125000    0.000000
   0.693467    0.548966    0.582662    0.191666    0.237171    0.014159    0.076089    0.125000    0.000000
   0.698492    0.549929    0.583854    0.191738    0.237553    0.028440    0.116319    0.125000    0.000000
   0.703518    0.550893    0.585048    0.191880    0.238138    0.041312    0.152388    0.125000    0.000000
   0.708543    0.551857    0.586244    0.192088    0.238904    0.052298    0.184585    0.125000    0.000000
   0.713568    0.552822    0.587445    0.192351    0.239831    0.061861    0.213084    0.125000    0.000000
   0.718593    0.553789    0.588650    0.192662    0.240902    0.070485    0.237725    0.125000    0.000000
   0.723618    0.554757    0.589861    0.193016    0.242096    0.078160    0.258991    0.125000    0.000000
   0.728643    0.555727    0.591077    0.193409    0.243398    0.085059    0.277522    0.125000    0.000000
   0.733668    0.556699    0.592300    0.193836    0.244792    0.091588    0.293861    0.125000    0.000000
   0.738693    0.557673    0.593530    0.194296    0.246269    0.097570    0.307227    0.125000    0.000000
   0.743719    0.558649    0.594768    0.194787    0.247813    0.101822    0.316590    0.125000    0.000000
   0.748744    0.559628    0.596013    0.195298    0.249404    0.104489    0.322602    0.125000    0.000000
   0.753769    0.560610    0.597266    0.195823    0.251025    0.106941    0.329574    0.125000    0.000000
   0.758794    0.561594    0.598528    0.196361    0.252681    0.109379    0.342118    0.125000    0.000000
   0.763819    0.562580    0.599798    0.196910    0.254400    0.111484    0.356797    0.125000    0.000000
   0.768844    0.563570    0.601076    0.197471    0.256193    0.113275    0.367279    0.125000    0.000000
   0.773869    0.564562    0.602363    0.198040    0.258039    0.114914    0.371490    0.125000    0.000000
   0.778894    0.565557    0.603660    0.198617    0.259906    0.115774    0.368625    0.125000    0.000000
   0.783920    0.566556    0.604966    0.199199    0.261758    0.115465    0.359535    0.125000    0.000000
   0.788945    0.567556    0.606282    0.199779    0.263565    0.115005    0.349703    0.125000    0.000000
   0.793970    0.568560    0.607606    0.200357    0.265322    0.115001    0.346935    0.125000    0.000000
   0.798995    0.569567    0.608939    0.200935    0.267066    0.114835    0.348631    0.125000    0.000000
   0.804020    0.570577    0.610281    0.201512    0.268817    0.113795    0.346156    0.125000    0.000000
   0.809045    0.571589    0.611632    0.202084    0.270557    0.112313    0.338402    0.125000    0.000000
   0.814070    0.572605    0.612992    0.202648    0.272257    0.110873    0.331342    0.125000    0.000000
   0.819095    0.573623    0.614360    0.203206    0.273922    0.109488    0.330899    0.125000    0.000000
   0.824121    0.574645    0.615736    0.203756    0.275585    0.107987    0.333619    0.125000    0.000000
   0.829146    0.575668    0.617121    0.204298    0.277262    0.106150    0.333680    0.125000    0.000000
   0.834171    0.576695    0.618515    0.204832    0.278939    0.103951    0.330844    0.125000    0.000000
   0.839196    0.577724    0.619916    0.205354    0.280601    0.101598    0.320188    0.125000    0.000000
   0.844221    0.578756    0.621326    0.205865    0.282210    0.099438    0.294868    0.125000    0.000000
   0.849246    0.579791    0.622744    0.206364    0.283692    0.097518    0.264178    0.125000    0.000000
   0.854271    0.580828    0.624170    0.206854    0.285019    0.095529    0.257206    0.125000    0.000000
   0.859296    0.581867    0.625602    0.207334    0.286312    0.093223    0.272181    0.125000    0.000000
   0.864322    0.582909    0.627041    0.207803    0.287680    0.090787    0.282069    0.125000    0.000000
   0.869347    0.583953    0.628487    0.208259    0.289097    0.088316    0.277595    0.125000    0.000000
   0.874372    0.585000    0.629939    0.208703    0.290492    0.086060    0.264803    0.125000    0.000000
   0.879397    0.586049    0.631399    0.209135    0.291823    0.084007    0.252665    0.125000    0.000000
   0.884422    0.587100    0.632866    0.209558    0.293092    0.082403    0.241843    0.125000    0.000000
   0.889447    0.588153    0.634338    0.209972    0.294308    0.080270    0.232956    0.125000    0.000000
   0.894472    0.589208    0.635817    0.210375    0.295478    0.076682    0.227469    0.125000    0.000000
   0.899497    0.590265    0.637302    0.210760    0.296621    0.072450    0.222368    0.125000    0.000000
   0.904523    0.591324    0.638793    0.211124    0.297739    0.070235    0.219013    0.125000    0.000000
   0.909548    0.592385    0.640289    0.211477    0.298839    0.068945    0.214953    0.125000    0.000000
   0.914573    0.593448    0.641791    0.211824    0.299920    0.067571    0.214265    0.125000    0.000000
   0.919598    0.594512    0.643298    0.212163    0.300996    0.065596    0.209826    0.125000    0.000000
   0.924623    0.595578    0.644810    0.212493    0.302051    0.062612    0.188028    0.125000    0.000000
   0.929648    0.596646    0.646328    0.212808    0.302995    0.058409    0.156406    0.125000    0.000000
   0.934673    0.597715    0.647851    0.213101    0.303781    0.056391    0.153449    0.125000    0.000000
   0.939698    0.598786    0.649377    0.213385    0.304552    0.054852    0.192528    0.125000    0.000000
   0.944724    0.599859    0.650908    0.213660    0.305520    0.053344    0.206907    0.125000    0.000000
   0.949749    0.600932    0.652443    0.213928    0.306560    0.053014    0.142099    0.125000    0.000000
   0.954774    0.602007    0.653983    0.214195    0.307274    0.053868    0.046486    0.125000    0.000000
   0.959799    0.603084    0.655528    0.214465    0.307507    0.055873    0.063654    0.125000    0.000000
   0.964824    0.604161    0.657073    0.214746    0.307827    0.058173    0.170042    0.125000    0.000000
   0.969849    0.605240    0.658620    0.215038    0.308682    0.054226    0.216236    0.125000    0.000000
   0.974874    0.606321    0.660171    0.215311    0.309768    0.042974    0.184543    0.125000    0.000000
   0.979899    0.607403    0.661727    0.215527    0.310696    0.040466    0.159009    0.125000    0.000000
   0.984925    0.608486    0.663289    0.215730    0.311495    0.053842    0.181641    0.125000    0.000000
   0.989950    0.609570    0.664854    0.216001    0.312408    0.057318    0.199376    0.125000    0.000000
   0.994975    0.610656    0.666424    0.216289    0.313409    0.046992    0.180289    0.125000    0.000000
   1.000000    0.611742    0.667999    0.216525    0.314315    0.028472    0.107854    0.125000    0.000000