  0.000000   0.358579   0.358579   0.000000   0.000000  32.566968  14.202049   0.000000   0.750000
  0.005025   0.358579   0.358579   0.163649   0.071365  26.747628  33.169884   0.000000   0.750000
  0.010050   0.359401   0.358938   0.298056   0.238044  19.843247  21.757312   0.000000   0.750000
  0.015075   0.360899   0.360134   0.397768   0.347374  11.055548   4.399840   0.000000   0.750000
  0.020101   0.362898   0.361880   0.453333   0.369488   2.649862  -2.111161   0.000000   0.750000
  0.025126   0.365176   0.363736   0.466649   0.358879  -1.653256  -3.535597   0.000000   0.750000
  0.030151   0.367521   0.365540   0.458341   0.341113  -3.039700  -3.235827   0.000000   0.750000
  0.035176   0.369824   0.367254   0.443067   0.324853  -3.519295  -2.307078   0.000000   0.750000
  0.040201   0.372051   0.368886   0.425382   0.313260  -3.649277  -1.275399   0.000000   0.750000
  0.045226   0.374188   0.370460   0.407045   0.306851  -3.358532  -0.644468   0.000000   0.750000
  0.050251   0.376234   0.372002   0.390168   0.303613  -2.841707  -0.428826   0.000000   0.750000
  0.055276   0.378194   0.373528   0.375889   0.301458  -2.418548  -0.402518   0.000000   0.750000
  0.060302   0.380083   0.375043   0.363733   0.299435  -2.158695  -0.351291   0.000000   0.750000
  0.065327   0.381911   0.376548   0.352885   0.297670  -1.972397  -0.288179   0.000000   0.750000
  0.070352   0.383684   0.378043   0.342974   0.296221  -1.788409  -0.246745   0.000000   0.750000
  0.075377   0.385408   0.379532   0.333987   0.294982  -1.617557  -0.221678   0.000000   0.750000
  0.080402   0.387086   0.381014   0.325859   0.293868  -1.485370  -0.208629   0.000000   0.750000
  0.085427   0.388724   0.382491   0.318395   0.292819  -1.364647  -0.219740   0.000000   0.750000
  0.090452   0.390324   0.383962   0.311538   0.291715  -1.229646  -0.243574   0.000000   0.750000
  0.095477   0.391889   0.385428   0.305359   0.290491  -1.104255  -0.219343   0.000000   0.750000
  0.100503   0.393424   0.386888   0.299809   0.289389  -1.015929  -0.152410   0.000000   0.750000
  0.105528   0.394930   0.388342   0.294704   0.288623  -0.938539  -0.109112   0.000000   0.750000
  0.110553   0.396411   0.389793   0.289988   0.288075  -0.839260  -0.113059   0.000000   0.750000
  0.115578   0.397868   0.391240   0.285770   0.287506  -0.738434  -0.142760   0.000000   0.750000
  0.120603   0.399304   0.392685   0.282060   0.286789  -0.657746  -0.135519   0.000000   0.750000
  0.125628   0.400722   0.394126   0.278755   0.286108  -0.587864  -0.092680   0.000000   0.750000
  0.130653   0.402123   0.395564   0.275801   0.285642  -0.525963  -0.067383   0.000000   0.750000
  0.135678   0.403508   0.396999   0.273158   0.285304  -0.481020  -0.068952   0.000000   0.750000
  0.140704   0.404881   0.398433   0.270740   0.284957  -0.448239  -0.073430   0.000000   0.750000
  0.145729   0.406242   0.399865   0.268488   0.284588  -0.396761  -0.060868   0.000000   0.750000
  0.150754   0.407591   0.401295   0.266494   0.284282  -0.329503  -0.044841   0.000000   0.750000
  0.155779   0.408930   0.402724   0.264838   0.284057  -0.276164  -0.037025   0.000000   0.750000
  0.160804   0.410261   0.404151   0.263450   0.283871  -0.242337  -0.035642   0.000000   0.750000
  0.165829   0.411585   0.405577   0.262233   0.283692  -0.214445  -0.036786   0.000000   0.750000
  0.170854   0.412902   0.407003   0.261155   0.283507  -0.181757  -0.039515   0.000000   0.750000
  0.175879   0.414215   0.408428   0.260242   0.283308  -0.150904  -0.038253   0.000000   0.750000
  0.180905   0.415523   0.409852   0.259483   0.283116  -0.127359  -0.030804   0.000000   0.750000
  0.185930   0.416827   0.411274   0.258843   0.282961  -0.106144  -0.023647   0.000000   0.750000
  0.190955   0.418127   0.412696   0.258310   0.282843  -0.081269  -0.021276   0.000000   0.750000
  0.195980   0.419425   0.414117   0.257902   0.282736  -0.056144  -0.019934   0.000000   0.750000
  0.201005   0.420721   0.415538   0.257619   0.282635  -0.036017  -0.014535   0.000000   0.750000
  0.206030   0.422016   0.416958   0.257438   0.282562  -0.018679  -0.009731   0.000000   0.750000
  0.211055   0.423309   0.418378   0.257345   0.282514   0.000477  -0.010687   0.000000   0.750000
  0.216080   0.424603   0.419798   0.257347   0.282460   0.020358  -0.012260   0.000000   0.750000
  0.221106   0.425896   0.421218   0.257449   0.282398   0.034399  -0.008840   0.000000   0.750000
  0.226131   0.427190   0.422637   0.257622   0.282354   0.041579  -0.004144   0.000000   0.750000
  0.231156   0.428484   0.424055   0.257831   0.282333   0.046066  -0.002031   0.000000   0.750000
  0.236181   0.429780   0.425474   0.258063   0.282323   0.050782  -0.001422   0.000000   0.750000
  0.241206   0.431077   0.426893   0.258318   0.282316   0.055316  -0.001749   0.000000   0.750000
  0.246231   0.432375   0.428311   0.258596   0.282307   0.060336  -0.003147   0.000000   0.750000
  0.251256   0.433674   0.429730   0.258899   0.282291   0.066521  -0.004243   0.000000   0.750000
  0.256281   0.434975   0.431149   0.259233   0.282270   0.072687  -0.003017   0.000000   0.750000
  0.261307   0.436278   0.432567   0.259599   0.282255   0.077582  -0.000348   0.000000   0.750000
  0.266332   0.437582   0.433986   0.259988   0.282253   0.082755   0.001804   0.000000   0.750000
  0.271357   0.438889   0.435404   0.260404   0.282262   0.089392   0.004391   0.000000   0.750000
  0.276382   0.440197   0.436822   0.260853   0.282284   0.094282   0.009931   0.000000   0.750000
  0.281407   0.441508   0.438241   0.261327   0.282334   0.096239   0.020784   0.000000   0.750000
  0.286432   0.442821   0.439659   0.261811   0.282438   0.095664   0.037440   0.000000   0.750000
  0.291457   0.444137   0.441079   0.262291   0.282626   0.093005   0.050591   0.000000   0.750000
  0.296482   0.445455   0.442499   0.262759   0.282881   0.087833   0.055075   0.000000   0.750000
  0.301508   0.446776   0.443921   0.263200   0.283157   0.079414   0.071624   0.000000   0.750000
  0.306533   0.448098   0.445344   0.263599   0.283517   0.072651   0.140203   0.000000   0.750000
  0.311558   0.449423   0.446768   0.263964   0.284222   0.072788   0.258552   0.000000   0.750000
  0.316583   0.450749   0.448196   0.264330   0.285521   0.073274   0.413595   0.000000   0.750000
  0.321608   0.452077   0.449631   0.264698   0.287599   0.031280   0.625994   0.000000   0.750000
  0.326633   0.453408   0.451076   0.264856   0.290745  -0.058144   0.865796   0.000000   0.750000
  0.331658   0.454738   0.452537   0.264563   0.295096  -0.155228   1.043110   0.000000   0.750000
  0.336683   0.456068   0.454020   0.263783   0.300337  -0.267245   1.251438   0.000000   0.750000
  0.341709   0.457394   0.455530   0.262440   0.306627  -0.464801   1.830233   0.000000   0.750000
  0.346734   0.458712   0.457070   0.260105   0.315824  -0.794204   2.838119   0.000000   0.750000
  0.351759   0.460019   0.458658   0.256114   0.330085  -1.155238   3.992663   0.000000   0.750000
  0.356784   0.461306   0.460316   0.250309   0.350149  -1.485472   5.201784   0.000000   0.750000
  0.361809   0.462564   0.462076   0.242844   0.376288  -1.956245   6.557646   0.000000   0.750000
  0.366834   0.463785   0.463967   0.233014   0.409240  -2.805102   8.126392   0.000000   0.750000
  0.371859   0.464955   0.466023   0.218918   0.450075  -3.914586   9.887813   0.000000   0.750000
  0.376884   0.466056   0.468285   0.199248   0.499761  -5.142902  11.799063   0.000000   0.750000
  0.381910   0.467057   0.470796   0.173399   0.559063  -6.559180  13.825144   0.000000   0.750000
  0.386935   0.467928   0.473606   0.140439   0.628535  -8.156776  15.855536   0.000000   0.750000
  0.391960   0.468634   0.476764   0.099452   0.708209  -9.832208  17.802181   0.000000   0.750000
  0.396985   0.469134   0.480323   0.050045   0.797665 -11.690878  19.615065   0.000000   0.750000
  0.402010   0.469385   0.484331  -0.008702   0.896230 -13.834870  21.172161   0.000000   0.750000
  0.407035   0.469341   0.488835  -0.078222   1.002620 -15.977559  21.943779   0.000000   0.750000
  0.412060   0.468948   0.493873  -0.158509   1.112888 -17.823174  21.295292   0.000000   0.750000
  0.417085   0.468152   0.499465  -0.248071   1.219897 -19.326667  19.590067   0.000000   0.750000
  0.422111   0.466905   0.505596  -0.345207   1.318356 -20.527980  17.093865   0.000000   0.750000
  0.427136   0.465170   0.512221  -0.448360   1.404253 -21.299730  13.687254   0.000000   0.750000
  0.432161   0.462917   0.519277  -0.555391   1.473032 -20.923996   9.447783   0.000000   0.750000
  0.437186   0.460127   0.526679  -0.660534   1.520507 -19.078226   4.506889   0.000000   0.750000
  0.442211   0.456807   0.534320  -0.756402   1.543154 -16.480366  -1.637930   0.000000   0.750000
  0.447236   0.453006   0.542074  -0.839216   1.534923 -13.638586  -9.252398   0.000000   0.750000
  0.452261   0.448789   0.549787  -0.907750   1.488430  -9.751507 -17.377422   0.000000   0.750000
  0.457286   0.444228   0.557267  -0.956751   1.401108  -4.030250 -25.156732   0.000000   0.750000
  0.462312   0.439419   0.564309  -0.977007   1.274671   2.851046 -32.324817   0.000000   0.750000
  0.467337   0.434510   0.570714  -0.962681   1.112238   9.997138 -38.509388   0.000000   0.750000
  0.472362   0.429672   0.576303  -0.912445   0.918729  17.340960 -43.182062   0.000000   0.750000
  0.477387   0.425087   0.580919  -0.825307   0.701739  24.659633 -46.341232   0.000000   0.750000
  0.482412   0.420940   0.584446  -0.701392   0.468874  31.490418 -47.997247   0.000000   0.750000
  0.487437   0.417416   0.586802  -0.543153   0.227688  37.393705 -47.757835   0.000000   0.750000
  0.492462   0.414686   0.587946  -0.355249  -0.012295  42.439902 -45.634523   0.000000   0.750000
  0.497487   0.412901   0.587884  -0.141989  -0.241609  46.848648 -41.906351   0.000000   0.750000
  0.502513   0.412188   0.586670   0.093473  -0.452230  49.931650 -36.721316   0.000000   0.750000
  0.507538   0.412657   0.584397   0.344379  -0.636755  49.495457 -30.288465   0.000000   0.750000
  0.512563   0.414388   0.581198   0.593094  -0.788954  45.717342 -23.062577   0.000000   0.750000
  0.517588   0.417368   0.577233   0.822823  -0.904844  41.020810 -15.445720   0.000000   0.750000
  0.522613   0.421503   0.572686   1.028953  -0.982458  36.210724  -7.853644   0.000000   0.750000
  0.527638   0.426673   0.567749   1.210912  -1.021923  30.430067  -0.677394   0.000000   0.750000
  0.532663   0.432758   0.562614   1.363823  -1.025327  23.073797   5.826690   0.000000   0.750000
  0.537688   0.439611   0.557462   1.479769  -0.996048  15.014003  11.529946   0.000000   0.750000
  0.542714   0.447049   0.552456   1.555229  -0.938098   7.242878  16.304374   0.000000   0.750000
  0.547739   0.454864   0.547742   1.591625  -0.856169   0.142005  19.711406   0.000000   0.750000
  0.552764   0.462862   0.543440   1.592338  -0.757119  -6.240693  21.538835   0.000000   0.750000
  0.557789   0.470863   0.539635   1.560979  -0.648886 -11.736366  22.315953   0.000000   0.750000
  0.562814   0.478707   0.536374   1.502003  -0.536749 -16.125121  22.512635   0.000000   0.750000
  0.567839   0.486255   0.533677   1.420975  -0.423623 -19.445947  21.946639   0.000000   0.750000
  0.572864   0.493395   0.531549   1.323259  -0.313341 -21.799965  20.443437   0.000000   0.750000
  0.577889   0.500044   0.529974   1.213714  -0.210612 -22.937167  18.390231   0.000000   0.750000
  0.582915   0.506144   0.528916   1.098432  -0.118183 -22.726627  16.257126   0.000000   0.750000
  0.587940   0.511664   0.528322   0.984231  -0.036491 -21.680253  14.127655   0.000000   0.750000
  0.592965   0.516610   0.528138   0.875287   0.034500 -20.332273  12.010832   0.000000   0.750000
  0.597990   0.521008   0.528312   0.773118   0.094855 -18.641900   9.955708   0.000000   0.750000
  0.603015   0.524893   0.528788   0.679442   0.144882 -16.516742   8.065379   0.000000   0.750000
  0.608040   0.528307   0.529516   0.596445   0.185411 -14.190056   6.396850   0.000000   0.750000
  0.613065   0.531304   0.530448   0.525140   0.217555 -11.972974   4.962250   0.000000   0.750000
  0.618090   0.533943   0.531541   0.464976   0.242490  -9.915984   3.736607   0.000000   0.750000
  0.623116   0.536280   0.532760   0.415138   0.261270  -8.020309   2.754112   0.000000   0.750000
  0.628141   0.538366   0.534073   0.374836   0.275110  -6.342512   2.015988   0.000000   0.750000
  0.633166   0.540250   0.535455   0.342965   0.285240  -4.923430   1.432304   0.000000   0.750000
  0.638191   0.541973   0.536889   0.318225   0.292438  -3.730759   0.925894   0.000000   0.750000
  0.643216   0.543572   0.538358   0.299478   0.297090  -2.746514   0.525768   0.000000   0.750000
  0.648241   0.545077   0.539851   0.285677   0.299732  -1.953060   0.281904   0.000000   0.750000
  0.653266   0.546513   0.541357   0.275863   0.301149  -1.338598   0.134746   0.000000   0.750000
  0.658291   0.547899   0.542870   0.269136   0.301826  -0.883762   0.020960   0.000000   0.750000
  0.663317   0.549252   0.544387   0.264694   0.301931  -0.543056  -0.061615   0.000000   0.750000
  0.668342   0.550582   0.545905   0.261966   0.301622  -0.264891  -0.113721   0.000000   0.750000
  0.673367   0.551898   0.547420   0.260634   0.301050  -0.076911  -0.149691   0.000000   0.750000
  0.678392   0.553208   0.548933   0.260248   0.300298  -0.008153  -0.176796   0.000000   0.750000
  0.683417   0.554516   0.550442   0.260207   0.299410   0.061181  -0.182099   0.000000   0.750000
  0.688442   0.555823   0.551947   0.260514   0.298494   0.092417  -0.170999   0.000000   0.750000
  0.693467   0.557132   0.553447   0.260979   0.297635   0.128582  -0.160977   0.000000   0.750000
  0.698492   0.558444   0.554942   0.261625   0.296826   0.153833  -0.155043   0.000000   0.750000
  0.703518   0.559758   0.556434   0.262398   0.296047   0.165901  -0.150180   0.000000   0.750000
  0.708543   0.561077   0.557922   0.263232   0.295292   0.169913  -0.142911   0.000000   0.750000
  0.713568   0.562400   0.559405   0.264086   0.294574   0.169827  -0.134426   0.000000   0.750000
  0.718593   0.563727   0.560886   0.264939   0.293899   0.165492  -0.126626   0.000000   0.750000
  0.723618   0.565058   0.562363   0.265771   0.293262   0.158712  -0.119795   0.000000   0.750000
  0.728643   0.566394   0.563836   0.266568   0.292660   0.151907  -0.113316   0.000000   0.750000
  0.733668   0.567733   0.565307   0.267331   0.292091   0.145447  -0.106911   0.000000   0.750000
  0.738693   0.569076   0.566775   0.268062   0.291554   0.138961  -0.100886   0.000000   0.750000
  0.743719   0.570424   0.568240   0.268761   0.291047   0.132259  -0.095674   0.000000   0.750000
  0.748744   0.571774   0.569702   0.269425   0.290566   0.125842  -0.090903   0.000000   0.750000
  0.753769   0.573128   0.571163   0.270058   0.290109   0.119829  -0.085542   0.000000   0.750000
  0.758794   0.574485   0.572620   0.270660   0.289679   0.114059  -0.079623   0.000000   0.750000
  0.763819   0.575845   0.574076   0.271233   0.289279   0.108400  -0.074799   0.000000   0.750000
  0.768844   0.577208   0.575530   0.271778   0.288903   0.102999  -0.071806   0.000000   0.750000
  0.773869   0.578574   0.576981   0.272295   0.288543   0.097429  -0.069658   0.000000   0.750000
  0.778894   0.579942   0.578431   0.272785   0.288193   0.091794  -0.065704   0.000000   0.750000
  0.783920   0.581313   0.579880   0.273246   0.287862   0.085967  -0.060386   0.000000   0.750000
  0.788945   0.582686   0.581326   0.273678   0.287559   0.080266  -0.056195   0.000000   0.750000
  0.793970   0.584061   0.582771   0.274081   0.287277   0.074837  -0.053522   0.000000   0.750000
  0.798995   0.585439   0.584215   0.274458   0.287008   0.069830  -0.050908   0.000000   0.750000
  0.804020   0.586818   0.585657   0.274808   0.286752   0.065183  -0.047924   0.000000   0.750000
  0.809045   0.588199   0.587098   0.275136   0.286511   0.061334  -0.044912   0.000000   0.750000
  0.814070   0.589581   0.588538   0.275444   0.286285   0.060528  -0.041348   0.000000   0.750000
  0.819095   0.590965   0.589976   0.275748   0.286077   0.064838  -0.039286   0.000000   0.750000
  0.824121   0.592351   0.591414   0.276074   0.285880   0.071529  -0.042598   0.000000   0.750000
  0.829146   0.593739   0.592851   0.276434   0.285666   0.072189  -0.049370   0.000000   0.750000
  0.834171   0.595128   0.594286   0.276796   0.285418   0.062781  -0.047134   0.000000   0.750000
  0.839196   0.596519   0.595720   0.277112   0.285181   0.049878  -0.036483   0.000000   0.750000
  0.844221   0.597911   0.597153   0.277363   0.284998   0.043999  -0.031232   0.000000   0.750000
  0.849246   0.599305   0.598585   0.277584   0.284841   0.044176  -0.033148   0.000000   0.750000
  0.854271   0.600700   0.600017   0.277806   0.284674   0.041639  -0.032714   0.000000   0.750000
  0.859296   0.602096   0.601447   0.278015   0.284510   0.027589  -0.024215   0.000000   0.750000
  0.864322   0.603493   0.602877   0.278154   0.284388   0.006506  -0.021517   0.000000   0.750000
  0.869347   0.604891   0.604306   0.278186   0.284280   0.007259  -0.032374   0.000000   0.750000
  0.874372   0.606289   0.605735   0.278223   0.284117   0.028695  -0.042658   0.000000   0.750000
  0.879397   0.607687   0.607162   0.278367   0.283903   0.034362  -0.035066   0.000000   0.750000
  0.884422   0.609085   0.608589   0.278540   0.283727   0.019908  -0.022480   0.000000   0.750000
  0.889447   0.610485   0.610015   0.278640   0.283614   0.007250  -0.016247   0.000000   0.750000
  0.894472   0.611885   0.611440   0.278676   0.283532   0.014608  -0.013687   0.000000   0.750000
  0.899497   0.613286   0.612865   0.278749   0.283463   0.027480  -0.013637   0.000000   0.750000
  0.904523   0.614687   0.614289   0.278888   0.283395   0.033488  -0.013305   0.000000   0.750000
  0.909548   0.616088   0.615713   0.279056   0.283328   0.030542  -0.013443   0.000000   0.750000
  0.914573   0.617490   0.617137   0.279209   0.283260   0.014551  -0.022527   0.000000   0.750000
  0.919598   0.618893   0.618561   0.279282   0.283147  -0.010812  -0.045969   0.000000   0.750000
  0.924623   0.620297   0.619983   0.279228   0.282916  -0.023438  -0.054728   0.000000   0.750000
  0.929648   0.621700   0.621405   0.279110   0.282641  -0.008047  -0.032566   0.000000   0.750000
  0.934673   0.623102   0.622825   0.279070   0.282478   0.014457  -0.024245   0.000000   0.750000
  0.939698   0.624505   0.624245   0.279142   0.282356   0.028166  -0.045189   0.000000   0.750000
  0.944724   0.625908   0.625664   0.279284   0.282129   0.031160  -0.061550   0.000000   0.750000
  0.949749   0.627311   0.627082   0.279441   0.281819   0.025013  -0.043195   0.000000   0.750000
  0.954774   0.628715   0.628498   0.279566   0.281602   0.016609  -0.015485   0.000000   0.750000
  0.959799   0.630120   0.629913   0.279650   0.281524   0.014741   0.004775   0.000000   0.750000
  0.964824   0.631525   0.631327   0.279724   0.281548   0.006350   0.013907   0.000000   0.750000
  0.969849   0.632931   0.632742   0.279756   0.281618  -0.001830   0.007466   0.000000   0.750000
  0.974874   0.634337   0.634157   0.279747   0.281656   0.022187  -0.015644   0.000000   0.750000
  0.979899   0.635742   0.635573   0.279858   0.281577   0.062699  -0.026763   0.000000   0.750000
  0.984925   0.637149   0.636988   0.280173   0.281443   0.080758   0.008981   0.000000   0.750000
  0.989950   0.638557   0.638402   0.280579   0.281488   0.068792   0.051073   0.000000   0.750000
  0.994975   0.639967   0.639817   0.280925   0.281745   0.025471   0.034467   0.000000   0.750000
  1.000000   0.641378   0.641232   0.281053   0.281918  -0.060943  -0.055381   0.000000   0.750000