  0.000000   0.358579   0.358579   0.000000   0.000000  33.426977  13.851856   0.000000   1.000000
  0.005025   0.358579   0.358579   0.167971   0.069606  26.771683  33.993473   0.000000   1.000000
  0.010050   0.359423   0.358929   0.302498   0.240423  19.170022  23.270261   0.000000   1.000000
  0.015075   0.360943   0.360137   0.398828   0.357356  10.036479   4.674403   0.000000   1.000000
  0.020101   0.362948   0.361933   0.449271   0.380849   1.852997  -3.084390   0.000000   1.000000
  0.025126   0.365205   0.363847   0.458582   0.365350  -1.991174  -3.951351   0.000000   1.000000
  0.030151   0.367510   0.365683   0.448577   0.345495  -3.044966  -2.769987   0.000000   1.000000
  0.035176   0.369764   0.367419   0.433276   0.331576  -3.248900  -1.707701   0.000000   1.000000
  0.040201   0.371941   0.369085   0.416950   0.322994  -3.176399  -1.112768   0.000000   1.000000
  0.045226   0.374036   0.370708   0.400989   0.317403  -2.967161  -0.806055   0.000000   1.000000
  0.050251   0.376051   0.372303   0.386079   0.313352  -2.733908  -0.667845   0.000000   1.000000
  0.055276   0.377991   0.373877   0.372341   0.309996  -2.533657  -0.674919   0.000000   1.000000
  0.060302   0.379862   0.375436   0.359607   0.306604  -2.291790  -0.620503   0.000000   1.000000
  0.065327   0.381669   0.376976   0.348090   0.303486  -1.953892  -0.484304   0.000000   1.000000
  0.070352   0.383419   0.378501   0.338272   0.301053  -1.657290  -0.388492   0.000000   1.000000
  0.075377   0.385118   0.380014   0.329944   0.299100  -1.473382  -0.346847   0.000000   1.000000
  0.080402   0.386776   0.381517   0.322540   0.297358  -1.346671  -0.325928   0.000000   1.000000
  0.085427   0.388397   0.383011   0.315773   0.295720  -1.242605  -0.307837   0.000000   1.000000
  0.090452   0.389984   0.384497   0.309529   0.294173  -1.151534  -0.299559   0.000000   1.000000
  0.095477   0.391539   0.385975   0.303743   0.292668  -1.067640  -0.285491   0.000000   1.000000
  0.100503   0.393066   0.387446   0.298377   0.291233  -0.975793  -0.252214   0.000000   1.000000
  0.105528   0.394565   0.388910   0.293473   0.289965  -0.867118  -0.216725   0.000000   1.000000
  0.110553   0.396040   0.390367   0.289116   0.288876  -0.767725  -0.195583   0.000000   1.000000
  0.115578   0.397493   0.391819   0.285258   0.287893  -0.696799  -0.178311   0.000000   1.000000
  0.120603   0.398926   0.393265   0.281757   0.286997  -0.636704  -0.161574   0.000000   1.000000
  0.125628   0.400342   0.394707   0.278558   0.286186  -0.564341  -0.146866   0.000000   1.000000
  0.130653   0.401742   0.396145   0.275722   0.285448  -0.493651  -0.132053   0.000000   1.000000
  0.135678   0.403127   0.397580   0.273241   0.284784  -0.438627  -0.117010   0.000000   1.000000
  0.140704   0.404501   0.399011   0.271037   0.284196  -0.389282  -0.109601   0.000000   1.000000
  0.145729   0.405863   0.400439   0.269080   0.283645  -0.340811  -0.102903   0.000000   1.000000
  0.150754   0.407215   0.401865   0.267368   0.283128  -0.296969  -0.088888   0.000000   1.000000
  0.155779   0.408558   0.403287   0.265876   0.282681  -0.257776  -0.075049   0.000000   1.000000
  0.160804   0.409894   0.404708   0.264580   0.282304  -0.223378  -0.069967   0.000000   1.000000
  0.165829   0.411224   0.406126   0.263458   0.281953  -0.200024  -0.066640   0.000000   1.000000
  0.170854   0.412548   0.407543   0.262453   0.281618  -0.183759  -0.056362   0.000000   1.000000
  0.175879   0.413866   0.408958   0.261529   0.281335  -0.155783  -0.043110   0.000000   1.000000
  0.180905   0.415181   0.410372   0.260746   0.281118  -0.117167  -0.034087   0.000000   1.000000
  0.185930   0.416491   0.411785   0.260158   0.280947  -0.085105  -0.028721   0.000000   1.000000
  0.190955   0.417798   0.413197   0.259730   0.280802  -0.063158  -0.026798   0.000000   1.000000
  0.195980   0.419104   0.414608   0.259413   0.280668  -0.046320  -0.028956   0.000000   1.000000
  0.201005   0.420407   0.416018   0.259180   0.280522  -0.030572  -0.031656   0.000000   1.000000
  0.206030   0.421710   0.417428   0.259026   0.280363  -0.015435  -0.024465   0.000000   1.000000
  0.211055   0.423011   0.418836   0.258949   0.280240  -0.001352  -0.010294   0.000000   1.000000
  0.216080   0.424312   0.420245   0.258942   0.280188   0.010442  -0.001108   0.000000   1.000000
  0.221106   0.425614   0.421653   0.258994   0.280183   0.019916  -0.002518   0.000000   1.000000
  0.226131   0.426915   0.423061   0.259094   0.280170   0.030185  -0.011375   0.000000   1.000000
  0.231156   0.428217   0.424469   0.259246   0.280113   0.042095  -0.015988   0.000000   1.000000
  0.236181   0.429520   0.425876   0.259458   0.280033   0.052160  -0.005575   0.000000   1.000000
  0.241206   0.430824   0.427283   0.259720   0.280005   0.057964   0.007938   0.000000   1.000000
  0.246231   0.432129   0.428690   0.260011   0.280045   0.061682   0.014482   0.000000   1.000000
  0.251256   0.433435   0.430098   0.260321   0.280117   0.066677   0.015589   0.000000   1.000000
  0.256281   0.434743   0.431505   0.260656   0.280196   0.071651   0.019902   0.000000   1.000000
  0.261307   0.436053   0.432913   0.261016   0.280296   0.074342   0.030687   0.000000   1.000000
  0.266332   0.437365   0.434322   0.261390   0.280450   0.074759   0.040944   0.000000   1.000000
  0.271357   0.438679   0.435731   0.261765   0.280656   0.072561   0.050831   0.000000   1.000000
  0.276382   0.439994   0.437142   0.262130   0.280911   0.066207   0.071846   0.000000   1.000000
  0.281407   0.441311   0.438553   0.262463   0.281272   0.055169   0.119840   0.000000   1.000000
  0.286432   0.442630   0.439966   0.262740   0.281874   0.041248   0.192033   0.000000   1.000000
  0.291457   0.443950   0.441383   0.262947   0.282839   0.031262   0.286449   0.000000   1.000000
  0.296482   0.445272   0.442804   0.263104   0.284279   0.026580   0.399480   0.000000   1.000000
  0.301508   0.446594   0.444233   0.263238   0.286286  -0.009699   0.525877   0.000000   1.000000
  0.306533   0.447917   0.445672   0.263189   0.288929  -0.088126   0.676655   0.000000   1.000000
  0.311558   0.449239   0.447123   0.262746   0.292329  -0.164401   0.914175   0.000000   1.000000
  0.316583   0.450560   0.448592   0.261920   0.296923  -0.237395   1.276981   0.000000   1.000000
  0.321608   0.451876   0.450084   0.260727   0.303340  -0.354208   1.713976   0.000000   1.000000
  0.326633   0.453186   0.451609   0.258947   0.311952  -0.573862   2.220941   0.000000   1.000000
  0.331658   0.454487   0.453176   0.256064   0.323113  -0.875866   2.830442   0.000000   1.000000
  0.336683   0.455774   0.454800   0.251662   0.337336  -1.235632   3.517856   0.000000   1.000000
  0.341709   0.457039   0.456495   0.245452   0.355016  -1.653143   4.260436   0.000000   1.000000
  0.346734   0.458272   0.458279   0.237145   0.376425  -2.125828   5.198694   0.000000   1.000000
  0.351759   0.459464   0.460171   0.226463   0.402549  -2.670473   6.453680   0.000000   1.000000
  0.356784   0.460602   0.462194   0.213044   0.434978  -3.409426   7.806363   0.000000   1.000000
  0.361809   0.461672   0.464379   0.195911   0.474205  -4.388657   9.115144   0.000000   1.000000
  0.366834   0.462657   0.466762   0.173858   0.520009  -5.450442  10.445001   0.000000   1.000000
  0.371859   0.463530   0.469375   0.146470   0.572495  -6.483670  11.795444   0.000000   1.000000
  0.376884   0.464266   0.472252   0.113889   0.631767  -7.595715  13.078759   0.000000   1.000000
  0.381910   0.464839   0.475427   0.075713   0.697501  -8.926566  14.230094   0.000000   1.000000
  0.386935   0.465219   0.478932   0.030857   0.769007 -10.373347  15.285975   0.000000   1.000000
  0.391960   0.465374   0.482797  -0.021269   0.845819 -11.778386  16.329717   0.000000   1.000000
  0.396985   0.465267   0.487047  -0.080455   0.927876 -13.095987  17.132711   0.000000   1.000000
  0.402010   0.464863   0.491709  -0.146262   1.013968 -14.281108  16.937320   0.000000   1.000000
  0.407035   0.464128   0.496805  -0.218025   1.099078 -15.236574  15.661025   0.000000   1.000000
  0.412060   0.463033   0.502327  -0.294589   1.177775 -15.872807  13.935208   0.000000   1.000000
  0.417085   0.461552   0.508246  -0.374350   1.247799 -16.192052  11.876538   0.000000   1.000000
  0.422111   0.459671   0.514517  -0.455731   1.307490 -16.057182   9.171426   0.000000   1.000000
  0.427136   0.457381   0.521087  -0.536418   1.353577 -15.278621   5.758402   0.000000   1.000000
  0.432161   0.454685   0.527889  -0.613193   1.382513 -13.928710   1.765073   0.000000   1.000000
  0.437186   0.451604   0.534836  -0.683185   1.391382 -11.974282  -2.763289   0.000000   1.000000
  0.442211   0.448171   0.541828  -0.743356   1.377497  -9.165835  -7.701973   0.000000   1.000000
  0.447236   0.444436   0.548750  -0.789414   1.338794  -5.635675 -12.768720   0.000000   1.000000
  0.452261   0.440469   0.555477  -0.817733   1.274632  -1.843199 -17.862374   0.000000   1.000000
  0.457286   0.436360   0.561882  -0.826996   1.184873   2.482973 -22.900514   0.000000   1.000000
  0.462312   0.432203   0.567837  -0.814516   1.069775   7.690993 -27.518677   0.000000   1.000000
  0.467337   0.428110   0.573213  -0.775869   0.931494  13.165906 -31.379255   0.000000   1.000000
  0.472362   0.424211   0.577894  -0.709710   0.773813  18.279476 -34.322056   0.000000   1.000000
  0.477387   0.420645   0.581782  -0.617856   0.601345  23.000205 -36.265132   0.000000   1.000000
  0.482412   0.417540   0.584804  -0.502280   0.419112  27.346078 -37.118347   0.000000   1.000000
  0.487437   0.415016   0.586910  -0.364866   0.232593  31.082985 -36.827511   0.000000   1.000000
  0.492462   0.413183   0.588079  -0.208674   0.047535  34.051122 -35.688915   0.000000   1.000000
  0.497487   0.412134   0.588318  -0.037567  -0.131802  36.267675 -34.069752   0.000000   1.000000
  0.502513   0.411946   0.587655   0.144714  -0.303037  37.670565 -31.640978   0.000000   1.000000
  0.507538   0.412673   0.586132   0.334009  -0.462033  37.772788 -27.335952   0.000000   1.000000
  0.512563   0.414351   0.583811   0.523817  -0.599396  36.178516 -21.539932   0.000000   1.000000
  0.517588   0.416983   0.580799   0.705614  -0.707634  33.348488 -15.812914   0.000000   1.000000
  0.522613   0.420529   0.577243   0.873191  -0.787094  29.871942 -10.676150   0.000000   1.000000
  0.527638   0.424917   0.573288   1.023297  -0.840742  25.829826  -5.798299   0.000000   1.000000
  0.532663   0.430059   0.569063   1.153092  -0.869878  21.341794  -0.960724   0.000000   1.000000
  0.537688   0.435853   0.564692   1.260334  -0.874706  16.600772   3.621958   0.000000   1.000000
  0.542714   0.442188   0.560296   1.343770  -0.856502  11.598839   7.705927   0.000000   1.000000
  0.547739   0.448940   0.555992   1.402054  -0.817779   6.113849  11.000476   0.000000   1.000000
  0.552764   0.455985   0.551882   1.432776  -0.762502   0.706016  13.459213   0.000000   1.000000
  0.557789   0.463185   0.548051   1.436324  -0.694870  -3.971372  15.360523   0.000000   1.000000
  0.562814   0.470403   0.544559   1.416368  -0.617683  -7.820383  16.835889   0.000000   1.000000
  0.567839   0.477520   0.541455   1.377070  -0.533083 -10.979372  17.673130   0.000000   1.000000
  0.572864   0.484440   0.538777   1.321899  -0.444275 -13.615343  17.645277   0.000000   1.000000
  0.577889   0.491082   0.536544   1.253482  -0.355608 -15.840252  17.003001   0.000000   1.000000
  0.582915   0.497382   0.534757   1.173869  -0.270150 -17.466078  16.088585   0.000000   1.000000
  0.587940   0.503281   0.533399   1.086102  -0.189305 -17.951981  14.988508   0.000000   1.000000
  0.592965   0.508739   0.532448   0.995893  -0.113988 -17.419182  13.716521   0.000000   1.000000
  0.597990   0.513743   0.531875   0.908362  -0.045063 -16.643968  12.314519   0.000000   1.000000
  0.603015   0.518307   0.531649   0.824726   0.016818 -15.952938  10.832557   0.000000   1.000000
  0.608040   0.522452   0.531733   0.744562   0.071252 -15.113085   9.314377   0.000000   1.000000
  0.613065   0.526193   0.532091   0.668619   0.118056 -13.765651   7.847954   0.000000   1.000000
  0.618090   0.529553   0.532685   0.599447   0.157492 -12.073524   6.491549   0.000000   1.000000
  0.623116   0.532566   0.533476   0.538765   0.190119 -10.433122   5.287285   0.000000   1.000000
  0.628141   0.535273   0.534431   0.486339   0.216687  -8.972141   4.256257   0.000000   1.000000
  0.633166   0.537717   0.535520   0.441254   0.238075  -7.643718   3.399094   0.000000   1.000000
  0.638191   0.539934   0.536717   0.402844   0.255155  -6.396274   2.661607   0.000000   1.000000
  0.643216   0.541958   0.537999   0.370703   0.268530  -5.228338   1.997194   0.000000   1.000000
  0.648241   0.543821   0.539348   0.344430   0.278566  -4.170225   1.430398   0.000000   1.000000
  0.653266   0.545552   0.540748   0.323475   0.285754  -3.283385   1.023123   0.000000   1.000000
  0.658291   0.547178   0.542184   0.306976   0.290895  -2.549866   0.754530   0.000000   1.000000
  0.663317   0.548720   0.543646   0.294160   0.294687  -1.930173   0.536589   0.000000   1.000000
  0.668342   0.550199   0.545127   0.284461   0.297384  -1.424532   0.332731   0.000000   1.000000
  0.673367   0.551628   0.546621   0.277303   0.299056  -1.028774   0.160975   0.000000   1.000000
  0.678392   0.553021   0.548124   0.272133   0.299864  -0.715242   0.057386   0.000000   1.000000
  0.683417   0.554389   0.549631   0.268539   0.300153  -0.468261   0.006474   0.000000   1.000000
  0.688442   0.555738   0.551139   0.266186   0.300185  -0.281228  -0.030325   0.000000   1.000000
  0.693467   0.557076   0.552647   0.264773   0.300033  -0.142490  -0.065138   0.000000   1.000000
  0.698492   0.558406   0.554155   0.264057   0.299706  -0.041870  -0.091863   0.000000   1.000000
  0.703518   0.559733   0.555661   0.263846   0.299244   0.027656  -0.107976   0.000000   1.000000
  0.708543   0.561059   0.557165   0.263985   0.298701   0.075086  -0.116768   0.000000   1.000000
  0.713568   0.562386   0.558666   0.264363   0.298115   0.107423  -0.119931   0.000000   1.000000
  0.718593   0.563714   0.560164   0.264903   0.297512   0.129282  -0.119722   0.000000   1.000000
  0.723618   0.565045   0.561659   0.265552   0.296910   0.142150  -0.118497   0.000000   1.000000
  0.728643   0.566380   0.563151   0.266266   0.296315   0.146926  -0.116631   0.000000   1.000000
  0.733668   0.567718   0.564640   0.267005   0.295729   0.145500  -0.113081   0.000000   1.000000
  0.738693   0.569059   0.566126   0.267736   0.295161   0.141247  -0.107817   0.000000   1.000000
  0.743719   0.570405   0.567609   0.268446   0.294619   0.136478  -0.103121   0.000000   1.000000
  0.748744   0.571754   0.569090   0.269132   0.294100   0.131781  -0.099353   0.000000   1.000000
  0.753769   0.573106   0.570568   0.269794   0.293601   0.125919  -0.095759   0.000000   1.000000
  0.758794   0.574462   0.572043   0.270427   0.293120   0.120203  -0.091601   0.000000   1.000000
  0.763819   0.575821   0.573516   0.271031   0.292660   0.115500  -0.087313   0.000000   1.000000
  0.768844   0.577183   0.574987   0.271611   0.292221   0.110418  -0.083254   0.000000   1.000000
  0.773869   0.578548   0.576455   0.272166   0.291803   0.102824  -0.079684   0.000000   1.000000
  0.778894   0.579915   0.577921   0.272683   0.291402   0.092556  -0.076865   0.000000   1.000000
  0.783920   0.581286   0.579386   0.273148   0.291016   0.082121  -0.074804   0.000000   1.000000
  0.788945   0.582659   0.580848   0.273560   0.290640   0.077772  -0.072123   0.000000   1.000000
  0.793970   0.584033   0.582309   0.273951   0.290278   0.076546  -0.068261   0.000000   1.000000
  0.798995   0.585410   0.583767   0.274336   0.289935   0.072845  -0.065610   0.000000   1.000000
  0.804020   0.586788   0.585224   0.274702   0.289605   0.066030  -0.065046   0.000000   1.000000
  0.809045   0.588169   0.586680   0.275034   0.289278   0.059824  -0.064256   0.000000   1.000000
  0.814070   0.589551   0.588133   0.275334   0.288955   0.060144  -0.060462   0.000000   1.000000
  0.819095   0.590934   0.589585   0.275637   0.288651   0.068432  -0.055497   0.000000   1.000000
  0.824121   0.592320   0.591036   0.275980   0.288372   0.075085  -0.051421   0.000000   1.000000
  0.829146   0.593706   0.592485   0.276358   0.288114   0.072515  -0.048639   0.000000   1.000000
  0.834171   0.595095   0.593933   0.276722   0.287870   0.063897  -0.047375   0.000000   1.000000
  0.839196   0.596486   0.595379   0.277043   0.287632   0.055133  -0.045917   0.000000   1.000000
  0.844221   0.597878   0.596825   0.277320   0.287401   0.048778  -0.044635   0.000000   1.000000
  0.849246   0.599271   0.598269   0.277565   0.287177   0.043386  -0.044886   0.000000   1.000000
  0.854271   0.600666   0.599712   0.277783   0.286951   0.039140  -0.046786   0.000000   1.000000
  0.859296   0.602062   0.601154   0.277980   0.286716   0.035546  -0.046506   0.000000   1.000000
  0.864322   0.603459   0.602595   0.278159   0.286482   0.029889  -0.043594   0.000000   1.000000
  0.869347   0.604857   0.604035   0.278309   0.286263   0.020804  -0.042187   0.000000   1.000000
  0.874372   0.606255   0.605473   0.278413   0.286051   0.018137  -0.040787   0.000000   1.000000
  0.879397   0.607654   0.606910   0.278505   0.285846   0.025270  -0.038038   0.000000   1.000000
  0.884422   0.609054   0.608347   0.278632   0.285655   0.028194  -0.033629   0.000000   1.000000
  0.889447   0.610454   0.609782   0.278773   0.285486   0.018522  -0.032149   0.000000   1.000000
  0.894472   0.611855   0.611217   0.278866   0.285324   0.012043  -0.038498   0.000000   1.000000
  0.899497   0.613256   0.612651   0.278927   0.285131   0.018404  -0.049878   0.000000   1.000000
  0.904523   0.614658   0.614084   0.279019   0.284880   0.021030  -0.046839   0.000000   1.000000
  0.909548   0.616060   0.615515   0.279125   0.284645   0.012013  -0.023921   0.000000   1.000000
  0.914573   0.617463   0.616945   0.279185   0.284525   0.010234  -0.008786   0.000000   1.000000
  0.919598   0.618866   0.618375   0.279237   0.284481   0.027727  -0.037471   0.000000   1.000000
  0.924623   0.620269   0.619805   0.279376   0.284292   0.032727  -0.111503   0.000000   1.000000
  0.929648   0.621673   0.621233   0.279541   0.283732  -0.007263  -0.155454   0.000000   1.000000
  0.934673   0.623077   0.622659   0.279504   0.282951  -0.062621  -0.086432   0.000000   1.000000
  0.939698   0.624482   0.624081   0.279189   0.282517  -0.062538  -0.011445   0.000000   1.000000
  0.944724   0.625885   0.625501   0.278875   0.282459  -0.008783   0.009535   0.000000   1.000000
  0.949749   0.627286   0.626920   0.278831   0.282507   0.033525  -0.000600   0.000000   1.000000
  0.954774   0.628688   0.628340   0.278999   0.282504   0.050728  -0.009361   0.000000   1.000000
  0.959799   0.630089   0.629759   0.279254   0.282457   0.057483  -0.011406   0.000000   1.000000
  0.964824   0.631493   0.631179   0.279543   0.282400   0.046110  -0.011572   0.000000   1.000000
  0.969849   0.632897   0.632598   0.279775   0.282341  -0.000087  -0.003042   0.000000   1.000000
  0.974874   0.634303   0.634016   0.279774   0.282326  -0.046968   0.015607   0.000000   1.000000
  0.979899   0.635709   0.635435   0.279538   0.282405  -0.014324   0.032759   0.000000   1.000000
  0.984925   0.637114   0.636855   0.279466   0.282569   0.061424   0.036007   0.000000   1.000000
  0.989950   0.638518   0.638274   0.279775   0.282750   0.077961   0.014168   0.000000   1.000000
  0.994975   0.639924   0.639695   0.280167   0.282821   0.049407  -0.008302   0.000000   1.000000
  1.000000   0.641332   0.641116   0.280415   0.282780   0.002009  -0.039487   0.000000   1.000000