  0.000000   0.423463   0.315224   0.000000   0.000000  25.210487  15.597685   0.250000   0.875000
  0.005025   0.423463   0.315224   0.126683   0.078378  19.264502  34.378749   0.250000   0.875000
  0.010050   0.424100   0.315618   0.223487   0.251132  13.360120  28.136479   0.250000   0.875000
  0.015075   0.425223   0.316880   0.290621   0.392517   7.783407   9.314375   0.250000   0.875000
  0.020101   0.426683   0.318853   0.329741   0.439331   3.514277  -2.666083   0.250000   0.875000
  0.025126   0.428340   0.321060   0.347400   0.425934   1.093402  -6.279008   0.250000   0.875000
  0.030151   0.430086   0.323201   0.352894   0.394382  -0.085531  -6.300196   0.250000   0.875000
  0.035176   0.431859   0.325182   0.352465   0.362724  -0.732780  -5.115433   0.250000   0.875000
  0.040201   0.433630   0.327005   0.348782   0.337019  -1.108229  -3.465637   0.250000   0.875000
  0.045226   0.435383   0.328699   0.343214   0.319604  -1.284464  -1.916753   0.250000   0.875000
  0.050251   0.437108   0.330305   0.336759   0.309972  -1.382832  -0.901128   0.250000   0.875000
  0.055276   0.438800   0.331862   0.329810   0.305444  -1.534799  -0.386205   0.250000   0.875000
  0.060302   0.440457   0.333397   0.322096   0.303503  -1.696017  -0.097462   0.250000   0.875000
  0.065327   0.442076   0.334922   0.313574   0.303013  -1.771399   0.096660   0.250000   0.875000
  0.070352   0.443652   0.336445   0.304673   0.303499  -1.764320   0.247783   0.250000   0.875000
  0.075377   0.445183   0.337970   0.295807   0.304744  -1.785649   0.373159   0.250000   0.875000
  0.080402   0.446669   0.339501   0.286834   0.306619  -1.850099   0.474017   0.250000   0.875000
  0.085427   0.448110   0.341042   0.277537   0.309001  -1.904412   0.530340   0.250000   0.875000
  0.090452   0.449505   0.342595   0.267968   0.311666  -1.899888   0.560396   0.250000   0.875000
  0.095477   0.450852   0.344161   0.258421   0.314482  -1.867812   0.619937   0.250000   0.875000
  0.100503   0.452150   0.345742   0.249033   0.317598  -1.838160   0.708886   0.250000   0.875000
  0.105528   0.453402   0.347338   0.239796   0.321160  -1.804604   0.760825   0.250000   0.875000
  0.110553   0.454607   0.348951   0.230728   0.324983  -1.757766   0.758488   0.250000   0.875000
  0.115578   0.455766   0.350584   0.221895   0.328795  -1.702973   0.730109   0.250000   0.875000
  0.120603   0.456881   0.352237   0.213338   0.332463  -1.647545   0.729216   0.250000   0.875000
  0.125628   0.457953   0.353907   0.205059   0.336128  -1.592846   0.752400   0.250000   0.875000
  0.130653   0.458984   0.355596   0.197055   0.339909  -1.547196   0.759337   0.250000   0.875000
  0.135678   0.459974   0.357304   0.189280   0.343724  -1.505181   0.740718   0.250000   0.875000
  0.140704   0.460925   0.359032   0.181715   0.347447  -1.431859   0.716182   0.250000   0.875000
  0.145729   0.461838   0.360778   0.174520   0.351046  -1.331898   0.700764   0.250000   0.875000
  0.150754   0.462715   0.362542   0.167828   0.354567  -1.243558   0.683867   0.250000   0.875000
  0.155779   0.463559   0.364324   0.161579   0.358004  -1.172936   0.651847   0.250000   0.875000
  0.160804   0.464371   0.366123   0.155685   0.361279  -1.107723   0.598811   0.250000   0.875000
  0.165829   0.465153   0.367938   0.150118   0.364288  -1.040626   0.538263   0.250000   0.875000
  0.170854   0.465907   0.369769   0.144889   0.366993  -0.973972   0.515973   0.250000   0.875000
  0.175879   0.466635   0.371613   0.139995   0.369586  -0.908897   0.523735   0.250000   0.875000
  0.180905   0.467339   0.373470   0.135427   0.372218  -0.845162   0.515632   0.250000   0.875000
  0.185930   0.468019   0.375341   0.131180   0.374809  -0.782185   0.487625   0.250000   0.875000
  0.190955   0.468679   0.377224   0.127249   0.377259  -0.721037   0.450185   0.250000   0.875000
  0.195980   0.469318   0.379120   0.123626   0.379522  -0.663180   0.413357   0.250000   0.875000
  0.201005   0.469939   0.381027   0.120294   0.381599  -0.609115   0.384337   0.250000   0.875000
  0.206030   0.470544   0.382944   0.117233   0.383530  -0.555447   0.359159   0.250000   0.875000
  0.211055   0.471133   0.384872   0.114442   0.385335  -0.500015   0.332771   0.250000   0.875000
  0.216080   0.471708   0.386808   0.111929   0.387007  -0.445777   0.305217   0.250000   0.875000
  0.221106   0.472270   0.388753   0.109689   0.388541  -0.396203   0.276738   0.250000   0.875000
  0.226131   0.472822   0.390705   0.107698   0.389932  -0.351215   0.246786   0.250000   0.875000
  0.231156   0.473363   0.392665   0.105933   0.391172  -0.310069   0.217494   0.250000   0.875000
  0.236181   0.473895   0.394630   0.104375   0.392265  -0.273053   0.196106   0.250000   0.875000
  0.241206   0.474420   0.396602   0.103003   0.393250  -0.238431   0.180589   0.250000   0.875000
  0.246231   0.474937   0.398578   0.101805   0.394158  -0.201112   0.163460   0.250000   0.875000
  0.251256   0.475449   0.400558   0.100794   0.394979  -0.162759   0.143746   0.250000   0.875000
  0.256281   0.475955   0.402543   0.099976   0.395701  -0.128562   0.125188   0.250000   0.875000
  0.261307   0.476458   0.404532   0.099330   0.396330  -0.099850   0.108803   0.250000   0.875000
  0.266332   0.476957   0.406523   0.098828   0.396877  -0.074444   0.095474   0.250000   0.875000
  0.271357   0.477453   0.408518   0.098454   0.397357  -0.052717   0.085534   0.250000   0.875000
  0.276382   0.477948   0.410514   0.098189   0.397787  -0.037266   0.078082   0.250000   0.875000
  0.281407   0.478442   0.412513   0.098002   0.398179  -0.028364   0.075791   0.250000   0.875000
  0.286432   0.478934   0.414514   0.097860   0.398560  -0.027414   0.088830   0.250000   0.875000
  0.291457   0.479426   0.416517   0.097722   0.399006  -0.027409   0.125935   0.250000   0.875000
  0.296482   0.479917   0.418522   0.097584   0.399639  -0.020048   0.166602   0.250000   0.875000
  0.301508   0.480407   0.420531   0.097483   0.400476  -0.019333   0.190327   0.250000   0.875000
  0.306533   0.480897   0.422543   0.097386   0.401433  -0.084530   0.231352   0.250000   0.875000
  0.311558   0.481387   0.424560   0.096961   0.402595  -0.223358   0.376160   0.250000   0.875000
  0.316583   0.481874   0.426583   0.095839   0.404486  -0.379159   0.636722   0.250000   0.875000
  0.321608   0.482355   0.428616   0.093934   0.407685  -0.566376   0.896964   0.250000   0.875000
  0.326633   0.482827   0.430664   0.091088   0.412192  -0.811005   1.103980   0.250000   0.875000
  0.331658   0.483285   0.432736   0.087012   0.417740  -1.085416   1.344952   0.250000   0.875000
  0.336683   0.483722   0.434835   0.081558   0.424498  -1.394621   1.841359   0.250000   0.875000
  0.341709   0.484132   0.436968   0.074549   0.433753  -1.873101   2.588173   0.250000   0.875000
  0.346734   0.484507   0.439148   0.065137   0.446759  -2.682486   3.378076   0.250000   0.875000
  0.351759   0.484834   0.441393   0.051657   0.463733  -3.706349   4.179103   0.250000   0.875000
  0.356784   0.485094   0.443723   0.033033   0.484733  -4.828222   5.064898   0.250000   0.875000
  0.361809   0.485260   0.446159   0.008771   0.510184  -6.054646   6.036614   0.250000   0.875000
  0.366834   0.485304   0.448723  -0.021654   0.540518  -7.399171   7.039563   0.250000   0.875000
  0.371859   0.485195   0.451439  -0.058835   0.575892  -8.863654   8.093469   0.250000   0.875000
  0.376884   0.484899   0.454333  -0.103374   0.616562 -10.574518   9.174025   0.250000   0.875000
  0.381910   0.484380   0.457431  -0.156522   0.662671 -12.589736  10.231070   0.250000   0.875000
  0.386935   0.483593   0.460761  -0.219785   0.714082 -14.721051  11.237736   0.250000   0.875000
  0.391960   0.482489   0.464350  -0.293759   0.770551 -16.742207  12.037583   0.250000   0.875000
  0.396985   0.481013   0.468222  -0.377888   0.831040 -18.600192  12.134806   0.250000   0.875000
  0.402010   0.479114   0.472398  -0.471354   0.892018 -20.334329  11.471183   0.250000   0.875000
  0.407035   0.476745   0.476880  -0.573534   0.949660 -21.894959  10.537438   0.250000   0.875000
  0.412060   0.473863   0.481652  -0.683556   1.002611 -22.796868   9.430889   0.250000   0.875000
  0.417085   0.470428   0.486690  -0.798111   1.050001 -22.630145   7.654115   0.250000   0.875000
  0.422111   0.466417   0.491967  -0.911850   1.088471 -21.837783   4.889263   0.250000   0.875000
  0.427136   0.461835   0.497437  -1.021585   1.113039 -20.686173   1.511502   0.250000   0.875000
  0.432161   0.456702   0.503030  -1.125533   1.120635 -18.390797  -2.148233   0.250000   0.875000
  0.437186   0.451046   0.508661  -1.217946   1.109840 -14.375952  -6.128018   0.250000   0.875000
  0.442211   0.444926   0.514238  -1.290186   1.079046  -9.355051 -10.323125   0.250000   0.875000
  0.447236   0.438442   0.519660  -1.337195   1.027173  -3.816167 -14.475172   0.250000   0.875000
  0.452261   0.431723   0.524822  -1.356371   0.954435   2.505529 -18.428223   0.250000   0.875000
  0.457286   0.424907   0.529618  -1.343781   0.861833   9.438144 -22.096108   0.250000   0.875000
  0.462312   0.418153   0.533949  -1.296345   0.750778  16.545209 -25.086555   0.250000   0.875000
  0.467337   0.411639   0.537722  -1.213205   0.624718  23.852931 -27.151275   0.250000   0.875000
  0.472362   0.405543   0.540861  -1.093344   0.488283  31.312903 -28.436154   0.250000   0.875000
  0.477387   0.400049   0.543315  -0.935997   0.345391  38.099993 -29.041534   0.250000   0.875000
  0.482412   0.395345   0.545051  -0.744544   0.199458  43.592405 -28.339041   0.250000   0.875000
  0.487437   0.391604   0.546053  -0.525492   0.057054  47.722118 -25.777940   0.250000   0.875000
  0.492462   0.388964   0.546340  -0.285689  -0.072480  50.765303 -22.267823   0.250000   0.875000
  0.497487   0.387528   0.545975  -0.030593  -0.184376  52.791038 -18.537829   0.250000   0.875000
  0.502513   0.387374   0.545049   0.234735  -0.277547  52.728421 -14.500091   0.250000   0.875000
  0.507538   0.388554   0.543654   0.499695  -0.350410  49.769490 -10.097740   0.250000   0.875000
  0.512563   0.391065   0.541893   0.749787  -0.401151  45.278316  -5.574515   0.250000   0.875000
  0.517588   0.394832   0.539877   0.977310  -0.429163  40.259625  -1.093536   0.250000   0.875000
  0.522613   0.399743   0.537721   1.179615  -0.434658  34.345436   3.134134   0.250000   0.875000
  0.527638   0.405671   0.535537   1.352201  -0.418909  27.451715   6.955350   0.250000   0.875000
  0.532663   0.412466   0.533432   1.490146  -0.383959  20.061909  10.381424   0.250000   0.875000
  0.537688   0.419954   0.531502   1.590957  -0.331792  12.447713  13.136808   0.250000   0.875000
  0.542714   0.427950   0.529835   1.653519  -0.265766   4.874755  14.656646   0.250000   0.875000
  0.547739   0.436259   0.528499   1.678015  -0.192117  -2.208212  14.972066   0.250000   0.875000
  0.552764   0.444691   0.527534   1.666918  -0.116882  -8.376031  14.766104   0.250000   0.875000
  0.557789   0.453067   0.526946   1.624829  -0.042682 -13.462298  14.311098   0.250000   0.875000
  0.562814   0.461232   0.526732   1.557181   0.029231 -17.626953  13.524145   0.250000   0.875000
  0.567839   0.469057   0.526879   1.468605   0.097190 -20.791703  12.364475   0.250000   0.875000
  0.572864   0.476436   0.527367   1.364127   0.159321 -22.901801  10.945214   0.250000   0.875000
  0.577889   0.483291   0.528168   1.249045   0.214321 -24.110007   9.393586   0.250000   0.875000
  0.582915   0.489569   0.529245   1.127868   0.261533 -24.584395   7.814144   0.250000   0.875000
  0.587940   0.495236   0.530559   1.004332   0.300799 -24.118607   6.269994   0.250000   0.875000
  0.592965   0.500283   0.532071   0.883136   0.332306 -22.588298   4.796432   0.250000   0.875000
  0.597990   0.504721   0.533741   0.769630   0.356408 -20.602558   3.510097   0.250000   0.875000
  0.603015   0.508588   0.535532   0.666102   0.374046 -18.619789   2.460117   0.250000   0.875000
  0.608040   0.511935   0.537411   0.572537   0.386408 -16.620455   1.602509   0.250000   0.875000
  0.613065   0.514812   0.539353   0.489020   0.394461 -14.532961   0.910338   0.250000   0.875000
  0.618090   0.517270   0.541335   0.415991   0.399035 -12.454827   0.387151   0.250000   0.875000
  0.623116   0.519361   0.543341   0.353394   0.400981 -10.422549   0.016702   0.250000   0.875000
  0.628141   0.521136   0.545355   0.301020   0.401065  -8.509570  -0.235788   0.250000   0.875000
  0.633166   0.522649   0.547371   0.258260   0.399880  -6.814024  -0.387354   0.250000   0.875000
  0.638191   0.523947   0.549380   0.224019   0.397934  -5.359131  -0.457111   0.250000   0.875000
  0.643216   0.525072   0.551380   0.197090   0.395637  -4.151511  -0.479575   0.250000   0.875000
  0.648241   0.526063   0.553368   0.176228   0.393227  -3.150640  -0.472649   0.250000   0.875000
  0.653266   0.526948   0.555344   0.160396   0.390852  -2.326529  -0.445552   0.250000   0.875000
  0.658291   0.527754   0.557308   0.148705   0.388613  -1.674617  -0.404579   0.250000   0.875000
  0.663317   0.528502   0.559261   0.140289   0.386580  -1.167131  -0.357931   0.250000   0.875000
  0.668342   0.529207   0.561204   0.134424   0.384781  -0.742841  -0.310013   0.250000   0.875000
  0.673367   0.529882   0.563137   0.130691   0.383223  -0.395526  -0.266553   0.250000   0.875000
  0.678392   0.530539   0.565063   0.128704   0.381884  -0.180202  -0.229327   0.250000   0.875000
  0.683417   0.531186   0.566982   0.127798   0.380731  -0.078165  -0.197722   0.250000   0.875000
  0.688442   0.531828   0.568895   0.127405   0.379738  -0.000969  -0.169802   0.250000   0.875000
  0.693467   0.532468   0.570803   0.127401   0.378885   0.082675  -0.146146   0.250000   0.875000
  0.698492   0.533108   0.572707   0.127816   0.378150   0.163983  -0.127706   0.250000   0.875000
  0.703518   0.533751   0.574608   0.128640   0.377508   0.206930  -0.113839   0.250000   0.875000
  0.708543   0.534397   0.576505   0.129680   0.376936   0.198617  -0.102522   0.250000   0.875000
  0.713568   0.535049   0.578399   0.130678   0.376421   0.183069  -0.092915   0.250000   0.875000
  0.718593   0.535705   0.580290   0.131598   0.375954   0.180334  -0.084512   0.250000   0.875000
  0.723618   0.536367   0.582179   0.132504   0.375530   0.183511  -0.077245   0.250000   0.875000
  0.728643   0.537032   0.584066   0.133426   0.375141   0.184383  -0.071453   0.250000   0.875000
  0.733668   0.537703   0.585952   0.134353   0.374782   0.179907  -0.067071   0.250000   0.875000
  0.738693   0.538378   0.587835   0.135257   0.374445   0.172130  -0.062879   0.250000   0.875000
  0.743719   0.539058   0.589717   0.136122   0.374129   0.164503  -0.057916   0.250000   0.875000
  0.748744   0.539742   0.591597   0.136949   0.373838   0.157448  -0.054064   0.250000   0.875000
  0.753769   0.540430   0.593475   0.137740   0.373567   0.150544  -0.053537   0.250000   0.875000
  0.758794   0.541122   0.595353   0.138496   0.373298   0.143871  -0.054615   0.250000   0.875000
  0.763819   0.541818   0.597228   0.139219   0.373023   0.137137  -0.051236   0.250000   0.875000
  0.768844   0.542518   0.599103   0.139908   0.372766   0.130149  -0.043585   0.250000   0.875000
  0.773869   0.543221   0.600976   0.140562   0.372547   0.123154  -0.038593   0.250000   0.875000
  0.778894   0.543927   0.602848   0.141181   0.372353   0.116496  -0.036724   0.250000   0.875000
  0.783920   0.544637   0.604719   0.141767   0.372168   0.110429  -0.035280   0.250000   0.875000
  0.788945   0.545349   0.606590   0.142322   0.371991   0.104715  -0.035334   0.250000   0.875000
  0.793970   0.546064   0.608459   0.142848   0.371813   0.099109  -0.039410   0.250000   0.875000
  0.798995   0.546782   0.610327   0.143346   0.371615   0.096285  -0.040496   0.250000   0.875000
  0.804020   0.547502   0.612195   0.143830   0.371412   0.099463  -0.033499   0.250000   0.875000
  0.809045   0.548225   0.614061   0.144329   0.371243   0.104295  -0.027369   0.250000   0.875000
  0.814070   0.548950   0.615926   0.144853   0.371106   0.097491  -0.026968   0.250000   0.875000
  0.819095   0.549678   0.617791   0.145343   0.370970   0.081837  -0.028308   0.250000   0.875000
  0.824121   0.550409   0.619656   0.145755   0.370828   0.071473  -0.032295   0.250000   0.875000
  0.829146   0.551141   0.621519   0.146114   0.370666   0.066854  -0.038436   0.250000   0.875000
  0.834171   0.551875   0.623382   0.146450   0.370473   0.064456  -0.046700   0.250000   0.875000
  0.839196   0.552611   0.625243   0.146774   0.370238   0.063285  -0.054525   0.250000   0.875000
  0.844221   0.553349   0.627104   0.147092   0.369964   0.061329  -0.061485   0.250000   0.875000
  0.849246   0.554088   0.628963   0.147400   0.369655   0.058105  -0.066672   0.250000   0.875000
  0.854271   0.554829   0.630820   0.147692   0.369320   0.057328  -0.070472   0.250000   0.875000
  0.859296   0.555571   0.632676   0.147980   0.368966   0.061076  -0.070208   0.250000   0.875000
  0.864322   0.556315   0.634531   0.148287   0.368613   0.060301  -0.055924   0.250000   0.875000
  0.869347   0.557060   0.636383   0.148590   0.368332   0.049170  -0.012384   0.250000   0.875000
  0.874372   0.557806   0.638234   0.148837   0.368270   0.040243   0.037532   0.250000   0.875000
  0.879397   0.558554   0.640084   0.149039   0.368458   0.038298   0.054533   0.250000   0.875000
  0.884422   0.559303   0.641936   0.149232   0.368732   0.038158   0.038940   0.250000   0.875000
  0.889447   0.560053   0.643789   0.149423   0.368928   0.040438   0.020305   0.250000   0.875000
  0.894472   0.560804   0.645643   0.149627   0.369030   0.048661   0.008784   0.250000   0.875000
  0.899497   0.561556   0.647497   0.149871   0.369074   0.050188  -0.024261   0.250000   0.875000
  0.904523   0.562309   0.649352   0.150123   0.368952   0.037371  -0.096603   0.250000   0.875000
  0.909548   0.563063   0.651206   0.150311   0.368467   0.028937  -0.166673   0.250000   0.875000
  0.914573   0.563819   0.653057   0.150457   0.367629   0.033800  -0.138382   0.250000   0.875000
  0.919598   0.564575   0.654905   0.150626   0.366934   0.036904  -0.025339   0.250000   0.875000
  0.924623   0.565332   0.656749   0.150812   0.366807   0.030374   0.027466   0.250000   0.875000
  0.929648   0.566089   0.658592   0.150964   0.366945   0.024086  -0.032401   0.250000   0.875000
  0.934673   0.566848   0.660436   0.151085   0.366782   0.023536  -0.120248   0.250000   0.875000
  0.939698   0.567607   0.662279   0.151204   0.366178   0.022409  -0.088483   0.250000   0.875000
  0.944724   0.568367   0.664119   0.151316   0.365733   0.020688   0.032378   0.250000   0.875000
  0.949749   0.569128   0.665957   0.151420   0.365896   0.019339   0.072830   0.250000   0.875000
  0.954774   0.569888   0.667796   0.151518   0.366262   0.017359  -0.030127   0.250000   0.875000
  0.959799   0.570650   0.669636   0.151605   0.366110   0.016710  -0.162619   0.250000   0.875000
  0.964824   0.571412   0.671476   0.151689   0.365293   0.020242  -0.140373   0.250000   0.875000
  0.969849   0.572174   0.673311   0.151790   0.364588   0.018418   0.008526   0.250000   0.875000
  0.974874   0.572937   0.675143   0.151883   0.364630   0.006079   0.107677   0.250000   0.875000
  0.979899   0.573700   0.676976   0.151914   0.365172  -0.004159   0.122715   0.250000   0.875000
  0.984925   0.574463   0.678811   0.151893   0.365788   0.001948   0.113101   0.250000   0.875000
  0.989950   0.575227   0.680649   0.151902   0.366357   0.021136   0.104277   0.250000   0.875000
  0.994975   0.575990   0.682490   0.152009   0.366881   0.018498   0.046587   0.250000   0.875000
  1.000000   0.576754   0.684334   0.152102   0.367115   0.011872  -0.104647   0.250000   0.875000