  0.000000   0.423463   0.315224   0.000000   0.000000  13.958182  40.795665   0.250000   0.750000
  0.005025   0.423463   0.315224   0.070140   0.204998  24.117364  30.780693   0.250000   0.750000
  0.010050   0.423815   0.316254   0.191330   0.359671  16.816758  19.519792   0.250000   0.750000
  0.015075   0.424777   0.318061   0.275834   0.457758   5.791162   8.619632   0.250000   0.750000
  0.020101   0.426163   0.320362   0.304940   0.501080   0.451717   0.544199   0.250000   0.750000
  0.025126   0.427696   0.322880   0.307210   0.503815  -0.819901  -4.630407   0.250000   0.750000
  0.030151   0.429239   0.325412   0.303090   0.480547  -0.256761  -6.841498   0.250000   0.750000
  0.035176   0.430762   0.327827   0.301800   0.446169   0.163492  -5.497549   0.250000   0.750000
  0.040201   0.432279   0.330069   0.302621   0.418544   0.068800  -3.702058   0.250000   0.750000
  0.045226   0.433800   0.332172   0.302967   0.399941  -0.219002  -2.852743   0.250000   0.750000
  0.050251   0.435322   0.334181   0.301867   0.385606  -0.467503  -2.433172   0.250000   0.750000
  0.055276   0.436839   0.336119   0.299517   0.373379  -0.676065  -2.147676   0.250000   0.750000
  0.060302   0.438344   0.337996   0.296120   0.362585  -0.864357  -1.807640   0.250000   0.750000
  0.065327   0.439832   0.339818   0.291776   0.353501  -1.028321  -1.426842   0.250000   0.750000
  0.070352   0.441298   0.341594   0.286609   0.346331  -1.161783  -1.107521   0.250000   0.750000
  0.075377   0.442739   0.343334   0.280771   0.340766  -1.269443  -0.867039   0.250000   0.750000
  0.080402   0.444149   0.345047   0.274392   0.336409  -1.350231  -0.670435   0.250000   0.750000
  0.085427   0.445528   0.346737   0.267607   0.333040  -1.409985  -0.495432   0.250000   0.750000
  0.090452   0.446873   0.348411   0.260522   0.330551  -1.476249  -0.340530   0.250000   0.750000
  0.095477   0.448182   0.350072   0.253104   0.328840  -1.539578  -0.202067   0.250000   0.750000
  0.100503   0.449454   0.351724   0.245366   0.327824  -1.547358  -0.087191   0.250000   0.750000
  0.105528   0.450687   0.353372   0.237590   0.327386  -1.502526  -0.007011   0.250000   0.750000
  0.110553   0.451881   0.355017   0.230040   0.327351  -1.464398   0.052610   0.250000   0.750000
  0.115578   0.453037   0.356662   0.222682   0.327615  -1.442078   0.133524   0.250000   0.750000
  0.120603   0.454156   0.358308   0.215435   0.328286  -1.419377   0.230694   0.250000   0.750000
  0.125628   0.455239   0.359958   0.208303   0.329445  -1.391444   0.299174   0.250000   0.750000
  0.130653   0.456285   0.361613   0.201311   0.330949  -1.362894   0.331323   0.250000   0.750000
  0.135678   0.457297   0.363276   0.194462   0.332614  -1.320728   0.351765   0.250000   0.750000
  0.140704   0.458274   0.364948   0.187824   0.334381  -1.257596   0.377752   0.250000   0.750000
  0.145729   0.459218   0.366628   0.181505   0.336280  -1.193130   0.398722   0.250000   0.750000
  0.150754   0.460130   0.368318   0.175509   0.338283  -1.138833   0.401787   0.250000   0.750000
  0.155779   0.461012   0.370018   0.169787   0.340302  -1.087132   0.391275   0.250000   0.750000
  0.160804   0.461865   0.371728   0.164324   0.342268  -1.032227   0.391684   0.250000   0.750000
  0.165829   0.462691   0.373448   0.159137   0.344237  -0.976071   0.419447   0.250000   0.750000
  0.170854   0.463491   0.375178   0.154232   0.346344  -0.918663   0.449672   0.250000   0.750000
  0.175879   0.464266   0.376918   0.149616   0.348604  -0.862581   0.460351   0.250000   0.750000
  0.180905   0.465018   0.378670   0.145280   0.350918  -0.811165   0.449020   0.250000   0.750000
  0.185930   0.465748   0.380433   0.141204   0.353174  -0.759965   0.422747   0.250000   0.750000
  0.190955   0.466457   0.382208   0.137386   0.355298  -0.703618   0.391743   0.250000   0.750000
  0.195980   0.467148   0.383993   0.133850   0.357267  -0.646383   0.367182   0.250000   0.750000
  0.201005   0.467820   0.385789   0.130602   0.359112  -0.593843   0.350111   0.250000   0.750000
  0.206030   0.468476   0.387593   0.127618   0.360871  -0.544997   0.333722   0.250000   0.750000
  0.211055   0.469118   0.389407   0.124879   0.362548  -0.499086   0.313616   0.250000   0.750000
  0.216080   0.469745   0.391228   0.122371   0.364124  -0.458527   0.294030   0.250000   0.750000
  0.221106   0.470360   0.393058   0.120067   0.365602  -0.424594   0.284071   0.250000   0.750000
  0.226131   0.470964   0.394896   0.117933   0.367029  -0.387416   0.280491   0.250000   0.750000
  0.231156   0.471556   0.396740   0.115986   0.368439  -0.338719   0.272488   0.250000   0.750000
  0.236181   0.472139   0.398591   0.114284   0.369808  -0.290829   0.258520   0.250000   0.750000
  0.241206   0.472713   0.400450   0.112823   0.371107  -0.252430   0.241985   0.250000   0.750000
  0.246231   0.473280   0.402314   0.111554   0.372323  -0.222143   0.224449   0.250000   0.750000
  0.251256   0.473841   0.404185   0.110438   0.373451  -0.195174   0.204874   0.250000   0.750000
  0.256281   0.474396   0.406062   0.109457   0.374480  -0.165844   0.185419   0.250000   0.750000
  0.261307   0.474946   0.407944   0.108624   0.375412  -0.134507   0.171980   0.250000   0.750000
  0.266332   0.475492   0.409831   0.107948   0.376277  -0.106138   0.163464   0.250000   0.750000
  0.271357   0.476034   0.411721   0.107415   0.377098  -0.082240   0.153482   0.250000   0.750000
  0.276382   0.476574   0.413616   0.107001   0.377869  -0.061095   0.141364   0.250000   0.750000
  0.281407   0.477112   0.415515   0.106694   0.378580  -0.040095   0.134118   0.250000   0.750000
  0.286432   0.477648   0.417417   0.106493   0.379254  -0.019628   0.135681   0.250000   0.750000
  0.291457   0.478183   0.419323   0.106394   0.379935  -0.003389   0.140972   0.250000   0.750000
  0.296482   0.478717   0.421232   0.106377   0.380644   0.004530   0.153916   0.250000   0.750000
  0.301508   0.479252   0.423145   0.106400   0.381417  -0.001356   0.178351   0.250000   0.750000
  0.306533   0.479787   0.425062   0.106393   0.382313  -0.019733   0.209221   0.250000   0.750000
  0.311558   0.480321   0.426983   0.106294   0.383365  -0.058523   0.244278   0.250000   0.750000
  0.316583   0.480856   0.428910   0.106000   0.384592  -0.127029   0.331621   0.250000   0.750000
  0.321608   0.481388   0.430842   0.105362   0.386259  -0.241333   0.510713   0.250000   0.750000
  0.326633   0.481918   0.432783   0.104149   0.388825  -0.401854   0.728403   0.250000   0.750000
  0.331658   0.482441   0.434737   0.102130   0.392485  -0.597056   0.955146   0.250000   0.750000
  0.336683   0.482954   0.436709   0.099129   0.397285  -0.840233   1.296487   0.250000   0.750000
  0.341709   0.483452   0.438706   0.094906   0.403801  -1.250962   1.823992   0.250000   0.750000
  0.346734   0.483929   0.440735   0.088620   0.412967  -1.872821   2.453502   0.250000   0.750000
  0.351759   0.484375   0.442810   0.079209   0.425295  -2.581394   3.131676   0.250000   0.750000
  0.356784   0.484773   0.444947   0.066238   0.441032  -3.332335   3.981555   0.250000   0.750000
  0.361809   0.485106   0.447164   0.049493   0.461039  -4.347647   5.106553   0.250000   0.750000
  0.366834   0.485354   0.449480   0.027646   0.486700  -5.805710   6.379245   0.250000   0.750000
  0.371859   0.485493   0.451926  -0.001528   0.518756  -7.497818   7.649169   0.250000   0.750000
  0.376884   0.485485   0.454533  -0.039204   0.557193  -9.092567   8.982440   0.250000   0.750000
  0.381910   0.485288   0.457333  -0.084904   0.602338 -10.733415  10.383330   0.250000   0.750000
  0.386935   0.484862   0.460360  -0.138839   0.654515 -13.049234  11.686582   0.250000   0.750000
  0.391960   0.484164   0.463649  -0.204411   0.713240 -15.890686  12.706332   0.250000   0.750000
  0.396985   0.483137   0.467233  -0.284262   0.777089 -18.489644  13.435010   0.250000   0.750000
  0.402010   0.481709   0.471138  -0.377173   0.844600 -20.697016  13.791866   0.250000   0.750000
  0.407035   0.479813   0.475382  -0.481175   0.913904 -22.550029  13.606560   0.250000   0.750000
  0.412060   0.477395   0.479974  -0.594489   0.982277 -24.257891  12.624273   0.250000   0.750000
  0.417085   0.474408   0.484910  -0.716385   1.045714 -25.930632  10.818133   0.250000   0.750000
  0.422111   0.470807   0.490166  -0.846712   1.100086 -26.948386   8.231532   0.250000   0.750000
  0.427136   0.466553   0.495694  -0.982128   1.141449 -25.828952   4.779926   0.250000   0.750000
  0.432161   0.461618   0.501430  -1.111918   1.165468 -22.427623   0.619284   0.250000   0.750000
  0.437186   0.456030   0.507286  -1.224617   1.168580 -18.529996  -3.798911   0.250000   0.750000
  0.442211   0.449876   0.513158  -1.317730   1.149491 -14.934143  -8.525355   0.250000   0.750000
  0.447236   0.443255   0.518934  -1.392774   1.106651 -10.480319 -13.903022   0.250000   0.750000
  0.452261   0.436256   0.524495  -1.445438   1.036788  -2.941501 -19.595020   0.250000   0.750000
  0.457286   0.428993   0.529705  -1.460219   0.938323   7.121702 -24.720615   0.250000   0.750000
  0.462312   0.421654   0.534421  -1.424425   0.814077  17.254129 -28.885215   0.250000   0.750000
  0.467337   0.414496   0.538512  -1.337723   0.668929  26.463483 -31.659605   0.250000   0.750000
  0.472362   0.407774   0.541873  -1.204744   0.509840  34.773502 -32.779030   0.250000   0.750000
  0.477387   0.401720   0.544435  -1.030008   0.345125  41.910637 -32.832888   0.250000   0.750000
  0.482412   0.396544   0.546170  -0.819407   0.180140  47.241444 -32.504912   0.250000   0.750000
  0.487437   0.392427   0.547075  -0.582018   0.016803  50.997418 -31.243070   0.250000   0.750000
  0.492462   0.389502   0.547159  -0.325756  -0.140194  54.089272 -27.387215   0.250000   0.750000
  0.497487   0.387865   0.546455  -0.053958  -0.277814  56.873018 -21.272928   0.250000   0.750000
  0.502513   0.387594   0.545058   0.231886  -0.384732  58.439535 -14.967723   0.250000   0.750000
  0.507538   0.388759   0.543125   0.525545  -0.459945  57.037233  -9.110154   0.250000   0.750000
  0.512563   0.391400   0.540814   0.812157  -0.505724  52.529075  -3.457098   0.250000   0.750000
  0.517588   0.395481   0.538273   1.076115  -0.523095  46.238856   2.013336   0.250000   0.750000
  0.522613   0.400889   0.535644   1.308466  -0.512978  38.920251   6.993043   0.250000   0.750000
  0.527638   0.407464   0.533066   1.504040  -0.477838  30.184283  11.176376   0.250000   0.750000
  0.532663   0.415022   0.530665   1.655716  -0.421677  19.993214  14.320571   0.250000   0.750000
  0.537688   0.423342   0.528546   1.756182  -0.349716   9.703282  16.402799   0.250000   0.750000
  0.542714   0.432168   0.526789   1.804951  -0.267276   0.552342  17.526754   0.250000   0.750000
  0.547739   0.441238   0.525446   1.807726  -0.179204  -7.316207  17.915463   0.250000   0.750000
  0.552764   0.450322   0.524545   1.770962  -0.089179 -14.237456  17.724183   0.250000   0.750000
  0.557789   0.459221   0.524097   1.699419  -0.000115 -20.076257  16.738020   0.250000   0.750000
  0.562814   0.467760   0.524096   1.598536   0.083994 -24.406476  14.824613   0.250000   0.750000
  0.567839   0.475793   0.524518   1.475893   0.158488 -26.845483  12.568578   0.250000   0.750000
  0.572864   0.483209   0.525315   1.340995   0.221645 -27.814842  10.404216   0.250000   0.750000
  0.577889   0.489948   0.526429   1.201225   0.273926 -27.843881   8.391518   0.250000   0.750000
  0.582915   0.495985   0.527805   1.061282   0.316102 -27.111731   6.481931   0.250000   0.750000
  0.587940   0.501318   0.529394   0.925045   0.348673 -25.707274   4.762482   0.250000   0.750000
  0.592965   0.505967   0.531146   0.795866   0.372605 -23.764408   3.328217   0.250000   0.750000
  0.597990   0.509966   0.533018   0.676450   0.389329 -21.348256   2.125531   0.250000   0.750000
  0.603015   0.513365   0.534975   0.569175   0.400010 -18.506875   1.116465   0.250000   0.750000
  0.608040   0.516225   0.536985   0.476178   0.405620 -15.609297   0.374975   0.250000   0.750000
  0.613065   0.518618   0.539023   0.397741   0.407504 -12.947254  -0.048039   0.250000   0.750000
  0.618090   0.520617   0.541071   0.332681   0.407263 -10.592785  -0.303692   0.250000   0.750000
  0.623116   0.522289   0.543117   0.279442   0.405737  -8.490391  -0.508587   0.250000   0.750000
  0.628141   0.523693   0.545156   0.236778   0.403181  -6.637410  -0.638137   0.250000   0.750000
  0.633166   0.524883   0.547182   0.203425   0.399974  -5.075143  -0.656604   0.250000   0.750000
  0.638191   0.525905   0.549192   0.177922   0.396675  -3.799325  -0.611353   0.250000   0.750000
  0.643216   0.526799   0.551185   0.158831   0.393603  -2.774934  -0.556304   0.250000   0.750000
  0.648241   0.527597   0.553163   0.144887   0.390807  -1.963060  -0.505009   0.250000   0.750000
  0.653266   0.528325   0.555127   0.135022   0.388270  -1.317484  -0.437102   0.250000   0.750000
  0.658291   0.529004   0.557078   0.128402   0.386073  -0.789927  -0.350589   0.250000   0.750000
  0.663317   0.529649   0.559019   0.124432   0.384311  -0.386031  -0.280786   0.250000   0.750000
  0.668342   0.530274   0.560950   0.122492   0.382900  -0.157732  -0.228784   0.250000   0.750000
  0.673367   0.530890   0.562874   0.121699   0.381751  -0.059256  -0.187337   0.250000   0.750000
  0.678392   0.531501   0.564792   0.121402   0.380809   0.012876  -0.153852   0.250000   0.750000
  0.683417   0.532111   0.566706   0.121466   0.380036   0.087504  -0.130850   0.250000   0.750000
  0.688442   0.532722   0.568615   0.121906   0.379379   0.148478  -0.115615   0.250000   0.750000
  0.693467   0.533334   0.570522   0.122652   0.378798   0.188867  -0.103390   0.250000   0.750000
  0.698492   0.533951   0.572425   0.123601   0.378278   0.215200  -0.092702   0.250000   0.750000
  0.703518   0.534572   0.574326   0.124683   0.377812   0.227174  -0.083874   0.250000   0.750000
  0.708543   0.535198   0.576225   0.125824   0.377391   0.222869  -0.076971   0.250000   0.750000
  0.713568   0.535831   0.578121   0.126944   0.377004   0.209831  -0.071472   0.250000   0.750000
  0.718593   0.536468   0.580016   0.127999   0.376645   0.199035  -0.066919   0.250000   0.750000
  0.723618   0.537112   0.581908   0.128999   0.376309   0.193040  -0.063538   0.250000   0.750000
  0.728643   0.537760   0.583799   0.129969   0.375989   0.187448  -0.061799   0.250000   0.750000
  0.733668   0.538413   0.585689   0.130911   0.375679   0.180062  -0.061018   0.250000   0.750000
  0.738693   0.539071   0.587576   0.131815   0.375372   0.172682  -0.058125   0.250000   0.750000
  0.743719   0.539733   0.589463   0.132683   0.375080   0.167789  -0.053302   0.250000   0.750000
  0.748744   0.540400   0.591348   0.133526   0.374812   0.166161  -0.050408   0.250000   0.750000
  0.753769   0.541071   0.593231   0.134361   0.374559   0.162760  -0.050004   0.250000   0.750000
  0.758794   0.541746   0.595113   0.135179   0.374308   0.151799  -0.049525   0.250000   0.750000
  0.763819   0.542425   0.596994   0.135942   0.374059   0.139678  -0.046546   0.250000   0.750000
  0.768844   0.543109   0.598874   0.136644   0.373825   0.132872  -0.042587   0.250000   0.750000
  0.773869   0.543795   0.600752   0.137312   0.373611   0.130954  -0.039250   0.250000   0.750000
  0.778894   0.544485   0.602630   0.137970   0.373414   0.129145  -0.037358   0.250000   0.750000
  0.783920   0.545179   0.604507   0.138619   0.373226   0.123323  -0.037738   0.250000   0.750000
  0.788945   0.545875   0.606382   0.139238   0.373036   0.116257  -0.040041   0.250000   0.750000
  0.793970   0.546575   0.608257   0.139823   0.372835   0.110638  -0.039696   0.250000   0.750000
  0.798995   0.547277   0.610130   0.140379   0.372636   0.106210  -0.034567   0.250000   0.750000
  0.804020   0.547983   0.612003   0.140912   0.372462   0.103089  -0.032714   0.250000   0.750000
  0.809045   0.548691   0.613874   0.141430   0.372297   0.102106  -0.037674   0.250000   0.750000
  0.814070   0.549402   0.615745   0.141943   0.372108   0.099845  -0.041578   0.250000   0.750000
  0.819095   0.550115   0.617615   0.142445   0.371899   0.093968  -0.035287   0.250000   0.750000
  0.824121   0.550831   0.619484   0.142917   0.371722   0.088977  -0.026095   0.250000   0.750000
  0.829146   0.551549   0.621352   0.143365   0.371591   0.088361  -0.020978   0.250000   0.750000
  0.834171   0.552269   0.623219   0.143809   0.371485   0.086518  -0.020185   0.250000   0.750000
  0.839196   0.552992   0.625086   0.144243   0.371384   0.080086  -0.024467   0.250000   0.750000
  0.844221   0.553717   0.626952   0.144646   0.371261   0.074973  -0.030890   0.250000   0.750000
  0.849246   0.554444   0.628818   0.145022   0.371106   0.076064  -0.023931   0.250000   0.750000
  0.854271   0.555172   0.630682   0.145405   0.370985   0.075713  -0.000219   0.250000   0.750000
  0.859296   0.555903   0.632547   0.145785   0.370984   0.069400   0.015704   0.250000   0.750000
  0.864322   0.556636   0.634411   0.146134   0.371063   0.064231  -0.010048   0.250000   0.750000
  0.869347   0.557370   0.636276   0.146457   0.371013   0.064702  -0.084597   0.250000   0.750000
  0.874372   0.558106   0.638140   0.146782   0.370588   0.062734  -0.134654   0.250000   0.750000
  0.879397   0.558844   0.640002   0.147097   0.369911   0.052619  -0.067916   0.250000   0.750000
  0.884422   0.559583   0.641861   0.147362   0.369570   0.046273   0.027265   0.250000   0.750000
  0.889447   0.560323   0.643718   0.147594   0.369707   0.055808   0.060552   0.250000   0.750000
  0.894472   0.561065   0.645576   0.147874   0.370011   0.070835   0.020270   0.250000   0.750000
  0.899497   0.561808   0.647435   0.148230   0.370113   0.063090  -0.105016   0.250000   0.750000
  0.904523   0.562553   0.649296   0.148548   0.369585   0.036482  -0.297771   0.250000   0.750000
  0.909548   0.563300   0.651153   0.148731   0.368089   0.022371  -0.320949   0.250000   0.750000
  0.914573   0.564047   0.653002   0.148843   0.366476   0.035764  -0.139255   0.250000   0.750000
  0.919598   0.564795   0.654844   0.149023   0.365776   0.063738   0.001882   0.250000   0.750000
  0.924623   0.565544   0.656682   0.149343   0.365786   0.066004   0.059195   0.250000   0.750000
  0.929648   0.566294   0.658520   0.149675   0.366083   0.040090   0.073906   0.250000   0.750000
  0.934673   0.567046   0.660360   0.149876   0.366455   0.021799   0.074592   0.250000   0.750000
  0.939698   0.567799   0.662201   0.149986   0.366829   0.017477   0.048515   0.250000   0.750000
  0.944724   0.568553   0.664045   0.150074   0.367073   0.016369  -0.012165   0.250000   0.750000
  0.949749   0.569307   0.665889   0.150156   0.367012   0.019352  -0.035766   0.250000   0.750000
  0.954774   0.570062   0.667733   0.150253   0.366832   0.035201   0.030858   0.250000   0.750000
  0.959799   0.570817   0.669577   0.150430   0.366987   0.053340   0.069815   0.250000   0.750000
  0.964824   0.571573   0.671421   0.150698   0.367338   0.046271  -0.012290   0.250000   0.750000
  0.969849   0.572330   0.673267   0.150931   0.367277   0.020044  -0.135731   0.250000   0.750000
  0.974874   0.573088   0.675112   0.151031   0.366594   0.003401  -0.064149   0.250000   0.750000
  0.979899   0.573847   0.676954   0.151048   0.366272  -0.000387   0.122991   0.250000   0.750000
  0.984925   0.574607   0.678795   0.151047   0.366890   0.002291   0.175282   0.250000   0.750000
  0.989950   0.575366   0.680639   0.151058   0.367771   0.009195   0.076056   0.250000   0.750000
  0.994975   0.576125   0.682487   0.151104   0.368153   0.014799  -0.001293   0.250000   0.750000
  1.000000   0.576884   0.684337   0.151179   0.368147   0.021365  -0.040118   0.250000   0.750000