  0.000000   0.500000   0.300000   0.000000   0.000000  14.011077  41.637483   0.500000   0.375000
  0.005025   0.500000   0.300000   0.070406   0.209228  11.635155  34.509552   0.500000   0.375000
  0.010050   0.500354   0.301051   0.128872   0.382639   9.514131  26.655462   0.500000   0.375000
  0.015075   0.501001   0.302974   0.176681   0.516583   7.617888  15.802401   0.500000   0.375000
  0.020101   0.501889   0.305570   0.214968   0.596005   5.931658   2.047788   0.500000   0.375000
  0.025126   0.502970   0.308565   0.244775   0.606296   4.477710  -5.607126   0.500000   0.375000
  0.030151   0.504200   0.311612   0.267275   0.578120   3.207610  -6.779370   0.500000   0.375000
  0.035176   0.505543   0.314517   0.283394   0.544053   2.085430  -6.295953   0.500000   0.375000
  0.040201   0.506967   0.317251   0.293873   0.512416   1.101360  -5.627178   0.500000   0.375000
  0.045226   0.508443   0.319826   0.299407   0.484140   0.241569  -4.953972   0.500000   0.375000
  0.050251   0.509948   0.322259   0.300621   0.459246  -0.472118  -4.314044   0.500000   0.375000
  0.055276   0.511459   0.324566   0.298249   0.437568  -1.035537  -3.740157   0.500000   0.375000
  0.060302   0.512958   0.326766   0.293044   0.418770  -1.503070  -3.223602   0.500000   0.375000
  0.065327   0.514430   0.328870   0.285491   0.402571  -1.917642  -2.695069   0.500000   0.375000
  0.070352   0.515865   0.330893   0.275855   0.389029  -2.261284  -2.176258   0.500000   0.375000
  0.075377   0.517251   0.332848   0.264492   0.378093  -2.510714  -1.751765   0.500000   0.375000
  0.080402   0.518580   0.334748   0.251876   0.369290  -2.700499  -1.436198   0.500000   0.375000
  0.085427   0.519846   0.336603   0.238306   0.362073  -2.870252  -1.166017   0.500000   0.375000
  0.090452   0.521043   0.338423   0.223883   0.356214  -2.997340  -0.902844   0.500000   0.375000
  0.095477   0.522168   0.340213   0.208821   0.351677  -3.063436  -0.667965   0.500000   0.375000
  0.100503   0.523218   0.341980   0.193424   0.348320  -3.093115  -0.478044   0.500000   0.375000
  0.105528   0.524190   0.343731   0.177881   0.345918  -3.111647  -0.314694   0.500000   0.375000
  0.110553   0.525083   0.345469   0.162245   0.344337  -3.106344  -0.156246   0.500000   0.375000
  0.115578   0.525899   0.347199   0.146636   0.343551  -3.061888  -0.018469   0.500000   0.375000
  0.120603   0.526636   0.348925   0.131250   0.343459  -2.993030   0.075950   0.500000   0.375000
  0.125628   0.527295   0.350651   0.116210   0.343840  -2.918888   0.141457   0.500000   0.375000
  0.130653   0.527879   0.352379   0.101543   0.344551  -2.839923   0.220154   0.500000   0.375000
  0.135678   0.528389   0.354110   0.087272   0.345657  -2.753191   0.311787   0.500000   0.375000
  0.140704   0.528828   0.355848   0.073434   0.347224  -2.655615   0.378684   0.500000   0.375000
  0.145729   0.529197   0.357593   0.060090   0.349127  -2.548599   0.415892   0.500000   0.375000
  0.150754   0.529499   0.359347   0.047283   0.351217  -2.438027   0.441810   0.500000   0.375000
  0.155779   0.529737   0.361112   0.035032   0.353437  -2.328463   0.471016   0.500000   0.375000
  0.160804   0.529913   0.362888   0.023332   0.355804  -2.211940   0.493488   0.500000   0.375000
  0.165829   0.530030   0.364676   0.012217   0.358284  -2.083435   0.498753   0.500000   0.375000
  0.170854   0.530091   0.366476   0.001747   0.360790  -1.957017   0.493749   0.500000   0.375000
  0.175879   0.530100   0.368289  -0.008087   0.363271  -1.845165   0.498011   0.500000   0.375000
  0.180905   0.530059   0.370115  -0.017360   0.365774  -1.741110   0.511011   0.500000   0.375000
  0.185930   0.529972   0.371953  -0.026109   0.368342  -1.625615   0.512944   0.500000   0.375000
  0.190955   0.529841   0.373804  -0.034278   0.370920  -1.500750   0.498974   0.500000   0.375000
  0.195980   0.529669   0.375668  -0.041819   0.373427  -1.384130   0.478521   0.500000   0.375000
  0.201005   0.529458   0.377544  -0.048775   0.375832  -1.282160   0.466255   0.500000   0.375000
  0.206030   0.529213   0.379433  -0.055218   0.378174  -1.187826   0.461152   0.500000   0.375000
  0.211055   0.528936   0.381333  -0.061186   0.380492  -1.087787   0.450629   0.500000   0.375000
  0.216080   0.528628   0.383245  -0.066653   0.382756  -0.983549   0.430165   0.500000   0.375000
  0.221106   0.528293   0.385169  -0.071596   0.384918  -0.886370   0.405794   0.500000   0.375000
  0.226131   0.527934   0.387103  -0.076050   0.386957  -0.798129   0.387733   0.500000   0.375000
  0.231156   0.527552   0.389047  -0.080060   0.388906  -0.715050   0.375444   0.500000   0.375000
  0.236181   0.527149   0.391002  -0.083654   0.390792  -0.636029   0.360391   0.500000   0.375000
  0.241206   0.526729   0.392965  -0.086850   0.392603  -0.561974   0.339234   0.500000   0.375000
  0.246231   0.526292   0.394938  -0.089674   0.394308  -0.490126   0.315759   0.500000   0.375000
  0.251256   0.525842   0.396920  -0.092136   0.395895  -0.418573   0.297280   0.500000   0.375000
  0.256281   0.525379   0.398909  -0.094240   0.397388  -0.351354   0.283069   0.500000   0.375000
  0.261307   0.524905   0.400906  -0.096006   0.398811  -0.290302   0.267348   0.500000   0.375000
  0.266332   0.524423   0.402910  -0.097464   0.400155  -0.233866   0.248813   0.500000   0.375000
  0.271357   0.523933   0.404921  -0.098640   0.401405  -0.181060   0.230279   0.500000   0.375000
  0.276382   0.523437   0.406938  -0.099549   0.402562  -0.132043   0.214131   0.500000   0.375000
  0.281407   0.522937   0.408961  -0.100213   0.403638  -0.085302   0.199139   0.500000   0.375000
  0.286432   0.522434   0.410989  -0.100642   0.404639  -0.039780   0.184088   0.500000   0.375000
  0.291457   0.521928   0.413023  -0.100841   0.405564   0.002563   0.168760   0.500000   0.375000
  0.296482   0.521421   0.415061  -0.100829   0.406412   0.040445   0.153396   0.500000   0.375000
  0.301508   0.520914   0.417103  -0.100625   0.407183   0.075053   0.138616   0.500000   0.375000
  0.306533   0.520409   0.419149  -0.100248   0.407879   0.107742   0.124975   0.500000   0.375000
  0.311558   0.519905   0.421199  -0.099707   0.408507   0.138557   0.113082   0.500000   0.375000
  0.316583   0.519404   0.423252  -0.099011   0.409075   0.165456   0.098456   0.500000   0.375000
  0.321608   0.518906   0.425307  -0.098179   0.409570   0.193158   0.077138   0.500000   0.375000
  0.326633   0.518413   0.427365  -0.097208   0.409958   0.221673   0.053480   0.500000   0.375000
  0.331658   0.517925   0.429425  -0.096095   0.410227   0.249861   0.051530   0.500000   0.375000
  0.336683   0.517442   0.431487  -0.094839   0.410486   0.263107   0.076303   0.500000   0.375000
  0.341709   0.516965   0.433550  -0.093517   0.410869   0.257871   0.103404   0.500000   0.375000
  0.346734   0.516495   0.435614  -0.092221   0.411389   0.211512   0.152023   0.500000   0.375000
  0.351759   0.516032   0.437682  -0.091158   0.412153   0.129886   0.235832   0.500000   0.375000
  0.356784   0.515574   0.439753  -0.090505   0.413338   0.061245   0.329269   0.500000   0.375000
  0.361809   0.515119   0.441830  -0.090198   0.414992  -0.053404   0.450628   0.500000   0.375000
  0.366834   0.514666   0.443915  -0.090466   0.417257  -0.428594   0.756749   0.500000   0.375000
  0.371859   0.514211   0.446012  -0.092620   0.421059  -1.259828   1.436449   0.500000   0.375000
  0.376884   0.513746   0.448128  -0.098950   0.428277  -2.571345   2.386565   0.500000   0.375000
  0.381910   0.513248   0.450280  -0.111874   0.440272  -4.344468   3.494614   0.500000   0.375000
  0.386935   0.512686   0.452492  -0.133705   0.457833  -6.764403   4.795342   0.500000   0.375000
  0.391960   0.512014   0.454793  -0.167696   0.481929 -10.020819   6.363858   0.500000   0.375000
  0.396985   0.511172   0.457215  -0.218051   0.513908 -14.207233   8.222354   0.500000   0.375000
  0.402010   0.510076   0.459797  -0.289442   0.555225 -19.201066  10.267290   0.500000   0.375000
  0.407035   0.508621   0.462587  -0.385927   0.606818 -24.565795  11.836435   0.500000   0.375000
  0.412060   0.506682   0.465636  -0.509370   0.666296 -29.654250  12.566350   0.500000   0.375000
  0.417085   0.504123   0.468985  -0.658383   0.729442 -34.042467  12.737252   0.500000   0.375000
  0.422111   0.500814   0.472651  -0.829480   0.793460 -37.488424  11.996953   0.500000   0.375000
  0.427136   0.496645   0.476638  -1.017860   0.853744 -40.560996   9.368739   0.500000   0.375000
  0.432161   0.491531   0.480928  -1.221679   0.900822 -43.735111   4.818967   0.500000   0.375000
  0.437186   0.485392   0.485455  -1.441448   0.925037 -45.454305  -1.250542   0.500000   0.375000
  0.442211   0.478148   0.490103  -1.669856   0.918753 -42.732781  -9.103771   0.500000   0.375000
  0.447236   0.469757   0.494720  -1.884588   0.873007 -34.760911 -18.549466   0.500000   0.375000
  0.452261   0.460287   0.499106  -2.059261   0.779796 -23.835973 -27.839377   0.500000   0.375000
  0.457286   0.449940   0.503025  -2.179037   0.639903 -11.322354 -35.868088   0.500000   0.375000
  0.462312   0.438988   0.506241  -2.235943   0.459630   4.590617 -42.671835   0.500000   0.375000
  0.467337   0.427752   0.508551  -2.212875   0.245204  26.858933 -47.848264   0.500000   0.375000
  0.472362   0.416632   0.509783  -2.077909   0.004767  51.548307 -48.270219   0.500000   0.375000
  0.477387   0.406191   0.509807  -1.818879  -0.237791  72.223083 -41.198027   0.500000   0.375000
  0.482412   0.397051   0.508612  -1.455958  -0.444811  87.304784 -30.376774   0.500000   0.375000
  0.487437   0.389735   0.506377  -1.017251  -0.597455  97.263436 -19.435398   0.500000   0.375000
  0.492462   0.384623   0.503375  -0.528503  -0.695118 103.196991  -7.414705   0.500000   0.375000
  0.497487   0.381967   0.499882  -0.009938  -0.732376 106.452863   7.103748   0.500000   0.375000
  0.502513   0.381917   0.496201   0.525094  -0.696673 104.573676  21.938979   0.500000   0.375000
  0.507538   0.384556   0.492700   1.050577  -0.586430  91.187891  34.520600   0.500000   0.375000
  0.512563   0.389835   0.489753   1.508796  -0.412964  68.486642  43.790817   0.500000   0.375000
  0.517588   0.397417   0.487678   1.852941  -0.192915  45.213769  48.202836   0.500000   0.375000
  0.522613   0.406728   0.486709   2.080141   0.049305  24.628802  46.919467   0.500000   0.375000
  0.527638   0.417181   0.486956   2.203900   0.285075   6.005318  41.985658   0.500000   0.375000
  0.532663   0.428255   0.488389   2.234077   0.496053 -11.192439  35.799025   0.500000   0.375000
  0.537688   0.439482   0.490881   2.177835   0.675943 -26.418388  28.344459   0.500000   0.375000
  0.542714   0.450427   0.494279   2.045056   0.818402 -38.948798  18.638510   0.500000   0.375000
  0.547739   0.460704   0.498391   1.849339   0.912061 -46.921682   8.385164   0.500000   0.375000
  0.552764   0.469997   0.502974   1.613557   0.954196 -49.520834  -0.011959   0.500000   0.375000
  0.557789   0.478105   0.507769   1.364715   0.954136 -48.487424  -6.211975   0.500000   0.375000
  0.562814   0.484962   0.512564   1.121066   0.922921 -45.609392 -10.449428   0.500000   0.375000
  0.567839   0.490596   0.517201   0.891878   0.870412 -41.252206 -13.102558   0.500000   0.375000
  0.572864   0.495078   0.521575   0.684586   0.804572 -35.694823 -14.395951   0.500000   0.375000
  0.577889   0.498518   0.525618   0.505220   0.732232 -29.558732 -14.264051   0.500000   0.375000
  0.582915   0.501057   0.529298   0.356657   0.660541 -23.514658 -12.762006   0.500000   0.375000
  0.587940   0.502849   0.532618   0.238496   0.596412 -17.978261 -10.633777   0.500000   0.375000
  0.592965   0.504047   0.535615   0.148156   0.542978 -13.284697  -8.515444   0.500000   0.375000
  0.597990   0.504792   0.538343   0.081400   0.500187  -9.508050  -6.606238   0.500000   0.375000
  0.603015   0.505201   0.540856   0.033622   0.466991  -6.521588  -4.877032   0.500000   0.375000
  0.608040   0.505370   0.543203   0.000851   0.442484  -4.074773  -3.451228   0.500000   0.375000
  0.613065   0.505374   0.545427  -0.019625   0.425142  -2.275546  -2.373981   0.500000   0.375000
  0.618090   0.505276   0.547563  -0.031059   0.413212  -1.254485  -1.548785   0.500000   0.375000
  0.623116   0.505119   0.549640  -0.037364   0.405428  -0.680082  -0.941346   0.500000   0.375000
  0.628141   0.504932   0.551677  -0.040782   0.400698  -0.254098  -0.515359   0.500000   0.375000
  0.633166   0.504727   0.553691  -0.042059   0.398108   0.043161  -0.230537   0.500000   0.375000
  0.638191   0.504515   0.555691  -0.041842   0.396950   0.207869  -0.066417   0.500000   0.375000
  0.643216   0.504305   0.557686  -0.040797   0.396616   0.292069  -0.001627   0.500000   0.375000
  0.648241   0.504100   0.559679  -0.039330   0.396608   0.344412   0.017613   0.500000   0.375000
  0.653266   0.503903   0.561672  -0.037599   0.396696   0.365295   0.031626   0.500000   0.375000
  0.658291   0.503714   0.563665  -0.035763   0.396855   0.364365   0.048443   0.500000   0.375000
  0.663317   0.503534   0.565660  -0.033932   0.397099   0.347417   0.046813   0.500000   0.375000
  0.668342   0.503363   0.567655  -0.032186   0.397334   0.319254   0.032244   0.500000   0.375000
  0.673367   0.503202   0.569652  -0.030582   0.397496   0.295042   0.023409   0.500000   0.375000
  0.678392   0.503048   0.571649  -0.029099   0.397614   0.278325   0.019507   0.500000   0.375000
  0.683417   0.502902   0.573647  -0.027701   0.397712   0.266169   0.017723   0.500000   0.375000
  0.688442   0.502763   0.575646  -0.026363   0.397801   0.254439   0.016416   0.500000   0.375000
  0.693467   0.502630   0.577645  -0.025085   0.397883   0.242715   0.016003   0.500000   0.375000
  0.698492   0.502504   0.579644  -0.023865   0.397964   0.230689   0.015270   0.500000   0.375000
  0.703518   0.502384   0.581644  -0.022706   0.398040   0.219018   0.014046   0.500000   0.375000
  0.708543   0.502270   0.583644  -0.021605   0.398111   0.208071   0.013140   0.500000   0.375000
  0.713568   0.502161   0.585645  -0.020560   0.398177   0.197722   0.012894   0.500000   0.375000
  0.718593   0.502058   0.587646  -0.019566   0.398242   0.188363   0.012388   0.500000   0.375000
  0.723618   0.501960   0.589647  -0.018619   0.398304   0.180663   0.011108   0.500000   0.375000
  0.728643   0.501866   0.591648  -0.017712   0.398360   0.172123   0.010093   0.500000   0.375000
  0.733668   0.501777   0.593650  -0.016847   0.398411   0.161739   0.010075   0.500000   0.375000
  0.738693   0.501693   0.595652  -0.016034   0.398461   0.152808   0.010386   0.500000   0.375000
  0.743719   0.501612   0.597655  -0.015266   0.398513   0.147421   0.010118   0.500000   0.375000
  0.748744   0.501535   0.599657  -0.014525   0.398564   0.141997   0.009718   0.500000   0.375000
  0.753769   0.501462   0.601660  -0.013812   0.398613   0.133185   0.009292   0.500000   0.375000
  0.758794   0.501393   0.603663  -0.013142   0.398660   0.125771   0.009001   0.500000   0.375000
  0.763819   0.501327   0.605666  -0.012510   0.398705   0.123815   0.008757   0.500000   0.375000
  0.768844   0.501264   0.607670  -0.011888   0.398749   0.121177   0.007928   0.500000   0.375000
  0.773869   0.501204   0.609673  -0.011279   0.398789   0.111359   0.007147   0.500000   0.375000
  0.778894   0.501148   0.611677  -0.010720   0.398825   0.104052   0.006706   0.500000   0.375000
  0.783920   0.501094   0.613682  -0.010197   0.398858   0.109829   0.004255   0.500000   0.375000
  0.788945   0.501042   0.615686  -0.009645   0.398880   0.120538  -0.001627   0.500000   0.375000
  0.793970   0.500994   0.617690  -0.009039   0.398872   0.109988  -0.004054   0.500000   0.375000
  0.798995   0.500949   0.619695  -0.008486   0.398851   0.082301   0.001411   0.500000   0.375000
  0.804020   0.500906   0.621699  -0.008073   0.398858   0.072243   0.004383   0.500000   0.375000
  0.809045   0.500865   0.623703  -0.007710   0.398880   0.090354  -0.001905   0.500000   0.375000
  0.814070   0.500827   0.625708  -0.007256   0.398871   0.117011  -0.006695   0.500000   0.375000
  0.819095   0.500790   0.627712  -0.006668   0.398837   0.116558  -0.003092   0.500000   0.375000
  0.824121   0.500757   0.629717  -0.006082   0.398822   0.086722  -0.001901   0.500000   0.375000
  0.829146   0.500726   0.631721  -0.005646   0.398812   0.059924  -0.008900   0.500000   0.375000
  0.834171   0.500698   0.633725  -0.005345   0.398767   0.044678  -0.008891   0.500000   0.375000
  0.839196   0.500671   0.635728  -0.005121   0.398723   0.033908   0.006908   0.500000   0.375000
  0.844221   0.500645   0.637732  -0.004950   0.398757   0.033140   0.018453   0.500000   0.375000
  0.849246   0.500620   0.639736  -0.004784   0.398850   0.057953  -0.003016   0.500000   0.375000
  0.854271   0.500596   0.641740  -0.004493   0.398835   0.132655  -0.050556   0.500000   0.375000
  0.859296   0.500574   0.643744  -0.003826   0.398581   0.239036  -0.053124   0.500000   0.375000
  0.864322   0.500554   0.645747  -0.002625   0.398314   0.220960  -0.007358   0.500000   0.375000
  0.869347   0.500541   0.647749  -0.001514   0.398277   0.066670   0.009886   0.500000   0.375000
  0.874372   0.500534   0.649750  -0.001179   0.398327  -0.041702  -0.015476   0.500000   0.375000
  0.879397   0.500528   0.651752  -0.001389   0.398249  -0.064719  -0.032106   0.500000   0.375000
  0.884422   0.500521   0.653753  -0.001714   0.398087  -0.000744  -0.011270   0.500000   0.375000
  0.889447   0.500512   0.655754  -0.001718   0.398031   0.132001  -0.000887   0.500000   0.375000
  0.894472   0.500503   0.657754  -0.001054   0.398026   0.218595  -0.023709   0.500000   0.375000
  0.899497   0.500498   0.659754   0.000044   0.397907   0.128719  -0.036132   0.500000   0.375000
  0.904523   0.500498   0.661754   0.000691   0.397726   0.009901  -0.005151   0.500000   0.375000
  0.909548   0.500502   0.663752   0.000741   0.397700  -0.027291   0.000793   0.500000   0.375000
  0.914573   0.500506   0.665751   0.000604   0.397704  -0.011371  -0.049121   0.500000   0.375000
  0.919598   0.500509   0.667749   0.000546   0.397457   0.001552  -0.088355   0.500000   0.375000
  0.924623   0.500511   0.669746   0.000554   0.397013   0.001648  -0.050051   0.500000   0.375000
  0.929648   0.500514   0.671741   0.000563   0.396761  -0.010716   0.011679   0.500000   0.375000
  0.934673   0.500517   0.673735   0.000509   0.396820  -0.035274   0.039981   0.500000   0.375000
  0.939698   0.500519   0.675729   0.000331   0.397021  -0.045053   0.051000   0.500000   0.375000
  0.944724   0.500521   0.677724   0.000105   0.397277   0.025514   0.022952   0.500000   0.375000
  0.949749   0.500522   0.679721   0.000233   0.397393   0.140349  -0.081500   0.500000   0.375000
  0.954774   0.500523   0.681718   0.000938   0.396983   0.111514  -0.198563   0.500000   0.375000
  0.959799   0.500528   0.683712   0.001499   0.395985  -0.051805  -0.148716   0.500000   0.375000
  0.964824   0.500535   0.685702   0.001238   0.395238  -0.118084   0.018264   0.500000   0.375000
  0.969849   0.500541   0.687688   0.000645   0.395330  -0.030994   0.092707   0.500000   0.375000
  0.974874   0.500545   0.689675   0.000489   0.395796   0.094942   0.055630   0.500000   0.375000
  0.979899   0.500547   0.691664   0.000966   0.396075   0.047757   0.029831   0.500000   0.375000
  0.984925   0.500552   0.693654   0.001206   0.396225  -0.089613   0.068013   0.500000   0.375000
  0.989950   0.500558   0.695646   0.000756   0.396567  -0.106697   0.075179   0.500000   0.375000
  0.994975   0.500562   0.697638   0.000220   0.396945  -0.045476   0.040885   0.500000   0.375000
  1.000000   0.500563   0.699633  -0.000008   0.397150   0.034153  -0.032799   0.500000   0.375000