   0.000000    0.500000    0.300000    0.000000    0.000000   13.916835    4.998142    0.500000    0.000000
   0.005025    0.500000    0.300000    0.069932    0.025116   11.686023   42.204744    0.500000    0.000000
   0.010050    0.500351    0.300126    0.128654    0.237195    9.554315   28.103236    0.500000    0.000000
   0.015075    0.500998    0.301318    0.176665    0.378413    7.587888    4.428161    0.500000    0.000000
   0.020101    0.501886    0.303220    0.214802    0.400669    5.892920   -3.832344    0.500000    0.000000
   0.025126    0.502965    0.305233    0.244413    0.381412    4.478902   -5.608876    0.500000    0.000000
   0.030151    0.504193    0.307150    0.266920    0.353227    3.225156   -4.882246    0.500000    0.000000
   0.035176    0.505535    0.308925    0.283126    0.328694    2.047474   -3.286419    0.500000    0.000000
   0.040201    0.506957    0.310577    0.293415    0.312180    0.988580   -1.830412    0.500000    0.000000
   0.045226    0.508432    0.312145    0.298383    0.302982    0.166622   -0.826548    0.500000    0.000000
   0.050251    0.509931    0.313668    0.299220    0.298828   -0.434639   -0.232031    0.500000    0.000000
   0.055276    0.511435    0.315169    0.297036    0.297662   -0.954975    0.128927    0.500000    0.000000
   0.060302    0.512928    0.316665    0.292236    0.298310   -1.433508    0.357167    0.500000    0.000000
   0.065327    0.514396    0.318164    0.285033    0.300105   -1.852831    0.545447    0.500000    0.000000
   0.070352    0.515828    0.319673    0.275722    0.302846   -2.209533    0.704972    0.500000    0.000000
   0.075377    0.517214    0.321194    0.264619    0.306388   -2.524269    0.827658    0.500000    0.000000
   0.080402    0.518544    0.322734    0.251935    0.310547   -2.780153    0.908465    0.500000    0.000000
   0.085427    0.519810    0.324294    0.237965    0.315112   -2.923486    0.979960    0.500000    0.000000
   0.090452    0.521005    0.325878    0.223274    0.320037   -2.978337    1.066201    0.500000    0.000000
   0.095477    0.522127    0.327486    0.208308    0.325394   -3.020152    1.137630    0.500000    0.000000
   0.100503    0.523174    0.329121    0.193129    0.331112   -3.064640    1.170155    0.500000    0.000000
   0.105528    0.524145    0.330785    0.177729    0.336992   -3.085654    1.176520    0.500000    0.000000
   0.110553    0.525038    0.332479    0.162223    0.342904   -3.075689    1.174198    0.500000    0.000000
   0.115578    0.525853    0.334202    0.146768    0.348805   -3.043130    1.166006    0.500000    0.000000
   0.120603    0.526590    0.335955    0.131476    0.354664   -2.988275    1.151213    0.500000    0.000000
   0.125628    0.527251    0.337737    0.116460    0.360449   -2.919251    1.125585    0.500000    0.000000
   0.130653    0.527836    0.339548    0.101791    0.366105   -2.852256    1.089458    0.500000    0.000000
   0.135678    0.528348    0.341388    0.087458    0.371579   -2.781997    1.053861    0.500000    0.000000
   0.140704    0.528787    0.343255    0.073476    0.376876   -2.681543    1.026310    0.500000    0.000000
   0.145729    0.529157    0.345149    0.060001    0.382033   -2.551914    0.998429    0.500000    0.000000
   0.150754    0.529458    0.347069    0.047178    0.387050   -2.424900    0.961512    0.500000    0.000000
   0.155779    0.529695    0.349014    0.034993    0.391882   -2.307682    0.916019    0.500000    0.000000
   0.160804    0.529871    0.350983    0.023397    0.396485   -2.194337    0.865746    0.500000    0.000000
   0.165829    0.529989    0.352975    0.012370    0.400835   -2.080372    0.812857    0.500000    0.000000
   0.170854    0.530051    0.354989    0.001916    0.404920   -1.964445    0.763655    0.500000    0.000000
   0.175879    0.530060    0.357024   -0.007955    0.408757   -1.846449    0.722119    0.500000    0.000000
   0.180905    0.530020    0.359079   -0.017235    0.412387   -1.730643    0.680675    0.500000    0.000000
   0.185930    0.529934    0.361151   -0.025932    0.415807   -1.619485    0.633747    0.500000    0.000000
   0.190955    0.529804    0.363240   -0.034070    0.418991   -1.507809    0.585956    0.500000    0.000000
   0.195980    0.529632    0.365346   -0.041646    0.421936   -1.392003    0.543573    0.500000    0.000000
   0.201005    0.529423    0.367466   -0.048641    0.424667   -1.278710    0.502555    0.500000    0.000000
   0.206030    0.529179    0.369600   -0.055067    0.427193   -1.173195    0.456690    0.500000    0.000000
   0.211055    0.528902    0.371746   -0.060962    0.429488   -1.074051    0.408408    0.500000    0.000000
   0.216080    0.528596    0.373905   -0.066359    0.431540   -0.979548    0.367944    0.500000    0.000000
   0.221106    0.528262    0.376074   -0.071282    0.433389   -0.891722    0.342279    0.500000    0.000000
   0.226131    0.527904    0.378251   -0.075763    0.435109   -0.812263    0.321073    0.500000    0.000000
   0.231156    0.527523    0.380438   -0.079845    0.436722   -0.730872    0.294393    0.500000    0.000000
   0.236181    0.527122    0.382632   -0.083518    0.438202   -0.639795    0.260658    0.500000    0.000000
   0.241206    0.526702    0.384834   -0.086732    0.439512   -0.567431    0.222447    0.500000    0.000000
   0.246231    0.526266    0.387043   -0.089584    0.440629   -0.488400    0.184117    0.500000    0.000000
   0.251256    0.525816    0.389257   -0.092038    0.441555   -0.414490    0.150863    0.500000    0.000000
   0.256281    0.525354    0.391476   -0.094121    0.442313   -0.349575    0.123438    0.500000    0.000000
   0.261307    0.524881    0.393699   -0.095878    0.442933   -0.290488    0.099340    0.500000    0.000000
   0.266332    0.524399    0.395925   -0.097338    0.443432   -0.234476    0.077000    0.500000    0.000000
   0.271357    0.523910    0.398153   -0.098516    0.443819   -0.181169    0.056013    0.500000    0.000000
   0.276382    0.523415    0.400383   -0.099426    0.444101   -0.131045    0.036161    0.500000    0.000000
   0.281407    0.522915    0.402615   -0.100085    0.444282   -0.084009    0.017084    0.500000    0.000000
   0.286432    0.522412    0.404847   -0.100507    0.444368   -0.040212   -0.000365    0.500000    0.000000
   0.291457    0.521907    0.407080   -0.100709    0.444366   -0.000134   -0.015555    0.500000    0.000000
   0.296482    0.521401    0.409313   -0.100710    0.444288    0.037005   -0.029820    0.500000    0.000000
   0.301508    0.520895    0.411546   -0.100524    0.444138    0.072194   -0.044173    0.500000    0.000000
   0.306533    0.520390    0.413778   -0.100161    0.443916    0.105097   -0.058091    0.500000    0.000000
   0.311558    0.519887    0.416008   -0.099633    0.443624    0.134891   -0.069255    0.500000    0.000000
   0.316583    0.519386    0.418238   -0.098955    0.443276    0.161794   -0.077457    0.500000    0.000000
   0.321608    0.518889    0.420465   -0.098142    0.442887    0.186301   -0.085187    0.500000    0.000000
   0.326633    0.518395    0.422691   -0.097206    0.442459    0.208659   -0.093779    0.500000    0.000000
   0.331658    0.517907    0.424914   -0.096157    0.441988    0.228947   -0.103219    0.500000    0.000000
   0.336683    0.517424    0.427135   -0.095007    0.441469    0.247322   -0.113077    0.500000    0.000000
   0.341709    0.516946    0.429354   -0.093764    0.440901    0.263807   -0.123070    0.500000    0.000000
   0.346734    0.516475    0.431569   -0.092438    0.440282    0.278490   -0.131806    0.500000    0.000000
   0.351759    0.516011    0.433782   -0.091039    0.439620    0.291252   -0.136899    0.500000    0.000000
   0.356784    0.515553    0.435991   -0.089575    0.438932    0.302092   -0.138939    0.500000    0.000000
   0.361809    0.515103    0.438197   -0.088057    0.438234    0.311700   -0.141458    0.500000    0.000000
   0.366834    0.514661    0.440399   -0.086491    0.437523    0.321112   -0.146192    0.500000    0.000000
   0.371859    0.514226    0.442597   -0.084877    0.436789    0.338945   -0.153510    0.500000    0.000000
   0.376884    0.513799    0.444792   -0.083174    0.436017    0.363525   -0.187186    0.500000    0.000000
   0.381910    0.513381    0.446983   -0.081347    0.435076    0.403064   -0.249645    0.500000    0.000000
   0.386935    0.512973    0.449170   -0.079321    0.433822    0.456106   -0.363928    0.500000    0.000000
   0.391960    0.512574    0.451350   -0.077030    0.431993    0.544116   -0.632641    0.500000    0.000000
   0.396985    0.512187    0.453520   -0.074295    0.428814    0.669577   -1.025064    0.500000    0.000000
   0.402010    0.511814    0.455675   -0.070931    0.423663    0.906551   -1.568519    0.500000    0.000000
   0.407035    0.511457    0.457804   -0.066375    0.415781    1.412468   -2.082801    0.500000    0.000000
   0.412060    0.511124    0.459893   -0.059278    0.405315    1.699605   -2.051667    0.500000    0.000000
   0.417085    0.510826    0.461930   -0.050737    0.395006    1.515934   -0.731978    0.500000    0.000000
   0.422111    0.510571    0.463915   -0.043118    0.391327    0.916915    2.491865    0.500000    0.000000
   0.427136    0.510354    0.465882   -0.038511    0.403848   -2.359131    8.552994    0.500000    0.000000
   0.432161    0.510161    0.467911   -0.050365    0.446827  -14.111932   18.958514    0.500000    0.000000
   0.437186    0.509908    0.470157   -0.121278    0.542094  -39.432288   37.932368    0.500000    0.000000
   0.442211    0.509298    0.472881   -0.319425    0.732704  -69.851579   63.200083    0.500000    0.000000
   0.447236    0.507693    0.476562   -0.670429    1.050284  -95.083876   83.633283    0.500000    0.000000
   0.452261    0.504324    0.481840   -1.148226    1.470542 -110.256028   87.639706    0.500000    0.000000
   0.457286    0.498554    0.489230   -1.702262    1.910931 -113.024422   64.891391    0.500000    0.000000
   0.462312    0.489999    0.498834   -2.270323    2.237075 -100.108313   16.122414    0.500000    0.000000
   0.467337    0.478590    0.510075   -2.773367    2.318090  -66.304909  -45.246745    0.500000    0.000000
   0.472362    0.464654    0.521724   -3.106549    2.090725  -10.057596 -107.734389    0.500000    0.000000
   0.477387    0.449044    0.532229   -3.157089    1.549360   57.707607 -174.467994    0.500000    0.000000
   0.482412    0.433179    0.540015   -2.867108    0.672659  120.628502 -215.651199    0.500000    0.000000
   0.487437    0.418772    0.543395   -2.260950   -0.410989  175.381282 -135.361597    0.500000    0.000000
   0.492462    0.407411    0.541330   -1.379659   -1.091181  222.784222  -15.384004    0.500000    0.000000
   0.497487    0.400478    0.535847   -0.260168   -1.168485  247.313188   92.159574    0.500000    0.000000
   0.502513    0.399171    0.529974    0.982828   -0.705291  224.449224  183.872343    0.500000    0.000000
   0.507538    0.404109    0.526430    2.110685    0.218667  161.008738  243.340599    0.500000    0.000000
   0.512563    0.414715    0.527529    2.919754    1.441454   79.675002  239.372539    0.500000    0.000000
   0.517588    0.429387    0.534772    3.320121    2.644301   -5.152480  159.438404    0.500000    0.000000
   0.522613    0.446071    0.548060    3.294230    3.445479  -81.102881   44.982422    0.500000    0.000000
   0.527638    0.462624    0.565373    2.886688    3.671515 -124.066672  -50.137292    0.500000    0.000000
   0.532663    0.477130    0.583822    2.263253    3.419575 -125.742594 -101.514150    0.500000    0.000000
   0.537688    0.488503    0.601006    1.631396    2.909467 -107.798675 -115.369064    0.500000    0.000000
   0.542714    0.496702    0.615629    1.089600    2.329622  -86.302731 -107.144765    0.500000    0.000000
   0.547739    0.502177    0.627335    0.655929    1.791219  -62.309642  -85.907980    0.500000    0.000000
   0.552764    0.505473    0.636336    0.342823    1.359532  -39.034052  -60.890606    0.500000    0.000000
   0.557789    0.507196    0.643168    0.146677    1.053557  -21.456116  -40.214375    0.500000    0.000000
   0.562814    0.507933    0.648462    0.038860    0.851479   -9.812395  -26.813517    0.500000    0.000000
   0.567839    0.508128    0.652740   -0.010447    0.716741   -2.458585  -19.686136    0.500000    0.000000
   0.572864    0.508076    0.656342   -0.022802    0.617819    1.319484  -15.880436    0.500000    0.000000
   0.577889    0.507961    0.659447   -0.016171    0.538019    2.101665  -13.850133    0.500000    0.000000
   0.582915    0.507880    0.662151   -0.005608    0.468409    1.347343  -12.635626    0.500000    0.000000
   0.587940    0.507852    0.664504    0.001162    0.404915    0.459872  -11.803733    0.500000    0.000000
   0.592965    0.507858    0.666539    0.003473    0.345601   -0.115607  -11.098101    0.500000    0.000000
   0.597990    0.507875    0.668276    0.002892    0.289833   -0.436600  -10.289855    0.500000    0.000000
   0.603015    0.507890    0.669732    0.000698    0.238126   -0.628230   -9.413174    0.500000    0.000000
   0.608040    0.507893    0.670929   -0.002459    0.190825   -0.655526   -8.515879    0.500000    0.000000
   0.613065    0.507881    0.671888   -0.005753    0.148033   -0.638026   -7.595784    0.500000    0.000000
   0.618090    0.507852    0.672632   -0.008959    0.109864   -0.592444   -6.725954    0.500000    0.000000
   0.623116    0.507807    0.673184   -0.011936    0.076059   -0.538362   -5.913095    0.500000    0.000000
   0.628141    0.507747    0.673566   -0.014642    0.046346   -0.479180   -5.157407    0.500000    0.000000
   0.633166    0.507673    0.673799   -0.017050    0.020430   -0.424473   -4.462087    0.500000    0.000000
   0.638191    0.507588    0.673901   -0.019183   -0.001992   -0.373637   -3.823172    0.500000    0.000000
   0.643216    0.507491    0.673891   -0.021060   -0.021203   -0.326516   -3.236991    0.500000    0.000000
   0.648241    0.507386    0.673785   -0.022701   -0.037469   -0.282883   -2.700004    0.500000    0.000000
   0.653266    0.507271    0.673597   -0.024122   -0.051037   -0.242612   -2.208809    0.500000    0.000000
   0.658291    0.507150    0.673340   -0.025342   -0.062136   -0.205998   -1.760213    0.500000    0.000000
   0.663317    0.507023    0.673028   -0.026377   -0.070983   -0.173123   -1.351100    0.500000    0.000000
   0.668342    0.506890    0.672671   -0.027247   -0.077772   -0.142826   -0.978679    0.500000    0.000000
   0.673367    0.506753    0.672280   -0.027964   -0.082690   -0.114081   -0.640262    0.500000    0.000000
   0.678392    0.506613    0.671865   -0.028538   -0.085907   -0.087854   -0.333396    0.500000    0.000000
   0.683417    0.506469    0.671433   -0.028979   -0.087583   -0.065051   -0.055767    0.500000    0.000000
   0.688442    0.506324    0.670993   -0.029306   -0.087863   -0.044217    0.194601    0.500000    0.000000
   0.693467    0.506177    0.670552   -0.029528   -0.086885   -0.023982    0.419625    0.500000    0.000000
   0.698492    0.506028    0.670115   -0.029649   -0.084776   -0.005940    0.621629    0.500000    0.000000
   0.703518    0.505879    0.669689   -0.029679   -0.081652    0.008753    0.802784    0.500000    0.000000
   0.708543    0.505730    0.669279   -0.029635   -0.077618    0.022243    0.964387    0.500000    0.000000
   0.713568    0.505581    0.668889   -0.029523   -0.072772    0.035953    1.107479    0.500000    0.000000
   0.718593    0.505433    0.668523   -0.029342   -0.067207    0.047528    1.233610    0.500000    0.000000
   0.723618    0.505285    0.668185   -0.029103   -0.061008    0.055211    1.344253    0.500000    0.000000
   0.728643    0.505139    0.667879   -0.028826   -0.054253    0.062230    1.440852    0.500000    0.000000
   0.733668    0.504994    0.667606   -0.028513   -0.047013    0.072650    1.524238    0.500000    0.000000
   0.738693    0.504851    0.667370   -0.028148   -0.039354    0.090231    1.594854    0.500000    0.000000
   0.743719    0.504709    0.667172   -0.027695   -0.031338    0.112476    1.653812    0.500000    0.000000
   0.748744    0.504570    0.667014   -0.027129   -0.023027    0.116972    1.703855    0.500000    0.000000
   0.753769    0.504434    0.666899   -0.026542   -0.014466    0.102215    1.746923    0.500000    0.000000
   0.758794    0.504301    0.666826   -0.026028   -0.005687    0.091557    1.780311    0.500000    0.000000
   0.763819    0.504170    0.666798   -0.025568    0.003259    0.093365    1.801087    0.500000    0.000000
   0.768844    0.504041    0.666814   -0.025099    0.012309    0.106297    1.812193    0.500000    0.000000
   0.773869    0.503915    0.666876   -0.024565    0.021416    0.121211    1.824385    0.500000    0.000000
   0.778894    0.503792    0.666983   -0.023956    0.030583    0.121516    1.837569    0.500000    0.000000
   0.783920    0.503671    0.667137   -0.023345    0.039819    0.108362    1.840877    0.500000    0.000000
   0.788945    0.503554    0.667337   -0.022800    0.049069    0.103296    1.833096    0.500000    0.000000
   0.793970    0.503440    0.667584   -0.022281    0.058280    0.116576    1.823523    0.500000    0.000000
   0.798995    0.503328    0.667877   -0.021696    0.067444    0.137901    1.816961    0.500000    0.000000
   0.804020    0.503219    0.668215   -0.021003    0.076574    0.137569    1.805255    0.500000    0.000000
   0.809045    0.503113    0.668600   -0.020311    0.085645    0.118076    1.774579    0.500000    0.000000
   0.814070    0.503011    0.669031   -0.019718    0.094563    0.109125    1.719253    0.500000    0.000000
   0.819095    0.502912    0.669506   -0.019170    0.103202    0.116239    1.671164    0.500000    0.000000
   0.824121    0.502816    0.670025   -0.018585    0.111601    0.120160    1.668706    0.500000    0.000000
   0.829146    0.502722    0.670585   -0.017982    0.119986    0.107070    1.673579    0.500000    0.000000
   0.834171    0.502632    0.671188   -0.017444    0.128396    0.100875    1.658787    0.500000    0.000000
   0.839196    0.502544    0.671833   -0.016937    0.136731    0.124644    1.627758    0.500000    0.000000
   0.844221    0.502459    0.672520   -0.016310    0.144911    0.158238    1.589061    0.500000    0.000000
   0.849246    0.502377    0.673249   -0.015515    0.152896    0.146798    1.550298    0.500000    0.000000
   0.854271    0.502299    0.674017   -0.014778    0.160686    0.094619    1.512946    0.500000    0.000000
   0.859296    0.502225    0.674824   -0.014302    0.168289    0.075427    1.475622    0.500000    0.000000
   0.864322    0.502153    0.675670   -0.013923    0.175705    0.119704    1.440131    0.500000    0.000000
   0.869347    0.502083    0.676553   -0.013321    0.182942    0.183736    1.404735    0.500000    0.000000
   0.874372    0.502016    0.677472   -0.012398    0.190001    0.183942    1.372518    0.500000    0.000000
   0.879397    0.501954    0.678427   -0.011474    0.196898    0.121433    1.345762    0.500000    0.000000
   0.884422    0.501896    0.679417   -0.010864    0.203660    0.068881    1.324415    0.500000    0.000000
   0.889447    0.501841    0.680440   -0.010518    0.210315    0.046393    1.303982    0.500000    0.000000
   0.894472    0.501789    0.681497   -0.010284    0.216868    0.039451    1.257596    0.500000    0.000000
   0.899497    0.501737    0.682587   -0.010086    0.223187    0.061149    1.161494    0.500000    0.000000
   0.904523    0.501686    0.683708   -0.009779    0.229025    0.119768    1.055355    0.500000    0.000000
   0.909548    0.501637    0.684859   -0.009177    0.234328    0.159751    1.048852    0.500000    0.000000
   0.914573    0.501591    0.686037   -0.008374    0.239598    0.124443    1.126685    0.500000    0.000000
   0.919598    0.501549    0.687241   -0.007749    0.245260    0.076774    1.131777    0.500000    0.000000
   0.924623    0.501510    0.688473   -0.007363    0.250947    0.056812    1.028151    0.500000    0.000000
   0.929648    0.501473    0.689734   -0.007078    0.256114    0.055070    0.926703    0.500000    0.000000
   0.934673    0.501437    0.691021   -0.006801    0.260770    0.069098    0.929839    0.500000    0.000000
   0.939698    0.501403    0.692331   -0.006454    0.265443    0.111085    0.963367    0.500000    0.000000
   0.944724    0.501371    0.693666   -0.005895    0.270285    0.126271    0.973165    0.500000    0.000000
   0.949749    0.501341    0.695024   -0.005261    0.275175    0.088423    0.977027    0.500000    0.000000
   0.954774    0.501315    0.696406   -0.004817    0.280084    0.063262    0.962833    0.500000    0.000000
   0.959799    0.501291    0.697814   -0.004499    0.284923    0.081154    0.843909    0.500000    0.000000
   0.964824    0.501268    0.699246   -0.004091    0.289163    0.075664    0.597064    0.500000    0.000000
   0.969849    0.501247    0.700699   -0.003711    0.292164    0.011225    0.460787    0.500000    0.000000
   0.974874    0.501229    0.702167   -0.003654    0.294479   -0.038205    0.663918    0.500000    0.000000
   0.979899    0.501210    0.703647   -0.003846    0.297815   -0.040847    0.883656    0.500000    0.000000
   0.984925    0.501191    0.705143   -0.004052    0.302256   -0.039380    0.900568    0.500000    0.000000
   0.989950    0.501171    0.706662   -0.004249    0.306782   -0.013058    0.794845    0.500000    0.000000
   0.994975    0.501149    0.708204   -0.004315    0.310776    0.025694    0.702814    0.500000    0.000000
   1.000000    0.501128    0.709765   -0.004186    0.314308    0.069189    0.597474    0.500000    0.000000