  0.000000   0.500000   0.300000   0.000000   0.000000  13.895434  40.892439   0.500000   1.000000
  0.005025   0.500000   0.300000   0.069825   0.205485  11.631504  33.588407   0.500000   1.000000
  0.010050   0.500351   0.301033   0.128273   0.374266   9.532103  24.624919   0.500000   1.000000
  0.015075   0.500995   0.302913   0.176172   0.498006   7.651971  12.629551   0.500000   1.000000
  0.020101   0.501881   0.305416   0.214630   0.561483   5.981021   0.967449   0.500000   1.000000
  0.025126   0.502959   0.308238   0.244685   0.566344   4.442872  -4.561551   0.500000   1.000000
  0.030151   0.504189   0.311084   0.267011   0.543422   3.055196  -5.874256   0.500000   1.000000
  0.035176   0.505531   0.313814   0.282363   0.513904   1.942119  -5.968644   0.500000   1.000000
  0.040201   0.506950   0.316397   0.292122   0.483912   1.087127  -5.649607   0.500000   1.000000
  0.045226   0.508417   0.318828   0.297585   0.455522   0.340552  -4.875328   0.500000   1.000000
  0.050251   0.509913   0.321117   0.299296   0.431024  -0.345507  -3.892929   0.500000   1.000000
  0.055276   0.511417   0.323283   0.297560   0.411462  -0.955242  -3.079275   0.500000   1.000000
  0.060302   0.512912   0.325351   0.292759   0.395985  -1.481382  -2.522041   0.500000   1.000000
  0.065327   0.514383   0.327341   0.285315   0.383312  -1.929012  -2.118535   0.500000   1.000000
  0.070352   0.515817   0.329267   0.275622   0.372667  -2.277710  -1.719186   0.500000   1.000000
  0.075377   0.517202   0.331140   0.264176   0.364028  -2.522529  -1.322018   0.500000   1.000000
  0.080402   0.518530   0.332969   0.251500   0.357385  -2.701390  -0.993917   0.500000   1.000000
  0.085427   0.519793   0.334765   0.237926   0.352390  -2.848439  -0.766180   0.500000   1.000000
  0.090452   0.520989   0.336536   0.223613   0.348540  -2.966548  -0.595251   0.500000   1.000000
  0.095477   0.522113   0.338287   0.208706   0.345549  -3.045155  -0.401462   0.500000   1.000000
  0.100503   0.523162   0.340024   0.193401   0.343531  -3.086811  -0.191710   0.500000   1.000000
  0.105528   0.524133   0.341750   0.177890   0.342568  -3.099354  -0.022737   0.500000   1.000000
  0.110553   0.525027   0.343471   0.162315   0.342454  -3.085262   0.097142   0.500000   1.000000
  0.115578   0.525843   0.345192   0.146812   0.342942  -3.049247   0.192313   0.500000   1.000000
  0.120603   0.526581   0.346916   0.131489   0.343908  -2.993968   0.274857   0.500000   1.000000
  0.125628   0.527241   0.348644   0.116445   0.345289  -2.924460   0.342624   0.500000   1.000000
  0.130653   0.527827   0.350379   0.101749   0.347011  -2.842136   0.401284   0.500000   1.000000
  0.135678   0.528338   0.352123   0.087468   0.349027  -2.748344   0.453696   0.500000   1.000000
  0.140704   0.528777   0.353877   0.073654   0.351308  -2.649322   0.494686   0.500000   1.000000
  0.145729   0.529148   0.355642   0.060342   0.353793  -2.554945   0.522904   0.500000   1.000000
  0.150754   0.529451   0.357420   0.047503   0.356421  -2.468413   0.537383   0.500000   1.000000
  0.155779   0.529689   0.359211   0.035099   0.359121  -2.366297   0.538387   0.500000   1.000000
  0.160804   0.529866   0.361015   0.023209   0.361827  -2.223375   0.532997   0.500000   1.000000
  0.165829   0.529982   0.362834   0.012036   0.364505  -2.076632   0.540398   0.500000   1.000000
  0.170854   0.530043   0.364665   0.001601   0.367221  -1.948590   0.556378   0.500000   1.000000
  0.175879   0.530051   0.366511  -0.008191   0.370016  -1.832219   0.560987   0.500000   1.000000
  0.180905   0.530010   0.368370  -0.017399   0.372836  -1.719961   0.551710   0.500000   1.000000
  0.185930   0.529922   0.370244  -0.026042   0.375608  -1.610320   0.536666   0.500000   1.000000
  0.190955   0.529792   0.372131  -0.034134   0.378305  -1.502765   0.518605   0.500000   1.000000
  0.195980   0.529620   0.374032  -0.041685   0.380911  -1.394367   0.497182   0.500000   1.000000
  0.201005   0.529411   0.375946  -0.048692   0.383409  -1.283270   0.477934   0.500000   1.000000
  0.206030   0.529166   0.377873  -0.055141   0.385811  -1.176192   0.464667   0.500000   1.000000
  0.211055   0.528889   0.379812  -0.061051   0.388146  -1.078900   0.449251   0.500000   1.000000
  0.216080   0.528582   0.381762  -0.066472   0.390403  -0.988462   0.425229   0.500000   1.000000
  0.221106   0.528248   0.383724  -0.071440   0.392541  -0.894980   0.396883   0.500000   1.000000
  0.226131   0.527889   0.385697  -0.075938   0.394535  -0.799462   0.375849   0.500000   1.000000
  0.231156   0.527507   0.387679  -0.079955   0.396424  -0.711479   0.361341   0.500000   1.000000
  0.236181   0.527106   0.389671  -0.083530   0.398239  -0.633721   0.345012   0.500000   1.000000
  0.241206   0.526686   0.391672  -0.086715   0.399973  -0.563659   0.325278   0.500000   1.000000
  0.246231   0.526250   0.393682  -0.089547   0.401607  -0.494128   0.305363   0.500000   1.000000
  0.251256   0.525800   0.395700  -0.092030   0.403142  -0.425045   0.286870   0.500000   1.000000
  0.256281   0.525338   0.397726  -0.094166   0.404583  -0.363146   0.270487   0.500000   1.000000
  0.261307   0.524864   0.399760  -0.095991   0.405943  -0.309056   0.256182   0.500000   1.000000
  0.266332   0.524382   0.401799  -0.097544   0.407230  -0.260531   0.244565   0.500000   1.000000
  0.271357   0.523892   0.403846  -0.098853   0.408459  -0.223242   0.236776   0.500000   1.000000
  0.276382   0.523395   0.405898  -0.099975   0.409649  -0.200023   0.236168   0.500000   1.000000
  0.281407   0.522893   0.407957  -0.100980   0.410836  -0.185892   0.244626   0.500000   1.000000
  0.286432   0.522385   0.410021  -0.101914   0.412065  -0.185095   0.263056   0.500000   1.000000
  0.291457   0.521873   0.412092  -0.102844   0.413387  -0.215953   0.294861   0.500000   1.000000
  0.296482   0.521356   0.414169  -0.103930   0.414868  -0.297241   0.332999   0.500000   1.000000
  0.301508   0.520834   0.416254  -0.105423   0.416542  -0.391553   0.365645   0.500000   1.000000
  0.306533   0.520304   0.418347  -0.107391   0.418380  -0.447684   0.411620   0.500000   1.000000
  0.311558   0.519765   0.420450  -0.109641   0.420448  -0.526057   0.533468   0.500000   1.000000
  0.316583   0.519214   0.422562  -0.112284   0.423129  -0.791593   0.731135   0.500000   1.000000
  0.321608   0.518650   0.424689  -0.116262   0.426803  -1.271043   0.933118   0.500000   1.000000
  0.326633   0.518065   0.426833  -0.122649   0.431491  -1.839682   1.098688   0.500000   1.000000
  0.331658   0.517449   0.429002  -0.131893   0.437012  -2.453524   1.262921   0.500000   1.000000
  0.336683   0.516786   0.431198  -0.144222   0.443359  -3.153902   1.538901   0.500000   1.000000
  0.341709   0.516061   0.433426  -0.160074   0.451093  -3.998168   1.927033   0.500000   1.000000
  0.346734   0.515257   0.435693  -0.180164   0.460776  -5.010507   2.310280   0.500000   1.000000
  0.351759   0.514352   0.438008  -0.205342   0.472386  -6.215645   2.667935   0.500000   1.000000
  0.356784   0.513320   0.440382  -0.236576   0.485792  -7.600138   3.015177   0.500000   1.000000
  0.361809   0.512131   0.442823  -0.274767   0.500943  -9.138502   3.350676   0.500000   1.000000
  0.366834   0.510750   0.445340  -0.320688   0.517780 -10.816549   3.628263   0.500000   1.000000
  0.371859   0.509139   0.447942  -0.375041   0.536012 -12.587028   3.796948   0.500000   1.000000
  0.376884   0.507254   0.450635  -0.438291   0.555092 -14.413475   3.814463   0.500000   1.000000
  0.381910   0.505051   0.453425  -0.510733   0.574264 -16.244009   3.657288   0.500000   1.000000
  0.386935   0.502485   0.456311  -0.592359   0.592641 -17.958658   3.316163   0.500000   1.000000
  0.391960   0.499508   0.459289  -0.682601   0.609305 -19.457522   2.855084   0.500000   1.000000
  0.396985   0.496078   0.462351  -0.780375   0.623652 -20.673463   2.348721   0.500000   1.000000
  0.402010   0.492157   0.465485  -0.884259   0.635454 -21.455585   1.662512   0.500000   1.000000
  0.407035   0.487714   0.468678  -0.992074   0.643808 -21.663572   0.421665   0.500000   1.000000
  0.412060   0.482728   0.471913  -1.100933   0.645927 -21.116189  -1.366394   0.500000   1.000000
  0.417085   0.477196   0.475159  -1.207042   0.639061 -19.795214  -3.254050   0.500000   1.000000
  0.422111   0.471130   0.478371  -1.306533   0.622706 -17.670938  -5.022460   0.500000   1.000000
  0.427136   0.464564   0.481500  -1.395329   0.597468 -14.735057  -6.833131   0.500000   1.000000
  0.432161   0.457553   0.484502  -1.469373   0.563132 -10.966494  -8.751829   0.500000   1.000000
  0.437186   0.450169   0.487332  -1.524479   0.519154  -6.381195 -10.558626   0.500000   1.000000
  0.442211   0.442509   0.489941  -1.556545   0.466097  -0.925620 -12.041471   0.500000   1.000000
  0.447236   0.434687   0.492283  -1.561196   0.405588   5.162596 -13.147497   0.500000   1.000000
  0.452261   0.426842   0.494321  -1.535254   0.339522  11.596057 -13.897539   0.500000   1.000000
  0.457286   0.419127   0.496027  -1.476984   0.269687  18.285330 -14.280381   0.500000   1.000000
  0.462312   0.411704   0.497382  -1.385082   0.197914  25.036562 -13.953431   0.500000   1.000000
  0.467337   0.404744   0.498377  -1.259273   0.127798  31.354839 -12.761189   0.500000   1.000000
  0.472362   0.398416   0.499019  -1.101715   0.063673  36.982324 -11.112037   0.500000   1.000000
  0.477387   0.392880   0.499339  -0.915879   0.007835  41.942947  -9.326811   0.500000   1.000000
  0.482412   0.388278   0.499378  -0.705116  -0.039032  46.234124  -7.159274   0.500000   1.000000
  0.487437   0.384735   0.499182  -0.472789  -0.075008  49.100157  -4.352988   0.500000   1.000000
  0.492462   0.382359   0.498805  -0.226061  -0.096881  49.985734  -1.201259   0.500000   1.000000
  0.497487   0.381223   0.498318   0.025118  -0.102918  49.527421   1.867370   0.500000   1.000000
  0.502513   0.381349   0.497801   0.274042  -0.093532  48.319776   4.804721   0.500000   1.000000
  0.507538   0.382726   0.497331   0.516849  -0.069389  45.676744   7.557755   0.500000   1.000000
  0.512563   0.385323   0.496982   0.746375  -0.031411  41.052324   9.969271   0.500000   1.000000
  0.517588   0.389074   0.496825   0.952663   0.018685  35.334436  11.889325   0.500000   1.000000
  0.522613   0.393861   0.496919   1.130218   0.078429  29.452982  13.243464   0.500000   1.000000
  0.527638   0.399540   0.497313   1.278220   0.144977  23.191604  14.007619   0.500000   1.000000
  0.532663   0.405963   0.498041   1.394757   0.215365  16.224625  14.207198   0.500000   1.000000
  0.537688   0.412972   0.499123   1.476286   0.286756   9.075233  13.829496   0.500000   1.000000
  0.542714   0.420392   0.500565   1.521898   0.356264   2.430627  13.027062   0.500000   1.000000
  0.547739   0.428039   0.502355   1.534112   0.421725  -3.543544  11.948920   0.500000   1.000000
  0.552764   0.435748   0.504474   1.516306   0.481768  -8.847241  10.433015   0.500000   1.000000
  0.557789   0.443368   0.506895   1.471848   0.534194 -13.399670   8.364875   0.500000   1.000000
  0.562814   0.450764   0.509579   1.404515   0.576227 -17.063275   6.212437   0.500000   1.000000
  0.567839   0.457821   0.512475   1.318772   0.607445 -19.832246   4.266363   0.500000   1.000000
  0.572864   0.464448   0.515527   1.219115   0.628883 -21.724043   2.495560   0.500000   1.000000
  0.577889   0.470574   0.518687   1.109952   0.641423 -22.709385   0.854147   0.500000   1.000000
  0.582915   0.476153   0.521911   0.995814   0.645716 -23.023290  -0.598229   0.500000   1.000000
  0.587940   0.481157   0.525156   0.880122   0.642710 -22.971007  -1.802273   0.500000   1.000000
  0.592965   0.485580   0.528385   0.764693   0.633654 -22.418411  -2.729195   0.500000   1.000000
  0.597990   0.489422   0.531570   0.652041   0.619940 -20.764614  -3.392196   0.500000   1.000000
  0.603015   0.492699   0.534685   0.547698   0.602894 -18.505041  -3.820699   0.500000   1.000000
  0.608040   0.495451   0.537714   0.454711   0.583695 -16.465012  -4.066031   0.500000   1.000000
  0.613065   0.497736   0.540647   0.371974   0.563263 -14.702563  -4.195291   0.500000   1.000000
  0.618090   0.499605   0.543478   0.298094   0.542182 -12.982270  -4.199356   0.500000   1.000000
  0.623116   0.501103   0.546203   0.232845   0.521076 -11.153818  -3.928818   0.500000   1.000000
  0.628141   0.502273   0.548821   0.176797   0.501333  -9.318034  -3.459861   0.500000   1.000000
  0.633166   0.503162   0.551340   0.129974   0.483948  -7.667556  -3.014007   0.500000   1.000000
  0.638191   0.503815   0.553772   0.091444   0.468802  -6.239491  -2.637455   0.500000   1.000000
  0.643216   0.504274   0.556128   0.060091   0.455549  -5.006812  -2.280906   0.500000   1.000000
  0.648241   0.504576   0.558417   0.034931   0.444087  -3.929358  -1.921082   0.500000   1.000000
  0.653266   0.504752   0.560649   0.015186   0.434434  -2.978568  -1.584179   0.500000   1.000000
  0.658291   0.504828   0.562832   0.000219   0.426474  -2.171950  -1.286527   0.500000   1.000000
  0.663317   0.504829   0.564975  -0.010697   0.420007  -1.588870  -1.029764   0.500000   1.000000
  0.668342   0.504775   0.567086  -0.018681   0.414833  -1.193640  -0.810205   0.500000   1.000000
  0.673367   0.504681   0.569170  -0.024679   0.410762  -0.855736  -0.626075   0.500000   1.000000
  0.678392   0.504557   0.571234  -0.028979   0.407616  -0.525905  -0.475223   0.500000   1.000000
  0.683417   0.504412   0.573282  -0.031622   0.405228  -0.239929  -0.352129   0.500000   1.000000
  0.688442   0.504253   0.575319  -0.032828   0.403458  -0.060857  -0.249530   0.500000   1.000000
  0.693467   0.504088   0.577346  -0.033133   0.402204   0.028077  -0.168028   0.500000   1.000000
  0.698492   0.503921   0.579367  -0.032992   0.401360   0.090510  -0.115149   0.500000   1.000000
  0.703518   0.503756   0.581384  -0.032537   0.400781   0.146973  -0.084938   0.500000   1.000000
  0.708543   0.503592   0.583398  -0.031799   0.400354   0.191151  -0.061415   0.500000   1.000000
  0.713568   0.503432   0.585410  -0.030838   0.400046   0.221276  -0.039070   0.500000   1.000000
  0.718593   0.503277   0.587420  -0.029726   0.399849   0.243237  -0.021071   0.500000   1.000000
  0.723618   0.503128   0.589430  -0.028504   0.399744   0.256033  -0.011005   0.500000   1.000000
  0.728643   0.502985   0.591438  -0.027218   0.399688   0.251932  -0.005507   0.500000   1.000000
  0.733668   0.502848   0.593447  -0.025952   0.399661   0.235799  -0.001260   0.500000   1.000000
  0.738693   0.502718   0.595455  -0.024767   0.399654   0.221616   0.002228   0.500000   1.000000
  0.743719   0.502593   0.597464  -0.023653   0.399665   0.212472   0.004797   0.500000   1.000000
  0.748744   0.502474   0.599472  -0.022585   0.399690   0.205590   0.005267   0.500000   1.000000
  0.753769   0.502361   0.601480  -0.021552   0.399716   0.200141   0.002179   0.500000   1.000000
  0.758794   0.502252   0.603489  -0.020546   0.399727   0.196457  -0.002738   0.500000   1.000000
  0.763819   0.502149   0.605498  -0.019559   0.399713   0.189802  -0.002353   0.500000   1.000000
  0.768844   0.502051   0.607506  -0.018606   0.399701   0.178584   0.002510   0.500000   1.000000
  0.773869   0.501957   0.609515  -0.017708   0.399714   0.168916   0.004547   0.500000   1.000000
  0.778894   0.501868   0.611523  -0.016859   0.399737   0.164740   0.002745   0.500000   1.000000
  0.783920   0.501784   0.613532  -0.016031   0.399751   0.159386   0.001410   0.500000   1.000000
  0.788945   0.501703   0.615541  -0.015230   0.399758   0.149112   0.001581   0.500000   1.000000
  0.793970   0.501627   0.617550  -0.014481   0.399766   0.139483   0.001787   0.500000   1.000000
  0.798995   0.501554   0.619559  -0.013780   0.399775   0.134656   0.003471   0.500000   1.000000
  0.804020   0.501485   0.621568  -0.013104   0.399792   0.129272   0.002301   0.500000   1.000000
  0.809045   0.501419   0.623577  -0.012454   0.399804   0.122049  -0.010123   0.500000   1.000000
  0.814070   0.501356   0.625586  -0.011841   0.399753   0.115082  -0.026603   0.500000   1.000000
  0.819095   0.501297   0.627594  -0.011262   0.399619   0.106344  -0.022557   0.500000   1.000000
  0.824121   0.501240   0.629603  -0.010728   0.399506   0.103536   0.000930   0.500000   1.000000
  0.829146   0.501186   0.631610  -0.010208   0.399510   0.120984   0.008915   0.500000   1.000000
  0.834171   0.501135   0.633618  -0.009600   0.399555   0.147863  -0.016016   0.500000   1.000000
  0.839196   0.501087   0.635626  -0.008857   0.399475   0.138242  -0.053299   0.500000   1.000000
  0.844221   0.501042   0.637633  -0.008162   0.399207   0.095780  -0.057080   0.500000   1.000000
  0.849246   0.501001   0.639639  -0.007681   0.398920   0.070965  -0.024651   0.500000   1.000000
  0.854271   0.500963   0.641644  -0.007324   0.398796   0.066270   0.000057   0.500000   1.000000
  0.859296   0.500926   0.643648  -0.006991   0.398796   0.068563   0.007854   0.500000   1.000000
  0.864322   0.500891   0.645652  -0.006647   0.398836   0.081471   0.003814   0.500000   1.000000
  0.869347   0.500857   0.647656  -0.006237   0.398855   0.108342  -0.011284   0.500000   1.000000
  0.874372   0.500826   0.649660  -0.005693   0.398798   0.116798  -0.031905   0.500000   1.000000
  0.879397   0.500797   0.651664  -0.005106   0.398638   0.086084  -0.033072   0.500000   1.000000
  0.884422   0.500772   0.653667  -0.004673   0.398472   0.055072  -0.002806   0.500000   1.000000
  0.889447   0.500748   0.655670  -0.004397   0.398458   0.049069   0.008383   0.500000   1.000000
  0.894472   0.500726   0.657672  -0.004150   0.398500   0.051478  -0.049315   0.500000   1.000000
  0.899497   0.500705   0.659674  -0.003891   0.398252   0.056282  -0.134073   0.500000   1.000000
  0.904523   0.500686   0.661676  -0.003608   0.397578   0.060544  -0.134881   0.500000   1.000000
  0.909548   0.500667   0.663674  -0.003304   0.396900   0.062253  -0.049763   0.500000   1.000000
  0.914573   0.500651   0.665668  -0.002991   0.396650   0.073738   0.014419   0.500000   1.000000
  0.919598   0.500636   0.667661  -0.002621   0.396723   0.106434   0.037078   0.500000   1.000000
  0.924623   0.500623   0.669655  -0.002086   0.396909   0.111379   0.031733   0.500000   1.000000
  0.929648   0.500612   0.671649  -0.001526   0.397069   0.072890  -0.005667   0.500000   1.000000
  0.934673   0.500605   0.673645  -0.001160   0.397040   0.049118  -0.068662   0.500000   1.000000
  0.939698   0.500599   0.675640  -0.000913   0.396695   0.075204  -0.094174   0.500000   1.000000
  0.944724   0.500594   0.677634  -0.000535   0.396222   0.086229  -0.055730   0.500000   1.000000
  0.949749   0.500591   0.679625  -0.000102   0.395942   0.052697  -0.008997   0.500000   1.000000
  0.954774   0.500591   0.681614   0.000163   0.395897   0.033036  -0.002412   0.500000   1.000000
  0.959799   0.500592   0.683604   0.000329   0.395884   0.054385  -0.005355   0.500000   1.000000
  0.964824   0.500593   0.685593   0.000602   0.395858   0.051812  -0.006271   0.500000   1.000000
  0.969849   0.500596   0.687582   0.000863   0.395826  -0.009814   0.003506   0.500000   1.000000
  0.974874   0.500601   0.689571   0.000813   0.395844  -0.058862   0.044322   0.500000   1.000000
  0.979899   0.500605   0.691560   0.000517   0.396066  -0.064507   0.105657   0.500000   1.000000
  0.984925   0.500607   0.693551   0.000193   0.396597  -0.065323   0.137304   0.500000   1.000000
  0.989950   0.500608   0.695544  -0.000135   0.397287  -0.040092   0.108001   0.500000   1.000000
  0.994975   0.500608   0.697540  -0.000336   0.397830  -0.001114   0.004870   0.500000   1.000000
  1.000000   0.500606   0.699539  -0.000342   0.397855   0.043372  -0.180702   0.500000   1.000000