   0.000000    0.539018    0.303843    0.000000    0.000000    8.541109   41.182413    0.625000    0.000000
   0.005025    0.539018    0.303843    0.042919    0.206942    8.445959   33.216439    0.625000    0.000000
   0.010050    0.539234    0.304883    0.085360    0.373854    8.254972   23.793700    0.625000    0.000000
   0.015075    0.539663    0.306761    0.126841    0.493418    7.858774   11.783546    0.625000    0.000000
   0.020101    0.540300    0.309241    0.166339    0.552642    7.195876    0.609776    0.625000    0.000000
   0.025126    0.541136    0.312018    0.202499    0.555706    6.245533   -4.484430    0.625000    0.000000
   0.030151    0.542154    0.314811    0.233883    0.533172    5.000238   -5.647843    0.625000    0.000000
   0.035176    0.543329    0.317490    0.259009    0.504791    3.544335   -5.734376    0.625000    0.000000
   0.040201    0.544630    0.320027    0.276819    0.475976    2.102230   -5.439726    0.625000    0.000000
   0.045226    0.546021    0.322418    0.287383    0.448641    0.851624   -4.692652    0.625000    0.000000
   0.050251    0.547465    0.324673    0.291662    0.425061   -0.160800   -3.742480    0.625000    0.000000
   0.055276    0.548931    0.326809    0.290854    0.406255   -0.969316   -2.955460    0.625000    0.000000
   0.060302    0.550393    0.328851    0.285982    0.391401   -1.632659   -2.388819    0.625000    0.000000
   0.065327    0.551830    0.330817    0.277778    0.379397   -2.172463   -1.960503    0.625000    0.000000
   0.070352    0.553226    0.332724    0.266862    0.369545   -2.619304   -1.613288    0.625000    0.000000
   0.075377    0.554567    0.334581    0.253700    0.361438   -3.010954   -1.335365    0.625000    0.000000
   0.080402    0.555842    0.336397    0.238570    0.354728   -3.342136   -1.076326    0.625000    0.000000
   0.085427    0.557040    0.338180    0.221775    0.349320   -3.556704   -0.810951    0.625000    0.000000
   0.090452    0.558155    0.339935    0.203903    0.345245   -3.664256   -0.569772    0.625000    0.000000
   0.095477    0.559179    0.341670    0.185490    0.342382   -3.743460   -0.375460    0.625000    0.000000
   0.100503    0.560112    0.343391    0.166675    0.340495   -3.809964   -0.217309    0.625000    0.000000
   0.105528    0.560949    0.345102    0.147530    0.339403   -3.843771   -0.078146    0.625000    0.000000
   0.110553    0.561691    0.346807    0.128215    0.339010   -3.839608    0.041088    0.625000    0.000000
   0.115578    0.562335    0.348511    0.108921    0.339216   -3.806868    0.138008    0.625000    0.000000
   0.120603    0.562882    0.350215    0.089792    0.339910   -3.747562    0.220004    0.625000    0.000000
   0.125628    0.563333    0.351923    0.070960    0.341015   -3.667883    0.289612    0.625000    0.000000
   0.130653    0.563690    0.353637    0.052529    0.342471   -3.577347    0.347871    0.625000    0.000000
   0.135678    0.563954    0.355358    0.034553    0.344219   -3.471618    0.396474    0.625000    0.000000
   0.140704    0.564128    0.357088    0.017105    0.346211   -3.344502    0.435566    0.625000    0.000000
   0.145729    0.564214    0.358827    0.000299    0.348400   -3.208269    0.465755    0.625000    0.000000
   0.150754    0.564215    0.360578   -0.015823    0.350741   -3.079431    0.486954    0.625000    0.000000
   0.155779    0.564136    0.362341   -0.031297    0.353187   -2.953393    0.502245    0.625000    0.000000
   0.160804    0.563978    0.364115   -0.046138    0.355711   -2.806645    0.513754    0.625000    0.000000
   0.165829    0.563746    0.365903   -0.060241    0.358293   -2.643265    0.517366    0.625000    0.000000
   0.170854    0.563444    0.367703   -0.073524    0.360893   -2.488674    0.507201    0.625000    0.000000
   0.175879    0.563074    0.369517   -0.086029    0.363441   -2.346425    0.492758    0.625000    0.000000
   0.180905    0.562642    0.371343   -0.097822    0.365918   -2.205605    0.497593    0.625000    0.000000
   0.185930    0.562150    0.373182   -0.108906    0.368418   -2.057674    0.486781    0.625000    0.000000
   0.190955    0.561603    0.375033   -0.119245    0.370864   -1.909399    0.488045    0.625000    0.000000
   0.195980    0.561004    0.376897   -0.128840    0.373317   -1.767533    0.475631    0.625000    0.000000
   0.201005    0.560356    0.378773   -0.137722    0.375707   -1.632112    0.453108    0.625000    0.000000
   0.206030    0.559664    0.380661   -0.145923    0.377984   -1.500163    0.430270    0.625000    0.000000
   0.211055    0.558931    0.382560   -0.153462    0.380146   -1.371705    0.413406    0.625000    0.000000
   0.216080    0.558160    0.384470   -0.160355    0.382223   -1.249698    0.398416    0.625000    0.000000
   0.221106    0.557354    0.386392   -0.166635    0.384226   -1.134410    0.380837    0.625000    0.000000
   0.226131    0.556517    0.388322   -0.172336    0.386139   -1.024405    0.361300    0.625000    0.000000
   0.231156    0.555651    0.390263   -0.177484    0.387955   -0.918894    0.340436    0.625000    0.000000
   0.236181    0.554759    0.392212   -0.182101    0.389666   -0.818565    0.317420    0.625000    0.000000
   0.241206    0.553844    0.394170   -0.186214    0.391261   -0.723137    0.293959    0.625000    0.000000
   0.246231    0.552908    0.396136   -0.189848    0.392738   -0.631981    0.275938    0.625000    0.000000
   0.251256    0.551954    0.398110   -0.193024    0.394124   -0.545225    0.262505    0.625000    0.000000
   0.256281    0.550984    0.400090   -0.195763    0.395443   -0.463457    0.247812    0.625000    0.000000
   0.261307    0.550000    0.402078   -0.198093    0.396689   -0.386287    0.230592    0.625000    0.000000
   0.266332    0.549005    0.404071   -0.200034    0.397848   -0.312709    0.212621    0.625000    0.000000
   0.271357    0.548000    0.406070   -0.201605    0.398916   -0.242591    0.195289    0.625000    0.000000
   0.276382    0.546987    0.408075   -0.202824    0.399897   -0.176994    0.178882    0.625000    0.000000
   0.281407    0.545967    0.410084   -0.203714    0.400796   -0.115672    0.163616    0.625000    0.000000
   0.286432    0.544944    0.412098   -0.204295    0.401618   -0.058954    0.149107    0.625000    0.000000
   0.291457    0.543917    0.414116   -0.204591    0.402368   -0.007846    0.135095    0.625000    0.000000
   0.296482    0.542889    0.416138   -0.204631    0.403047    0.038011    0.121673    0.625000    0.000000
   0.301508    0.541861    0.418164   -0.204440    0.403658    0.081046    0.108612    0.625000    0.000000
   0.306533    0.540833    0.420192   -0.204032    0.404204    0.125147    0.095781    0.625000    0.000000
   0.311558    0.539808    0.422224   -0.203403    0.404685    0.165830    0.083917    0.625000    0.000000
   0.316583    0.538786    0.424257   -0.202570    0.405107    0.200702    0.073482    0.625000    0.000000
   0.321608    0.537768    0.426293   -0.201562    0.405476    0.230925    0.063833    0.625000    0.000000
   0.326633    0.536755    0.428330   -0.200401    0.405797    0.258265    0.054278    0.625000    0.000000
   0.331658    0.535748    0.430369   -0.199103    0.406070    0.283866    0.045055    0.625000    0.000000
   0.336683    0.534748    0.432410   -0.197677    0.406296    0.307471    0.036389    0.625000    0.000000
   0.341709    0.533754    0.434452   -0.196132    0.406479    0.328512    0.028277    0.625000    0.000000
   0.346734    0.532769    0.436495   -0.194481    0.406621    0.347015    0.020658    0.625000    0.000000
   0.351759    0.531791    0.438538   -0.192737    0.406725    0.363213    0.013455    0.625000    0.000000
   0.356784    0.530823    0.440582   -0.190912    0.406792    0.377365    0.006380    0.625000    0.000000
   0.361809    0.529863    0.442626   -0.189016    0.406824    0.389949   -0.000416    0.625000    0.000000
   0.366834    0.528914    0.444670   -0.187056    0.406822    0.403865   -0.006535    0.625000    0.000000
   0.371859    0.527974    0.446714   -0.185027    0.406790    0.421363   -0.011780    0.625000    0.000000
   0.376884    0.527044    0.448758   -0.182909    0.406730    0.451135   -0.025572    0.625000    0.000000
   0.381910    0.526125    0.450803   -0.180642    0.406602    0.505167   -0.054423    0.625000    0.000000
   0.386935    0.525217    0.452846   -0.178104    0.406328    0.591899   -0.130729    0.625000    0.000000
   0.391960    0.524322    0.454888   -0.175129    0.405671    0.852519   -0.291285    0.625000    0.000000
   0.396985    0.523442    0.456926   -0.170845    0.404208    1.306574   -0.536183    0.625000    0.000000
   0.402010    0.522583    0.458957   -0.164280    0.401513    2.114321   -0.710432    0.625000    0.000000
   0.407035    0.521758    0.460975   -0.153655    0.397943    3.084047   -0.816501    0.625000    0.000000
   0.412060    0.520986    0.462975   -0.138158    0.393841    3.548454   -0.941679    0.625000    0.000000
   0.417085    0.520292    0.464954   -0.120327    0.389109    1.416984   -0.455096    0.625000    0.000000
   0.422111    0.519687    0.466909   -0.113205    0.386821   -4.154089    1.850468    0.625000    0.000000
   0.427136    0.519118    0.468853   -0.134080    0.396120  -12.074066    6.571828    0.625000    0.000000
   0.432161    0.518444    0.470843   -0.194752    0.429143  -23.155068   15.780936    0.625000    0.000000
   0.437186    0.517466    0.473000   -0.311106    0.508443  -40.855197   31.541713    0.625000    0.000000
   0.442211    0.515902    0.475555   -0.516403    0.666940  -69.473419   49.704697    0.625000    0.000000
   0.447236    0.513307    0.478906   -0.865507    0.916706 -106.725512   59.707197    0.625000    0.000000
   0.452261    0.508958    0.483513   -1.401803    1.216734 -139.762732   50.924577    0.625000    0.000000
   0.457286    0.501914    0.489627   -2.104111    1.472630 -146.991676   16.685412    0.625000    0.000000
   0.462312    0.491339    0.497028   -2.842891    1.556491 -113.352941  -39.461341    0.625000    0.000000
   0.467337    0.477053    0.504850   -3.412489    1.358198  -49.488409 -113.089903    0.625000    0.000000
   0.472362    0.459906    0.511675   -3.661169    0.789921   24.649277 -188.338017    0.625000    0.000000
   0.477387    0.441508    0.515644   -3.537306   -0.156477   99.072473 -236.078945    0.625000    0.000000
   0.482412    0.423733    0.514858   -3.039467   -1.342774  169.386645 -230.998996    0.625000    0.000000
   0.487437    0.408460    0.508110   -2.188299   -2.503544  234.334011 -160.703857    0.625000    0.000000
   0.492462    0.397464    0.495530   -1.010771   -3.311081  281.513531  -33.858025    0.625000    0.000000
   0.497487    0.392385    0.478892    0.403835   -3.481217  271.606872  108.304091    0.625000    0.000000
   0.502513    0.394414    0.461395    1.768931   -2.936881  186.428377  214.495868    0.625000    0.000000
   0.507538    0.403303    0.446637    2.705734   -1.859039   86.849541  264.246914    0.625000    0.000000
   0.512563    0.416899    0.437296    3.142153   -0.531199    3.731267  260.779815    0.625000    0.000000
   0.517588    0.432689    0.434626    3.160902    0.779220  -63.895949  200.780603    0.625000    0.000000
   0.522613    0.448572    0.438542    2.839825    1.788143 -109.043450   96.899050    0.625000    0.000000
   0.527638    0.462842    0.447527    2.291882    2.275060 -120.897540   -5.556388    0.625000    0.000000
   0.532663    0.474359    0.458959    1.684372    2.247139 -111.394925  -81.628209    0.625000    0.000000
   0.537688    0.482823    0.470251    1.124612    1.836958  -93.865033 -117.598773    0.625000    0.000000
   0.542714    0.488475    0.479484    0.652846    1.245906  -72.284941 -104.307955    0.625000    0.000000
   0.547739    0.491756    0.485745    0.289615    0.721759  -48.430120  -64.249879    0.625000    0.000000
   0.552764    0.493211    0.489371    0.046253    0.398903  -25.058583  -30.752706    0.625000    0.000000
   0.557789    0.493444    0.491376   -0.079666    0.244371   -7.040898  -10.112847    0.625000    0.000000
   0.562814    0.493043    0.492604   -0.115047    0.193554    1.222287    1.249038    0.625000    0.000000
   0.567839    0.492465    0.493576   -0.108905    0.199830    1.724933    6.887878    0.625000    0.000000
   0.572864    0.491918    0.494581   -0.100237    0.234442    0.990034    8.694492    0.625000    0.000000
   0.577889    0.491414    0.495759   -0.095262    0.278132    0.872569    8.466794    0.625000    0.000000
   0.582915    0.490935    0.497157   -0.090876    0.320686    0.929494    7.069623    0.625000    0.000000
   0.587940    0.490479    0.498768   -0.086206    0.356211    0.803465    5.502563    0.625000    0.000000
   0.592965    0.490046    0.500558   -0.082168    0.383861    0.634630    4.319666    0.625000    0.000000
   0.597990    0.489633    0.502487   -0.078979    0.405567    0.464277    3.604987    0.625000    0.000000
   0.603015    0.489236    0.504525   -0.076646    0.423682    0.343164    3.107464    0.625000    0.000000
   0.608040    0.488851    0.506654   -0.074922    0.439297    0.258177    2.700875    0.625000    0.000000
   0.613065    0.488474    0.508861   -0.073625    0.452869    0.206052    2.376690    0.625000    0.000000
   0.618090    0.488104    0.511137   -0.072589    0.464812    0.169597    2.085907    0.625000    0.000000
   0.623116    0.487739    0.513473   -0.071737    0.475296    0.143932    1.829032    0.625000    0.000000
   0.628141    0.487379    0.515861   -0.071014    0.484487    0.123849    1.599159    0.625000    0.000000
   0.633166    0.487022    0.518296   -0.070391    0.492523    0.107965    1.390365    0.625000    0.000000
   0.638191    0.486668    0.520771   -0.069849    0.499509    0.092797    1.200060    0.625000    0.000000
   0.643216    0.486317    0.523281   -0.069382    0.505539    0.079090    1.025536    0.625000    0.000000
   0.648241    0.485969    0.525821   -0.068985    0.510693    0.067680    0.865364    0.625000    0.000000
   0.653266    0.485622    0.528388   -0.068645    0.515041    0.057961    0.718572    0.625000    0.000000
   0.658291    0.485277    0.530976   -0.068354    0.518652    0.047859    0.584652    0.625000    0.000000
   0.663317    0.484934    0.533582   -0.068113    0.521590    0.037165    0.462669    0.625000    0.000000
   0.668342    0.484591    0.536203   -0.067926    0.523915    0.028795    0.351264    0.625000    0.000000
   0.673367    0.484250    0.538836   -0.067782    0.525680    0.022933    0.249548    0.625000    0.000000
   0.678392    0.483909    0.541478   -0.067666    0.526934    0.017625    0.157166    0.625000    0.000000
   0.683417    0.483569    0.544125   -0.067578    0.527724    0.011295    0.073798    0.625000    0.000000
   0.688442    0.483230    0.546777   -0.067521    0.528095    0.004665   -0.001433    0.625000    0.000000
   0.693467    0.482891    0.549431   -0.067498    0.528088   -0.001233   -0.069357    0.625000    0.000000
   0.698492    0.482551    0.552085   -0.067504    0.527739   -0.007514   -0.130591    0.625000    0.000000
   0.703518    0.482212    0.554737   -0.067542    0.527083   -0.016199   -0.185687    0.625000    0.000000
   0.708543    0.481873    0.557386   -0.067623    0.526150   -0.026475   -0.234877    0.625000    0.000000
   0.713568    0.481533    0.560029   -0.067756    0.524970   -0.033611   -0.278651    0.625000    0.000000
   0.718593    0.481192    0.562667   -0.067925    0.523569   -0.034520   -0.317639    0.625000    0.000000
   0.723618    0.480851    0.565298   -0.068098    0.521973   -0.027542   -0.352297    0.625000    0.000000
   0.728643    0.480509    0.567921   -0.068237    0.520203   -0.014329   -0.382254    0.625000    0.000000
   0.733668    0.480166    0.570535   -0.068309    0.518282   -0.006317   -0.407706    0.625000    0.000000
   0.738693    0.479823    0.573140   -0.068340    0.516233   -0.012589   -0.429579    0.625000    0.000000
   0.743719    0.479479    0.575734   -0.068404    0.514074   -0.025136   -0.448166    0.625000    0.000000
   0.748744    0.479136    0.578318   -0.068530    0.511822   -0.034697   -0.464890    0.625000    0.000000
   0.753769    0.478791    0.580889   -0.068704    0.509486   -0.039827   -0.483350    0.625000    0.000000
   0.758794    0.478446    0.583450   -0.068905    0.507057   -0.042409   -0.501090    0.625000    0.000000
   0.763819    0.478100    0.585998   -0.069118    0.504539   -0.040112   -0.511975    0.625000    0.000000
   0.768844    0.477752    0.588533   -0.069319    0.501967   -0.028978   -0.515852    0.625000    0.000000
   0.773869    0.477404    0.591055   -0.069465    0.499375   -0.013725   -0.521755    0.625000    0.000000
   0.778894    0.477055    0.593565   -0.069534    0.496753   -0.015182   -0.534807    0.625000    0.000000
   0.783920    0.476706    0.596061   -0.069610    0.494065   -0.031922   -0.551511    0.625000    0.000000
   0.788945    0.476356    0.598544   -0.069771    0.491294   -0.039865   -0.555351    0.625000    0.000000
   0.793970    0.476005    0.601013   -0.069971    0.488503   -0.034662   -0.530626    0.625000    0.000000
   0.798995    0.475654    0.603467   -0.070145    0.485837   -0.034148   -0.493047    0.625000    0.000000
   0.804020    0.475301    0.605909   -0.070317    0.483359   -0.047555   -0.465962    0.625000    0.000000
   0.809045    0.474948    0.608338   -0.070556    0.481017   -0.057584   -0.459124    0.625000    0.000000
   0.814070    0.474593    0.610755   -0.070845    0.478710   -0.037243   -0.470742    0.625000    0.000000
   0.819095    0.474237    0.613160   -0.071032    0.476345    0.022060   -0.489023    0.625000    0.000000
   0.824121    0.473880    0.615554   -0.070921    0.473887    0.067256   -0.494757    0.625000    0.000000
   0.829146    0.473524    0.617936   -0.070583    0.471401    0.020474   -0.487907    0.625000    0.000000
   0.834171    0.473169    0.620304   -0.070480    0.468949   -0.047987   -0.482727    0.625000    0.000000
   0.839196    0.472815    0.622661   -0.070721    0.466523   -0.065825   -0.484229    0.625000    0.000000
   0.844221    0.472460    0.625005   -0.071052    0.464090   -0.053021   -0.473957    0.625000    0.000000
   0.849246    0.472103    0.627337   -0.071319    0.461709   -0.041239   -0.445561    0.625000    0.000000
   0.854271    0.471744    0.629657   -0.071526    0.459470   -0.018903   -0.424954    0.625000    0.000000
   0.859296    0.471385    0.631966   -0.071621    0.457334    0.024926   -0.429162    0.625000    0.000000
   0.864322    0.471025    0.634265   -0.071496    0.455177    0.049782   -0.432330    0.625000    0.000000
   0.869347    0.470665    0.636552   -0.071245    0.453005    0.008811   -0.412652    0.625000    0.000000
   0.874372    0.470307    0.638828   -0.071201    0.450931   -0.035698   -0.388392    0.625000    0.000000
   0.879397    0.469950    0.641094   -0.071381    0.448980   -0.048684   -0.385514    0.625000    0.000000
   0.884422    0.469591    0.643350   -0.071625    0.447042   -0.036946   -0.385322    0.625000    0.000000
   0.889447    0.469231    0.645597   -0.071811    0.445106   -0.004806   -0.421830    0.625000    0.000000
   0.894472    0.468870    0.647833   -0.071835    0.442986    0.044278   -0.536243    0.625000    0.000000
   0.899497    0.468509    0.650059   -0.071613    0.440292    0.055658   -0.685196    0.625000    0.000000
   0.904523    0.468149    0.652272   -0.071333    0.436848    0.014895   -0.673154    0.625000    0.000000
   0.909548    0.467791    0.654468   -0.071258    0.433465    0.003872   -0.502181    0.625000    0.000000
   0.914573    0.467433    0.656646   -0.071238    0.430942    0.050523   -0.350202    0.625000    0.000000
   0.919598    0.467075    0.658811   -0.070985    0.429182    0.087539   -0.254801    0.625000    0.000000
   0.924623    0.466718    0.660968   -0.070545    0.427902    0.059581   -0.179567    0.625000    0.000000
   0.929648    0.466364    0.663118   -0.070245    0.427000    0.006739   -0.103235    0.625000    0.000000
   0.934673    0.466011    0.665264   -0.070211    0.426481   -0.014489   -0.075084    0.625000    0.000000
   0.939698    0.465658    0.667407   -0.070284    0.426103   -0.018294   -0.145896    0.625000    0.000000
   0.944724    0.465305    0.669548   -0.070376    0.425370   -0.020444   -0.254772    0.625000    0.000000
   0.949749    0.464951    0.671686   -0.070479    0.424090   -0.035617   -0.284480    0.625000    0.000000
   0.954774    0.464597    0.673817   -0.070658    0.422660   -0.043946   -0.240315    0.625000    0.000000
   0.959799    0.464242    0.675941   -0.070879    0.421453   -0.015733   -0.223837    0.625000    0.000000
   0.964824    0.463886    0.678059   -0.070958    0.420328    0.038728   -0.290778    0.625000    0.000000
   0.969849    0.463529    0.680171   -0.070763    0.418867    0.021893   -0.331061    0.625000    0.000000
   0.974874    0.463173    0.682276   -0.070653    0.417203   -0.094492   -0.224303    0.625000    0.000000
   0.979899    0.462818    0.684372   -0.071128    0.416076   -0.175724   -0.128351    0.625000    0.000000
   0.984925    0.462461    0.686463   -0.072011    0.415431   -0.104430   -0.121718    0.625000    0.000000
   0.989950    0.462099    0.688551   -0.072536    0.414819    0.012299   -0.108481    0.625000    0.000000
   0.994975    0.461735    0.690635   -0.072474    0.414274   -0.013131   -0.100645    0.625000    0.000000
   1.000000    0.461370    0.692717   -0.072540    0.413769   -0.010666   -0.206639    0.625000    0.000000