  0.000000   0.539018   0.303843   0.000000   0.000000   7.990538  37.775356   0.625000   0.250000
  0.005025   0.539018   0.303843   0.040152   0.189821   7.333648  29.249876   0.625000   0.250000
  0.010050   0.539220   0.304797   0.077004   0.336802   7.146536  19.707893   0.625000   0.250000
  0.015075   0.539607   0.306489   0.112915   0.435834   7.339061   9.593019   0.625000   0.250000
  0.020101   0.540174   0.308680   0.149801   0.484048   7.260530   0.791464   0.625000   0.250000
  0.025126   0.540927   0.311112   0.186286   0.488026   6.591554  -4.807572   0.625000   0.250000
  0.030151   0.541863   0.313564   0.219408   0.463868   5.337631  -6.783548   0.625000   0.250000
  0.035176   0.542966   0.315895   0.246230   0.429780   3.745823  -6.122529   0.625000   0.250000
  0.040201   0.544203   0.318055   0.265053   0.399014   2.266285  -4.544119   0.625000   0.250000
  0.045226   0.545535   0.320060   0.276441   0.376180   1.034448  -3.172555   0.625000   0.250000
  0.050251   0.546924   0.321950   0.281639   0.360238   0.023422  -2.246938   0.625000   0.250000
  0.055276   0.548339   0.323761   0.281756   0.348947  -0.771945  -1.590105   0.625000   0.250000
  0.060302   0.549755   0.325514   0.277877   0.340955  -1.416159  -1.059326   0.625000   0.250000
  0.065327   0.551152   0.327228   0.270760   0.335632  -1.964376  -0.709629   0.625000   0.250000
  0.070352   0.552512   0.328914   0.260889   0.332066  -2.431674  -0.484728   0.625000   0.250000
  0.075377   0.553823   0.330583   0.248670   0.329631  -2.818636  -0.327805   0.625000   0.250000
  0.080402   0.555073   0.332239   0.234507   0.327983  -3.123696  -0.140464   0.625000   0.250000
  0.085427   0.556251   0.333887   0.218810   0.327278  -3.355883   0.073255   0.625000   0.250000
  0.090452   0.557351   0.335532   0.201947   0.327646  -3.532336   0.241217   0.625000   0.250000
  0.095477   0.558365   0.337178   0.184197   0.328858  -3.667303   0.344559   0.625000   0.250000
  0.100503   0.559291   0.338831   0.165765   0.330590  -3.744800   0.422657   0.625000   0.250000
  0.105528   0.560124   0.340492   0.146947   0.332713  -3.755718   0.505291   0.625000   0.250000
  0.110553   0.560863   0.342164   0.128075   0.335253  -3.738838   0.574307   0.625000   0.250000
  0.115578   0.561506   0.343849   0.109287   0.338138  -3.728006   0.616351   0.625000   0.250000
  0.120603   0.562055   0.345548   0.090554   0.341236  -3.709442   0.645236   0.625000   0.250000
  0.125628   0.562510   0.347263   0.071914   0.344478  -3.636582   0.679127   0.625000   0.250000
  0.130653   0.562872   0.348994   0.053640   0.347891  -3.516522   0.710112   0.625000   0.250000
  0.135678   0.563141   0.350742   0.035970   0.351459  -3.393730   0.724738   0.625000   0.250000
  0.140704   0.563322   0.352508   0.018913   0.355101  -3.289931   0.725839   0.625000   0.250000
  0.145729   0.563417   0.354293   0.002381   0.358749  -3.193068   0.715170   0.625000   0.250000
  0.150754   0.563429   0.356096  -0.013664   0.362342  -3.064634   0.694935   0.625000   0.250000
  0.155779   0.563360   0.357916  -0.029064   0.365835  -2.905353   0.675518   0.625000   0.250000
  0.160804   0.563214   0.359755  -0.043663   0.369229  -2.750155   0.667013   0.625000   0.250000
  0.165829   0.562995   0.361610  -0.057483   0.372581  -2.605945   0.657494   0.625000   0.250000
  0.170854   0.562706   0.363482  -0.070578   0.375885  -2.465013   0.639045   0.625000   0.250000
  0.175879   0.562351   0.365371  -0.082965   0.379096  -2.323782   0.614106   0.625000   0.250000
  0.180905   0.561934   0.367276  -0.094644   0.382182  -2.184882   0.586689   0.625000   0.250000
  0.185930   0.561459   0.369197  -0.105623   0.385130  -2.045815   0.556892   0.625000   0.250000
  0.190955   0.560928   0.371132  -0.115903   0.387929  -1.903574   0.527214   0.625000   0.250000
  0.195980   0.560346   0.373081  -0.125469   0.390578  -1.764417   0.501929   0.625000   0.250000
  0.201005   0.559715   0.375044  -0.134335   0.393100  -1.635805   0.476322   0.625000   0.250000
  0.206030   0.559040   0.377019  -0.142555   0.395494  -1.514131   0.444534   0.625000   0.250000
  0.211055   0.558324   0.379007  -0.150163   0.397728  -1.388539   0.410205   0.625000   0.250000
  0.216080   0.557569   0.381005  -0.157141   0.399789  -1.259656   0.383383   0.625000   0.250000
  0.221106   0.556779   0.383015  -0.163472   0.401716  -1.139717   0.363712   0.625000   0.250000
  0.226131   0.555958   0.385033  -0.169199   0.403543  -1.032393   0.341546   0.625000   0.250000
  0.231156   0.555108   0.387061  -0.174387   0.405260  -0.932716   0.315772   0.625000   0.250000
  0.236181   0.554231   0.389098  -0.179073   0.406846  -0.831755   0.289319   0.625000   0.250000
  0.241206   0.553332   0.391142  -0.183253   0.408300  -0.730338   0.263311   0.625000   0.250000
  0.246231   0.552411   0.393194  -0.186923   0.409623  -0.635592   0.237203   0.625000   0.250000
  0.251256   0.551471   0.395252  -0.190117   0.410815  -0.548837   0.213710   0.625000   0.250000
  0.256281   0.550516   0.397316  -0.192875   0.411889  -0.468033   0.194429   0.625000   0.250000
  0.261307   0.549547   0.399387  -0.195227   0.412866  -0.392155   0.175682   0.625000   0.250000
  0.266332   0.548566   0.401461  -0.197198   0.413749  -0.321195   0.155184   0.625000   0.250000
  0.271357   0.547575   0.403540  -0.198812   0.414529  -0.253562   0.135049   0.625000   0.250000
  0.276382   0.546576   0.405623  -0.200086   0.415208  -0.188196   0.117542   0.625000   0.250000
  0.281407   0.545570   0.407710  -0.201031   0.415798  -0.127280   0.101174   0.625000   0.250000
  0.286432   0.544560   0.409799  -0.201671   0.416307  -0.072723   0.084650   0.625000   0.250000
  0.291457   0.543547   0.411891  -0.202036   0.416732  -0.023245   0.068889   0.625000   0.250000
  0.296482   0.542532   0.413985  -0.202153   0.417078   0.024881   0.055057   0.625000   0.250000
  0.301508   0.541516   0.416081  -0.202028   0.417355   0.071825   0.042532   0.625000   0.250000
  0.306533   0.540500   0.418179  -0.201667   0.417569   0.114637   0.030083   0.625000   0.250000
  0.311558   0.539487   0.420277  -0.201091   0.417720   0.152706   0.017843   0.625000   0.250000
  0.316583   0.538476   0.422376  -0.200324   0.417809   0.187522   0.005987   0.625000   0.250000
  0.321608   0.537470   0.424475  -0.199382   0.417840   0.222005  -0.005464   0.625000   0.250000
  0.326633   0.536468   0.426575  -0.198266   0.417812   0.253906  -0.016229   0.625000   0.250000
  0.331658   0.535472   0.428675  -0.196990   0.417731   0.281403  -0.026894   0.625000   0.250000
  0.336683   0.534482   0.430774  -0.195576   0.417595   0.311494  -0.050817   0.625000   0.250000
  0.341709   0.533499   0.432872  -0.194011   0.417340   0.339502  -0.083890   0.625000   0.250000
  0.346734   0.532524   0.434970  -0.192305   0.416918   0.373458  -0.147080   0.625000   0.250000
  0.351759   0.531558   0.437065  -0.190428   0.416179   0.422020  -0.242987   0.625000   0.250000
  0.356784   0.530601   0.439156  -0.188307   0.414958   0.501224  -0.329270   0.625000   0.250000
  0.361809   0.529654   0.441241  -0.185789   0.413304   0.525427  -0.340287   0.625000   0.250000
  0.366834   0.528721   0.443318  -0.183148   0.411594   0.446667  -0.254800   0.625000   0.250000
  0.371859   0.527801   0.445386  -0.180904   0.410313   0.398189  -0.054654   0.625000   0.250000
  0.376884   0.526892   0.447448  -0.178903   0.410039   0.291235   0.359626   0.625000   0.250000
  0.381910   0.525992   0.449509  -0.177439   0.411846  -0.264655   1.128205   0.625000   0.250000
  0.386935   0.525101   0.451578  -0.178769   0.417516  -1.727703   2.215881   0.625000   0.250000
  0.391960   0.524202   0.453676  -0.187451   0.428650  -4.119381   3.426233   0.625000   0.250000
  0.396985   0.523260   0.455830  -0.208151   0.445867  -7.412622   4.741596   0.625000   0.250000
  0.402010   0.522214   0.458071  -0.245399   0.469694 -11.730068   6.197429   0.625000   0.250000
  0.407035   0.520981   0.460431  -0.304343   0.500836 -17.024753   7.852369   0.625000   0.250000
  0.412060   0.519452   0.462948  -0.389892   0.540294 -23.391596   9.488390   0.625000   0.250000
  0.417085   0.517493   0.465663  -0.507435   0.587973 -31.032079  10.638881   0.625000   0.250000
  0.422111   0.514942   0.468618  -0.663402   0.641444 -39.968814  10.672448   0.625000   0.250000
  0.427136   0.511609   0.471841  -0.864245   0.695073 -49.148334   9.003314   0.625000   0.250000
  0.432161   0.507266   0.475334  -1.111216   0.740315 -56.922207   5.736433   0.625000   0.250000
  0.437186   0.501682   0.479054  -1.397250   0.769140 -60.456940   1.097015   0.625000   0.250000
  0.442211   0.494661   0.482919  -1.701046   0.774653 -57.398076  -6.024499   0.625000   0.250000
  0.447236   0.486113   0.486812  -1.989471   0.744380 -50.219928 -17.746959   0.625000   0.250000
  0.452261   0.476116   0.490552  -2.241826   0.655201 -40.853470 -32.013279   0.625000   0.250000
  0.457286   0.464851   0.493844  -2.447115   0.494335 -24.892532 -45.958371   0.625000   0.250000
  0.462312   0.452552   0.496329  -2.572225   0.263348   1.113951 -58.832089   0.625000   0.250000
  0.467337   0.439626   0.497652  -2.566627  -0.032283  32.644181 -67.714355   0.625000   0.250000
  0.472362   0.426729   0.497490  -2.402590  -0.372548  65.277390 -64.654452   0.625000   0.250000
  0.477387   0.414656   0.495618  -2.074572  -0.697437  96.808917 -48.710218   0.625000   0.250000
  0.482412   0.404231   0.492113  -1.588107  -0.942206 119.594229 -28.287155   0.625000   0.250000
  0.487437   0.396251   0.487379  -0.987146  -1.084348 128.671392  -7.476399   0.625000   0.250000
  0.492462   0.391291   0.481930  -0.340572  -1.121917 128.935509  15.051761   0.625000   0.250000
  0.497487   0.389579   0.476292   0.307329  -1.046282 122.758402  38.724253   0.625000   0.250000
  0.502513   0.391124   0.471034   0.924313  -0.851654 108.370177  58.879856   0.625000   0.250000
  0.507538   0.395769   0.466754   1.468873  -0.555783  86.402936  73.686914   0.625000   0.250000
  0.512563   0.403150   0.463961   1.903048  -0.185506  60.027602  82.390139   0.625000   0.250000
  0.517588   0.412712   0.463029   2.204686   0.228504  32.324506  81.678393   0.625000   0.250000
  0.522613   0.423791   0.464177   2.367117   0.638938   4.678026  69.970494   0.625000   0.250000
  0.527638   0.435686   0.467388   2.390624   0.990540 -21.928312  51.726577   0.625000   0.250000
  0.532663   0.447699   0.472365   2.280434   1.250466 -44.598747  32.185223   0.625000   0.250000
  0.537688   0.459158   0.478649   2.056326   1.412197 -57.204587  13.168120   0.625000   0.250000
  0.542714   0.469493   0.485747   1.768815   1.478380 -59.669013  -3.594975   0.625000   0.250000
  0.547739   0.478381   0.493176   1.468979   1.460315 -58.180573 -16.174674   0.625000   0.250000
  0.552764   0.485763   0.500514   1.176621   1.379037 -56.331776 -24.476653   0.625000   0.250000
  0.557789   0.491675   0.507443   0.893554   1.256042 -54.220397 -29.214244   0.625000   0.250000
  0.562814   0.496166   0.513755   0.621096   1.109240 -48.484450 -30.085417   0.625000   0.250000
  0.567839   0.499287   0.519329   0.377462   0.958061 -36.399737 -27.848627   0.625000   0.250000
  0.572864   0.501183   0.524143   0.194553   0.818122 -24.809339 -23.956964   0.625000   0.250000
  0.577889   0.502161   0.528254   0.069886   0.697738 -17.292569 -19.318786   0.625000   0.250000
  0.582915   0.502512   0.531761  -0.017026   0.600642 -11.933519 -14.493684   0.625000   0.250000
  0.587940   0.502427   0.534779  -0.076992   0.527811  -7.746474 -10.144338   0.625000   0.250000
  0.592965   0.502040   0.537432  -0.115918   0.476836  -4.605889  -6.738840   0.625000   0.250000
  0.597990   0.501457   0.539828  -0.139063   0.442973  -2.293301  -4.417067   0.625000   0.250000
  0.603015   0.500758   0.542054  -0.150586   0.420777  -0.601953  -2.822035   0.625000   0.250000
  0.608040   0.500002   0.544168  -0.153611   0.406597   0.483530  -1.689961   0.625000   0.250000
  0.613065   0.499230   0.546211  -0.151181   0.398105   0.803806  -0.914705   0.625000   0.250000
  0.618090   0.498470   0.548212  -0.147142   0.393508   0.662062  -0.454542   0.625000   0.250000
  0.623116   0.497731   0.550189  -0.143815   0.391224   0.533945  -0.221194   0.625000   0.250000
  0.628141   0.497008   0.552155  -0.141132   0.390112   0.533001  -0.112255   0.625000   0.250000
  0.633166   0.496299   0.554116  -0.138453   0.389548   0.550920  -0.073980   0.625000   0.250000
  0.638191   0.495603   0.556073  -0.135685   0.389176   0.542412  -0.066326   0.625000   0.250000
  0.643216   0.494921   0.558029  -0.132959   0.388843   0.520443  -0.069807   0.625000   0.250000
  0.648241   0.494253   0.559983  -0.130344   0.388492   0.488582  -0.069226   0.625000   0.250000
  0.653266   0.493598   0.561935  -0.127889   0.388144   0.457118  -0.070244   0.625000   0.250000
  0.658291   0.492955   0.563885  -0.125592   0.387791   0.431275  -0.072556   0.625000   0.250000
  0.663317   0.492324   0.565834  -0.123424   0.387427   0.409889  -0.070187   0.625000   0.250000
  0.668342   0.491704   0.567781  -0.121365   0.387074   0.390278  -0.065306   0.625000   0.250000
  0.673367   0.491094   0.569726  -0.119404   0.386746   0.369618  -0.058625   0.625000   0.250000
  0.678392   0.490494   0.571670  -0.117546   0.386451   0.351616  -0.050711   0.625000   0.250000
  0.683417   0.489904   0.573611  -0.115779   0.386197   0.336399  -0.043196   0.625000   0.250000
  0.688442   0.489322   0.575552  -0.114089   0.385979   0.321988  -0.036697   0.625000   0.250000
  0.693467   0.488748   0.577492  -0.112471   0.385795   0.306796  -0.030889   0.625000   0.250000
  0.698492   0.488183   0.579430  -0.110929   0.385640   0.293017  -0.024599   0.625000   0.250000
  0.703518   0.487626   0.581369  -0.109457   0.385516   0.282821  -0.017838   0.625000   0.250000
  0.708543   0.487076   0.583306  -0.108035   0.385427   0.274542  -0.011957   0.625000   0.250000
  0.713568   0.486533   0.585242  -0.106656   0.385367   0.262046  -0.007010   0.625000   0.250000
  0.718593   0.485997   0.587179  -0.105339   0.385331   0.245967  -0.002468   0.625000   0.250000
  0.723618   0.485468   0.589115  -0.104103   0.385319   0.233226   0.001290   0.625000   0.250000
  0.728643   0.484944   0.591051  -0.102931   0.385325   0.224877   0.002921   0.625000   0.250000
  0.733668   0.484427   0.592988  -0.101801   0.385340   0.216450   0.005179   0.625000   0.250000
  0.738693   0.483916   0.594924  -0.100713   0.385366   0.204621   0.004928   0.625000   0.250000
  0.743719   0.483409   0.596861  -0.099685   0.385391   0.194877   0.009576   0.625000   0.250000
  0.748744   0.482909   0.598798  -0.098706   0.385439   0.193879   0.014127   0.625000   0.250000
  0.753769   0.482413   0.600734  -0.097732   0.385510   0.197294   0.016198   0.625000   0.250000
  0.758794   0.481921   0.602672  -0.096740   0.385591   0.189799   0.017299   0.625000   0.250000
  0.763819   0.481435   0.604609  -0.095786   0.385678   0.170213   0.016872   0.625000   0.250000
  0.768844   0.480954   0.606547  -0.094931   0.385763   0.154723   0.014648   0.625000   0.250000
  0.773869   0.480477   0.608486  -0.094154   0.385837   0.145842   0.013335   0.625000   0.250000
  0.778894   0.480004   0.610424  -0.093421   0.385904   0.141350   0.015272   0.625000   0.250000
  0.783920   0.479534   0.612364  -0.092710   0.385980   0.142698   0.018689   0.625000   0.250000
  0.788945   0.479068   0.614304  -0.091993   0.386074   0.148647   0.020208   0.625000   0.250000
  0.793970   0.478606   0.616244  -0.091246   0.386176   0.149232   0.020712   0.625000   0.250000
  0.798995   0.478148   0.618184  -0.090496   0.386280   0.135414   0.022200   0.625000   0.250000
  0.804020   0.477693   0.620125  -0.089816   0.386392   0.117083   0.024801   0.625000   0.250000
  0.809045   0.477242   0.622067  -0.089228   0.386516   0.103609   0.027481   0.625000   0.250000
  0.814070   0.476793   0.624009  -0.088707   0.386654   0.098284   0.024220   0.625000   0.250000
  0.819095   0.476347   0.625952  -0.088213   0.386776   0.102680   0.006444   0.625000   0.250000
  0.824121   0.475904   0.627896  -0.087697   0.386808   0.114998  -0.016717   0.625000   0.250000
  0.829146   0.475463   0.629840  -0.087119   0.386724   0.112145  -0.018307   0.625000   0.250000
  0.834171   0.475026   0.631783  -0.086556   0.386632   0.086699   0.001990   0.625000   0.250000
  0.839196   0.474591   0.633726  -0.086120   0.386642   0.069835   0.019126   0.625000   0.250000
  0.844221   0.474158   0.635669  -0.085769   0.386738   0.077647   0.022551   0.625000   0.250000
  0.849246   0.473727   0.637612  -0.085379   0.386852   0.082400   0.017784   0.625000   0.250000
  0.854271   0.473298   0.639556  -0.084965   0.386941   0.058987   0.013314   0.625000   0.250000
  0.859296   0.472871   0.641500  -0.084668   0.387008   0.050884   0.009885   0.625000   0.250000
  0.864322   0.472445   0.643445  -0.084413   0.387058   0.095317   0.009810   0.625000   0.250000
  0.869347   0.472021   0.645390  -0.083934   0.387107   0.139966   0.010271   0.625000   0.250000
  0.874372   0.471600   0.647336  -0.083230   0.387159   0.117858   0.013636   0.625000   0.250000
  0.879397   0.471181   0.649281  -0.082638   0.387227   0.077452   0.014405   0.625000   0.250000
  0.884422   0.470766   0.651227  -0.082249   0.387300   0.060654   0.001404   0.625000   0.250000
  0.889447   0.470353   0.653173  -0.081944   0.387307   0.059029  -0.019499   0.625000   0.250000
  0.894472   0.469941   0.655119  -0.081648   0.387209   0.087180  -0.017180   0.625000   0.250000
  0.899497   0.469531   0.657065  -0.081209   0.387122   0.124654   0.020195   0.625000   0.250000
  0.904523   0.469123   0.659011  -0.080583   0.387224   0.163258   0.035108   0.625000   0.250000
  0.909548   0.468718   0.660956  -0.079763   0.387400   0.202690  -0.021840   0.625000   0.250000
  0.914573   0.468317   0.662903  -0.078744   0.387290   0.248951  -0.101449   0.625000   0.250000
  0.919598   0.467921   0.664849  -0.077493   0.386781   0.271071  -0.078267   0.625000   0.250000
  0.924623   0.467532   0.666793  -0.076131   0.386387   0.254001   0.033004   0.625000   0.250000
  0.929648   0.467149   0.668734  -0.074855   0.386553   0.215879   0.071893   0.625000   0.250000
  0.934673   0.466773   0.670677  -0.073770   0.386914   0.122843  -0.013790   0.625000   0.250000
  0.939698   0.466402   0.672621  -0.073153   0.386845  -0.079991  -0.134417   0.625000   0.250000
  0.944724   0.466035   0.674565  -0.073555   0.386170  -0.330696  -0.108888   0.625000   0.250000
  0.949749   0.465665   0.676506  -0.075216   0.385622  -0.469418   0.023958   0.625000   0.250000
  0.954774   0.465287   0.678444  -0.077575   0.385743  -0.415207   0.087352   0.625000   0.250000
  0.959799   0.464897   0.680382  -0.079662   0.386182  -0.180488   0.083292   0.625000   0.250000
  0.964824   0.464497   0.682323  -0.080569   0.386600   0.206046   0.077538   0.625000   0.250000
  0.969849   0.464092   0.684265  -0.079533   0.386990   0.611858   0.059577   0.625000   0.250000
  0.974874   0.463692   0.686210  -0.076459   0.387289   0.635225   0.008344   0.625000   0.250000
  0.979899   0.463308   0.688156  -0.073267   0.387331   0.241419   0.005437   0.625000   0.250000
  0.984925   0.462940   0.690103  -0.072053   0.387359  -0.086889   0.084926   0.625000   0.250000
  0.989950   0.462578   0.692049  -0.072490   0.387785  -0.164911   0.122832   0.625000   0.250000
  0.994975   0.462214   0.693998  -0.073318   0.388403  -0.118904   0.084263   0.625000   0.250000
  1.000000   0.461845   0.695950  -0.073916   0.388826  -0.019180  -0.024979   0.625000   0.250000