   0.000000    0.576537    0.315224    0.000000    0.000000   17.252921   37.922399    0.750000    0.000000
   0.005025    0.576537    0.315224    0.086696    0.190560   -0.113775   29.405809    0.750000    0.000000
   0.010050    0.576973    0.316182    0.086124    0.338324    1.955514   19.706750    0.750000    0.000000
   0.015075    0.577405    0.317882    0.095951    0.437351    8.414647    9.219027    0.750000    0.000000
   0.020101    0.577888    0.320080    0.138243    0.483685    9.632105    0.866045    0.750000    0.000000
   0.025126    0.578582    0.322510    0.186644    0.488037    8.812170   -3.395841    0.750000    0.000000
   0.030151    0.579520    0.324963    0.230925    0.470973    6.902720   -4.827214    0.750000    0.000000
   0.035176    0.580681    0.327329    0.265611    0.446717    4.466784   -4.897112    0.750000    0.000000
   0.040201    0.582015    0.329574    0.288057    0.422109    2.345589   -4.333814    0.750000    0.000000
   0.045226    0.583463    0.331695    0.299844    0.400331    0.726495   -3.536343    0.750000    0.000000
   0.050251    0.584970    0.333707    0.303494    0.382561   -0.496986   -2.747542    0.750000    0.000000
   0.055276    0.586495    0.335629    0.300997    0.368755   -1.463370   -2.092981    0.750000    0.000000
   0.060302    0.588007    0.337483    0.293642    0.358235   -2.243276   -1.615870    0.750000    0.000000
   0.065327    0.589483    0.339283    0.282369    0.350116   -2.882474   -1.271585    0.750000    0.000000
   0.070352    0.590902    0.341042    0.267885    0.343726   -3.392078   -1.017418    0.750000    0.000000
   0.075377    0.592248    0.342769    0.250840    0.338613   -3.804636   -0.793784    0.750000    0.000000
   0.080402    0.593508    0.344471    0.231722    0.334625   -4.135527   -0.593235    0.750000    0.000000
   0.085427    0.594673    0.346152    0.210940    0.331644   -4.387497   -0.419780    0.750000    0.000000
   0.090452    0.595733    0.347819    0.188893    0.329534   -4.564108   -0.272348    0.750000    0.000000
   0.095477    0.596682    0.349475    0.165959    0.328166   -4.678389   -0.145488    0.750000    0.000000
   0.100503    0.597516    0.351124    0.142445    0.327434   -4.748149   -0.030200    0.750000    0.000000
   0.105528    0.598232    0.352769    0.118586    0.327283   -4.787385    0.069356    0.750000    0.000000
   0.110553    0.598828    0.354414    0.094529    0.327631   -4.780363    0.151561    0.750000    0.000000
   0.115578    0.599303    0.356060    0.070508    0.328393   -4.710796    0.222248    0.750000    0.000000
   0.120603    0.599657    0.357711    0.046836    0.329510   -4.608526    0.281467    0.750000    0.000000
   0.125628    0.599892    0.359366    0.023678    0.330924   -4.496488    0.327989    0.750000    0.000000
   0.130653    0.600011    0.361029    0.001083    0.332572   -4.371919    0.363624    0.750000    0.000000
   0.135678    0.600017    0.362700   -0.020886    0.334399   -4.231958    0.387980    0.750000    0.000000
   0.140704    0.599912    0.364381   -0.042155    0.336349   -4.084434    0.404155    0.750000    0.000000
   0.145729    0.599700    0.366071   -0.062680    0.338380   -3.926745    0.419940    0.750000    0.000000
   0.150754    0.599385    0.367772   -0.082412    0.340490   -3.749959    0.435805    0.750000    0.000000
   0.155779    0.598971    0.369483   -0.101255    0.342680   -3.567195    0.443594    0.750000    0.000000
   0.160804    0.598462    0.371204   -0.119180    0.344909   -3.393616    0.444978    0.750000    0.000000
   0.165829    0.597863    0.372938   -0.136233    0.347145   -3.224291    0.440388    0.750000    0.000000
   0.170854    0.597179    0.374682   -0.152435    0.349358   -3.039234    0.425560    0.750000    0.000000
   0.175879    0.596413    0.376438   -0.167707    0.351497   -2.841360    0.404737    0.750000    0.000000
   0.180905    0.595570    0.378204   -0.181988    0.353531   -2.652381    0.395200    0.750000    0.000000
   0.185930    0.594655    0.379981   -0.195316    0.355517   -2.475280    0.396242    0.750000    0.000000
   0.190955    0.593674    0.381767   -0.207755    0.357508   -2.304307    0.391842    0.750000    0.000000
   0.195980    0.592630    0.383564   -0.219334    0.359477   -2.137097    0.378988    0.750000    0.000000
   0.201005    0.591528    0.385370   -0.230073    0.361381   -1.974449    0.362050    0.750000    0.000000
   0.206030    0.590372    0.387186   -0.239994    0.363201   -1.814238    0.342926    0.750000    0.000000
   0.211055    0.589166    0.389011   -0.249111    0.364924   -1.657536    0.320491    0.750000    0.000000
   0.216080    0.587914    0.390845   -0.257440    0.366534   -1.507749    0.298149    0.750000    0.000000
   0.221106    0.586620    0.392687   -0.265018    0.368033   -1.364800    0.284023    0.750000    0.000000
   0.226131    0.585288    0.394536   -0.271876    0.369460   -1.228946    0.275975    0.750000    0.000000
   0.231156    0.583922    0.396393   -0.278051    0.370847   -1.100908    0.264178    0.750000    0.000000
   0.236181    0.582525    0.398256   -0.283584    0.372174   -0.978624    0.244818    0.750000    0.000000
   0.241206    0.581100    0.400127   -0.288501    0.373404   -0.858879    0.222316    0.750000    0.000000
   0.246231    0.579650    0.402003   -0.292817    0.374522   -0.745118    0.205958    0.750000    0.000000
   0.251256    0.578179    0.403885   -0.296561    0.375557   -0.641101    0.195341    0.750000    0.000000
   0.256281    0.576689    0.405772   -0.299783    0.376538   -0.544481    0.182804    0.750000    0.000000
   0.261307    0.575182    0.407665   -0.302519    0.377457   -0.448775    0.166897    0.750000    0.000000
   0.266332    0.573662    0.409561   -0.304774    0.378296   -0.355315    0.151180    0.750000    0.000000
   0.271357    0.572130    0.411462   -0.306560    0.379055   -0.270741    0.138439    0.750000    0.000000
   0.276382    0.570590    0.413367   -0.307920    0.379751   -0.195403    0.126252    0.750000    0.000000
   0.281407    0.569042    0.415275   -0.308902    0.380385   -0.126120    0.112255    0.750000    0.000000
   0.286432    0.567490    0.417187   -0.309536    0.380949   -0.058805    0.097667    0.750000    0.000000
   0.291457    0.565935    0.419101   -0.309831    0.381440    0.006485    0.086343    0.750000    0.000000
   0.296482    0.564378    0.421018   -0.309799    0.381874    0.066392    0.077818    0.750000    0.000000
   0.301508    0.562821    0.422937   -0.309465    0.382265    0.120378    0.068835    0.750000    0.000000
   0.306533    0.561266    0.424858   -0.308860    0.382611    0.169406    0.058693    0.750000    0.000000
   0.311558    0.559714    0.426780   -0.308009    0.382906    0.214190    0.048923    0.750000    0.000000
   0.316583    0.558166    0.428705   -0.306933    0.383152    0.255057    0.040642    0.750000    0.000000
   0.321608    0.556624    0.430630   -0.305651    0.383356    0.292846    0.032954    0.750000    0.000000
   0.326633    0.555088    0.432556   -0.304180    0.383522    0.328037    0.024831    0.750000    0.000000
   0.331658    0.553559    0.434483   -0.302531    0.383646    0.359827    0.016689    0.750000    0.000000
   0.336683    0.552039    0.436411   -0.300723    0.383730    0.387542    0.010331    0.750000    0.000000
   0.341709    0.550528    0.438340   -0.298775    0.383782    0.411769    0.005497    0.750000    0.000000
   0.346734    0.549026    0.440268   -0.296706    0.383810    0.434301    0.000300    0.750000    0.000000
   0.351759    0.547535    0.442197   -0.294524    0.383811    0.455186   -0.005554    0.750000    0.000000
   0.356784    0.546055    0.444126   -0.292236    0.383783    0.473082   -0.011378    0.750000    0.000000
   0.361809    0.544587    0.446054   -0.289859    0.383726    0.488013   -0.016538    0.750000    0.000000
   0.366834    0.543130    0.447982   -0.287407    0.383643    0.500942   -0.021808    0.750000    0.000000
   0.371859    0.541686    0.449910   -0.284890    0.383534    0.516170   -0.028160    0.750000    0.000000
   0.376884    0.540255    0.451838   -0.282296    0.383392    0.537300   -0.043856    0.750000    0.000000
   0.381910    0.538836    0.453764   -0.279595    0.383172    0.573517   -0.069326    0.750000    0.000000
   0.386935    0.537431    0.455690   -0.276714    0.382823    0.706210   -0.114504    0.750000    0.000000
   0.391960    0.536040    0.457614   -0.273165    0.382248    0.946639   -0.223071    0.750000    0.000000
   0.396985    0.534668    0.459534   -0.268408    0.381127    1.403973   -0.381784    0.750000    0.000000
   0.402010    0.533319    0.461450   -0.261353    0.379208    2.041302   -0.606396    0.750000    0.000000
   0.407035    0.532006    0.463355   -0.251095    0.376161    2.496530   -0.889603    0.750000    0.000000
   0.412060    0.530744    0.465245   -0.238550    0.371691    2.049933   -0.988900    0.750000    0.000000
   0.417085    0.529545    0.467113   -0.228249    0.366722    0.348325   -0.460587    0.750000    0.000000
   0.422111    0.528398    0.468956   -0.226499    0.364407   -2.326293    1.216822    0.750000    0.000000
   0.427136    0.527260    0.470787   -0.238188    0.370521   -7.015866    4.820504    0.750000    0.000000
   0.432161    0.526063    0.472649   -0.273443    0.394745  -19.035902   10.783846    0.750000    0.000000
   0.437186    0.524689    0.474633   -0.369099    0.448933  -47.344306   20.719164    0.750000    0.000000
   0.442211    0.522834    0.476889   -0.607004    0.553047  -86.907336   33.754054    0.750000    0.000000
   0.447236    0.519784    0.479668   -1.043713    0.722661 -122.208766   40.530763    0.750000    0.000000
   0.452261    0.514539    0.483299   -1.657812    0.926328 -141.130452   34.188278    0.750000    0.000000
   0.457286    0.506209    0.487954   -2.366993    1.098124 -136.834868   12.553518    0.750000    0.000000
   0.462312    0.494312    0.493473   -3.054725    1.161218 -105.693266  -37.067850    0.750000    0.000000
   0.467337    0.478962    0.499308   -3.585833    0.974952  -42.056082 -119.878612    0.750000    0.000000
   0.472362    0.460943    0.504207   -3.797165    0.372562   52.181095 -205.990922    0.750000    0.000000
   0.477387    0.441863    0.506079   -3.534955   -0.662542  155.445229 -234.546015    0.750000    0.000000
   0.482412    0.424099    0.502750   -2.753843   -1.841136  236.531506 -178.275771    0.750000    0.000000
   0.487437    0.410261    0.493498   -1.565272   -2.736971  270.383347  -72.326185    0.750000    0.000000
   0.492462    0.402396    0.479745   -0.206596   -3.100410  253.283521   55.091440    0.750000    0.000000
   0.497487    0.401358    0.464166    1.066154   -2.823576  201.425306  187.950997    0.750000    0.000000
   0.502513    0.406716    0.449974    2.078518   -1.878934  126.538220  273.914144    0.750000    0.000000
   0.507538    0.417161    0.440533    2.714372   -0.502516   41.475108  271.011425    0.750000    0.000000
   0.512563    0.430801    0.438008    2.922785    0.859317  -33.204685  211.738977    0.750000    0.000000
   0.517588    0.445488    0.442326    2.755931    1.923305  -84.983965  131.719906    0.750000    0.000000
   0.522613    0.459336    0.451990    2.328887    2.585198 -110.059667   46.758713    0.750000    0.000000
   0.527638    0.471039    0.464981    1.775837    2.820160 -110.606496  -28.202488    0.750000    0.000000
   0.532663    0.479962    0.479152    1.220039    2.678443  -96.850214  -82.589446    0.750000    0.000000
   0.537688    0.486093    0.492611    0.733367    2.263431  -76.362881 -115.247946    0.750000    0.000000
   0.542714    0.489779    0.503987    0.349567    1.684194  -53.606680 -120.471767    0.750000    0.000000
   0.547739    0.491536    0.512450    0.080193    1.078824  -32.423911  -93.670556    0.750000    0.000000
   0.552764    0.491938    0.517871   -0.082737    0.608129  -16.425492  -54.972934    0.750000    0.000000
   0.557789    0.491523    0.520927   -0.165275    0.331890   -6.486011  -25.002366    0.750000    0.000000
   0.562814    0.490692    0.522595   -0.197867    0.206253   -1.099500   -5.598345    0.750000    0.000000
   0.567839    0.489698    0.523632   -0.203392    0.178122    1.596240    5.276047    0.750000    0.000000
   0.572864    0.488676    0.524527   -0.195371    0.204634    2.482462    8.177063    0.750000    0.000000
   0.577889    0.487694    0.525555   -0.182897    0.245724    2.322654    6.080938    0.750000    0.000000
   0.582915    0.486775    0.526790   -0.171223    0.276286    1.745055    3.832142    0.750000    0.000000
   0.587940    0.485915    0.528178   -0.162454    0.295543    1.097058    2.655512    0.750000    0.000000
   0.592965    0.485098    0.529663   -0.156941    0.308887    0.602676    2.130902    0.750000    0.000000
   0.597990    0.484310    0.531215   -0.153913    0.319595    0.282628    1.758104    0.750000    0.000000
   0.603015    0.483536    0.532821   -0.152493    0.328429    0.146061    1.506477    0.750000    0.000000
   0.608040    0.482770    0.534472   -0.151759    0.335999    0.079759    1.294077    0.750000    0.000000
   0.613065    0.482007    0.536160   -0.151358    0.342502    0.045867    1.134214    0.750000    0.000000
   0.618090    0.481247    0.537881   -0.151127    0.348201    0.035294    1.012742    0.750000    0.000000
   0.623116    0.480487    0.539631   -0.150950    0.353291    0.028038    0.914138    0.750000    0.000000
   0.628141    0.479729    0.541407   -0.150809    0.357885    0.023249    0.827798    0.750000    0.000000
   0.633166    0.478971    0.543205   -0.150692    0.362045    0.019815    0.750509    0.750000    0.000000
   0.638191    0.478214    0.545024   -0.150593    0.365816    0.016800    0.679011    0.750000    0.000000
   0.643216    0.477457    0.546862   -0.150508    0.369228    0.013002    0.612737    0.750000    0.000000
   0.648241    0.476701    0.548718   -0.150443    0.372307    0.009946    0.551219    0.750000    0.000000
   0.653266    0.475945    0.550589   -0.150393    0.375077    0.008993    0.494220    0.750000    0.000000
   0.658291    0.475189    0.552473   -0.150348    0.377560    0.008970    0.441650    0.750000    0.000000
   0.663317    0.474433    0.554371   -0.150303    0.379780    0.007090    0.393204    0.750000    0.000000
   0.668342    0.473678    0.556279   -0.150267    0.381756    0.003481    0.348453    0.750000    0.000000
   0.673367    0.472923    0.558198   -0.150250    0.383507    0.000512    0.307050    0.750000    0.000000
   0.678392    0.472168    0.560125   -0.150247    0.385050   -0.001051    0.269020    0.750000    0.000000
   0.683417    0.471413    0.562060   -0.150252    0.386402   -0.001782    0.234282    0.750000    0.000000
   0.688442    0.470658    0.564001   -0.150261    0.387579   -0.002395    0.202320    0.750000    0.000000
   0.693467    0.469903    0.565949   -0.150273    0.388596   -0.003001    0.172696    0.750000    0.000000
   0.698492    0.469148    0.567902   -0.150288    0.389463   -0.003896    0.145633    0.750000    0.000000
   0.703518    0.468392    0.569859   -0.150308    0.390195   -0.004865    0.121249    0.750000    0.000000
   0.708543    0.467637    0.571820   -0.150332    0.390805   -0.005998    0.098918    0.750000    0.000000
   0.713568    0.466882    0.573784   -0.150363    0.391302   -0.006749    0.078337    0.750000    0.000000
   0.718593    0.466126    0.575750   -0.150396    0.391695   -0.005888    0.059459    0.750000    0.000000
   0.723618    0.465370    0.577718   -0.150426    0.391994   -0.003864    0.041873    0.750000    0.000000
   0.728643    0.464614    0.579688   -0.150445    0.392204   -0.003929    0.025264    0.750000    0.000000
   0.733668    0.463858    0.581659   -0.150465    0.392331   -0.008091    0.010746    0.750000    0.000000
   0.738693    0.463102    0.583630   -0.150506    0.392385   -0.009899   -0.000796    0.750000    0.000000
   0.743719    0.462346    0.585602   -0.150556    0.392381   -0.003079   -0.011411    0.750000    0.000000
   0.748744    0.461589    0.587574   -0.150571    0.392324    0.008219   -0.021859    0.750000    0.000000
   0.753769    0.460833    0.589546   -0.150530    0.392214    0.006938   -0.031405    0.750000    0.000000
   0.758794    0.460076    0.591516   -0.150495    0.392056   -0.005460   -0.040264    0.750000    0.000000
   0.763819    0.459320    0.593487   -0.150522    0.391854   -0.010771   -0.048339    0.750000    0.000000
   0.768844    0.458564    0.595456   -0.150577    0.391611   -0.006193   -0.055094    0.750000    0.000000
   0.773869    0.457807    0.597423   -0.150608    0.391334   -0.004983   -0.061517    0.750000    0.000000
   0.778894    0.457050    0.599390   -0.150633    0.391025   -0.013964   -0.069393    0.750000    0.000000
   0.783920    0.456293    0.601355   -0.150703    0.390676   -0.020365   -0.075097    0.750000    0.000000
   0.788945    0.455536    0.603318   -0.150805    0.390299   -0.003097   -0.076767    0.750000    0.000000
   0.793970    0.454778    0.605280   -0.150821    0.389913    0.047362   -0.077890    0.750000    0.000000
   0.798995    0.454020    0.607239   -0.150583    0.389522    0.086211   -0.081362    0.750000    0.000000
   0.804020    0.453263    0.609196   -0.150150    0.389113    0.053882   -0.084421    0.750000    0.000000
   0.809045    0.452509    0.611152   -0.149879    0.388689    0.000588   -0.086624    0.750000    0.000000
   0.814070    0.451756    0.613105   -0.149876    0.388254   -0.023834   -0.088275    0.750000    0.000000
   0.819095    0.451003    0.615056   -0.149996    0.387810   -0.027117   -0.088758    0.750000    0.000000
   0.824121    0.450249    0.617005   -0.150132    0.387364   -0.020050   -0.089540    0.750000    0.000000
   0.829146    0.449494    0.618951   -0.150233    0.386914   -0.001832   -0.089916    0.750000    0.000000
   0.834171    0.448740    0.620896   -0.150242    0.386462    0.021782   -0.090264    0.750000    0.000000
   0.839196    0.447985    0.622838   -0.150132    0.386009    0.025642   -0.098327    0.750000    0.000000
   0.844221    0.447230    0.624777   -0.150004    0.385514   -0.004980   -0.115140    0.750000    0.000000
   0.849246    0.446476    0.626714   -0.150029    0.384936   -0.017317   -0.125155    0.750000    0.000000
   0.854271    0.445722    0.628649   -0.150116    0.384307    0.034582   -0.110699    0.750000    0.000000
   0.859296    0.444968    0.630580   -0.149942    0.383751    0.106437   -0.090128    0.750000    0.000000
   0.864322    0.444215    0.632509   -0.149407    0.383298    0.079832   -0.079189    0.750000    0.000000
   0.869347    0.443464    0.634435   -0.149006    0.382900   -0.030353   -0.077570    0.750000    0.000000
   0.874372    0.442715    0.636359   -0.149158    0.382510   -0.065338   -0.080579    0.750000    0.000000
   0.879397    0.441965    0.638281   -0.149487    0.382105    0.009365   -0.078310    0.750000    0.000000
   0.884422    0.441214    0.640201   -0.149440    0.381712    0.086447   -0.064437    0.750000    0.000000
   0.889447    0.440463    0.642119   -0.149005    0.381388    0.070889   -0.060166    0.750000    0.000000
   0.894472    0.439715    0.644036   -0.148649    0.381085    0.027871   -0.108664    0.750000    0.000000
   0.899497    0.438968    0.645950   -0.148509    0.380539    0.024021   -0.188623    0.750000    0.000000
   0.904523    0.438221    0.647863   -0.148388    0.379591    0.038228   -0.134913    0.750000    0.000000
   0.909548    0.437476    0.649771   -0.148196    0.378913    0.032781   -0.166145    0.750000    0.000000
   0.914573    0.436731    0.651675   -0.148031    0.378079    0.027151   -0.098372    0.750000    0.000000
   0.919598    0.435987    0.653574   -0.147895    0.377584    0.035950   -0.061503    0.750000    0.000000
   0.924623    0.435244    0.655472   -0.147714    0.377275    0.039750   -0.067095    0.750000    0.000000
   0.929648    0.434502    0.657368   -0.147514    0.376938    0.038319   -0.080843    0.750000    0.000000
   0.934673    0.433760    0.659262   -0.147322    0.376532    0.029814   -0.086585    0.750000    0.000000
   0.939698    0.433020    0.661154   -0.147172    0.376097    0.007462   -0.091924    0.750000    0.000000
   0.944724    0.432280    0.663044   -0.147135    0.375635   -0.027122   -0.089337    0.750000    0.000000
   0.949749    0.431541    0.664932   -0.147271    0.375186   -0.066763   -0.069552    0.750000    0.000000
   0.954774    0.430801    0.666817   -0.147606    0.374836   -0.033753   -0.037799    0.750000    0.000000
   0.959799    0.430059    0.668700   -0.147776    0.374646    0.130129   -0.006564    0.750000    0.000000
   0.964824    0.429317    0.670583   -0.147122    0.374613    0.298780   -0.015443    0.750000    0.000000
   0.969849    0.428577    0.672465   -0.145621    0.374536    0.176235   -0.093331    0.750000    0.000000
   0.974874    0.427846    0.674348   -0.144735    0.374067   -0.156809   -0.177396    0.750000    0.000000
   0.979899    0.427118    0.676227   -0.145523    0.373175   -0.335019   -0.120565    0.750000    0.000000
   0.984925    0.426387    0.678103   -0.147207    0.372569   -0.228811    0.018936    0.750000    0.000000
   0.989950    0.425647    0.679975   -0.148357    0.372665    0.053278    0.057827    0.750000    0.000000
   0.994975    0.424902    0.681848   -0.148089    0.372955    0.051677    0.012755    0.750000    0.000000
   1.000000    0.424158    0.683722   -0.147829    0.373019   -0.005941   -0.066088    0.750000    0.000000