  0.000000   0.539018   0.303843   0.000000   0.000000   8.033762  41.531863   0.625000   0.875000
  0.005025   0.539018   0.303843   0.040370   0.208698   7.282097  32.454127   0.625000   0.875000
  0.010050   0.539221   0.304892   0.076962   0.371780   6.875618  22.180111   0.625000   0.875000
  0.015075   0.539608   0.306760   0.111512   0.483235   7.083672  10.208304   0.625000   0.875000
  0.020101   0.540168   0.309189   0.147115   0.534542   7.273672  -0.020355   0.625000   0.875000
  0.025126   0.540907   0.311875   0.183665   0.534439   6.453265  -4.453600   0.625000   0.875000
  0.030151   0.541830   0.314560   0.216093   0.512060   5.073216  -5.348338   0.625000   0.875000
  0.035176   0.542916   0.317133   0.241585   0.485185   3.627046  -5.212597   0.625000   0.875000
  0.040201   0.544130   0.319571   0.259811   0.458991   2.288540  -4.759699   0.625000   0.875000
  0.045226   0.545436   0.321878   0.271311   0.435074   1.167224  -4.146414   0.625000   0.875000
  0.050251   0.546799   0.324064   0.277177   0.414238   0.265118  -3.476900   0.625000   0.875000
  0.055276   0.548192   0.326146   0.278509   0.396767  -0.532651  -2.821907   0.625000   0.875000
  0.060302   0.549592   0.328140   0.275832   0.382584  -1.283937  -2.232971   0.625000   0.875000
  0.065327   0.550978   0.330062   0.269380   0.371363  -1.950432  -1.763588   0.625000   0.875000
  0.070352   0.552331   0.331928   0.259579   0.362501  -2.440237  -1.422347   0.625000   0.875000
  0.075377   0.553636   0.333750   0.247317   0.355354  -2.769165  -1.143079   0.625000   0.875000
  0.080402   0.554878   0.335536   0.233402   0.349610  -3.044070  -0.863723   0.625000   0.875000
  0.085427   0.556051   0.337292   0.218105   0.345270  -3.311222  -0.605553   0.625000   0.875000
  0.090452   0.557147   0.339027   0.201466   0.342227  -3.540166  -0.399605   0.625000   0.875000
  0.095477   0.558160   0.340747   0.183677   0.340219  -3.665622  -0.229931   0.625000   0.875000
  0.100503   0.559083   0.342457   0.165254   0.339063  -3.702044  -0.083776   0.625000   0.875000
  0.105528   0.559913   0.344161   0.146651   0.338642  -3.716875   0.037852   0.625000   0.875000
  0.110553   0.560650   0.345862   0.127974   0.338832  -3.731769   0.140402   0.625000   0.875000
  0.115578   0.561293   0.347565   0.109221   0.339538  -3.721660   0.230018   0.625000   0.875000
  0.120603   0.561842   0.349271   0.090520   0.340694  -3.668912   0.305029   0.625000   0.875000
  0.125628   0.562297   0.350983   0.072084   0.342226  -3.592574   0.369747   0.625000   0.875000
  0.130653   0.562659   0.352703   0.054031   0.344084  -3.508892   0.421979   0.625000   0.875000
  0.135678   0.562931   0.354432   0.036399   0.346205  -3.411403   0.448719   0.625000   0.875000
  0.140704   0.563113   0.356172   0.019253   0.348460  -3.290337   0.458274   0.625000   0.875000
  0.145729   0.563210   0.357923   0.002719   0.350763  -3.156419   0.480987   0.625000   0.875000
  0.150754   0.563224   0.359686  -0.013142   0.353180  -3.022042   0.518612   0.625000   0.875000
  0.155779   0.563158   0.361460  -0.028327   0.355786  -2.886669   0.543412   0.625000   0.875000
  0.160804   0.563016   0.363248  -0.042833   0.358516  -2.750780   0.550512   0.625000   0.875000
  0.165829   0.562800   0.365050  -0.056656   0.361283  -2.615257   0.547575   0.625000   0.875000
  0.170854   0.562516   0.366865  -0.069797   0.364034  -2.474970   0.538377   0.625000   0.875000
  0.175879   0.562165   0.368694  -0.082234   0.366740  -2.324686   0.521110   0.625000   0.875000
  0.180905   0.561752   0.370538  -0.093918   0.369359  -2.176390   0.500907   0.625000   0.875000
  0.185930   0.561280   0.372394  -0.104854   0.371876  -2.040599   0.492004   0.625000   0.875000
  0.190955   0.560753   0.374262  -0.115108   0.374348  -1.912193   0.490637   0.625000   0.875000
  0.195980   0.560174   0.376143  -0.124717   0.376814  -1.776005   0.480314   0.625000   0.875000
  0.201005   0.559548   0.378037  -0.133641   0.379227  -1.633656   0.458490   0.625000   0.875000
  0.206030   0.558876   0.379943  -0.141851   0.381531  -1.498824   0.434508   0.625000   0.875000
  0.211055   0.558163   0.381860  -0.149382   0.383715  -1.374013   0.415405   0.625000   0.875000
  0.216080   0.557413   0.383788  -0.156287   0.385802  -1.256248   0.396451   0.625000   0.875000
  0.221106   0.556627   0.385727  -0.162600   0.387795  -1.143929   0.372457   0.625000   0.875000
  0.226131   0.555810   0.387676  -0.168349   0.389666  -1.036996   0.346104   0.625000   0.875000
  0.231156   0.554964   0.389634  -0.173560   0.391405  -0.932886   0.326156   0.625000   0.875000
  0.236181   0.554092   0.391600  -0.178247   0.393044  -0.830225   0.312469   0.625000   0.875000
  0.241206   0.553196   0.393576  -0.182419   0.394614  -0.732042   0.295795   0.625000   0.875000
  0.246231   0.552280   0.395558  -0.186098   0.396101  -0.640426   0.273489   0.625000   0.875000
  0.251256   0.551344   0.397549  -0.189316   0.397475  -0.554917   0.250095   0.625000   0.875000
  0.256281   0.550393   0.399546  -0.192104   0.398732  -0.474399   0.233004   0.625000   0.875000
  0.261307   0.549428   0.401550  -0.194489   0.399903  -0.399233   0.221765   0.625000   0.875000
  0.266332   0.548450   0.403560  -0.196495   0.401017  -0.330862   0.208538   0.625000   0.875000
  0.271357   0.547463   0.405575  -0.198157   0.402065  -0.272405   0.190354   0.625000   0.875000
  0.276382   0.546467   0.407595  -0.199526   0.403022  -0.225185   0.171558   0.625000   0.875000
  0.281407   0.545465   0.409620  -0.200658   0.403884  -0.189206   0.164070   0.625000   0.875000
  0.286432   0.544456   0.411650  -0.201609   0.404708  -0.155806   0.167875   0.625000   0.875000
  0.291457   0.543443   0.413684  -0.202392   0.405552  -0.108394   0.173025   0.625000   0.875000
  0.296482   0.542426   0.415721  -0.202936   0.406421  -0.064483   0.177648   0.625000   0.875000
  0.301508   0.541406   0.417764  -0.203260   0.407314  -0.085082   0.194395   0.625000   0.875000
  0.306533   0.540385   0.419811  -0.203688   0.408291  -0.190058   0.230271   0.625000   0.875000
  0.311558   0.539361   0.421863  -0.204643   0.409448  -0.351217   0.276978   0.625000   0.875000
  0.316583   0.538333   0.423920  -0.206408   0.410840  -0.550885   0.330187   0.625000   0.875000
  0.321608   0.537296   0.425985  -0.209176   0.412499  -0.819273   0.407414   0.625000   0.875000
  0.326633   0.536245   0.428057  -0.213293   0.414546  -1.185392   0.521176   0.625000   0.875000
  0.331658   0.535173   0.430140  -0.219249   0.417165  -1.687521   0.656267   0.625000   0.875000
  0.336683   0.534071   0.432237  -0.227729   0.420463  -2.324647   0.796674   0.625000   0.875000
  0.341709   0.532927   0.434350  -0.239413   0.424467  -3.069107   0.951580   0.625000   0.875000
  0.346734   0.531724   0.436483  -0.254835   0.429249  -3.953642   1.130889   0.625000   0.875000
  0.351759   0.530443   0.438640  -0.274702   0.434931  -5.143483   1.322760   0.625000   0.875000
  0.356784   0.529063   0.440825  -0.300548   0.441578  -6.711143   1.492070   0.625000   0.875000
  0.361809   0.527552   0.443044  -0.334272   0.449076  -8.407979   1.622285   0.625000   0.875000
  0.366834   0.525873   0.445301  -0.376522   0.457228  -9.999112   1.705573   0.625000   0.875000
  0.371859   0.523981   0.447598  -0.426767   0.465798 -11.603056   1.713908   0.625000   0.875000
  0.376884   0.521836   0.449939  -0.485073   0.474411 -13.623776   1.575304   0.625000   0.875000
  0.381910   0.519398   0.452323  -0.553546   0.482328 -16.026438   1.327975   0.625000   0.875000
  0.386935   0.516617   0.454747  -0.634079   0.489001 -18.305663   1.099909   0.625000   0.875000
  0.391960   0.513430   0.457204  -0.726065   0.494528 -20.274676   0.750269   0.625000   0.875000
  0.396985   0.509782   0.459689  -0.827945   0.498298 -21.919684  -0.243510   0.625000   0.875000
  0.402010   0.505621   0.462193  -0.938091   0.497075 -23.168241  -1.802011   0.625000   0.875000
  0.407035   0.500908   0.464691  -1.054512   0.488020 -23.898504  -3.380085   0.625000   0.875000
  0.412060   0.495609   0.467143  -1.174602   0.471035 -23.814337  -4.903543   0.625000   0.875000
  0.417085   0.489706   0.469510  -1.294269   0.446394 -22.644078  -6.483266   0.625000   0.875000
  0.422111   0.483201   0.471754  -1.408078   0.413810 -20.337886  -8.139902   0.625000   0.875000
  0.427136   0.476126   0.473833  -1.510276   0.372907 -17.003995  -9.906802   0.625000   0.875000
  0.432161   0.468536   0.475707  -1.595721   0.323125 -12.924049 -11.773458   0.625000   0.875000
  0.437186   0.460518   0.477331  -1.660664   0.263963  -8.632280 -13.356020   0.625000   0.875000
  0.442211   0.452173   0.478657  -1.704041   0.196849  -4.207675 -14.132648   0.625000   0.875000
  0.447236   0.443610   0.479647  -1.725185   0.125833   2.086213 -14.317437   0.625000   0.875000
  0.452261   0.434941   0.480279  -1.714702   0.053888  11.398604 -14.020725   0.625000   0.875000
  0.457286   0.426325   0.480550  -1.657424  -0.016567  20.962827 -13.124064   0.625000   0.875000
  0.462312   0.417995   0.480466  -1.552064  -0.082528  29.229938 -11.550527   0.625000   0.875000
  0.467337   0.410196   0.480052  -1.405184  -0.140569  36.554918  -9.316893   0.625000   0.875000
  0.472362   0.403135   0.479345  -1.221496  -0.187387  43.163977  -6.338305   0.625000   0.875000
  0.477387   0.396997   0.478404  -1.004597  -0.219237  48.318414  -2.776372   0.625000   0.875000
  0.482412   0.391948   0.477302  -0.761797  -0.233188  51.811001   1.091089   0.625000   0.875000
  0.487437   0.388120   0.476130  -0.501446  -0.227705  54.083328   5.175031   0.625000   0.875000
  0.492462   0.385601   0.474986  -0.229678  -0.201701  55.073662   9.376235   0.625000   0.875000
  0.497487   0.384447   0.473972   0.047068  -0.154585  54.209852  13.309788   0.625000   0.875000
  0.502513   0.384683   0.473196   0.319526  -0.087690  51.496530  16.607253   0.625000   0.875000
  0.507538   0.386289   0.472755   0.578296  -0.004239  47.320601  19.072949   0.625000   0.875000
  0.512563   0.389195   0.472734   0.816082   0.091603  41.585919  20.750117   0.625000   0.875000
  0.517588   0.393295   0.473194   1.025052   0.195872  34.484013  21.605276   0.625000   0.875000
  0.522613   0.398446   0.474178   1.198334   0.304439  26.825707  21.571593   0.625000   0.875000
  0.527638   0.404468   0.475708   1.333133   0.412836  19.092001  20.874069   0.625000   0.875000
  0.532663   0.411167   0.477782   1.429070   0.517728  11.403259  19.663140   0.625000   0.875000
  0.537688   0.418348   0.480384   1.486372   0.616535   3.773247  17.302175   0.625000   0.875000
  0.542714   0.425819   0.483483   1.505336   0.703496  -3.545377  14.513066   0.625000   0.875000
  0.547739   0.433383   0.487018   1.487520   0.776424 -10.049258  10.986528   0.625000   0.875000
  0.552764   0.440858   0.490919   1.437023   0.831631 -15.206437   7.616155   0.625000   0.875000
  0.557789   0.448079   0.495098   1.360611   0.869903 -19.170618   4.454800   0.625000   0.875000
  0.562814   0.454916   0.499470   1.264278   0.892288 -22.108989   1.396360   0.625000   0.875000
  0.567839   0.461269   0.503953   1.153181   0.899305 -24.071228  -1.418224   0.625000   0.875000
  0.572864   0.467063   0.508472   1.032223   0.892178 -25.103607  -3.765204   0.625000   0.875000
  0.577889   0.472250   0.512956   0.906077   0.873258 -25.224641  -5.549609   0.625000   0.875000
  0.582915   0.476804   0.517345   0.779298   0.845366 -24.476134  -6.930689   0.625000   0.875000
  0.587940   0.480720   0.521592   0.656305   0.810539 -23.140558  -8.062485   0.625000   0.875000
  0.592965   0.484018   0.525665   0.540024   0.770025 -21.489596  -8.825101   0.625000   0.875000
  0.597990   0.486732   0.529535   0.432039   0.725679 -19.440540  -8.877645   0.625000   0.875000
  0.603015   0.488903   0.533181   0.334350   0.681069 -16.996006  -8.348669   0.625000   0.875000
  0.608040   0.490583   0.536604   0.248945   0.639117 -14.545886  -7.719609   0.625000   0.875000
  0.613065   0.491834   0.539815   0.175852   0.600326 -12.354840  -7.126659   0.625000   0.875000
  0.618090   0.492718   0.542832   0.113769   0.564514 -10.397483  -6.468605   0.625000   0.875000
  0.623116   0.493289   0.545669   0.061511   0.532003  -8.582377  -5.677672   0.625000   0.875000
  0.628141   0.493598   0.548342   0.018385   0.503473  -6.911708  -4.841802   0.625000   0.875000
  0.633166   0.493691   0.550872  -0.016346   0.479143  -5.404059  -4.048138   0.625000   0.875000
  0.638191   0.493609   0.553280  -0.043502   0.458801  -4.129577  -3.333084   0.625000   0.875000
  0.643216   0.493390   0.555586  -0.064253   0.442052  -3.135801  -2.694633   0.625000   0.875000
  0.648241   0.493067   0.557807  -0.080010   0.428511  -2.329833  -2.121971   0.625000   0.875000
  0.653266   0.492665   0.559960  -0.091718   0.417848  -1.618062  -1.625030   0.625000   0.875000
  0.658291   0.492204   0.562060  -0.099849   0.409683  -1.021206  -1.215145   0.625000   0.875000
  0.663317   0.491702   0.564119  -0.104981   0.403575  -0.645201  -0.902792   0.625000   0.875000
  0.668342   0.491175   0.566147  -0.108223   0.399039  -0.429071  -0.664223   0.625000   0.875000
  0.673367   0.490631   0.568152  -0.110379   0.395701  -0.233476  -0.472220   0.625000   0.875000
  0.678392   0.490076   0.570140  -0.111553   0.393328  -0.048490  -0.320023   0.625000   0.875000
  0.683417   0.489516   0.572117  -0.111796   0.391720   0.090493  -0.206314   0.625000   0.875000
  0.688442   0.488954   0.574085  -0.111341   0.390683   0.169735  -0.124856   0.625000   0.875000
  0.693467   0.488395   0.576049  -0.110489   0.390056   0.209187  -0.066568   0.625000   0.875000
  0.698492   0.487839   0.578009  -0.109437   0.389721   0.233865  -0.025170   0.625000   0.875000
  0.703518   0.487289   0.579967  -0.108262   0.389595   0.248825   0.004496   0.625000   0.875000
  0.708543   0.486745   0.581925  -0.107012   0.389618   0.254481   0.022612   0.625000   0.875000
  0.713568   0.486208   0.583883  -0.105733   0.389731   0.253384   0.028888   0.625000   0.875000
  0.718593   0.485676   0.585841  -0.104460   0.389876   0.247848   0.028675   0.625000   0.875000
  0.723618   0.485151   0.587800  -0.103214   0.390020   0.240392   0.028802   0.625000   0.875000
  0.728643   0.484633   0.589760  -0.102006   0.390165   0.236439   0.030445   0.625000   0.875000
  0.733668   0.484120   0.591721  -0.100818   0.390318   0.233680   0.031560   0.625000   0.875000
  0.738693   0.483614   0.593682  -0.099644   0.390477   0.221809   0.030998   0.625000   0.875000
  0.743719   0.483113   0.595645  -0.098529   0.390633   0.201111   0.027328   0.625000   0.875000
  0.748744   0.482618   0.597608  -0.097518   0.390770   0.186265   0.018873   0.625000   0.875000
  0.753769   0.482128   0.599571  -0.096582   0.390865   0.183508   0.011003   0.625000   0.875000
  0.758794   0.481642   0.601535  -0.095660   0.390920   0.186220   0.012659   0.625000   0.875000
  0.763819   0.481162   0.603500  -0.094725   0.390984   0.175230   0.017864   0.625000   0.875000
  0.768844   0.480686   0.605464  -0.093844   0.391073   0.153567   0.019869   0.625000   0.875000
  0.773869   0.480214   0.607430  -0.093072   0.391173   0.141417   0.018623   0.625000   0.875000
  0.778894   0.479746   0.609395  -0.092362   0.391267   0.142016   0.015814   0.625000   0.875000
  0.783920   0.479282   0.611362  -0.091648   0.391346   0.141779   0.013063   0.625000   0.875000
  0.788945   0.478822   0.613328  -0.090936   0.391412   0.129699   0.010816   0.625000   0.875000
  0.793970   0.478365   0.615295  -0.090284   0.391466   0.121447   0.009424   0.625000   0.875000
  0.798995   0.477911   0.617262  -0.089674   0.391514   0.133803   0.009219   0.625000   0.875000
  0.804020   0.477460   0.619230  -0.089001   0.391560   0.153812   0.009966   0.625000   0.875000
  0.809045   0.477013   0.621197  -0.088228   0.391610   0.142896   0.011455   0.625000   0.875000
  0.814070   0.476570   0.623165  -0.087510   0.391668   0.102628   0.007359   0.625000   0.875000
  0.819095   0.476130   0.625133  -0.086995   0.391705   0.084664  -0.010327   0.625000   0.875000
  0.824121   0.475693   0.627102  -0.086569   0.391653   0.109222  -0.033079   0.625000   0.875000
  0.829146   0.475258   0.629070  -0.086020   0.391486   0.149794  -0.033517   0.625000   0.875000
  0.834171   0.474826   0.631037  -0.085267   0.391318   0.140963  -0.010025   0.625000   0.875000
  0.839196   0.474397   0.633003  -0.084559   0.391268   0.092027   0.009609   0.625000   0.875000
  0.844221   0.473972   0.634970  -0.084097   0.391316   0.071880   0.016709   0.625000   0.875000
  0.849246   0.473550   0.636936  -0.083735   0.391400   0.091959   0.018139   0.625000   0.875000
  0.854271   0.473129   0.638903  -0.083273   0.391491   0.108721   0.007141   0.625000   0.875000
  0.859296   0.472710   0.640870  -0.082727   0.391527   0.095990  -0.028925   0.625000   0.875000
  0.864322   0.472295   0.642838  -0.082245   0.391382   0.074959  -0.069227   0.625000   0.875000
  0.869347   0.471881   0.644804  -0.081868   0.391034   0.067122  -0.057373   0.625000   0.875000
  0.874372   0.471470   0.646769  -0.081531   0.390745   0.061470   0.000755   0.625000   0.875000
  0.879397   0.471060   0.648733  -0.081222   0.390749   0.055194   0.019829   0.625000   0.875000
  0.884422   0.470652   0.650696  -0.080944   0.390849   0.048029  -0.035759   0.625000   0.875000
  0.889447   0.470245   0.652660  -0.080703   0.390669   0.042361  -0.109852   0.625000   0.875000
  0.894472   0.469840   0.654624  -0.080490   0.390117   0.036299  -0.108021   0.625000   0.875000
  0.899497   0.469435   0.656584  -0.080308   0.389574   0.025920  -0.034774   0.625000   0.875000
  0.904523   0.469032   0.658542  -0.080178   0.389400   0.006273   0.020240   0.625000   0.875000
  0.909548   0.468629   0.660499  -0.080146   0.389501   0.031313   0.038126   0.625000   0.875000
  0.914573   0.468226   0.662456  -0.079989   0.389693   0.124765   0.033684   0.625000   0.875000
  0.919598   0.467824   0.664414  -0.079362   0.389862   0.190008   0.022084   0.625000   0.875000
  0.924623   0.467425   0.666373  -0.078407   0.389973   0.129298   0.018462   0.625000   0.875000
  0.929648   0.467031   0.668333  -0.077757   0.390066   0.052146   0.034237   0.625000   0.875000
  0.934673   0.466641   0.670293  -0.077495   0.390238   0.043144   0.019298   0.625000   0.875000
  0.939698   0.466251   0.672254  -0.077278   0.390335   0.052096  -0.078822   0.625000   0.875000
  0.944724   0.465863   0.674216  -0.077017   0.389939   0.028475  -0.202768   0.625000   0.875000
  0.949749   0.465476   0.676175  -0.076873   0.388920  -0.008312  -0.151115   0.625000   0.875000
  0.954774   0.465090   0.678129  -0.076915   0.388160  -0.038451   0.000971   0.625000   0.875000
  0.959799   0.464703   0.680080  -0.077108   0.388165  -0.012019   0.059452   0.625000   0.875000
  0.964824   0.464316   0.682030  -0.077169   0.388464   0.109526   0.042708   0.625000   0.875000
  0.969849   0.463928   0.683982  -0.076618   0.388679   0.235210   0.042692   0.625000   0.875000
  0.974874   0.463543   0.685936  -0.075437   0.388893   0.144598   0.055442   0.625000   0.875000
  0.979899   0.463164   0.687890  -0.074710   0.389172  -0.089824   0.057313   0.625000   0.875000
  0.984925   0.462788   0.689846  -0.075161   0.389460  -0.191075   0.076849   0.625000   0.875000
  0.989950   0.462411   0.691803  -0.076122   0.389846  -0.083385   0.112983   0.625000   0.875000
  0.994975   0.462028   0.693762  -0.076541   0.390414   0.014552   0.067723   0.625000   0.875000
  1.000000   0.461643   0.695724  -0.076467   0.390754   0.060392  -0.114013   0.625000   0.875000