  0.000000   0.576537   0.315224   0.000000   0.000000  14.070854  14.223902   0.750000   0.625000
  0.005025   0.576537   0.315224   0.070706   0.071475  -0.140311  39.923943   0.750000   0.625000
  0.010050   0.576892   0.315583   0.070001   0.272093   2.684086  25.276659   0.750000   0.625000
  0.015075   0.577244   0.316950   0.083489   0.399108   9.281048   3.271734   0.750000   0.625000
  0.020101   0.577664   0.318956   0.130135   0.415552  10.546072  -4.691834   0.750000   0.625000
  0.025126   0.578318   0.321044   0.183129   0.391975   8.957571  -5.942391   0.750000   0.625000
  0.030151   0.579238   0.323014   0.228141   0.362115   6.555900  -5.156298   0.750000   0.625000
  0.035176   0.580384   0.324834   0.261084   0.336204   4.240606  -3.558392   0.750000   0.625000
  0.040201   0.581696   0.326523   0.282393   0.318324   2.318582  -1.907487   0.750000   0.625000
  0.045226   0.583115   0.328123   0.294044   0.308738   0.815533  -0.878393   0.750000   0.625000
  0.050251   0.584593   0.329674   0.298142   0.304325  -0.344119  -0.382586   0.750000   0.625000
  0.055276   0.586091   0.331203   0.296413   0.302402  -1.277571  -0.143840   0.750000   0.625000
  0.060302   0.587581   0.332723   0.289992   0.301679  -2.073668   0.029848   0.750000   0.625000
  0.065327   0.589038   0.334239   0.279572   0.301829  -2.744046   0.175723   0.750000   0.625000
  0.070352   0.590443   0.335756   0.265783   0.302712  -3.299748   0.314438   0.750000   0.625000
  0.075377   0.591778   0.337277   0.249202   0.304292  -3.756098   0.437092   0.750000   0.625000
  0.080402   0.593031   0.338806   0.230327   0.306489  -4.102933   0.534460   0.750000   0.625000
  0.085427   0.594188   0.340346   0.209710   0.309174  -4.340410   0.615764   0.750000   0.625000
  0.090452   0.595242   0.341900   0.187900   0.312268  -4.507534   0.680339   0.750000   0.625000
  0.095477   0.596186   0.343469   0.165249   0.315687  -4.634706   0.725376   0.750000   0.625000
  0.100503   0.597016   0.345056   0.141955   0.319333  -4.711866   0.756015   0.750000   0.625000
  0.105528   0.597730   0.346660   0.118278   0.323132  -4.724540   0.770140   0.750000   0.625000
  0.110553   0.598324   0.348284   0.094537   0.327002  -4.697206   0.767215   0.750000   0.625000
  0.115578   0.598799   0.349927   0.070934   0.330857  -4.655358   0.767779   0.750000   0.625000
  0.120603   0.599156   0.351590   0.047541   0.334715  -4.586855   0.789291   0.750000   0.625000
  0.125628   0.599395   0.353272   0.024492   0.338681  -4.480005   0.796202   0.750000   0.625000
  0.130653   0.599518   0.354974   0.001980   0.342682  -4.347488   0.769137   0.750000   0.625000
  0.135678   0.599528   0.356696  -0.019867   0.346547  -4.206269   0.732909   0.750000   0.625000
  0.140704   0.599428   0.358437  -0.041007   0.350231  -4.056142   0.715209   0.750000   0.625000
  0.145729   0.599222   0.360197  -0.061389   0.353825  -3.895681   0.701944   0.750000   0.625000
  0.150754   0.598913   0.361975  -0.080965   0.357352  -3.726490   0.679452   0.750000   0.625000
  0.155779   0.598506   0.363771  -0.099691   0.360766  -3.551316   0.650697   0.750000   0.625000
  0.160804   0.598005   0.365584  -0.117536   0.364036  -3.374648   0.620612   0.750000   0.625000
  0.165829   0.597415   0.367413  -0.134494   0.367154  -3.201805   0.588857   0.750000   0.625000
  0.170854   0.596739   0.369258  -0.150583   0.370113  -3.026353   0.556271   0.750000   0.625000
  0.175879   0.595982   0.371118  -0.165790   0.372909  -2.840452   0.524379   0.750000   0.625000
  0.180905   0.595149   0.372992  -0.180066   0.375544  -2.653645   0.492685   0.750000   0.625000
  0.185930   0.594244   0.374879  -0.193401   0.378020  -2.474338   0.461748   0.750000   0.625000
  0.190955   0.593272   0.376779  -0.205834   0.380340  -2.300527   0.431755   0.750000   0.625000
  0.195980   0.592238   0.378690  -0.217395   0.382510  -2.131246   0.401167   0.750000   0.625000
  0.201005   0.591146   0.380612  -0.228104   0.384526  -1.972201   0.371070   0.750000   0.625000
  0.206030   0.589999   0.382544  -0.238014   0.386390  -1.824320   0.341680   0.750000   0.625000
  0.211055   0.588803   0.384486  -0.247182   0.388107  -1.672718   0.312761   0.750000   0.625000
  0.216080   0.587561   0.386436  -0.255587   0.389679  -1.515508   0.285661   0.750000   0.625000
  0.221106   0.586277   0.388395  -0.263204   0.391115  -1.367313   0.261273   0.750000   0.625000
  0.226131   0.584954   0.390360  -0.270075   0.392428  -1.230636   0.237357   0.750000   0.625000
  0.231156   0.583597   0.392332  -0.276259   0.393620  -1.101490   0.213148   0.750000   0.625000
  0.236181   0.582209   0.394310  -0.281794   0.394691  -0.978507   0.188321   0.750000   0.625000
  0.241206   0.580793   0.396293  -0.286711   0.395638  -0.863975   0.162696   0.750000   0.625000
  0.246231   0.579352   0.398281  -0.291052   0.396455  -0.756438   0.137942   0.750000   0.625000
  0.251256   0.577889   0.400273  -0.294853   0.397148  -0.650137   0.119121   0.750000   0.625000
  0.256281   0.576408   0.402269  -0.298120   0.397747  -0.545551   0.105133   0.750000   0.625000
  0.261307   0.574909   0.404268  -0.300862   0.398275  -0.448692   0.090287   0.750000   0.625000
  0.266332   0.573398   0.406270  -0.303117   0.398729  -0.360587   0.073614   0.750000   0.625000
  0.271357   0.571874   0.408273  -0.304929   0.399099  -0.278709   0.057034   0.750000   0.625000
  0.276382   0.570342   0.410279  -0.306329   0.399386  -0.200112   0.041432   0.750000   0.625000
  0.281407   0.568803   0.412286  -0.307335   0.399594  -0.127051   0.026767   0.750000   0.625000
  0.286432   0.567259   0.414293  -0.307973   0.399728  -0.062195   0.014334   0.750000   0.625000
  0.291457   0.565711   0.416302  -0.308286   0.399800  -0.006795   0.004560   0.750000   0.625000
  0.296482   0.564162   0.418311  -0.308320   0.399823   0.040595  -0.003082   0.750000   0.625000
  0.301508   0.562612   0.420321  -0.308116   0.399808   0.083481  -0.008131   0.750000   0.625000
  0.306533   0.561064   0.422330  -0.307696   0.399767   0.113770  -0.011923   0.750000   0.625000
  0.311558   0.559518   0.424338  -0.307125   0.399707   0.127872  -0.014983   0.750000   0.625000
  0.316583   0.557974   0.426347  -0.306482   0.399632   0.132436  -0.010176   0.750000   0.625000
  0.321608   0.556434   0.428355  -0.305817   0.399581   0.123938   0.010647   0.750000   0.625000
  0.326633   0.554898   0.430363  -0.305194   0.399634   0.035463   0.038574   0.750000   0.625000
  0.331658   0.553364   0.432371  -0.305016   0.399828  -0.168485   0.063586   0.750000   0.625000
  0.336683   0.551831   0.434380  -0.305862   0.400147  -0.436604   0.095280   0.750000   0.625000
  0.341709   0.550294   0.436392  -0.308057   0.400626  -0.771362   0.168998   0.750000   0.625000
  0.346734   0.548746   0.438405  -0.311933   0.401475  -1.293264   0.274879   0.750000   0.625000
  0.351759   0.547179   0.440422  -0.318431   0.402857  -2.049945   0.390820   0.750000   0.625000
  0.356784   0.545579   0.442446  -0.328732   0.404821  -3.049904   0.519935   0.750000   0.625000
  0.361809   0.543927   0.444481  -0.344058   0.407433  -4.393555   0.657904   0.750000   0.625000
  0.366834   0.542198   0.446528  -0.366136   0.410739  -6.001149   0.710585   0.750000   0.625000
  0.371859   0.540358   0.448592  -0.396292   0.414310  -7.612725   0.657538   0.750000   0.625000
  0.376884   0.538367   0.450674  -0.434546   0.417614  -9.413683   0.603357   0.750000   0.625000
  0.381910   0.536183   0.452773  -0.481859   0.420647 -12.112534   0.506703   0.750000   0.625000
  0.386935   0.533761   0.454887  -0.542724   0.423193 -15.628182   0.173298   0.750000   0.625000
  0.391960   0.531034   0.457013  -0.621256   0.424064 -19.103613  -0.572518   0.750000   0.625000
  0.396985   0.527912   0.459144  -0.717251   0.421187 -22.170671  -1.691135   0.750000   0.625000
  0.402010   0.524308   0.461260  -0.828659   0.412689 -24.765050  -3.085012   0.750000   0.625000
  0.407035   0.520144   0.463334  -0.953103   0.397186 -26.841238  -4.791726   0.750000   0.625000
  0.412060   0.515355   0.465330  -1.087981   0.373108 -28.736026  -6.833011   0.750000   0.625000
  0.417085   0.509888   0.467205  -1.232379   0.338772 -30.462593  -9.151582   0.750000   0.625000
  0.422111   0.503694   0.468908  -1.385484   0.292776 -30.782163 -11.641116   0.750000   0.625000
  0.427136   0.496732   0.470379  -1.540165   0.234280 -28.199467 -14.334506   0.750000   0.625000
  0.432161   0.488992   0.471556  -1.681867   0.162249 -23.518578 -17.136988   0.750000   0.625000
  0.437186   0.480541   0.472371  -1.800048   0.076135 -17.639366 -19.627579   0.750000   0.625000
  0.442211   0.471496   0.472754  -1.888686  -0.022493 -10.261737 -21.116313   0.750000   0.625000
  0.447236   0.462005   0.472641  -1.940251  -0.128603  -1.211390 -21.474989   0.750000   0.625000
  0.452261   0.452255   0.471995  -1.946338  -0.236514   8.961329 -20.820824   0.750000   0.625000
  0.457286   0.442475   0.470806  -1.901307  -0.341139  19.827770 -18.824787   0.750000   0.625000
  0.462312   0.432919   0.469092  -1.801653  -0.435752  31.087386 -15.277475   0.750000   0.625000
  0.467337   0.423866   0.466902  -1.645439  -0.512522  42.154910 -10.396271   0.750000   0.625000
  0.472362   0.415597   0.464327  -1.433610  -0.564763  51.977146  -4.455070   0.750000   0.625000
  0.477387   0.408393   0.461489  -1.172425  -0.587150  59.575834   2.385164   0.750000   0.625000
  0.482412   0.402502   0.458538  -0.873057  -0.575164  65.285556   9.907434   0.750000   0.625000
  0.487437   0.398115   0.455648  -0.544997  -0.525379  69.223746  17.638152   0.750000   0.625000
  0.492462   0.395376   0.453008  -0.197147  -0.436748  69.846588  24.994925   0.750000   0.625000
  0.497487   0.394386   0.450813   0.153832  -0.311148  65.960745  31.275648   0.750000   0.625000
  0.502513   0.395159   0.449250   0.485350  -0.153957  59.078775  36.054451   0.750000   0.625000
  0.507538   0.397598   0.448476   0.782221   0.027217  50.892446  39.226253   0.750000   0.625000
  0.512563   0.401528   0.448613   1.037956   0.224329  41.642641  40.834876   0.750000   0.625000
  0.517588   0.406744   0.449740   1.247210   0.429524  31.338746  40.096615   0.750000   0.625000
  0.522613   0.413011   0.451898   1.404687   0.631009  20.369112  36.487707   0.750000   0.625000
  0.527638   0.420070   0.455069   1.507042   0.814360   9.195142  31.251049   0.750000   0.625000
  0.532663   0.427643   0.459161   1.553248   0.971397  -1.562321  25.789857   0.750000   0.625000
  0.537688   0.435448   0.464042   1.545397   1.100991 -10.985482  19.994827   0.750000   0.625000
  0.542714   0.443215   0.469576   1.490184   1.201485 -18.662129  13.037865   0.750000   0.625000
  0.547739   0.450703   0.475614   1.396407   1.267000 -24.321440   5.548578   0.750000   0.625000
  0.552764   0.457720   0.481980   1.274191   1.294882 -28.270383  -1.270096   0.750000   0.625000
  0.557789   0.464123   0.488487   1.132133   1.288499 -31.160303  -7.169363   0.750000   0.625000
  0.562814   0.469812   0.494962   0.975552   1.252473 -32.769839 -11.803746   0.750000   0.625000
  0.567839   0.474714   0.501255   0.810884   1.193160 -31.868085 -14.743587   0.750000   0.625000
  0.572864   0.478789   0.507251   0.650747   1.119073 -28.972314 -16.407141   0.750000   0.625000
  0.577889   0.482059   0.512874   0.505161   1.036627 -25.869573 -17.277559   0.750000   0.625000
  0.582915   0.484598   0.518084   0.375140   0.949790 -22.980566 -17.317274   0.750000   0.625000
  0.587940   0.486483   0.522857   0.259663   0.862771 -20.030138 -16.573851   0.750000   0.625000
  0.592965   0.487787   0.527193   0.159012   0.779487 -16.958397 -15.376477   0.750000   0.625000
  0.597990   0.488586   0.531109   0.073796   0.702220 -13.974180 -13.865966   0.750000   0.625000
  0.603015   0.488957   0.534638   0.003575   0.632544 -11.219716 -11.998104   0.750000   0.625000
  0.608040   0.488975   0.537817  -0.052804   0.572253  -8.748855  -9.992580   0.750000   0.625000
  0.613065   0.488710   0.540692  -0.096767   0.522041  -6.547046  -8.122966   0.750000   0.625000
  0.618090   0.488224   0.543315  -0.129666   0.481223  -4.661097  -6.480405   0.750000   0.625000
  0.623116   0.487572   0.545734  -0.153092   0.448652  -3.289843  -5.064710   0.750000   0.625000
  0.628141   0.486803   0.547989  -0.169624   0.423202  -2.365838  -3.846556   0.750000   0.625000
  0.633166   0.485950   0.550115  -0.181512   0.403873  -1.626554  -2.834256   0.750000   0.625000
  0.638191   0.485038   0.552145  -0.189686   0.389631  -0.979612  -2.032342   0.750000   0.625000
  0.643216   0.484085   0.554103  -0.194608   0.379419  -0.482796  -1.409685   0.750000   0.625000
  0.648241   0.483107   0.556009  -0.197034   0.372335  -0.178027  -0.922583   0.750000   0.625000
  0.653266   0.482117   0.557880  -0.197929   0.367699   0.011756  -0.579307   0.750000   0.625000
  0.658291   0.481122   0.559728  -0.197870   0.364788   0.161911  -0.383783   0.750000   0.625000
  0.663317   0.480128   0.561561  -0.197056   0.362859   0.279109  -0.252618   0.750000   0.625000
  0.668342   0.479138   0.563385  -0.195653   0.361590   0.326209  -0.126332   0.750000   0.625000
  0.673367   0.478155   0.565202  -0.194014   0.360955   0.317853  -0.016989   0.750000   0.625000
  0.678392   0.477180   0.567015  -0.192417   0.360869   0.309245   0.036380   0.750000   0.625000
  0.683417   0.476213   0.568829  -0.190863   0.361052   0.312970   0.045932   0.750000   0.625000
  0.688442   0.475254   0.570643  -0.189290   0.361283   0.318886   0.046789   0.750000   0.625000
  0.693467   0.474303   0.572458  -0.187688   0.361518   0.310722   0.051516   0.750000   0.625000
  0.698492   0.473359   0.574275  -0.186127   0.361777   0.292424   0.056881   0.750000   0.625000
  0.703518   0.472424   0.576093  -0.184657   0.362063   0.275938   0.059539   0.750000   0.625000
  0.708543   0.471496   0.577913  -0.183270   0.362362   0.265576   0.059018   0.750000   0.625000
  0.713568   0.470575   0.579734  -0.181936   0.362659   0.255691   0.057021   0.750000   0.625000
  0.718593   0.469661   0.581556  -0.180651   0.362945   0.242943   0.054508   0.750000   0.625000
  0.723618   0.468753   0.583380  -0.179430   0.363219   0.232106   0.051521   0.750000   0.625000
  0.728643   0.467851   0.585205  -0.178264   0.363478   0.225658   0.048067   0.750000   0.625000
  0.733668   0.466956   0.587031  -0.177130   0.363720   0.219832   0.045199   0.750000   0.625000
  0.738693   0.466066   0.588859  -0.176025   0.363947   0.209417   0.043759   0.750000   0.625000
  0.743719   0.465181   0.590688  -0.174973   0.364167   0.196865   0.042943   0.750000   0.625000
  0.748744   0.464302   0.592518  -0.173983   0.364382   0.186174   0.041893   0.750000   0.625000
  0.753769   0.463427   0.594349  -0.173048   0.364593   0.178795   0.040096   0.750000   0.625000
  0.758794   0.462558   0.596181  -0.172149   0.364794   0.174641   0.037676   0.750000   0.625000
  0.763819   0.461693   0.598014  -0.171272   0.364984   0.171484   0.035191   0.750000   0.625000
  0.768844   0.460832   0.599849  -0.170410   0.365160   0.164712   0.033584   0.750000   0.625000
  0.773869   0.459976   0.601683  -0.169582   0.365329   0.155267   0.032694   0.750000   0.625000
  0.778894   0.459124   0.603519  -0.168802   0.365494   0.146777   0.032377   0.750000   0.625000
  0.783920   0.458275   0.605356  -0.168065   0.365656   0.136561   0.033054   0.750000   0.625000
  0.788945   0.457431   0.607194  -0.167378   0.365822   0.132115   0.032727   0.750000   0.625000
  0.793970   0.456590   0.609032  -0.166714   0.365987   0.146472   0.025686   0.750000   0.625000
  0.798995   0.455752   0.610871  -0.165978   0.366116   0.170970   0.012151   0.750000   0.625000
  0.804020   0.454918   0.612711  -0.165119   0.366177   0.162089   0.009958   0.750000   0.625000
  0.809045   0.454088   0.614551  -0.164305   0.366227   0.124263   0.020618   0.750000   0.625000
  0.814070   0.453263   0.616391  -0.163680   0.366331   0.105175   0.024860   0.750000   0.625000
  0.819095   0.452440   0.618232  -0.163152   0.366456   0.111156   0.020167   0.750000   0.625000
  0.824121   0.451620   0.620074  -0.162593   0.366557   0.112752   0.016786   0.750000   0.625000
  0.829146   0.450803   0.621916  -0.162027   0.366641   0.090446   0.017214   0.750000   0.625000
  0.834171   0.449989   0.623758  -0.161572   0.366728   0.080799   0.017668   0.750000   0.625000
  0.839196   0.449177   0.625601  -0.161166   0.366817   0.119799   0.016058   0.750000   0.625000
  0.844221   0.448367   0.627444  -0.160564   0.366897   0.184598   0.012149   0.750000   0.625000
  0.849246   0.447560   0.629288  -0.159636   0.366958   0.176699   0.006040   0.750000   0.625000
  0.854271   0.446758   0.631132  -0.158749   0.366989   0.104973   0.003959   0.750000   0.625000
  0.859296   0.445960   0.632976  -0.158221   0.367008   0.070684   0.002667   0.750000   0.625000
  0.864322   0.445165   0.634820  -0.157866   0.367022   0.093612  -0.008499   0.750000   0.625000
  0.869347   0.444372   0.636665  -0.157395   0.366979   0.106520  -0.022524   0.750000   0.625000
  0.874372   0.443581   0.638509  -0.156860   0.366866   0.078382  -0.051450   0.750000   0.625000
  0.879397   0.442793   0.640352  -0.156466   0.366607   0.064637  -0.098404   0.750000   0.625000
  0.884422   0.442006   0.642194  -0.156142   0.366113   0.090428  -0.131964   0.750000   0.625000
  0.889447   0.441222   0.644034  -0.155687   0.365450   0.087590  -0.124263   0.750000   0.625000
  0.894472   0.440440   0.645870  -0.155247   0.364825   0.024515  -0.095454   0.750000   0.625000
  0.899497   0.439659   0.647704  -0.155124   0.364346  -0.019189  -0.069250   0.750000   0.625000
  0.904523   0.438880   0.649535  -0.155220   0.363998   0.079928  -0.025175   0.750000   0.625000
  0.909548   0.438100   0.651364  -0.154819   0.363871   0.356256   0.060191   0.750000   0.625000
  0.914573   0.437322   0.653192  -0.153028   0.364174   0.541095   0.160215   0.750000   0.625000
  0.919598   0.436553   0.655022  -0.150309   0.364979   0.340711   0.189051   0.750000   0.625000
  0.924623   0.435798   0.656856  -0.148597   0.365929   0.079224   0.106792   0.750000   0.625000
  0.929648   0.435051   0.658695  -0.148199   0.366465  -0.035441  -0.014154   0.750000   0.625000
  0.934673   0.434306   0.660537  -0.148377   0.366394  -0.038171  -0.079102   0.750000   0.625000
  0.939698   0.433561   0.662378  -0.148569   0.365997   0.019089  -0.074997   0.750000   0.625000
  0.944724   0.432814   0.664217  -0.148473   0.365620   0.066395  -0.051588   0.750000   0.625000
  0.949749   0.432068   0.666055  -0.148140   0.365361   0.110758  -0.029991   0.750000   0.625000
  0.954774   0.431323   0.667891  -0.147583   0.365210   0.140453  -0.017563   0.750000   0.625000
  0.959799   0.430582   0.669726  -0.146877   0.365122   0.130100  -0.012984   0.750000   0.625000
  0.964824   0.429844   0.671560  -0.146223   0.365056   0.049372  -0.004113   0.750000   0.625000
  0.969849   0.429109   0.673395  -0.145975   0.365036  -0.099872   0.027762   0.750000   0.625000
  0.974874   0.428375   0.675229  -0.146477   0.365175  -0.247757   0.064487   0.750000   0.625000
  0.979899   0.427639   0.677064  -0.147722   0.365499  -0.319695   0.089768   0.750000   0.625000
  0.984925   0.426897   0.678901  -0.149329   0.365950  -0.275413   0.099682   0.750000   0.625000
  0.989950   0.426147   0.680740  -0.150713   0.366451  -0.112982   0.076419   0.750000   0.625000
  0.994975   0.425389   0.682582  -0.151281   0.366835   0.028645   0.037477   0.750000   0.625000
  1.000000   0.424629   0.684425  -0.151137   0.367024   0.179374  -0.027311   0.750000   0.625000