  0.000000   0.576537   0.315224   0.000000   0.000000   3.329652   7.531198   0.750000   0.375000
  0.005025   0.576537   0.315224   0.016731   0.037844   4.661325  36.068360   0.750000   0.375000
  0.010050   0.576621   0.315414   0.040155   0.219088   6.091610  34.155594   0.750000   0.375000
  0.015075   0.576823   0.316515   0.070765   0.390720   7.402481  13.329765   0.750000   0.375000
  0.020101   0.577179   0.318479   0.107970   0.457715   8.262268  -2.136178   0.750000   0.375000
  0.025126   0.577721   0.320779   0.149488   0.446981   8.320146  -8.416195   0.750000   0.375000
  0.030151   0.578472   0.323025   0.191296   0.404689   7.325103  -7.745638   0.750000   0.375000
  0.035176   0.579434   0.325059   0.228105   0.365768   5.433290  -4.462340   0.750000   0.375000
  0.040201   0.580580   0.326896   0.255407   0.343344   3.305986  -2.325982   0.750000   0.375000
  0.045226   0.581863   0.328622   0.272020   0.331656   1.532787  -1.340701   0.750000   0.375000
  0.050251   0.583230   0.330288   0.279722   0.324919   0.195058  -0.862321   0.750000   0.375000
  0.055276   0.584636   0.331921   0.280702   0.320586  -0.847895  -0.562192   0.750000   0.375000
  0.060302   0.586046   0.333532   0.276441   0.317760  -1.689592  -0.387669   0.750000   0.375000
  0.065327   0.587436   0.335129   0.267951   0.315812  -2.372642  -0.254496   0.750000   0.375000
  0.070352   0.588782   0.336716   0.256028   0.314534  -2.938322  -0.079624   0.750000   0.375000
  0.075377   0.590069   0.338297   0.241263   0.314133  -3.398754   0.133721   0.750000   0.375000
  0.080402   0.591281   0.339875   0.224184   0.314805  -3.766629   0.288642   0.750000   0.375000
  0.085427   0.592407   0.341457   0.205257   0.316256  -4.053651   0.358485   0.750000   0.375000
  0.090452   0.593439   0.343046   0.184887   0.318057  -4.264849   0.389245   0.750000   0.375000
  0.095477   0.594368   0.344644   0.163457   0.320013  -4.404147   0.454441   0.750000   0.375000
  0.100503   0.595189   0.346253   0.141321   0.322297  -4.491989   0.547555   0.750000   0.375000
  0.105528   0.595900   0.347872   0.118749   0.325049  -4.537780   0.615794   0.750000   0.375000
  0.110553   0.596496   0.349506   0.095947   0.328143  -4.542971   0.646456   0.750000   0.375000
  0.115578   0.596978   0.351155   0.073118   0.331391  -4.509807   0.656378   0.750000   0.375000
  0.120603   0.597346   0.352820   0.050457   0.334690  -4.446339   0.660141   0.750000   0.375000
  0.125628   0.597599   0.354502   0.028114   0.338007  -4.363230   0.660299   0.750000   0.375000
  0.130653   0.597741   0.356200   0.006188   0.341325  -4.270634   0.658580   0.750000   0.375000
  0.135678   0.597772   0.357915  -0.015271   0.344634  -4.161101   0.654315   0.750000   0.375000
  0.140704   0.597695   0.359647  -0.036185   0.347923  -4.012423   0.646304   0.750000   0.375000
  0.145729   0.597513   0.361396  -0.056348   0.351171  -3.832245   0.634641   0.750000   0.375000
  0.150754   0.597230   0.363160  -0.075605   0.354360  -3.655284   0.614654   0.750000   0.375000
  0.155779   0.596850   0.364941  -0.093972   0.357448  -3.498613   0.583878   0.750000   0.375000
  0.160804   0.596378   0.366737  -0.111553   0.360382  -3.350446   0.549371   0.750000   0.375000
  0.165829   0.595817   0.368548  -0.128389   0.363143  -3.180617   0.529781   0.750000   0.375000
  0.170854   0.595172   0.370373  -0.144372   0.365805  -2.989331   0.522699   0.750000   0.375000
  0.175879   0.594447   0.372211  -0.159393   0.368432  -2.803028   0.506671   0.750000   0.375000
  0.180905   0.593646   0.374063  -0.173481   0.370978  -2.628157   0.477270   0.750000   0.375000
  0.185930   0.592774   0.375927  -0.186687   0.373376  -2.458815   0.446262   0.750000   0.375000
  0.190955   0.591836   0.377803  -0.199043   0.375619  -2.293237   0.421032   0.750000   0.375000
  0.195980   0.590836   0.379691  -0.210566   0.377735  -2.134717   0.396383   0.750000   0.375000
  0.201005   0.589778   0.381589  -0.221293   0.379726  -1.979313   0.367960   0.750000   0.375000
  0.206030   0.588666   0.383497  -0.231239   0.381575  -1.821563   0.339544   0.750000   0.375000
  0.211055   0.587504   0.385414  -0.240393   0.383282  -1.666950   0.315563   0.750000   0.375000
  0.216080   0.586296   0.387340  -0.248769   0.384867  -1.520595   0.293074   0.750000   0.375000
  0.221106   0.585045   0.389275  -0.256412   0.386340  -1.381194   0.269124   0.750000   0.375000
  0.226131   0.583757   0.391216  -0.263352   0.387693  -1.247957   0.245404   0.750000   0.375000
  0.231156   0.582433   0.393164  -0.269623   0.388926  -1.121863   0.221830   0.750000   0.375000
  0.236181   0.581079   0.395119  -0.275261   0.390040  -1.001349   0.197632   0.750000   0.375000
  0.241206   0.579695   0.397079  -0.280292   0.391034  -0.884008   0.175753   0.750000   0.375000
  0.246231   0.578287   0.399043  -0.284735   0.391917  -0.772137   0.158886   0.750000   0.375000
  0.251256   0.576856   0.401013  -0.288615   0.392715  -0.667994   0.142078   0.750000   0.375000
  0.256281   0.575406   0.402986  -0.291971   0.393429  -0.569710   0.123243   0.750000   0.375000
  0.261307   0.573938   0.404964  -0.294835   0.394049  -0.475228   0.104760   0.750000   0.375000
  0.266332   0.572457   0.406944  -0.297223   0.394575  -0.386305   0.087844   0.750000   0.375000
  0.271357   0.570963   0.408926  -0.299164   0.395016  -0.305244   0.072046   0.750000   0.375000
  0.276382   0.569460   0.410911  -0.300698   0.395378  -0.230499   0.057497   0.750000   0.375000
  0.281407   0.567949   0.412898  -0.301856   0.395667  -0.157987   0.044207   0.750000   0.375000
  0.286432   0.566432   0.414886  -0.302650   0.395889  -0.087702   0.031499   0.750000   0.375000
  0.291457   0.564911   0.416876  -0.303090   0.396048  -0.023225   0.019440   0.750000   0.375000
  0.296482   0.563388   0.418866  -0.303207   0.396145   0.034899   0.008238   0.750000   0.375000
  0.301508   0.561864   0.420857  -0.303032   0.396187   0.088120  -0.002108   0.750000   0.375000
  0.306533   0.560342   0.422848  -0.302589   0.396176   0.139254  -0.011616   0.750000   0.375000
  0.311558   0.558821   0.424839  -0.301889   0.396118   0.188113  -0.021706   0.750000   0.375000
  0.316583   0.557304   0.426829  -0.300944   0.396009   0.233856  -0.033155   0.750000   0.375000
  0.321608   0.555792   0.428819  -0.299769   0.395842   0.273364  -0.043939   0.750000   0.375000
  0.326633   0.554286   0.430808  -0.298395   0.395621   0.308848  -0.049319   0.750000   0.375000
  0.331658   0.552786   0.432796  -0.296843   0.395374   0.334977  -0.049819   0.750000   0.375000
  0.336683   0.551295   0.434783  -0.295160   0.395123   0.356530  -0.044570   0.750000   0.375000
  0.341709   0.549811   0.436769  -0.293368   0.394899   0.379996  -0.033387   0.750000   0.375000
  0.346734   0.548337   0.438753  -0.291459   0.394731   0.368904  -0.017547   0.750000   0.375000
  0.351759   0.546872   0.440737  -0.289605   0.394643   0.231485   0.008873   0.750000   0.375000
  0.356784   0.545417   0.442720  -0.288442   0.394688  -0.105624   0.076533   0.750000   0.375000
  0.361809   0.543968   0.444703  -0.288972   0.395072  -0.467204   0.211512   0.750000   0.375000
  0.366834   0.542516   0.446688  -0.291320   0.396135  -0.674895   0.399548   0.750000   0.375000
  0.371859   0.541052   0.448679  -0.294711   0.398143  -0.994336   0.638742   0.750000   0.375000
  0.376884   0.539571   0.450680  -0.299708   0.401353  -2.428101   0.941103   0.750000   0.375000
  0.381910   0.538064   0.452697  -0.311912   0.406083  -5.081318   1.316017   0.750000   0.375000
  0.386935   0.536497   0.454737  -0.337445   0.412696  -7.997132   1.697632   0.750000   0.375000
  0.391960   0.534801   0.456811  -0.377631   0.421226 -10.969360   2.080539   0.750000   0.375000
  0.396985   0.532904   0.458928  -0.432752   0.431681 -14.717962   2.486735   0.750000   0.375000
  0.402010   0.530729   0.461097  -0.506710   0.444177 -19.735349   2.711707   0.750000   0.375000
  0.407035   0.528183   0.463329  -0.605880   0.457803 -25.651944   2.313138   0.750000   0.375000
  0.412060   0.525138   0.465629  -0.734781   0.469427 -31.767520   0.885528   0.750000   0.375000
  0.417085   0.521446   0.467988  -0.894413   0.473876 -37.508139  -1.478257   0.750000   0.375000
  0.422111   0.516951   0.470370  -1.082928   0.466447 -42.119238  -4.642532   0.750000   0.375000
  0.427136   0.511509   0.472714  -1.294578   0.443118 -44.871016  -8.765224   0.750000   0.375000
  0.432161   0.505004   0.474941  -1.520054   0.399073 -45.345831 -13.791580   0.750000   0.375000
  0.437186   0.497366   0.476946  -1.747917   0.329770 -42.392681 -19.456060   0.750000   0.375000
  0.442211   0.488582   0.478603  -1.960940   0.232003 -35.263881 -25.443410   0.750000   0.375000
  0.447236   0.478729   0.479769  -2.138141   0.104150 -24.286419 -31.059274   0.750000   0.375000
  0.452261   0.467984   0.480292  -2.260181  -0.051923 -10.013508 -35.355149   0.750000   0.375000
  0.457286   0.456627   0.480031  -2.310499  -0.229582   7.054202 -37.353295   0.750000   0.375000
  0.462312   0.445014   0.478877  -2.275044  -0.417320  25.933599 -36.454276   0.750000   0.375000
  0.467337   0.433582   0.476780  -2.144728  -0.600503  45.479974 -32.117697   0.750000   0.375000
  0.472362   0.422805   0.473763  -1.916191  -0.761894  64.399977 -23.708535   0.750000   0.375000
  0.477387   0.413176   0.469934  -1.592581  -0.881029  80.667534 -11.651102   0.750000   0.375000
  0.482412   0.405174   0.465507  -1.187227  -0.939576  92.019971   2.774140   0.750000   0.375000
  0.487437   0.399208   0.460786  -0.724826  -0.925636  97.522375  18.416051   0.750000   0.375000
  0.492462   0.395565   0.456134  -0.234776  -0.833096  98.216620  33.929978   0.750000   0.375000
  0.497487   0.394386   0.451948   0.258762  -0.662597  94.721457  47.603028   0.750000   0.375000
  0.502513   0.395686   0.448618   0.734832  -0.423345  84.852674  57.973744   0.750000   0.375000
  0.507538   0.399379   0.446491   1.161217  -0.132027  67.335283  64.194027   0.750000   0.375000
  0.512563   0.405214   0.445827   1.499577   0.190548  46.287231  65.681530   0.750000   0.375000
  0.517588   0.412749   0.446785   1.732170   0.520598  25.798950  62.177518   0.750000   0.375000
  0.522613   0.421453   0.449401   1.861810   0.833040   6.918751  54.492085   0.750000   0.375000
  0.527638   0.430809   0.453587   1.896576   1.106863 -10.033475  43.948559   0.750000   0.375000
  0.532663   0.440339   0.459149   1.846158   1.327704 -24.033108  31.100175   0.750000   0.375000
  0.537688   0.449616   0.465820   1.725392   1.483983 -34.546076  16.784290   0.750000   0.375000
  0.542714   0.458288   0.473279   1.551763   1.568341 -41.164377   2.677369   0.750000   0.375000
  0.547739   0.466086   0.481160   1.344912   1.581794 -44.340736 -10.149581   0.750000   0.375000
  0.552764   0.472844   0.489108   1.122100   1.530793 -45.286974 -20.336153   0.750000   0.375000
  0.557789   0.478482   0.496801   0.894533   1.428604 -43.725293 -25.946202   0.750000   0.375000
  0.562814   0.482977   0.503979   0.674813   1.298224 -39.110417 -27.186703   0.750000   0.375000
  0.567839   0.486368   0.510503   0.478284   1.161611 -33.085814 -26.776724   0.750000   0.375000
  0.572864   0.488772   0.516340   0.312027   1.027058 -27.267620 -26.240098   0.750000   0.375000
  0.577889   0.490340   0.521501   0.175008   0.895201 -21.900641 -25.055548   0.750000   0.375000
  0.582915   0.491219   0.526000   0.064935   0.769272 -16.996436 -21.785064   0.750000   0.375000
  0.587940   0.491546   0.529866  -0.020472   0.659802 -12.620777 -17.254149   0.750000   0.375000
  0.592965   0.491443   0.533181  -0.083892   0.573100  -8.848056 -13.100341   0.750000   0.375000
  0.597990   0.491021   0.536061  -0.128353   0.507271  -5.741934  -9.644849   0.750000   0.375000
  0.603015   0.490376   0.538610  -0.157206   0.458805  -3.659667  -6.785137   0.750000   0.375000
  0.608040   0.489586   0.540916  -0.175596   0.424710  -2.465180  -4.708789   0.750000   0.375000
  0.613065   0.488704   0.543050  -0.187984   0.401048  -1.567979  -3.362163   0.750000   0.375000
  0.618090   0.487759   0.545065  -0.195863   0.384154  -0.725298  -2.279062   0.750000   0.375000
  0.623116   0.486775   0.546996  -0.199508   0.372699  -0.043095  -1.349280   0.750000   0.375000
  0.628141   0.485772   0.548869  -0.199725   0.365919   0.267940  -0.680636   0.750000   0.375000
  0.633166   0.484769   0.550707  -0.198378   0.362499   0.304736  -0.317321   0.750000   0.375000
  0.638191   0.483772   0.552529  -0.196847   0.360904   0.301117  -0.151268   0.750000   0.375000
  0.643216   0.482783   0.554342  -0.195334   0.360144   0.338461  -0.052066   0.750000   0.375000
  0.648241   0.481801   0.556152  -0.193633   0.359882   0.380814   0.017665   0.750000   0.375000
  0.653266   0.480828   0.557961  -0.191719   0.359971   0.376749   0.058855   0.750000   0.375000
  0.658291   0.479865   0.559769  -0.189826   0.360267   0.345175   0.075132   0.750000   0.375000
  0.663317   0.478911   0.561580  -0.188091   0.360645   0.316574   0.076363   0.750000   0.375000
  0.668342   0.477965   0.563392  -0.186501   0.361028   0.300492   0.064933   0.750000   0.375000
  0.673367   0.477028   0.565207  -0.184991   0.361355   0.288968   0.054467   0.750000   0.375000
  0.678392   0.476099   0.567022  -0.183539   0.361628   0.275541   0.049492   0.750000   0.375000
  0.683417   0.475176   0.568840  -0.182154   0.361877   0.261530   0.048896   0.750000   0.375000
  0.688442   0.474261   0.570658  -0.180840   0.362123   0.248394   0.047819   0.750000   0.375000
  0.693467   0.473352   0.572478  -0.179592   0.362363   0.236822   0.046255   0.750000   0.375000
  0.698492   0.472450   0.574299  -0.178402   0.362595   0.226810   0.044337   0.750000   0.375000
  0.703518   0.471553   0.576121  -0.177262   0.362818   0.217233   0.042830   0.750000   0.375000
  0.708543   0.470663   0.577944  -0.176170   0.363033   0.207810   0.042044   0.750000   0.375000
  0.713568   0.469777   0.579768  -0.175126   0.363245   0.199703   0.041024   0.750000   0.375000
  0.718593   0.468897   0.581594  -0.174122   0.363451   0.193449   0.038670   0.750000   0.375000
  0.723618   0.468022   0.583420  -0.173150   0.363645   0.185256   0.035676   0.750000   0.375000
  0.728643   0.467152   0.585247  -0.172219   0.363824   0.172213   0.034494   0.750000   0.375000
  0.733668   0.466287   0.587076  -0.171354   0.363998   0.161931   0.035450   0.750000   0.375000
  0.738693   0.465426   0.588905  -0.170540   0.364176   0.161547   0.036080   0.750000   0.375000
  0.743719   0.464569   0.590735  -0.169728   0.364357   0.166071   0.035767   0.750000   0.375000
  0.748744   0.463716   0.592566  -0.168894   0.364537   0.158898   0.034732   0.750000   0.375000
  0.753769   0.462867   0.594398  -0.168095   0.364711   0.140765   0.032876   0.750000   0.375000
  0.758794   0.462022   0.596230  -0.167388   0.364877   0.128279   0.030296   0.750000   0.375000
  0.763819   0.461181   0.598064  -0.166743   0.365029   0.126229   0.029357   0.750000   0.375000
  0.768844   0.460343   0.599898  -0.166109   0.365176   0.122070   0.030613   0.750000   0.375000
  0.773869   0.459509   0.601733  -0.165496   0.365330   0.110083   0.030389   0.750000   0.375000
  0.778894   0.458677   0.603569  -0.164943   0.365483   0.103218   0.026350   0.750000   0.375000
  0.783920   0.457848   0.605406  -0.164424   0.365615   0.108943   0.022723   0.750000   0.375000
  0.788945   0.457022   0.607243  -0.163876   0.365730   0.112917   0.022753   0.750000   0.375000
  0.793970   0.456198   0.609081  -0.163309   0.365844   0.103034   0.022194   0.750000   0.375000
  0.798995   0.455378   0.610919  -0.162791   0.365955   0.092683   0.017360   0.750000   0.375000
  0.804020   0.454560   0.612758  -0.162325   0.366043   0.089033   0.014519   0.750000   0.375000
  0.809045   0.453744   0.614597  -0.161878   0.366116   0.087186   0.016624   0.750000   0.375000
  0.814070   0.452931   0.616437  -0.161440   0.366199   0.093275   0.018347   0.750000   0.375000
  0.819095   0.452119   0.618277  -0.160971   0.366291   0.110994   0.016035   0.750000   0.375000
  0.824121   0.451310   0.620118  -0.160413   0.366372   0.113078   0.014608   0.750000   0.375000
  0.829146   0.450504   0.621959  -0.159845   0.366445   0.074928   0.015523   0.750000   0.375000
  0.834171   0.449701   0.623801  -0.159469   0.366523   0.053971   0.017127   0.750000   0.375000
  0.839196   0.448900   0.625643  -0.159197   0.366609   0.096754   0.020839   0.750000   0.375000
  0.844221   0.448100   0.627485  -0.158711   0.366714   0.160949   0.018590   0.750000   0.375000
  0.849246   0.447302   0.629327  -0.157903   0.366808   0.149167  -0.004161   0.750000   0.375000
  0.854271   0.446509   0.631171  -0.157153   0.366787   0.065940  -0.038967   0.750000   0.375000
  0.859296   0.445719   0.633014  -0.156822   0.366591   0.035788  -0.037591   0.750000   0.375000
  0.864322   0.444931   0.634856  -0.156642   0.366402   0.100424  -0.004107   0.750000   0.375000
  0.869347   0.444144   0.636697  -0.156137   0.366381   0.180665   0.010091   0.750000   0.375000
  0.874372   0.443359   0.638539  -0.155229   0.366432   0.145551  -0.000660   0.750000   0.375000
  0.879397   0.442579   0.640380  -0.154498   0.366429   0.020414  -0.004882   0.750000   0.375000
  0.884422   0.441803   0.642221  -0.154395   0.366404  -0.025179   0.016832   0.750000   0.375000
  0.889447   0.441027   0.644062  -0.154522   0.366489   0.068554   0.023490   0.750000   0.375000
  0.894472   0.440250   0.645904  -0.154177   0.366607   0.211672  -0.027569   0.750000   0.375000
  0.899497   0.439476   0.647746  -0.153114   0.366468   0.205753  -0.101282   0.750000   0.375000
  0.904523   0.438706   0.649588  -0.152080   0.365959   0.079991  -0.104008   0.750000   0.375000
  0.909548   0.437942   0.651427  -0.151678   0.365437   0.037187  -0.033240   0.750000   0.375000
  0.914573   0.437180   0.653263  -0.151491   0.365269   0.101737   0.020791   0.750000   0.375000
  0.919598   0.436419   0.655099  -0.150980   0.365374   0.154594   0.039344   0.750000   0.375000
  0.924623   0.435660   0.656935  -0.150203   0.365572   0.122385   0.037918   0.750000   0.375000
  0.929648   0.434905   0.658772  -0.149588   0.365762   0.060760   0.025817   0.750000   0.375000
  0.934673   0.434153   0.660610  -0.149282   0.365892   0.036417   0.018248   0.750000   0.375000
  0.939698   0.433403   0.662448  -0.149099   0.365984   0.030463   0.020589   0.750000   0.375000
  0.944724   0.432654   0.664288  -0.148946   0.366087   0.007914   0.009049   0.750000   0.375000
  0.949749   0.431905   0.666127  -0.148907   0.366133  -0.046664  -0.019630   0.750000   0.375000
  0.954774   0.431157   0.667967  -0.149141   0.366034  -0.106267  -0.018291   0.750000   0.375000
  0.959799   0.430408   0.669806  -0.149675   0.365942  -0.120273   0.009834   0.750000   0.375000
  0.964824   0.429656   0.671645  -0.150279   0.365991   0.006862   0.032826   0.750000   0.375000
  0.969849   0.428901   0.673484  -0.150245   0.366156   0.300344   0.060028   0.750000   0.375000
  0.974874   0.428146   0.675324  -0.148736   0.366458   0.527803   0.074474   0.750000   0.375000
  0.979899   0.427398   0.677166  -0.146083   0.366832   0.243169   0.068013   0.750000   0.375000
  0.984925   0.426664   0.679010  -0.144861   0.367174  -0.231399   0.069420   0.750000   0.375000
  0.989950   0.425936   0.680855  -0.146024   0.367523  -0.397943   0.048914   0.750000   0.375000
  0.994975   0.425202   0.682701  -0.148024   0.367769  -0.261753   0.009073   0.750000   0.375000
  1.000000   0.424458   0.684549  -0.149339   0.367814   0.076072  -0.036962   0.750000   0.375000