  0.000000   0.539018   0.303843   0.000000   0.000000   8.216775   5.041063   0.625000   0.750000
  0.005025   0.539018   0.303843   0.041289   0.025331   8.075705  41.926010   0.625000   0.750000
  0.010050   0.539225   0.303970   0.081870   0.236010   7.990380  28.209048   0.625000   0.750000
  0.015075   0.539637   0.305156   0.122021   0.377760   7.763682   4.808757   0.625000   0.750000
  0.020101   0.540250   0.307055   0.161042   0.401929   7.157622  -3.955114   0.625000   0.750000
  0.025126   0.541059   0.309075   0.197009   0.382054   6.138033  -6.329774   0.625000   0.750000
  0.030151   0.542049   0.310994   0.227852   0.350247   4.856739  -5.493720   0.625000   0.750000
  0.035176   0.543194   0.312754   0.252257   0.322641   3.493824  -3.384758   0.625000   0.750000
  0.040201   0.544462   0.314376   0.269814   0.305633   2.189386  -1.726448   0.625000   0.750000
  0.045226   0.545818   0.315911   0.280816   0.296958   1.015807  -0.782906   0.625000   0.750000
  0.050251   0.547229   0.317404   0.285920   0.293023   0.005715  -0.226605   0.625000   0.750000
  0.055276   0.548666   0.318876   0.285949   0.291885  -0.827966   0.167711   0.625000   0.750000
  0.060302   0.550103   0.320343   0.281787   0.292728  -1.522577   0.430349   0.625000   0.750000
  0.065327   0.551519   0.321814   0.274136   0.294890  -2.112369   0.620906   0.625000   0.750000
  0.070352   0.552896   0.323296   0.263522   0.298010  -2.582396   0.751063   0.625000   0.750000
  0.075377   0.554220   0.324793   0.250545   0.301784  -2.914965   0.824658   0.625000   0.750000
  0.080402   0.555479   0.326310   0.235897   0.305928  -3.169707   0.867294   0.625000   0.750000
  0.085427   0.556665   0.327847   0.219970   0.310286  -3.388499   0.950962   0.625000   0.750000
  0.090452   0.557770   0.329406   0.202943   0.315065  -3.566128   1.062198   0.625000   0.750000
  0.095477   0.558790   0.330990   0.185023   0.320402  -3.699712   1.136169   0.625000   0.750000
  0.100503   0.559720   0.332600   0.166428   0.326113  -3.802048   1.160206   0.625000   0.750000
  0.105528   0.560556   0.334239   0.147323   0.331943  -3.863812   1.160654   0.625000   0.750000
  0.110553   0.561296   0.335907   0.127907   0.337775  -3.848716   1.153705   0.625000   0.750000
  0.115578   0.561939   0.337604   0.108567   0.343573  -3.773888   1.141592   0.625000   0.750000
  0.120603   0.562485   0.339330   0.089603   0.349309  -3.694045   1.123021   0.625000   0.750000
  0.125628   0.562935   0.341086   0.071041   0.354952  -3.619283   1.094459   0.625000   0.750000
  0.130653   0.563292   0.342869   0.052854   0.360452  -3.533168   1.056264   0.625000   0.750000
  0.135678   0.563558   0.344681   0.035100   0.365760  -3.433462   1.019959   0.625000   0.750000
  0.140704   0.563734   0.346519   0.017843   0.370886  -3.326385   0.990285   0.625000   0.750000
  0.145729   0.563824   0.348383   0.001128   0.375862  -3.202274   0.959464   0.625000   0.750000
  0.150754   0.563829   0.350271  -0.014963   0.380683  -3.055785   0.920286   0.625000   0.750000
  0.155779   0.563754   0.352184  -0.030319   0.385308  -2.907401   0.876057   0.625000   0.750000
  0.160804   0.563602   0.354120  -0.044928   0.389710  -2.768853   0.831245   0.625000   0.750000
  0.165829   0.563376   0.356079  -0.058842   0.393887  -2.631132   0.786074   0.625000   0.750000
  0.170854   0.563080   0.358058  -0.072063   0.397837  -2.483553   0.741228   0.625000   0.750000
  0.175879   0.562718   0.360057  -0.084543   0.401562  -2.331928   0.695850   0.625000   0.750000
  0.180905   0.562293   0.362075  -0.096263   0.405059  -2.183705   0.644543   0.625000   0.750000
  0.185930   0.561810   0.364111  -0.107236   0.408298  -2.040461   0.590550   0.625000   0.750000
  0.190955   0.561271   0.366162  -0.117490   0.411265  -1.902422   0.547616   0.625000   0.750000
  0.195980   0.560680   0.368229  -0.127049   0.414017  -1.772264   0.515996   0.625000   0.750000
  0.201005   0.560042   0.370310  -0.135955   0.416610  -1.648405   0.480389   0.625000   0.750000
  0.206030   0.559359   0.372403  -0.144238   0.419024  -1.517401   0.437925   0.625000   0.750000
  0.211055   0.558634   0.374509  -0.151863   0.421225  -1.380872   0.395885   0.625000   0.750000
  0.216080   0.557871   0.376625  -0.158802   0.423214  -1.253352   0.359689   0.625000   0.750000
  0.221106   0.557073   0.378752  -0.165102   0.425022  -1.137197   0.325502   0.625000   0.750000
  0.226131   0.556243   0.380888  -0.170816   0.426657  -1.027440   0.290049   0.625000   0.750000
  0.231156   0.555385   0.383032  -0.175979   0.428115  -0.921432   0.255956   0.625000   0.750000
  0.236181   0.554500   0.385183  -0.180609   0.429401  -0.820100   0.226243   0.625000   0.750000
  0.241206   0.553593   0.387341  -0.184730   0.430538  -0.724183   0.198921   0.625000   0.750000
  0.246231   0.552665   0.389504  -0.188369   0.431537  -0.633833   0.171466   0.625000   0.750000
  0.251256   0.551718   0.391673  -0.191554   0.432399  -0.548691   0.144852   0.625000   0.750000
  0.256281   0.550755   0.393846  -0.194311   0.433127  -0.467590   0.118734   0.625000   0.750000
  0.261307   0.549779   0.396023  -0.196661   0.433724  -0.389691   0.091421   0.625000   0.750000
  0.266332   0.548791   0.398202  -0.198620   0.434183  -0.317024   0.064665   0.625000   0.750000
  0.271357   0.547793   0.400384  -0.200213   0.434508  -0.250832   0.045547   0.625000   0.750000
  0.276382   0.546787   0.402567  -0.201473   0.434737  -0.191493   0.033801   0.625000   0.750000
  0.281407   0.545774   0.404752  -0.202435   0.434907  -0.135042   0.023413   0.625000   0.750000
  0.286432   0.544757   0.406937  -0.203114   0.435024  -0.075030   0.013239   0.625000   0.750000
  0.291457   0.543736   0.409123  -0.203491   0.435091  -0.015428   0.005966   0.625000   0.750000
  0.296482   0.542714   0.411310  -0.203568   0.435121   0.012526  -0.001034   0.625000   0.750000
  0.301508   0.541691   0.413496  -0.203505   0.435116   0.004442  -0.012416   0.625000   0.750000
  0.306533   0.540668   0.415683  -0.203483   0.435053  -0.023347  -0.019269   0.625000   0.750000
  0.311558   0.539645   0.417869  -0.203600   0.434957  -0.071159   0.004706   0.625000   0.750000
  0.316583   0.538622   0.420055  -0.203958   0.434980  -0.152264   0.066535   0.625000   0.750000
  0.321608   0.537597   0.422241  -0.204723   0.435315  -0.288087   0.145722   0.625000   0.750000
  0.326633   0.536569   0.424428  -0.206171   0.436047  -0.491304   0.238135   0.625000   0.750000
  0.331658   0.535533   0.426619  -0.208640   0.437243  -0.800256   0.350836   0.625000   0.750000
  0.336683   0.534484   0.428816  -0.212661   0.439006  -1.263587   0.481960   0.625000   0.750000
  0.341709   0.533415   0.431023  -0.219012   0.441429  -1.911915   0.625145   0.625000   0.750000
  0.346734   0.532315   0.433241  -0.228619   0.444570  -2.746487   0.798907   0.625000   0.750000
  0.351759   0.531166   0.435475  -0.242420   0.448585  -3.660143   1.035456   0.625000   0.750000
  0.356784   0.529948   0.437729  -0.260812   0.453788  -4.609150   1.316800   0.625000   0.750000
  0.361809   0.528637   0.440009  -0.283973   0.460405  -5.882316   1.601156   0.625000   0.750000
  0.366834   0.527210   0.442323  -0.313532   0.468450  -7.801937   1.879892   0.625000   0.750000
  0.371859   0.525635   0.444677  -0.352737   0.477897 -10.071692   2.067376   0.625000   0.750000
  0.376884   0.523862   0.447078  -0.403347   0.488285 -12.409647   2.125244   0.625000   0.750000
  0.381910   0.521835   0.449532  -0.465718   0.498967 -14.880264   2.069736   0.625000   0.750000
  0.386935   0.519495   0.452040  -0.540491   0.509367 -17.517413   1.917886   0.625000   0.750000
  0.391960   0.516779   0.454599  -0.628516   0.519005 -20.078094   1.753266   0.625000   0.750000
  0.396985   0.513621   0.457207  -0.729409   0.527815 -22.287257   1.418033   0.625000   0.750000
  0.402010   0.509955   0.459859  -0.841402   0.534941 -24.071292   0.201028   0.625000   0.750000
  0.407035   0.505727   0.462548  -0.962360   0.535951 -25.695871  -1.752688   0.625000   0.750000
  0.412060   0.500892   0.465241  -1.091482   0.527143 -27.185289  -3.684776   0.625000   0.750000
  0.417085   0.495407   0.467890  -1.228088   0.508627 -27.710225  -5.499051   0.625000   0.750000
  0.422111   0.489234   0.470446  -1.367360   0.480989 -26.214260  -7.471854   0.625000   0.750000
  0.427136   0.482363   0.472863  -1.499086   0.443443 -23.126974  -9.728056   0.625000   0.750000
  0.432161   0.474831   0.475091  -1.615299   0.394560 -19.006845 -12.189597   0.625000   0.750000
  0.437186   0.466714   0.477074  -1.710809   0.333307 -13.497766 -14.597187   0.625000   0.750000
  0.442211   0.458117   0.478749  -1.778635   0.259956  -6.745501 -16.545300   0.625000   0.750000
  0.447236   0.449179   0.480055  -1.812531   0.176816   0.437729 -17.528427   0.625000   0.750000
  0.452261   0.440071   0.480944  -1.810332   0.088736   8.104024 -17.629476   0.625000   0.750000
  0.457286   0.430974   0.481389  -1.769609   0.000147  17.505585 -16.956271   0.625000   0.750000
  0.462312   0.422080   0.481390  -1.681626  -0.085075  27.953814 -15.372615   0.625000   0.750000
  0.467337   0.413630   0.480963  -1.541158  -0.162322  37.785475 -12.892985   0.625000   0.750000
  0.472362   0.405886   0.480147  -1.351286  -0.227109  46.615682  -9.739014   0.625000   0.750000
  0.477387   0.399096   0.479006  -1.117042  -0.276048  54.211225  -5.718471   0.625000   0.750000
  0.482412   0.393482   0.477619  -0.844631  -0.304783  59.241108  -0.601256   0.625000   0.750000
  0.487437   0.389238   0.476087  -0.546944  -0.307805  61.298840   5.021045   0.625000   0.750000
  0.492462   0.386490   0.474540  -0.238917  -0.282574  61.712695  10.350738   0.625000   0.750000
  0.497487   0.385289   0.473120   0.071189  -0.230561  60.574448  15.009237   0.625000   0.750000
  0.502513   0.385647   0.471962   0.375636  -0.155125  57.298949  18.866159   0.625000   0.750000
  0.507538   0.387535   0.471182   0.663563  -0.060322  52.129162  22.033724   0.625000   0.750000
  0.512563   0.390869   0.470879   0.925512   0.050397  45.704214  24.791767   0.625000   0.750000
  0.517588   0.395520   0.471132   1.155176   0.174976  37.527478  27.265352   0.625000   0.750000
  0.522613   0.401324   0.472012   1.343752   0.311984  27.389736  28.045022   0.625000   0.750000
  0.527638   0.408077   0.473579   1.481385   0.452910  16.954630  25.293944   0.625000   0.750000
  0.532663   0.415521   0.475855   1.566582   0.580012   7.443780  21.164305   0.625000   0.750000
  0.537688   0.423393   0.478770   1.603987   0.686363  -1.158833  17.521423   0.625000   0.750000
  0.542714   0.431454   0.482219   1.598163   0.774426  -8.905021  14.362164   0.625000   0.750000
  0.547739   0.439485   0.486111   1.553415   0.846596 -15.398889  11.079981   0.625000   0.750000
  0.552764   0.447291   0.490365   1.476036   0.902272 -20.764227   7.138764   0.625000   0.750000
  0.557789   0.454708   0.494899   1.371695   0.938145 -25.057294   2.882570   0.625000   0.750000
  0.562814   0.461601   0.499613   1.245782   0.952630 -27.775475  -0.948539   0.625000   0.750000
  0.567839   0.467861   0.504400   1.106211   0.947863 -28.653866  -4.179478   0.625000   0.750000
  0.572864   0.473420   0.509163   0.962225   0.926861 -28.365737  -6.664194   0.625000   0.750000
  0.577889   0.478255   0.513821   0.819687   0.893374 -27.561265  -8.331532   0.625000   0.750000
  0.582915   0.482375   0.518311   0.681164   0.851499 -26.102373  -9.400774   0.625000   0.750000
  0.587940   0.485798   0.522589   0.550000   0.804261 -23.791653 -10.073509   0.625000   0.750000
  0.592965   0.488561   0.526631   0.430447   0.753641 -21.040352 -10.228639   0.625000   0.750000
  0.597990   0.490724   0.530418   0.324719   0.702242 -18.386635  -9.772276   0.625000   0.750000
  0.603015   0.492356   0.533947   0.232326   0.653137 -15.925921  -8.972183   0.625000   0.750000
  0.608040   0.493523   0.537229   0.152298   0.608051 -13.385232  -8.145957   0.625000   0.750000
  0.613065   0.494289   0.540284   0.085038   0.567118 -10.585783  -7.291164   0.625000   0.750000
  0.618090   0.494716   0.543134   0.031844   0.530480  -8.278274  -6.239418   0.625000   0.750000
  0.623116   0.494876   0.545800  -0.009763   0.499121  -6.496606  -5.095214   0.625000   0.750000
  0.628141   0.494827   0.548308  -0.042408   0.473517  -4.971516  -4.093120   0.625000   0.750000
  0.633166   0.494614   0.550688  -0.067390   0.452949  -3.603139  -3.252298   0.625000   0.750000
  0.638191   0.494275   0.552964  -0.085496   0.436606  -2.451858  -2.545489   0.625000   0.750000
  0.643216   0.493846   0.555158  -0.097816   0.423815  -1.649619  -1.938838   0.625000   0.750000
  0.648241   0.493354   0.557287  -0.106106   0.414073  -1.147598  -1.412619   0.625000   0.750000
  0.653266   0.492821   0.559368  -0.111872   0.406974  -0.743029  -0.973666   0.625000   0.750000
  0.658291   0.492259   0.561413  -0.115606   0.402082  -0.364121  -0.671401   0.625000   0.750000
  0.663317   0.491678   0.563434  -0.117436   0.398707  -0.067669  -0.484539   0.625000   0.750000
  0.668342   0.491088   0.565437  -0.117776   0.396272   0.095432  -0.338379   0.625000   0.750000
  0.673367   0.490496   0.567429  -0.117297   0.394572   0.183733  -0.206776   0.625000   0.750000
  0.678392   0.489906   0.569411  -0.116373   0.393533   0.245874  -0.105305   0.625000   0.750000
  0.683417   0.489322   0.571389  -0.115138   0.393004   0.288146  -0.045086   0.625000   0.750000
  0.688442   0.488743   0.573364  -0.113690   0.392777   0.309811  -0.011056   0.625000   0.750000
  0.693467   0.488172   0.575337  -0.112133   0.392722   0.318241   0.011355   0.625000   0.750000
  0.698492   0.487608   0.577311  -0.110534   0.392779   0.320336   0.026112   0.625000   0.750000
  0.703518   0.487053   0.579285  -0.108924   0.392910   0.316837   0.032283   0.625000   0.750000
  0.708543   0.486505   0.581259  -0.107332   0.393072   0.310554   0.032457   0.625000   0.750000
  0.713568   0.485966   0.583234  -0.105771   0.393235   0.299510   0.031117   0.625000   0.750000
  0.718593   0.485435   0.585211  -0.104266   0.393392   0.281633   0.028431   0.625000   0.750000
  0.723618   0.484911   0.587187  -0.102851   0.393534   0.263706   0.025388   0.625000   0.750000
  0.728643   0.484394   0.589165  -0.101526   0.393662   0.249821   0.022957   0.625000   0.750000
  0.733668   0.483884   0.591143  -0.100271   0.393777   0.238159   0.020950   0.625000   0.750000
  0.738693   0.483380   0.593122  -0.099074   0.393883   0.226700   0.018587   0.625000   0.750000
  0.743719   0.482882   0.595101  -0.097934   0.393976   0.214764   0.015780   0.625000   0.750000
  0.748744   0.482390   0.597081  -0.096855   0.394055   0.203438   0.012709   0.625000   0.750000
  0.753769   0.481903   0.599061  -0.095833   0.394119   0.195008   0.009779   0.625000   0.750000
  0.758794   0.481421   0.601042  -0.094853   0.394168   0.190044   0.007668   0.625000   0.750000
  0.763819   0.480945   0.603022  -0.093898   0.394207   0.182096   0.006171   0.625000   0.750000
  0.768844   0.480473   0.605003  -0.092983   0.394238   0.168618   0.005295   0.625000   0.750000
  0.773869   0.480006   0.606984  -0.092136   0.394265   0.157575   0.005292   0.625000   0.750000
  0.778894   0.479543   0.608965  -0.091344   0.394291   0.153354   0.004238   0.625000   0.750000
  0.783920   0.479084   0.610947  -0.090573   0.394312   0.147710  -0.002868   0.625000   0.750000
  0.788945   0.478629   0.612929  -0.089831   0.394298   0.132528  -0.015824   0.625000   0.750000
  0.793970   0.478177   0.614910  -0.089165   0.394218   0.122388  -0.017505   0.625000   0.750000
  0.798995   0.477729   0.616891  -0.088550   0.394131   0.133091  -0.006562   0.625000   0.750000
  0.804020   0.477284   0.618871  -0.087881   0.394098   0.150618  -0.002784   0.625000   0.750000
  0.809045   0.476843   0.620852  -0.087124   0.394084   0.136959  -0.009203   0.625000   0.750000
  0.814070   0.476405   0.622832  -0.086436   0.394037   0.095019  -0.012740   0.625000   0.750000
  0.819095   0.475970   0.624812  -0.085959   0.393973   0.076639  -0.004011   0.625000   0.750000
  0.824121   0.475538   0.626792  -0.085573   0.393953   0.101627  -0.002262   0.625000   0.750000
  0.829146   0.475108   0.628772  -0.085063   0.393942   0.144487  -0.018337   0.625000   0.750000
  0.834171   0.474681   0.630751  -0.084337   0.393850   0.138825  -0.034107   0.625000   0.750000
  0.839196   0.474257   0.632730  -0.083639   0.393678   0.091688  -0.027805   0.625000   0.750000
  0.844221   0.473837   0.634709  -0.083178   0.393538   0.074036  -0.015435   0.625000   0.750000
  0.849246   0.473419   0.636686  -0.082806   0.393461   0.096482  -0.009782   0.625000   0.750000
  0.854271   0.473003   0.638663  -0.082322   0.393412   0.116148  -0.010706   0.625000   0.750000
  0.859296   0.472589   0.640640  -0.081738   0.393358   0.101913  -0.018869   0.625000   0.750000
  0.864322   0.472178   0.642617  -0.081226   0.393263   0.075351  -0.036442   0.625000   0.750000
  0.869347   0.471770   0.644593  -0.080847   0.393080   0.063729  -0.042999   0.625000   0.750000
  0.874372   0.471364   0.646569  -0.080527   0.392864   0.061533  -0.029433   0.625000   0.750000
  0.879397   0.470959   0.648543  -0.080218   0.392716   0.060571  -0.023720   0.625000   0.750000
  0.884422   0.470556   0.650516  -0.079913   0.392597   0.052661  -0.044867   0.625000   0.750000
  0.889447   0.470155   0.652489  -0.079649   0.392371   0.047704  -0.055643   0.625000   0.750000
  0.894472   0.469754   0.654461  -0.079409   0.392092   0.065288  -0.037788   0.625000   0.750000
  0.899497   0.469355   0.656431  -0.079081   0.391902   0.107920  -0.028136   0.625000   0.750000
  0.904523   0.468958   0.658401  -0.078538   0.391761   0.114713  -0.052980   0.625000   0.750000
  0.909548   0.468563   0.660369  -0.077962   0.391494   0.072130  -0.062994   0.625000   0.750000
  0.914573   0.468171   0.662336  -0.077600   0.391178   0.038887  -0.039640   0.625000   0.750000
  0.919598   0.467782   0.664302  -0.077404   0.390979   0.043422  -0.017544   0.625000   0.750000
  0.924623   0.467393   0.666267  -0.077186   0.390890   0.043540  -0.020933   0.625000   0.750000
  0.929648   0.467005   0.668231  -0.076967   0.390785   0.035213  -0.020908   0.625000   0.750000
  0.934673   0.466618   0.670195  -0.076790   0.390680   0.026506  -0.009201   0.625000   0.750000
  0.939698   0.466232   0.672158  -0.076657   0.390634   0.018153   0.005566   0.625000   0.750000
  0.944724   0.465847   0.674121  -0.076566   0.390662   0.030393   0.027744   0.625000   0.750000
  0.949749   0.465462   0.676084  -0.076413   0.390801   0.076287   0.019547   0.625000   0.750000
  0.954774   0.465078   0.678048  -0.076030   0.390900   0.085032  -0.074663   0.625000   0.750000
  0.959799   0.464696   0.680012  -0.075602   0.390524   0.001368  -0.187451   0.625000   0.750000
  0.964824   0.464316   0.681975  -0.075596   0.389582  -0.054716  -0.140665   0.625000   0.750000
  0.969849   0.463936   0.683932  -0.075870   0.388876   0.025988   0.032702   0.625000   0.750000
  0.974874   0.463555   0.685886  -0.075740   0.389040   0.171839   0.120468   0.625000   0.750000
  0.979899   0.463174   0.687841  -0.074876   0.389645   0.143138   0.115513   0.625000   0.750000
  0.984925   0.462798   0.689800  -0.074157   0.390226  -0.094038   0.101813   0.625000   0.750000
  0.989950   0.462425   0.691761  -0.074630   0.390737  -0.229907   0.065221   0.625000   0.750000
  0.994975   0.462050   0.693724  -0.075785   0.391065  -0.145104   0.012282   0.625000   0.750000
  1.000000   0.461670   0.695689  -0.076514   0.391127   0.111959  -0.042156   0.625000   0.750000