  0.000000   0.611114   0.333706   0.000000   0.000000   0.690056  35.570752   0.875000   0.750000
  0.005025   0.611114   0.333706   0.003468   0.178743  -0.016124  29.643704   0.875000   0.750000
  0.010050   0.611131   0.334604   0.003387   0.327703   1.592331  22.214191   0.875000   0.750000
  0.015075   0.611148   0.336251   0.011388   0.439329   5.259906  12.015195   0.875000   0.750000
  0.020101   0.611206   0.338459   0.037824   0.499717   8.163067   1.841912   0.875000   0.750000
  0.025126   0.611396   0.340970   0.078844   0.508973   9.010628  -3.125343   0.875000   0.750000
  0.030151   0.611792   0.343528   0.124122   0.493268   8.218619  -4.364212   0.875000   0.750000
  0.035176   0.612416   0.346006   0.165421   0.471338   6.391963  -4.434227   0.875000   0.750000
  0.040201   0.613247   0.348375   0.197540   0.449056   4.408324  -4.160094   0.875000   0.750000
  0.045226   0.614240   0.350631   0.219692   0.428151   2.680694  -3.729213   0.875000   0.750000
  0.050251   0.615343   0.352783   0.233163   0.409412   1.222358  -3.254521   0.875000   0.750000
  0.055276   0.616515   0.354840   0.239305   0.393058  -0.014619  -2.787542   0.875000   0.750000
  0.060302   0.617718   0.356816   0.239231   0.379048  -1.066663  -2.356517   0.875000   0.750000
  0.065327   0.618920   0.358720   0.233871   0.367207  -1.932396  -2.009155   0.875000   0.750000
  0.070352   0.620095   0.360565   0.224161   0.357111  -2.636080  -1.756758   0.875000   0.750000
  0.075377   0.621222   0.362360   0.210915   0.348283  -3.220857  -1.554769   0.875000   0.750000
  0.080402   0.622281   0.364110   0.194730   0.340470  -3.698510  -1.331828   0.875000   0.750000
  0.085427   0.623260   0.365821   0.176145   0.333778  -4.086561  -1.116741   0.875000   0.750000
  0.090452   0.624145   0.367498   0.155610   0.328166  -4.404423  -0.940376   0.875000   0.750000
  0.095477   0.624927   0.369147   0.133478   0.323441  -4.643783  -0.788968   0.875000   0.750000
  0.100503   0.625598   0.370773   0.110138   0.319475  -4.783985  -0.656152   0.875000   0.750000
  0.105528   0.626151   0.372378   0.086099   0.316178  -4.856187  -0.560435   0.875000   0.750000
  0.110553   0.626584   0.373967   0.061696   0.313362  -4.892835  -0.501229   0.875000   0.750000
  0.115578   0.626894   0.375542   0.037110   0.310843  -4.892455  -0.415169   0.875000   0.750000
  0.120603   0.627081   0.377104   0.012525   0.308757  -4.851938  -0.293984   0.875000   0.750000
  0.125628   0.627143   0.378655  -0.011856   0.307280  -4.778741  -0.197491   0.875000   0.750000
  0.130653   0.627084   0.380199  -0.035869   0.306287  -4.683312  -0.133003   0.875000   0.750000
  0.135678   0.626904   0.381738  -0.059403   0.305619  -4.569685  -0.084243   0.875000   0.750000
  0.140704   0.626605   0.383274  -0.082370   0.305196  -4.439889  -0.039954   0.875000   0.750000
  0.145729   0.626191   0.384808  -0.104680   0.304995  -4.289398  -0.002019   0.875000   0.750000
  0.150754   0.625665   0.386341  -0.126234   0.304985  -4.116525   0.030947   0.875000   0.750000
  0.155779   0.625031   0.387873  -0.146920   0.305140  -3.934862   0.060057   0.875000   0.750000
  0.160804   0.624293   0.389406  -0.166693   0.305442  -3.754226   0.084687   0.875000   0.750000
  0.165829   0.623455   0.390941  -0.185558   0.305868  -3.570893   0.106674   0.875000   0.750000
  0.170854   0.622522   0.392478  -0.203501   0.306404  -3.378158   0.127133   0.875000   0.750000
  0.175879   0.621500   0.394018  -0.220477   0.307042  -3.184441   0.143831   0.875000   0.750000
  0.180905   0.620392   0.395561  -0.236482   0.307765  -3.001276   0.155559   0.875000   0.750000
  0.185930   0.619203   0.397108  -0.251563   0.308547  -2.823933   0.162101   0.875000   0.750000
  0.190955   0.617939   0.398658  -0.265753   0.309362  -2.638093   0.165599   0.875000   0.750000
  0.195980   0.616604   0.400213  -0.279010   0.310194  -2.445018   0.169963   0.875000   0.750000
  0.201005   0.615202   0.401771  -0.291296   0.311048  -2.259838   0.178188   0.875000   0.750000
  0.206030   0.613738   0.403334  -0.302652   0.311943  -2.085659   0.184063   0.875000   0.750000
  0.211055   0.612217   0.404902  -0.313132   0.312868  -1.919424   0.182123   0.875000   0.750000
  0.216080   0.610644   0.406474  -0.322777   0.313783  -1.760034   0.175559   0.875000   0.750000
  0.221106   0.609022   0.408051  -0.331623   0.314666  -1.608850   0.174990   0.875000   0.750000
  0.226131   0.607355   0.409632  -0.339708   0.315545  -1.463389   0.180166   0.875000   0.750000
  0.231156   0.605648   0.411218  -0.347061   0.316450  -1.317495   0.180881   0.875000   0.750000
  0.236181   0.603904   0.412808  -0.353682   0.317359  -1.172895   0.174241   0.875000   0.750000
  0.241206   0.602127   0.414403  -0.359575   0.318235  -1.037867   0.164437   0.875000   0.750000
  0.246231   0.600320   0.416002  -0.364791   0.319061  -0.914959   0.159637   0.875000   0.750000
  0.251256   0.598487   0.417605  -0.369388   0.319863  -0.800091   0.159116   0.875000   0.750000
  0.256281   0.596631   0.419213  -0.373409   0.320663  -0.687794   0.156307   0.875000   0.750000
  0.261307   0.594754   0.420824  -0.376866   0.321448  -0.578739   0.149839   0.875000   0.750000
  0.266332   0.592860   0.422439  -0.379774   0.322201  -0.477880   0.142864   0.875000   0.750000
  0.271357   0.590952   0.424059  -0.382175   0.322919  -0.386066   0.137989   0.875000   0.750000
  0.276382   0.589031   0.425681  -0.384115   0.323613  -0.302863   0.133948   0.875000   0.750000
  0.281407   0.587101   0.427307  -0.385637   0.324286  -0.228053   0.129293   0.875000   0.750000
  0.286432   0.585163   0.428937  -0.386783   0.324935  -0.164561   0.124056   0.875000   0.750000
  0.291457   0.583220   0.430570  -0.387610   0.325559  -0.111112   0.119032   0.875000   0.750000
  0.296482   0.581272   0.432206  -0.388168   0.326157  -0.064113   0.114587   0.875000   0.750000
  0.301508   0.579321   0.433845  -0.388490   0.326733  -0.021930   0.111069   0.875000   0.750000
  0.306533   0.577369   0.435487  -0.388601   0.327291  -0.015542   0.108543   0.875000   0.750000
  0.311558   0.575416   0.437131  -0.388679   0.327836  -0.060386   0.105528   0.875000   0.750000
  0.316583   0.573463   0.438779  -0.388982   0.328367  -0.124086   0.098871   0.875000   0.750000
  0.321608   0.571509   0.440429  -0.389606   0.328863  -0.212808   0.083648   0.875000   0.750000
  0.326633   0.569551   0.442081  -0.390675   0.329284  -0.399228   0.071813   0.875000   0.750000
  0.331658   0.567588   0.443736  -0.392681   0.329645  -0.768246   0.075609   0.875000   0.750000
  0.336683   0.565614   0.445392  -0.396542   0.330025  -1.298647   0.069348   0.875000   0.750000
  0.341709   0.563621   0.447051  -0.403069   0.330373  -1.960039  -0.024577   0.875000   0.750000
  0.346734   0.561596   0.448711  -0.412918   0.330250  -2.755500  -0.218203   0.875000   0.750000
  0.351759   0.559521   0.450371  -0.426764   0.329153  -3.688920  -0.413599   0.875000   0.750000
  0.356784   0.557377   0.452025  -0.445301   0.327075  -4.850919  -0.566469   0.875000   0.750000
  0.361809   0.555139   0.453668  -0.469677   0.324228  -6.318462  -0.821545   0.875000   0.750000
  0.366834   0.552779   0.455298  -0.501427   0.320100  -8.000217  -1.322458   0.875000   0.750000
  0.371859   0.550259   0.456906  -0.541628   0.313455  -9.795592  -1.940076   0.875000   0.750000
  0.376884   0.547538   0.458481  -0.590851   0.303706 -11.880993  -2.583753   0.875000   0.750000
  0.381910   0.544568   0.460008  -0.650565   0.290720 -14.379706  -3.498492   0.875000   0.750000
  0.386935   0.541299   0.461468  -0.722823   0.273140 -16.892104  -4.908897   0.875000   0.750000
  0.391960   0.537667   0.462841  -0.807706   0.248473 -19.105049  -6.501788   0.875000   0.750000
  0.396985   0.533608   0.464090  -0.903709   0.215801 -20.954636  -7.963741   0.875000   0.750000
  0.402010   0.529067   0.465174  -1.009006   0.175783 -22.429067  -9.451557   0.875000   0.750000
  0.407035   0.523997   0.466057  -1.121712   0.128289 -23.294735 -11.392820   0.875000   0.750000
  0.412060   0.518360   0.466702  -1.238768   0.071040 -23.386164 -13.678954   0.875000   0.750000
  0.417085   0.512135   0.467059  -1.356283   0.002304 -22.747962 -15.606821   0.875000   0.750000
  0.422111   0.505318   0.467070  -1.470615  -0.076136 -21.316656 -17.047720   0.875000   0.750000
  0.427136   0.497929   0.466688  -1.577731  -0.161801 -18.276423 -18.002491   0.875000   0.750000
  0.432161   0.490000   0.465875  -1.669570  -0.252263 -13.132680 -18.524156   0.875000   0.750000
  0.437186   0.481611   0.464607  -1.735561  -0.345347  -6.850813 -18.551612   0.875000   0.750000
  0.442211   0.472890   0.462872  -1.769987  -0.438569  -0.305372 -17.808134   0.875000   0.750000
  0.447236   0.463996   0.460668  -1.771521  -0.528055   7.015461 -15.846918   0.875000   0.750000
  0.452261   0.455094   0.458015  -1.736269  -0.607686  15.601984 -12.697954   0.875000   0.750000
  0.457286   0.446369   0.454961  -1.657869  -0.671493  24.520745  -8.586622   0.875000   0.750000
  0.462312   0.438036   0.451586  -1.534627  -0.714649  32.692099  -3.434116   0.875000   0.750000
  0.467337   0.430325   0.447995  -1.370350  -0.731906  39.782353   2.528149   0.875000   0.750000
  0.472362   0.423439   0.444317  -1.170443  -0.719202  45.536183   8.712749   0.875000   0.750000
  0.477387   0.417557   0.440703  -0.941624  -0.675420  50.318550  14.940232   0.875000   0.750000
  0.482412   0.412826   0.437309  -0.688773  -0.600346  54.567338  21.427286   0.875000   0.750000
  0.487437   0.409365   0.434292  -0.414572  -0.492674  57.323233  27.669602   0.875000   0.750000
  0.492462   0.407281   0.431817  -0.126523  -0.353634  56.128143  33.197146   0.875000   0.750000
  0.497487   0.406646   0.430040   0.155521  -0.186818  51.101171  38.098550   0.875000   0.750000
  0.502513   0.407427   0.429101   0.412355   0.004665  44.907924  41.748117   0.875000   0.750000
  0.507538   0.409499   0.429124   0.638018   0.214449  38.456432  42.562987   0.875000   0.750000
  0.512563   0.412705   0.430202   0.831261   0.428328  31.418980  40.515495   0.875000   0.750000
  0.517588   0.416883   0.432354   0.989142   0.631919  23.703435  37.354164   0.875000   0.750000
  0.522613   0.421853   0.435530   1.108251   0.819624  15.662912  33.600167   0.875000   0.750000
  0.527638   0.427422   0.439648   1.186957   0.988464   7.465073  28.975956   0.875000   0.750000
  0.532663   0.433386   0.444615   1.224469   1.134069  -0.594275  23.504262   0.875000   0.750000
  0.537688   0.439539   0.450314   1.221483   1.252177  -7.733135  17.521178   0.875000   0.750000
  0.542714   0.445679   0.456607   1.182616   1.340239 -13.803238  11.112342   0.875000   0.750000
  0.547739   0.451621   0.463342   1.113255   1.396078 -19.007032   4.469963   0.875000   0.750000
  0.552764   0.457215   0.470357   1.017745   1.418540 -23.124349  -1.883491   0.875000   0.750000
  0.557789   0.462329   0.477485   0.901545   1.409075 -25.081725  -7.447133   0.875000   0.750000
  0.562814   0.466860   0.484566   0.775509   1.371654 -25.074845 -11.823322   0.875000   0.750000
  0.567839   0.470757   0.491459   0.649508   1.312241 -24.483638 -14.918670   0.875000   0.750000
  0.572864   0.474020   0.498053   0.526478   1.237275 -23.744089 -16.957419   0.875000   0.750000
  0.577889   0.476666   0.504270   0.407164   1.152064 -22.470205 -18.222497   0.875000   0.750000
  0.582915   0.478712   0.510060   0.294229   1.060478 -20.412937 -18.724021   0.875000   0.750000
  0.587940   0.480191   0.515389   0.191654   0.966390 -17.963279 -18.447138   0.875000   0.750000
  0.592965   0.481154   0.520245   0.101388   0.873693 -15.537519 -17.536887   0.875000   0.750000
  0.597990   0.481663   0.524636   0.023312   0.785570 -13.233815 -16.208354   0.875000   0.750000
  0.603015   0.481781   0.528583  -0.043188   0.704123 -11.019020 -14.626216   0.875000   0.750000
  0.608040   0.481564   0.532121  -0.098558   0.630626  -8.918577 -12.921098   0.875000   0.750000
  0.613065   0.481068   0.535290  -0.143374   0.565698  -7.005212 -11.109796   0.875000   0.750000
  0.618090   0.480348   0.538133  -0.178575   0.509871  -5.323893  -9.218194   0.875000   0.750000
  0.623116   0.479450   0.540695  -0.205333   0.463540  -3.999125  -7.401511   0.875000   0.750000
  0.628141   0.478419   0.543025  -0.225429   0.426348  -3.006655  -5.822611   0.875000   0.750000
  0.633166   0.477286   0.545167  -0.240537   0.397089  -2.186024  -4.517617   0.875000   0.750000
  0.638191   0.476077   0.547162  -0.251522   0.374388  -1.467980  -3.443174   0.875000   0.750000
  0.643216   0.474813   0.549044  -0.258899   0.357086  -0.901967  -2.563363   0.875000   0.750000
  0.648241   0.473512   0.550838  -0.263431   0.344205  -0.517710  -1.852651   0.875000   0.750000
  0.653266   0.472188   0.552568  -0.266033   0.334896  -0.252592  -1.296186   0.875000   0.750000
  0.658291   0.470852   0.554251  -0.267302   0.328382  -0.045352  -0.873281   0.875000   0.750000
  0.663317   0.469508   0.555901  -0.267530   0.323993   0.107073  -0.544172   0.875000   0.750000
  0.668342   0.468164   0.557529  -0.266992   0.321259   0.195032  -0.301647   0.875000   0.750000
  0.673367   0.466822   0.559143  -0.266012   0.319743   0.242046  -0.146249   0.875000   0.750000
  0.678392   0.465485   0.560750  -0.264795   0.319008   0.277794  -0.051572   0.875000   0.750000
  0.683417   0.464155   0.562353  -0.263400   0.318749   0.300619   0.017507   0.875000   0.750000
  0.688442   0.462831   0.563955  -0.261889   0.318837   0.305611   0.067463   0.875000   0.750000
  0.693467   0.461515   0.565557  -0.260353   0.319176   0.301375   0.100339   0.875000   0.750000
  0.698492   0.460207   0.567161  -0.258839   0.319680   0.301029   0.119343   0.875000   0.750000
  0.703518   0.458906   0.568768  -0.257326   0.320280   0.301613   0.126872   0.875000   0.750000
  0.708543   0.457613   0.570377  -0.255810   0.320917   0.292245   0.123504   0.875000   0.750000
  0.713568   0.456328   0.571990  -0.254342   0.321538   0.273309   0.117600   0.875000   0.750000
  0.718593   0.455050   0.573605  -0.252968   0.322129   0.257114   0.113175   0.875000   0.750000
  0.723618   0.453778   0.575224  -0.251676   0.322698   0.245486   0.109817   0.875000   0.750000
  0.728643   0.452514   0.576846  -0.250443   0.323249   0.236418   0.105218   0.875000   0.750000
  0.733668   0.451255   0.578470  -0.249255   0.323778   0.228163   0.099632   0.875000   0.750000
  0.738693   0.450003   0.580097  -0.248108   0.324279   0.219268   0.093690   0.875000   0.750000
  0.743719   0.448756   0.581727  -0.247006   0.324750   0.210095   0.088269   0.875000   0.750000
  0.748744   0.447515   0.583359  -0.245950   0.325193   0.203696   0.083391   0.875000   0.750000
  0.753769   0.446279   0.584993  -0.244927   0.325612   0.200258   0.078970   0.875000   0.750000
  0.758794   0.445048   0.586629  -0.243921   0.326009   0.192995   0.075305   0.875000   0.750000
  0.763819   0.443822   0.588267  -0.242951   0.326388   0.182972   0.071672   0.875000   0.750000
  0.768844   0.442601   0.589907  -0.242031   0.326748   0.174415   0.065067   0.875000   0.750000
  0.773869   0.441385   0.591549  -0.241155   0.327075   0.167937   0.055415   0.875000   0.750000
  0.778894   0.440173   0.593193  -0.240311   0.327353   0.162743   0.050146   0.875000   0.750000
  0.783920   0.438966   0.594838  -0.239493   0.327605   0.159888   0.051861   0.875000   0.750000
  0.788945   0.437762   0.596484  -0.238690   0.327866   0.155259   0.052551   0.875000   0.750000
  0.793970   0.436563   0.598132  -0.237909   0.328130   0.147005   0.050410   0.875000   0.750000
  0.798995   0.435367   0.599781  -0.237171   0.328383   0.139013   0.046658   0.875000   0.750000
  0.804020   0.434175   0.601431  -0.236472   0.328618   0.128557   0.042304   0.875000   0.750000
  0.809045   0.432987   0.603082  -0.235826   0.328830   0.128261   0.037502   0.875000   0.750000
  0.814070   0.431802   0.604734  -0.235182   0.329019   0.161996   0.033427   0.875000   0.750000
  0.819095   0.430620   0.606388  -0.234368   0.329187   0.208933   0.030094   0.875000   0.750000
  0.824121   0.429442   0.608042  -0.233318   0.329338   0.202801   0.025819   0.875000   0.750000
  0.829146   0.428270   0.609697  -0.232299   0.329468   0.141066   0.022191   0.875000   0.750000
  0.834171   0.427103   0.611353  -0.231590   0.329579   0.092465   0.021786   0.875000   0.750000
  0.839196   0.425939   0.613009  -0.231125   0.329689   0.072889   0.021386   0.875000   0.750000
  0.844221   0.424777   0.614665  -0.230759   0.329796   0.071294   0.020070   0.875000   0.750000
  0.849246   0.423618   0.616323  -0.230400   0.329897   0.085588   0.019949   0.875000   0.750000
  0.854271   0.422460   0.617980  -0.229970   0.329997   0.098694   0.021496   0.875000   0.750000
  0.859296   0.421305   0.619639  -0.229474   0.330105   0.095494   0.023520   0.875000   0.750000
  0.864322   0.420151   0.621298  -0.228995   0.330223   0.107545   0.015288   0.875000   0.750000
  0.869347   0.419001   0.622957  -0.228454   0.330300   0.164409  -0.012056   0.875000   0.750000
  0.874372   0.417853   0.624617  -0.227628   0.330240   0.184044  -0.039752   0.875000   0.750000
  0.879397   0.416709   0.626276  -0.226703   0.330040   0.115301  -0.021823   0.875000   0.750000
  0.884422   0.415570   0.627935  -0.226124   0.329930   0.071779   0.029106   0.875000   0.750000
  0.889447   0.414433   0.629593  -0.225763   0.330076   0.115022   0.053948   0.875000   0.750000
  0.894472   0.413299   0.631251  -0.225185   0.330348   0.141279   0.015549   0.875000   0.750000
  0.899497   0.412167   0.632911  -0.224475   0.330426   0.100129  -0.076233   0.875000   0.750000
  0.904523   0.411039   0.634572  -0.223972   0.330043   0.063137  -0.129272   0.875000   0.750000
  0.909548   0.409914   0.636230  -0.223655   0.329393   0.070980  -0.058414   0.875000   0.750000
  0.914573   0.408790   0.637886  -0.223298   0.329099   0.073112   0.039737   0.875000   0.750000
  0.919598   0.407668   0.639539  -0.222931   0.329299   0.075357   0.057570   0.875000   0.750000
  0.924623   0.406547   0.641194  -0.222552   0.329588   0.078714  -0.004995   0.875000   0.750000
  0.929648   0.405429   0.642850  -0.222156   0.329563   0.078767  -0.087474   0.875000   0.750000
  0.934673   0.404313   0.644506  -0.221761   0.329124   0.095928  -0.081024   0.875000   0.750000
  0.939698   0.403198   0.646160  -0.221279   0.328717   0.144521  -0.009068   0.875000   0.750000
  0.944724   0.402086   0.647812  -0.220552   0.328671   0.121445   0.022432   0.875000   0.750000
  0.949749   0.400978   0.649464  -0.219942   0.328784  -0.015647   0.005742   0.875000   0.750000
  0.954774   0.399873   0.651116  -0.220021   0.328813  -0.075387   0.004836   0.875000   0.750000
  0.959799   0.398767   0.652768  -0.220399   0.328837   0.065483   0.049609   0.875000   0.750000
  0.964824   0.397660   0.654421  -0.220070   0.329086   0.188722   0.072970   0.875000   0.750000
  0.969849   0.396554   0.656074  -0.219122   0.329453   0.078281   0.019771   0.875000   0.750000
  0.974874   0.395453   0.657730  -0.218729   0.329552  -0.081479  -0.056382   0.875000   0.750000
  0.979899   0.394354   0.659386  -0.219138   0.329269  -0.136632  -0.026991   0.875000   0.750000
  0.984925   0.393252   0.661041  -0.219825   0.329133  -0.135137   0.071509   0.875000   0.750000
  0.989950   0.392148   0.662695  -0.220504   0.329493  -0.119642   0.094645   0.875000   0.750000
  0.994975   0.391040   0.664350  -0.221105   0.329968  -0.067528   0.057659   0.875000   0.750000
  1.000000   0.389929   0.666008  -0.221444   0.330258   0.108247  -0.007480   0.875000   0.750000