  0.000000   0.576537   0.315224   0.000000   0.000000  15.895600  13.656149   0.750000   1.000000
  0.005025   0.576537   0.315224   0.079875   0.068622   0.336084  41.643556   0.750000   1.000000
  0.010050   0.576938   0.315569   0.081564   0.277881   2.375076  26.579965   0.750000   1.000000
  0.015075   0.577348   0.316965   0.093499   0.411445   8.060398   2.987523   0.750000   1.000000
  0.020101   0.577818   0.319033   0.134011   0.426461   9.208662  -6.077582   0.750000   1.000000
  0.025126   0.578492   0.321176   0.180284   0.395921   7.764116  -6.587285   0.750000   1.000000
  0.030151   0.579397   0.323166   0.219299   0.362820   5.835175  -4.500938   0.750000   1.000000
  0.035176   0.580499   0.324989   0.248620   0.340202   4.063269  -2.727802   0.750000   1.000000
  0.040201   0.581749   0.326698   0.269038   0.326495   2.462593  -1.669127   0.750000   1.000000
  0.045226   0.583101   0.328339   0.281413   0.318108   1.041352  -1.043773   0.750000   1.000000
  0.050251   0.584515   0.329937   0.286646   0.312863  -0.115335  -0.655093   0.750000   1.000000
  0.055276   0.585955   0.331510   0.286066   0.309571  -1.032057  -0.441698   0.750000   1.000000
  0.060302   0.587393   0.333065   0.280879   0.307351  -1.837407  -0.207999   0.750000   1.000000
  0.065327   0.588804   0.334610   0.271646   0.306306  -2.562342   0.055674   0.750000   1.000000
  0.070352   0.590169   0.336149   0.258770   0.306586  -3.159387   0.245288   0.750000   1.000000
  0.075377   0.591470   0.337690   0.242894   0.307818  -3.592938   0.336606   0.750000   1.000000
  0.080402   0.592690   0.339236   0.224840   0.309510  -3.913853   0.383182   0.750000   1.000000
  0.085427   0.593820   0.340792   0.205173   0.311435  -4.171436   0.470460   0.750000   1.000000
  0.090452   0.594851   0.342357   0.184211   0.313799  -4.370655   0.591315   0.750000   1.000000
  0.095477   0.595777   0.343934   0.162249   0.316771  -4.508749   0.672318   0.750000   1.000000
  0.100503   0.596592   0.345526   0.139588   0.320150  -4.593429   0.688811   0.750000   1.000000
  0.105528   0.597294   0.347134   0.116506   0.323611  -4.630249   0.676249   0.750000   1.000000
  0.110553   0.597879   0.348761   0.093239   0.327009  -4.623681   0.693919   0.750000   1.000000
  0.115578   0.598348   0.350404   0.070005   0.330496  -4.582706   0.739117   0.750000   1.000000
  0.120603   0.598699   0.352064   0.046977   0.334210  -4.509936   0.761634   0.750000   1.000000
  0.125628   0.598935   0.353744   0.024314   0.338037  -4.413329   0.742115   0.750000   1.000000
  0.130653   0.599058   0.355443   0.002137   0.341766  -4.309973   0.704425   0.750000   1.000000
  0.135678   0.599068   0.357160  -0.019520   0.345306  -4.195911   0.689907   0.750000   1.000000
  0.140704   0.598970   0.358895  -0.040609   0.348774  -4.046006   0.695994   0.750000   1.000000
  0.145729   0.598766   0.360648  -0.060940   0.352271  -3.863633   0.692612   0.750000   1.000000
  0.150754   0.598460   0.362418  -0.080355   0.355751  -3.685586   0.672326   0.750000   1.000000
  0.155779   0.598056   0.364206  -0.098875   0.359130  -3.524183   0.643592   0.750000   1.000000
  0.160804   0.597559   0.366010  -0.116584   0.362364  -3.367055   0.610124   0.750000   1.000000
  0.165829   0.596973   0.367831  -0.133503   0.365430  -3.189792   0.572028   0.750000   1.000000
  0.170854   0.596303   0.369668  -0.149532   0.368304  -2.996220   0.538030   0.750000   1.000000
  0.175879   0.595551   0.371518  -0.164588   0.371008  -2.809077   0.514790   0.750000   1.000000
  0.180905   0.594724   0.373383  -0.178707   0.373595  -2.635212   0.492585   0.750000   1.000000
  0.185930   0.593826   0.375260  -0.191948   0.376070  -2.464868   0.465196   0.750000   1.000000
  0.190955   0.592861   0.377150  -0.204334   0.378408  -2.291618   0.434853   0.750000   1.000000
  0.195980   0.591835   0.379052  -0.215850   0.380593  -2.122766   0.403980   0.750000   1.000000
  0.201005   0.590750   0.380964  -0.226517   0.382623  -1.963556   0.371783   0.750000   1.000000
  0.206030   0.589612   0.382887  -0.236384   0.384491  -1.810290   0.340575   0.750000   1.000000
  0.211055   0.588424   0.384819  -0.245480   0.386203  -1.657796   0.314872   0.750000   1.000000
  0.216080   0.587190   0.386759  -0.253811   0.387785  -1.508907   0.291783   0.750000   1.000000
  0.221106   0.585915   0.388708  -0.261395   0.389251  -1.367748   0.267630   0.750000   1.000000
  0.226131   0.584601   0.390664  -0.268267   0.390596  -1.233883   0.242605   0.750000   1.000000
  0.231156   0.583253   0.392627  -0.274468   0.391815  -1.105616   0.217418   0.750000   1.000000
  0.236181   0.581874   0.394596  -0.280023   0.392908  -0.983135   0.192691   0.750000   1.000000
  0.241206   0.580467   0.396570  -0.284964   0.393876  -0.863543   0.170475   0.750000   1.000000
  0.246231   0.579035   0.398550  -0.289303   0.394733  -0.745865   0.152153   0.750000   1.000000
  0.251256   0.577581   0.400533  -0.293051   0.395497  -0.634256   0.135204   0.750000   1.000000
  0.256281   0.576109   0.402521  -0.296238   0.396177  -0.532114   0.118045   0.750000   1.000000
  0.261307   0.574620   0.404512  -0.298912   0.396770  -0.440694   0.102051   0.750000   1.000000
  0.266332   0.573118   0.406506  -0.301127   0.397283  -0.361208   0.088226   0.750000   1.000000
  0.271357   0.571605   0.408502  -0.302942   0.397726  -0.299047   0.076487   0.750000   1.000000
  0.276382   0.570082   0.410500  -0.304445   0.398111  -0.268567   0.067661   0.750000   1.000000
  0.281407   0.568552   0.412501  -0.305794   0.398451  -0.281885   0.061019   0.750000   1.000000
  0.286432   0.567016   0.414503  -0.307211   0.398757  -0.331212   0.054095   0.750000   1.000000
  0.291457   0.565472   0.416507  -0.308875   0.399029  -0.375124   0.049043   0.750000   1.000000
  0.296482   0.563920   0.418512  -0.310760   0.399275  -0.382586   0.053510   0.750000   1.000000
  0.301508   0.562358   0.420519  -0.312683   0.399544  -0.399871   0.066835   0.750000   1.000000
  0.306533   0.560787   0.422527  -0.314692   0.399880  -0.502356   0.081866   0.750000   1.000000
  0.311558   0.559206   0.424536  -0.317217   0.400292  -0.721703   0.096854   0.750000   1.000000
  0.316583   0.557612   0.426547  -0.320843   0.400778  -1.042324   0.110146   0.750000   1.000000
  0.321608   0.555999   0.428561  -0.326081   0.401332  -1.458858   0.117480   0.750000   1.000000
  0.326633   0.554361   0.430578  -0.333412   0.401922  -1.989269   0.112704   0.750000   1.000000
  0.331658   0.552685   0.432598  -0.343408   0.402488  -2.587467   0.112203   0.750000   1.000000
  0.336683   0.550960   0.434620  -0.356410   0.403052  -3.177913   0.125603   0.750000   1.000000
  0.341709   0.549168   0.436646  -0.372382   0.403684  -3.864497   0.117176   0.750000   1.000000
  0.346734   0.547297   0.438674  -0.391801   0.404272  -4.998967   0.006049   0.750000   1.000000
  0.351759   0.545328   0.440706  -0.416921   0.404303  -6.559290  -0.221833   0.750000   1.000000
  0.356784   0.543233   0.442737  -0.449881   0.403188  -8.165348  -0.455101   0.750000   1.000000
  0.361809   0.540973   0.444764  -0.490912   0.400901  -9.708628  -0.639181   0.750000   1.000000
  0.366834   0.538506   0.446778  -0.539698   0.397689 -11.300707  -0.874656   0.750000   1.000000
  0.371859   0.535794   0.448776  -0.596484   0.393294 -12.951914  -1.406553   0.750000   1.000000
  0.376884   0.532797   0.450753  -0.661567   0.386226 -14.576616  -2.230180   0.750000   1.000000
  0.381910   0.529472   0.452694  -0.734830   0.375017 -16.114102  -3.092085   0.750000   1.000000
  0.386935   0.525779   0.454578  -0.815803   0.359480 -17.572688  -3.919088   0.750000   1.000000
  0.391960   0.521680   0.456385  -0.904106   0.339786 -18.884580  -4.866427   0.750000   1.000000
  0.396985   0.517136   0.458092  -0.999001   0.315332 -19.726428  -6.034772   0.750000   1.000000
  0.402010   0.512116   0.459677  -1.098126   0.285008 -19.761689  -7.290571   0.750000   1.000000
  0.407035   0.506598   0.461109  -1.197428   0.248373 -19.384848  -8.511214   0.750000   1.000000
  0.412060   0.500581   0.462357  -1.294837   0.205604 -19.051533  -9.698559   0.750000   1.000000
  0.417085   0.494075   0.463390  -1.390571   0.156868 -18.318997 -10.752406   0.750000   1.000000
  0.422111   0.487086   0.464179  -1.482643   0.102827 -15.435940 -11.566889   0.750000   1.000000
  0.427136   0.479635   0.464695  -1.560208   0.044703 -10.667269 -12.176733   0.750000   1.000000
  0.432161   0.471795   0.464920  -1.613811  -0.016485  -5.918320 -12.534651   0.750000   1.000000
  0.437186   0.463686   0.464837  -1.643551  -0.079471  -1.405299 -12.347240   0.750000   1.000000
  0.442211   0.455427   0.464438  -1.650612  -0.141516   3.701507 -11.407049   0.750000   1.000000
  0.447236   0.447133   0.463727  -1.632012  -0.198837   9.832286 -10.057481   0.750000   1.000000
  0.452261   0.438932   0.462727  -1.582605  -0.249376  16.424904  -8.718200   0.750000   1.000000
  0.457286   0.430979   0.461474  -1.500070  -0.293185  22.763896  -7.076578   0.750000   1.000000
  0.462312   0.423440   0.460001  -1.385659  -0.328751  28.675951  -4.185726   0.750000   1.000000
  0.467337   0.416477   0.458349  -1.241562  -0.349785  33.990691  -0.180667   0.750000   1.000000
  0.472362   0.410238   0.456591  -1.070759  -0.350693  38.348337   3.846564   0.750000   1.000000
  0.477387   0.404858   0.454829  -0.878058  -0.331364  41.831988   7.568370   0.750000   1.000000
  0.482412   0.400445   0.453164  -0.667853  -0.293333  44.829010  11.145851   0.750000   1.000000
  0.487437   0.397090   0.451690  -0.442587  -0.237325  47.801305  14.659397   0.750000   1.000000
  0.492462   0.394866   0.450497  -0.202385  -0.163661  50.399866  17.932573   0.750000   1.000000
  0.497487   0.393849   0.449675   0.050874  -0.073550  48.964750  20.704163   0.750000   1.000000
  0.502513   0.394104   0.449305   0.296971   0.030509  43.224104  22.852263   0.750000   1.000000
  0.507538   0.395596   0.449458   0.514172   0.145342  37.297389  24.271665   0.750000   1.000000
  0.512563   0.398180   0.450189   0.701591   0.267307  32.174478  24.864237   0.750000   1.000000
  0.517588   0.401706   0.451532   0.863268   0.392250  27.512223  24.693528   0.750000   1.000000
  0.522613   0.406044   0.453503   1.001517   0.516335  22.579169  23.887340   0.750000   1.000000
  0.527638   0.411076   0.456098   1.114977   0.636369  16.376130  22.239075   0.750000   1.000000
  0.532663   0.416679   0.459295   1.197267   0.748120   9.399621  19.568730   0.750000   1.000000
  0.537688   0.422695   0.463055   1.244501   0.846453   2.837869  16.281487   0.750000   1.000000
  0.542714   0.428950   0.467309   1.258764   0.928284  -2.982742  12.883310   0.750000   1.000000
  0.547739   0.435275   0.471974   1.243775   0.993022  -8.076889   9.465848   0.750000   1.000000
  0.552764   0.441525   0.476964   1.203189   1.040588 -12.209756   6.024538   0.750000   1.000000
  0.557789   0.447571   0.482193   1.141835   1.070861 -15.296986   2.622549   0.750000   1.000000
  0.562814   0.453309   0.487574   1.064968   1.084040 -17.766970  -0.576490   0.750000   1.000000
  0.567839   0.458661   0.493021   0.975689   1.081143 -19.987455  -3.471328   0.750000   1.000000
  0.572864   0.463563   0.498454   0.875252   1.063699 -21.749714  -5.974034   0.750000   1.000000
  0.577889   0.467962   0.503799   0.765959   1.033680 -22.152579  -8.011215   0.750000   1.000000
  0.582915   0.471811   0.508994   0.654621   0.993415 -21.222735  -9.478529   0.750000   1.000000
  0.587940   0.475101   0.513986   0.547976   0.945786 -19.974149 -10.436300   0.750000   1.000000
  0.592965   0.477854   0.518738   0.447606   0.893343 -18.710930 -10.964624   0.750000   1.000000
  0.597990   0.480104   0.523228   0.353584   0.838246 -17.291562 -11.071151   0.750000   1.000000
  0.603015   0.481880   0.527440   0.266694   0.782614 -15.662352 -10.804171   0.750000   1.000000
  0.608040   0.483220   0.531372   0.187990   0.728323 -13.953937 -10.294140   0.750000   1.000000
  0.613065   0.484165   0.535032   0.117872   0.676595 -12.201707  -9.595949   0.750000   1.000000
  0.618090   0.484757   0.538432   0.056558   0.628375 -10.425950  -8.757571   0.750000   1.000000
  0.623116   0.485042   0.541590   0.004157   0.584359  -8.733215  -7.831384   0.750000   1.000000
  0.628141   0.485063   0.544527  -0.039727   0.545007  -7.217632  -6.855209   0.750000   1.000000
  0.633166   0.484863   0.547265  -0.075996   0.510559  -5.879635  -5.874864   0.750000   1.000000
  0.638191   0.484481   0.549831  -0.105541   0.481038  -4.701358  -4.961906   0.750000   1.000000
  0.643216   0.483951   0.552248  -0.129165   0.456105  -3.668708  -4.134799   0.750000   1.000000
  0.648241   0.483302   0.554540  -0.147600   0.435327  -2.809487  -3.389988   0.750000   1.000000
  0.653266   0.482560   0.556728  -0.161718   0.418293  -2.124514  -2.725985   0.750000   1.000000
  0.658291   0.481747   0.558830  -0.172394   0.404594  -1.561683  -2.157155   0.750000   1.000000
  0.663317   0.480881   0.560863  -0.180243   0.393753  -1.076518  -1.679104   0.750000   1.000000
  0.668342   0.479975   0.562842  -0.185652   0.385315  -0.686818  -1.280296   0.750000   1.000000
  0.673367   0.479042   0.564778  -0.189103   0.378882  -0.410350  -0.958295   0.750000   1.000000
  0.678392   0.478092   0.566682  -0.191165   0.374066  -0.214903  -0.706937   0.750000   1.000000
  0.683417   0.477131   0.568561  -0.192245   0.370514  -0.059920  -0.509180   0.750000   1.000000
  0.688442   0.476165   0.570423  -0.192546   0.367955   0.058692  -0.352376   0.750000   1.000000
  0.693467   0.475198   0.572272  -0.192252   0.366184   0.143058  -0.230493   0.750000   1.000000
  0.698492   0.474232   0.574112  -0.191533   0.365026   0.199955  -0.141379   0.750000   1.000000
  0.703518   0.473269   0.575947  -0.190528   0.364316   0.234342  -0.078681   0.750000   1.000000
  0.708543   0.472312   0.577778  -0.189350   0.363920   0.251433  -0.034718   0.750000   1.000000
  0.713568   0.471360   0.579606  -0.188087   0.363746   0.260966  -0.002859   0.750000   1.000000
  0.718593   0.470415   0.581434  -0.186775   0.363731   0.265667   0.016953   0.750000   1.000000
  0.723618   0.469477   0.583262  -0.185440   0.363817   0.265868   0.026921   0.750000   1.000000
  0.728643   0.468545   0.585090  -0.184104   0.363952   0.261268   0.032858   0.750000   1.000000
  0.733668   0.467620   0.586919  -0.182791   0.364117   0.255182   0.038144   0.750000   1.000000
  0.738693   0.466701   0.588749  -0.181509   0.364309   0.249994   0.042368   0.750000   1.000000
  0.743719   0.465789   0.590580  -0.180253   0.364522   0.246497   0.043629   0.750000   1.000000
  0.748744   0.464883   0.592411  -0.179014   0.364741   0.239063   0.041081   0.750000   1.000000
  0.753769   0.463984   0.594244  -0.177813   0.364947   0.226195   0.036307   0.750000   1.000000
  0.758794   0.463090   0.596078  -0.176676   0.365130   0.213599   0.034150   0.750000   1.000000
  0.763819   0.462202   0.597913  -0.175603   0.365301   0.205030   0.035927   0.750000   1.000000
  0.768844   0.461320   0.599748  -0.174573   0.365482   0.196888   0.037717   0.750000   1.000000
  0.773869   0.460443   0.601585  -0.173583   0.365671   0.187149   0.037732   0.750000   1.000000
  0.778894   0.459570   0.603422  -0.172643   0.365861   0.177237   0.036666   0.750000   1.000000
  0.783920   0.458703   0.605261  -0.171752   0.366045   0.166152   0.032938   0.750000   1.000000
  0.788945   0.457840   0.607101  -0.170917   0.366211   0.161019   0.023975   0.750000   1.000000
  0.793970   0.456981   0.608941  -0.170108   0.366331   0.174456   0.013904   0.750000   1.000000
  0.798995   0.456126   0.610782  -0.169231   0.366401   0.194201   0.016148   0.750000   1.000000
  0.804020   0.455276   0.612623  -0.168255   0.366482   0.176944   0.030260   0.750000   1.000000
  0.809045   0.454430   0.614464  -0.167366   0.366634   0.125472   0.037883   0.750000   1.000000
  0.814070   0.453589   0.616307  -0.166736   0.366825   0.094547   0.028876   0.750000   1.000000
  0.819095   0.452751   0.618150  -0.166261   0.366970   0.115429  -0.003282   0.750000   1.000000
  0.824121   0.451916   0.619994  -0.165681   0.366953   0.175826  -0.050645   0.750000   1.000000
  0.829146   0.451083   0.621838  -0.164797   0.366699   0.183220  -0.054072   0.750000   1.000000
  0.834171   0.450255   0.623681  -0.163876   0.366427   0.125235  -0.002737   0.750000   1.000000
  0.839196   0.449431   0.625522  -0.163247   0.366413   0.104753   0.033373   0.750000   1.000000
  0.844221   0.448611   0.627364  -0.162721   0.366581   0.140527   0.038623   0.750000   1.000000
  0.849246   0.447793   0.629206  -0.162014   0.366775   0.171440   0.024719   0.750000   1.000000
  0.854271   0.446979   0.631049  -0.161153   0.366899   0.137255   0.018831   0.750000   1.000000
  0.859296   0.446170   0.632892  -0.160463   0.366994   0.083213   0.028439   0.750000   1.000000
  0.864322   0.445363   0.634737  -0.160045   0.367137   0.054926   0.031703   0.750000   1.000000
  0.869347   0.444559   0.636582  -0.159769   0.367296   0.044594   0.018014   0.750000   1.000000
  0.874372   0.443756   0.638427  -0.159545   0.367387   0.068488   0.007073   0.750000   1.000000
  0.879397   0.442954   0.640273  -0.159201   0.367422   0.167852   0.017565   0.750000   1.000000
  0.884422   0.442154   0.642120  -0.158357   0.367511   0.290398   0.017078   0.750000   1.000000
  0.889447   0.441359   0.643967  -0.156898   0.367596   0.282988  -0.027507   0.750000   1.000000
  0.894472   0.440570   0.645814  -0.155476   0.367458   0.145908  -0.087608   0.750000   1.000000
  0.899497   0.439789   0.647660  -0.154743   0.367018   0.031324  -0.078489   0.750000   1.000000
  0.904523   0.439011   0.649505  -0.154585   0.366623  -0.013054  -0.015702   0.750000   1.000000
  0.909548   0.438234   0.651347  -0.154651   0.366545  -0.024170   0.009840   0.750000   1.000000
  0.914573   0.437457   0.653189  -0.154773   0.366594   0.019762  -0.010695   0.750000   1.000000
  0.919598   0.436679   0.655031  -0.154673   0.366540   0.159354  -0.012849   0.750000   1.000000
  0.924623   0.435902   0.656873  -0.153872   0.366476   0.298694   0.033275   0.750000   1.000000
  0.929648   0.435129   0.658715  -0.152372   0.366643   0.230126   0.065536   0.750000   1.000000
  0.934673   0.434363   0.660557  -0.151215   0.366972   0.003731  -0.000713   0.750000   1.000000
  0.939698   0.433603   0.662401  -0.151196   0.366969  -0.077639  -0.143641   0.750000   1.000000
  0.944724   0.432844   0.664245  -0.151587   0.366247   0.093621  -0.172638   0.750000   1.000000
  0.949749   0.432082   0.666086  -0.151116   0.365379   0.325892  -0.046580   0.750000   1.000000
  0.954774   0.431322   0.667922  -0.149479   0.365145   0.310740   0.040065   0.750000   1.000000
  0.959799   0.430571   0.669757  -0.147917   0.365346   0.081920   0.060643   0.750000   1.000000
  0.964824   0.429828   0.671592  -0.147505   0.365651  -0.093201   0.063248   0.750000   1.000000
  0.969849   0.429087   0.673430  -0.147974   0.365969  -0.164883   0.056225   0.750000   1.000000
  0.974874   0.428343   0.675269  -0.148802   0.366252  -0.197055   0.021202   0.750000   1.000000
  0.979899   0.427596   0.677109  -0.149793   0.366358  -0.187952   0.006933   0.750000   1.000000
  0.984925   0.426843   0.678951  -0.150737   0.366393  -0.063295   0.040048   0.750000   1.000000
  0.989950   0.426085   0.680792  -0.151055   0.366594   0.161536   0.066815   0.750000   1.000000
  0.994975   0.425326   0.682634  -0.150244   0.366930   0.092393   0.048964   0.750000   1.000000
  1.000000   0.424571   0.684478  -0.149779   0.367176  -0.002745  -0.035364   0.750000   1.000000