  0.000000   0.641421   0.358579   0.000000   0.000000  20.218290  15.492522   1.000000   0.125000
  0.005025   0.641421   0.358579   0.101597   0.077850  -9.677196  29.644590   1.000000   0.125000
  0.010050   0.641932   0.358970   0.052969   0.226814  -3.226456  24.963450   1.000000   0.125000
  0.015075   0.642198   0.360110   0.036756   0.352255   9.893072   9.191031   1.000000   0.125000
  0.020101   0.642382   0.361880   0.086479   0.398449  12.559342  -1.020077   1.000000   0.125000
  0.025126   0.642817   0.363883   0.149589   0.393324  11.469755  -3.752311   1.000000   0.125000
  0.030151   0.643569   0.365859   0.207225   0.374468   8.858411  -3.548210   1.000000   0.125000
  0.035176   0.644610   0.367741   0.251738   0.356638   5.861437  -2.615927   1.000000   0.125000
  0.040201   0.645875   0.369533   0.281192   0.343493   3.211679  -1.776018   1.000000   0.125000
  0.045226   0.647288   0.371259   0.297331   0.334569   1.110029  -1.262880   1.000000   0.125000
  0.050251   0.648782   0.372940   0.302909   0.328223  -0.522943  -1.001055   1.000000   0.125000
  0.055276   0.650304   0.374589   0.300281   0.323193  -1.808744  -0.886530   1.000000   0.125000
  0.060302   0.651813   0.376214   0.291190   0.318737  -2.829284  -0.807931   1.000000   0.125000
  0.065327   0.653277   0.377815   0.276973   0.314677  -3.670323  -0.746839   1.000000   0.125000
  0.070352   0.654668   0.379397   0.258530   0.310924  -4.350195  -0.693247   1.000000   0.125000
  0.075377   0.655967   0.380959   0.236670   0.307441  -4.884921  -0.646137   1.000000   0.125000
  0.080402   0.657157   0.382504   0.212123   0.304194  -5.305182  -0.590255   1.000000   0.125000
  0.085427   0.658223   0.384033   0.185465   0.301228  -5.633516  -0.526815   1.000000   0.125000
  0.090452   0.659155   0.385546   0.157156   0.298581  -5.883030  -0.474248   1.000000   0.125000
  0.095477   0.659944   0.387047   0.127594   0.296197  -6.058973  -0.432088   1.000000   0.125000
  0.100503   0.660586   0.388535   0.097142   0.294026  -6.154780  -0.398526   1.000000   0.125000
  0.105528   0.661074   0.390013   0.066214   0.292023  -6.169606  -0.374247   1.000000   0.125000
  0.110553   0.661406   0.391480   0.035212   0.290143  -6.132981  -0.348701   1.000000   0.125000
  0.115578   0.661583   0.392938   0.004393   0.288390  -6.068232  -0.309218   1.000000   0.125000
  0.120603   0.661606   0.394387  -0.026100   0.286837  -5.969089  -0.269304   1.000000   0.125000
  0.125628   0.661474   0.395829  -0.056094   0.285483  -5.825980  -0.242004   1.000000   0.125000
  0.130653   0.661192   0.397263  -0.085370   0.284267  -5.656798  -0.218745   1.000000   0.125000
  0.135678   0.660764   0.398692  -0.113795   0.283168  -5.479963  -0.196094   1.000000   0.125000
  0.140704   0.660192   0.400115  -0.141338   0.282182  -5.287814  -0.175673   1.000000   0.125000
  0.145729   0.659481   0.401533  -0.167909   0.281300  -5.071908  -0.154733   1.000000   0.125000
  0.150754   0.658638   0.402946  -0.193395   0.280522  -4.841572  -0.135029   1.000000   0.125000
  0.155779   0.657666   0.404356  -0.217724   0.279844  -4.609155  -0.127048   1.000000   0.125000
  0.160804   0.656572   0.405762  -0.240885   0.279205  -4.376866  -0.125686   1.000000   0.125000
  0.165829   0.655361   0.407165  -0.262879   0.278574  -4.145263  -0.110199   1.000000   0.125000
  0.170854   0.654040   0.408565  -0.283709   0.278020  -3.914576  -0.080678   1.000000   0.125000
  0.175879   0.652615   0.409962  -0.303379   0.277614  -3.681083  -0.060696   1.000000   0.125000
  0.180905   0.651090   0.411357  -0.321881   0.277309  -3.442464  -0.057282   1.000000   0.125000
  0.185930   0.649472   0.412751  -0.339179   0.277022  -3.207750  -0.060415   1.000000   0.125000
  0.190955   0.647768   0.414143  -0.355298   0.276718  -2.983300  -0.052200   1.000000   0.125000
  0.195980   0.645983   0.415533  -0.370289   0.276456  -2.765619  -0.034161   1.000000   0.125000
  0.201005   0.644122   0.416923  -0.384186   0.276284  -2.549726  -0.020776   1.000000   0.125000
  0.206030   0.642191   0.418311  -0.396999   0.276180  -2.339961  -0.014598   1.000000   0.125000
  0.211055   0.640197   0.419699  -0.408757   0.276106  -2.141330  -0.010773   1.000000   0.125000
  0.216080   0.638143   0.421086  -0.419517   0.276052  -1.950098  -0.007765   1.000000   0.125000
  0.221106   0.636034   0.422474  -0.429318   0.276013  -1.763211  -0.006478   1.000000   0.125000
  0.226131   0.633877   0.423861  -0.438178   0.275981  -1.584425  -0.003252   1.000000   0.125000
  0.231156   0.631675   0.425247  -0.446140   0.275964  -1.417141   0.004609   1.000000   0.125000
  0.236181   0.629433   0.426634  -0.453261   0.275987  -1.258311   0.010897   1.000000   0.125000
  0.241206   0.627155   0.428021  -0.459584   0.276042  -1.104623   0.011132   1.000000   0.125000
  0.246231   0.624846   0.429408  -0.465135   0.276098  -0.958507   0.008641   1.000000   0.125000
  0.251256   0.622509   0.430795  -0.469952   0.276142  -0.823818   0.010772   1.000000   0.125000
  0.256281   0.620147   0.432183  -0.474091   0.276196  -0.698362   0.017023   1.000000   0.125000
  0.261307   0.617764   0.433571  -0.477601   0.276281  -0.576404   0.021690   1.000000   0.125000
  0.266332   0.615364   0.434959  -0.480498   0.276390  -0.457872   0.023596   1.000000   0.125000
  0.271357   0.612950   0.436348  -0.482798   0.276509  -0.347533   0.024144   1.000000   0.125000
  0.276382   0.610524   0.437738  -0.484545   0.276630  -0.246299   0.024105   1.000000   0.125000
  0.281407   0.608089   0.439128  -0.485782   0.276751  -0.152766   0.023529   1.000000   0.125000
  0.286432   0.605648   0.440519  -0.486550   0.276869  -0.066170   0.023673   1.000000   0.125000
  0.291457   0.603203   0.441910  -0.486883   0.276988   0.013202   0.025179   1.000000   0.125000
  0.296482   0.600756   0.443302  -0.486816   0.277115   0.086546   0.026525   1.000000   0.125000
  0.301508   0.598310   0.444694  -0.486381   0.277248   0.156469   0.026630   1.000000   0.125000
  0.306533   0.595866   0.446088  -0.485595   0.277382   0.222837   0.026327   1.000000   0.125000
  0.311558   0.593426   0.447481  -0.484475   0.277514   0.283336   0.026891   1.000000   0.125000
  0.316583   0.590991   0.448876  -0.483051   0.277649   0.337548   0.027413   1.000000   0.125000
  0.321608   0.588564   0.450271  -0.481355   0.277787   0.386463   0.026696   1.000000   0.125000
  0.326633   0.586145   0.451667  -0.479413   0.277921   0.430908   0.025452   1.000000   0.125000
  0.331658   0.583736   0.453064  -0.477248   0.278049   0.471299   0.025514   1.000000   0.125000
  0.336683   0.581338   0.454461  -0.474880   0.278177   0.508966   0.026730   1.000000   0.125000
  0.341709   0.578951   0.455859  -0.472322   0.278312   0.544063   0.027378   1.000000   0.125000
  0.346734   0.576578   0.457257  -0.469588   0.278449   0.579988   0.027360   1.000000   0.125000
  0.351759   0.574218   0.458657  -0.466673   0.278587   0.616758   0.027324   1.000000   0.125000
  0.356784   0.571873   0.460057  -0.463574   0.278724   0.664946   0.027656   1.000000   0.125000
  0.361809   0.569543   0.461457  -0.460233   0.278863   0.730045   0.029128   1.000000   0.125000
  0.366834   0.567231   0.462858  -0.456564   0.279010   0.785405   0.031802   1.000000   0.125000
  0.371859   0.564936   0.464260  -0.452618   0.279169   0.788884   0.036516   1.000000   0.125000
  0.376884   0.562662   0.465663  -0.448653   0.279353   0.734190   0.039956   1.000000   0.125000
  0.381910   0.560407   0.467067  -0.444963   0.279554   0.880994   0.055870   1.000000   0.125000
  0.386935   0.558171   0.468472  -0.440536   0.279834   1.308172   0.088491   1.000000   0.125000
  0.391960   0.555958   0.469878  -0.433963   0.280279   1.508588   0.213281   1.000000   0.125000
  0.396985   0.553777   0.471287  -0.426382   0.281351   0.509660   0.536252   1.000000   0.125000
  0.402010   0.551634   0.472700  -0.423821   0.284045  -1.799109   0.924803   1.000000   0.125000
  0.407035   0.549505   0.474128  -0.432862   0.288693  -5.499768   0.698932   1.000000   0.125000
  0.412060   0.547329   0.475578  -0.460498   0.292205 -11.397343  -0.458940   1.000000   0.125000
  0.417085   0.545015   0.477047  -0.517770   0.289899 -19.665572  -1.490967   1.000000   0.125000
  0.422111   0.542413   0.478504  -0.616609   0.282405 -29.780752  -1.935256   1.000000   0.125000
  0.427136   0.539315   0.479923  -0.766257   0.272680 -42.729352  -3.389587   1.000000   0.125000
  0.432161   0.535464   0.481293  -0.980972   0.255648 -57.296229  -9.582941   1.000000   0.125000
  0.437186   0.530535   0.482578  -1.268886   0.207493 -68.761220 -21.217225   1.000000   0.125000
  0.442211   0.524159   0.483620  -1.614411   0.100877 -74.753658 -35.187265   1.000000   0.125000
  0.447236   0.516046   0.484127  -1.990048  -0.075939 -72.531213 -50.127515   1.000000   0.125000
  0.452261   0.506046   0.483746  -2.354517  -0.327830 -55.740667 -65.155929   1.000000   0.125000
  0.457286   0.494215   0.482098  -2.634614  -0.655239 -24.155183 -74.223028   1.000000   0.125000
  0.462312   0.480973   0.478805  -2.756018  -1.028283  15.348062 -73.856126   1.000000   0.125000
  0.467337   0.467124   0.473638  -2.678894  -1.399410  59.791596 -67.484474   1.000000   0.125000
  0.472362   0.453663   0.466606  -2.378441  -1.738520 107.277833 -54.912506   1.000000   0.125000
  0.477387   0.441711   0.457870  -1.839370  -2.014455 149.519233 -29.944681   1.000000   0.125000
  0.482412   0.432468   0.447747  -1.088036  -2.164927 170.982326  11.429717   1.000000   0.125000
  0.487437   0.427001   0.436869  -0.228850  -2.107493 163.837537  62.816968   1.000000   0.125000
  0.492462   0.425851   0.426278   0.594434  -1.791838 136.815733 112.427949   1.000000   0.125000
  0.497487   0.428838   0.417274   1.281933  -1.226887 101.070844 147.471802   1.000000   0.125000
  0.502513   0.435281   0.411108   1.789915  -0.485694  59.037701 160.105308   1.000000   0.125000
  0.507538   0.444275   0.408667   2.086579   0.318835  12.354701 155.481730   1.000000   0.125000
  0.512563   0.454760   0.410270   2.148662   1.100131 -30.723593 140.720538   1.000000   0.125000
  0.517588   0.465557   0.415798   1.994276   1.807252 -61.426314 112.098263   1.000000   0.125000
  0.522613   0.475579   0.424879   1.685608   2.370545 -76.614915  63.163759   1.000000   0.125000
  0.527638   0.484049   0.436791   1.300618   2.687943 -78.605829   8.419430   1.000000   0.125000
  0.532663   0.490584   0.450298   0.905624   2.730251 -72.354810 -34.142209   1.000000   0.125000
  0.537688   0.495135   0.464018   0.542041   2.558686 -61.157105 -62.041239   1.000000   0.125000
  0.542714   0.497859   0.476878   0.234666   2.246867 -47.213787 -76.261357   1.000000   0.125000
  0.547739   0.499039   0.488168  -0.002584   1.863654 -32.767245 -78.721521   1.000000   0.125000
  0.552764   0.499026   0.497533  -0.167239   1.468078 -19.967175 -72.315553   1.000000   0.125000
  0.557789   0.498185   0.504910  -0.267574   1.104692 -11.230670 -60.511725   1.000000   0.125000
  0.562814   0.496841   0.510461  -0.324008   0.800621  -6.295797 -46.132708   1.000000   0.125000
  0.567839   0.495213   0.514484  -0.355645   0.568804  -3.198010 -31.600908   1.000000   0.125000
  0.572864   0.493426   0.517342  -0.371715   0.410010  -0.905974 -19.164565   1.000000   0.125000
  0.577889   0.491558   0.519403  -0.376267   0.313708   0.516090 -10.638621   1.000000   0.125000
  0.582915   0.489667   0.520979  -0.373673   0.260238   0.939877  -5.136417   1.000000   0.125000
  0.587940   0.487789   0.522287  -0.368950   0.234427   0.837689  -1.335802   1.000000   0.125000
  0.592965   0.485935   0.523465  -0.364741   0.227715   0.659231   0.831330   1.000000   0.125000
  0.597990   0.484102   0.524609  -0.361428   0.231892   0.553123   1.485172   1.000000   0.125000
  0.603015   0.482286   0.525775  -0.358649   0.239355   0.489895   1.384893   1.000000   0.125000
  0.608040   0.480484   0.526977  -0.356187   0.246314   0.436297   1.227124   1.000000   0.125000
  0.613065   0.478694   0.528215  -0.353995   0.252481   0.402919   1.135979   1.000000   0.125000
  0.618090   0.476915   0.529484  -0.351970   0.258189   0.376661   1.049465   1.000000   0.125000
  0.623116   0.475146   0.530782  -0.350077   0.263464   0.361693   0.932025   1.000000   0.125000
  0.628141   0.473387   0.532105  -0.348259   0.268147   0.353640   0.817788   1.000000   0.125000
  0.633166   0.471637   0.533453  -0.346482   0.272256   0.349794   0.700186   1.000000   0.125000
  0.638191   0.469896   0.534821  -0.344725   0.275775   0.344341   0.600031   1.000000   0.125000
  0.643216   0.468164   0.536207  -0.342994   0.278790   0.339246   0.522988   1.000000   0.125000
  0.648241   0.466440   0.537608  -0.341290   0.281418   0.334708   0.465037   1.000000   0.125000
  0.653266   0.464725   0.539022  -0.339608   0.283755   0.330510   0.416276   1.000000   0.125000
  0.658291   0.463018   0.540448  -0.337947   0.285847   0.326344   0.373111   1.000000   0.125000
  0.663317   0.461320   0.541884  -0.336307   0.287722   0.321916   0.333729   1.000000   0.125000
  0.668342   0.459630   0.543330  -0.334689   0.289399   0.316538   0.297611   1.000000   0.125000
  0.673367   0.457948   0.544784  -0.333099   0.290894   0.310400   0.264267   1.000000   0.125000
  0.678392   0.456274   0.546246  -0.331539   0.292222   0.303973   0.233568   1.000000   0.125000
  0.683417   0.454608   0.547714  -0.330011   0.293396   0.297050   0.205357   1.000000   0.125000
  0.688442   0.452950   0.549189  -0.328519   0.294428   0.291238   0.179424   1.000000   0.125000
  0.693467   0.451299   0.550668  -0.327055   0.295330   0.288051   0.155509   1.000000   0.125000
  0.698492   0.449656   0.552152  -0.325608   0.296111   0.284606   0.133470   1.000000   0.125000
  0.703518   0.448019   0.553641  -0.324177   0.296782   0.276592   0.113374   1.000000   0.125000
  0.708543   0.446390   0.555132  -0.322787   0.297352   0.266660   0.095040   1.000000   0.125000
  0.713568   0.444768   0.556626  -0.321447   0.297829   0.258288   0.078176   1.000000   0.125000
  0.718593   0.443153   0.558123  -0.320150   0.298222   0.250496   0.062554   1.000000   0.125000
  0.723618   0.441544   0.559621  -0.318891   0.298536   0.245083   0.048181   1.000000   0.125000
  0.728643   0.439942   0.561121  -0.317659   0.298778   0.246469   0.035295   1.000000   0.125000
  0.733668   0.438346   0.562623  -0.316421   0.298956   0.250670   0.023841   1.000000   0.125000
  0.738693   0.436756   0.564125  -0.315161   0.299076   0.241546   0.013457   1.000000   0.125000
  0.743719   0.435172   0.565628  -0.313947   0.299143   0.219875   0.003908   1.000000   0.125000
  0.748744   0.433594   0.567131  -0.312842   0.299163   0.208545  -0.004767   1.000000   0.125000
  0.753769   0.432022   0.568635  -0.311794   0.299139   0.213751  -0.012561   1.000000   0.125000
  0.758794   0.430455   0.570138  -0.310720   0.299076   0.219889  -0.019471   1.000000   0.125000
  0.763819   0.428894   0.571641  -0.309615   0.298978   0.209370  -0.025773   1.000000   0.125000
  0.768844   0.427338   0.573143  -0.308563   0.298848   0.192417  -0.031666   1.000000   0.125000
  0.773869   0.425788   0.574645  -0.307596   0.298689   0.180340  -0.037061   1.000000   0.125000
  0.778894   0.424242   0.576146  -0.306690   0.298503   0.170138  -0.041490   1.000000   0.125000
  0.783920   0.422700   0.577646  -0.305835   0.298295   0.167557  -0.045206   1.000000   0.125000
  0.788945   0.421164   0.579145  -0.304993   0.298067   0.188025  -0.048439   1.000000   0.125000
  0.793970   0.419631   0.580643  -0.304048   0.297824   0.223334  -0.051376   1.000000   0.125000
  0.798995   0.418103   0.582139  -0.302926   0.297566   0.217031  -0.054183   1.000000   0.125000
  0.804020   0.416581   0.583635  -0.301835   0.297294   0.172199  -0.056915   1.000000   0.125000
  0.809045   0.415064   0.585128  -0.300970   0.297008   0.149828  -0.058832   1.000000   0.125000
  0.814070   0.413552   0.586621  -0.300217   0.296712   0.163572  -0.060020   1.000000   0.125000
  0.819095   0.412043   0.588112  -0.299395   0.296410   0.171271  -0.060721   1.000000   0.125000
  0.824121   0.410539   0.589602  -0.298534   0.296105   0.150559  -0.060447   1.000000   0.125000
  0.829146   0.409038   0.591090  -0.297778   0.295801   0.138404  -0.062204   1.000000   0.125000
  0.834171   0.407542   0.592576  -0.297082   0.295489   0.154657  -0.068790   1.000000   0.125000
  0.839196   0.406049   0.594061  -0.296305   0.295143   0.152523  -0.074550   1.000000   0.125000
  0.844221   0.404560   0.595544  -0.295539   0.294769   0.102056  -0.072777   1.000000   0.125000
  0.849246   0.403075   0.597025  -0.295026   0.294403   0.061933  -0.068441   1.000000   0.125000
  0.854271   0.401593   0.598504  -0.294715   0.294059   0.128292  -0.067933   1.000000   0.125000
  0.859296   0.400112   0.599982  -0.294070   0.293718   0.281711  -0.067938   1.000000   0.125000
  0.864322   0.398634   0.601458  -0.292654   0.293376   0.312661  -0.064530   1.000000   0.125000
  0.869347   0.397163   0.602933  -0.291083   0.293052   0.168557  -0.059461   1.000000   0.125000
  0.874372   0.395700   0.604405  -0.290236   0.292753   0.059200  -0.055494   1.000000   0.125000
  0.879397   0.394242   0.605876  -0.289939   0.292474   0.025145  -0.060000   1.000000   0.125000
  0.884422   0.392785   0.607346  -0.289812   0.292173   0.008075  -0.080123   1.000000   0.125000
  0.889447   0.391329   0.608814  -0.289772   0.291770   0.034224  -0.102834   1.000000   0.125000
  0.894472   0.389873   0.610280  -0.289600   0.291253   0.153931  -0.092568   1.000000   0.125000
  0.899497   0.388417   0.611744  -0.288826   0.290788   0.254617  -0.055217   1.000000   0.125000
  0.904523   0.386966   0.613205  -0.287546   0.290511   0.192249  -0.039488   1.000000   0.125000
  0.909548   0.385521   0.614665  -0.286580   0.290312   0.079635  -0.058989   1.000000   0.125000
  0.914573   0.384081   0.616124  -0.286180   0.290016   0.028388  -0.074456   1.000000   0.125000
  0.919598   0.382643   0.617581  -0.286038   0.289642  -0.004001  -0.063787   1.000000   0.125000
  0.924623   0.381205   0.619037  -0.286058   0.289321   0.025881  -0.056970   1.000000   0.125000
  0.929648   0.379768   0.620490  -0.285928   0.289035   0.214943  -0.073872   1.000000   0.125000
  0.934673   0.378331   0.621943  -0.284848   0.288664   0.433879  -0.080750   1.000000   0.125000
  0.939698   0.376900   0.623393  -0.282667   0.288258   0.339461  -0.055445   1.000000   0.125000
  0.944724   0.375479   0.624842  -0.280961   0.287979   0.004471  -0.027654   1.000000   0.125000
  0.949749   0.374067   0.626289  -0.280939   0.287840  -0.110258  -0.016670   1.000000   0.125000
  0.954774   0.372656   0.627736  -0.281493   0.287756   0.129668  -0.010112   1.000000   0.125000
  0.959799   0.371241   0.629182  -0.280841   0.287706   0.449671  -0.022043   1.000000   0.125000
  0.964824   0.369830   0.630627  -0.278582   0.287595   0.398121  -0.074742   1.000000   0.125000
  0.969849   0.368430   0.632073  -0.276581   0.287219   0.043486  -0.131045   1.000000   0.125000
  0.974874   0.367040   0.633516  -0.276363   0.286561  -0.205411  -0.089875   1.000000   0.125000
  0.979899   0.365651   0.634956  -0.277395   0.286109  -0.272666   0.008342   1.000000   0.125000
  0.984925   0.364257   0.636394  -0.278765   0.286151  -0.240322   0.044727   1.000000   0.125000
  0.989950   0.362856   0.637832  -0.279973   0.286376  -0.123579   0.021942   1.000000   0.125000
  0.994975   0.361450   0.639271  -0.280594   0.286486  -0.012375  -0.017408   1.000000   0.125000
  1.000000   0.360040   0.640710  -0.280656   0.286399   0.121885  -0.081350   1.000000   0.125000