  0.000000   0.611114   0.333706   0.000000   0.000000  -1.354397  13.856125   0.875000   1.000000
  0.005025   0.611114   0.333706  -0.006806   0.069627   2.155329  38.169715   0.875000   1.000000
  0.010050   0.611080   0.334056   0.004025   0.261430   5.429544  25.824932   0.875000   1.000000
  0.015075   0.611100   0.335370   0.031308   0.391200   7.869656   4.329064   0.875000   1.000000
  0.020101   0.611257   0.337336   0.070861   0.412958   9.154908  -5.235759   0.875000   1.000000
  0.025126   0.611613   0.339411   0.116864   0.386648   9.245034  -6.461337   0.875000   1.000000
  0.030151   0.612201   0.341354   0.163321   0.354180   8.157406  -4.208976   0.875000   1.000000
  0.035176   0.613021   0.343134   0.204312   0.333030   6.156318  -2.221465   0.875000   1.000000
  0.040201   0.614048   0.344807   0.235247   0.321867   3.918358  -1.282622   0.875000   1.000000
  0.045226   0.615230   0.346424   0.254937   0.315422   2.010305  -0.887438   0.875000   1.000000
  0.050251   0.616511   0.348009   0.265039   0.310963   0.509668  -0.660915   0.875000   1.000000
  0.055276   0.617843   0.349572   0.267600   0.307641  -0.708175  -0.533471   0.875000   1.000000
  0.060302   0.619188   0.351118   0.264041   0.304960  -1.692910  -0.411150   0.875000   1.000000
  0.065327   0.620515   0.352651   0.255534   0.302894  -2.511727  -0.232672   0.875000   1.000000
  0.070352   0.621799   0.354173   0.242912   0.301725  -3.199981  -0.032331   0.875000   1.000000
  0.075377   0.623019   0.355689   0.226832   0.301563  -3.758709   0.099968   0.875000   1.000000
  0.080402   0.624159   0.357204   0.207945   0.302065  -4.182432   0.158001   0.875000   1.000000
  0.085427   0.625204   0.358722   0.186928   0.302859  -4.509590   0.193548   0.875000   1.000000
  0.090452   0.626144   0.360244   0.164267   0.303831  -4.787957   0.243847   0.875000   1.000000
  0.095477   0.626969   0.361771   0.140208   0.305057  -5.008884   0.289675   0.875000   1.000000
  0.100503   0.627674   0.363304   0.115033   0.306513  -5.122276   0.313204   0.875000   1.000000
  0.105528   0.628252   0.364844   0.089294   0.308087  -5.141924   0.329533   0.875000   1.000000
  0.110553   0.628700   0.366392   0.063456   0.309742  -5.134478   0.355184   0.875000   1.000000
  0.115578   0.629019   0.367949   0.037655   0.311527  -5.114673   0.378939   0.875000   1.000000
  0.120603   0.629209   0.369514   0.011954   0.313431  -5.063473   0.386509   0.875000   1.000000
  0.125628   0.629269   0.371089  -0.013490   0.315374  -4.966865   0.387062   0.875000   1.000000
  0.130653   0.629201   0.372674  -0.038449   0.317319  -4.844509   0.384667   0.875000   1.000000
  0.135678   0.629008   0.374268  -0.062792   0.319252  -4.716898   0.378540   0.875000   1.000000
  0.140704   0.628692   0.375873  -0.086500   0.321154  -4.579251   0.372259   0.875000   1.000000
  0.145729   0.628257   0.377487  -0.109510   0.323025  -4.407496   0.368943   0.875000   1.000000
  0.150754   0.627707   0.379110  -0.131658   0.324879  -4.205633   0.362812   0.875000   1.000000
  0.155779   0.627045   0.380742  -0.152791   0.326702  -4.006863   0.352016   0.875000   1.000000
  0.160804   0.626278   0.382384  -0.172926   0.328471  -3.823431   0.334799   0.875000   1.000000
  0.165829   0.625409   0.384035  -0.192138   0.330153  -3.644445   0.309646   0.875000   1.000000
  0.170854   0.624443   0.385694  -0.210452   0.331709  -3.447747   0.281507   0.875000   1.000000
  0.175879   0.623386   0.387361  -0.227777   0.333124  -3.236592   0.268954   0.875000   1.000000
  0.180905   0.622241   0.389035  -0.244044   0.334475  -3.029796   0.268519   0.875000   1.000000
  0.185930   0.621015   0.390716  -0.259269   0.335825  -2.833779   0.260690   0.875000   1.000000
  0.190955   0.619712   0.392403  -0.273508   0.337135  -2.644517   0.242336   0.875000   1.000000
  0.195980   0.618337   0.394097  -0.286797   0.338352  -2.458503   0.223213   0.875000   1.000000
  0.201005   0.616896   0.395797  -0.299151   0.339474  -2.276400   0.209705   0.875000   1.000000
  0.206030   0.615393   0.397503  -0.310590   0.340528  -2.098510   0.196664   0.875000   1.000000
  0.211055   0.613832   0.399214  -0.321135   0.341516  -1.925806   0.177967   0.875000   1.000000
  0.216080   0.612219   0.400931  -0.330812   0.342410  -1.759084   0.156657   0.875000   1.000000
  0.221106   0.610556   0.402651  -0.339653   0.343198  -1.598917   0.142564   0.875000   1.000000
  0.226131   0.608849   0.404376  -0.347688   0.343914  -1.446398   0.135842   0.875000   1.000000
  0.231156   0.607102   0.406104  -0.354956   0.344597  -1.301523   0.127704   0.875000   1.000000
  0.236181   0.605318   0.407836  -0.361496   0.345238  -1.162838   0.116197   0.875000   1.000000
  0.241206   0.603502   0.409571  -0.367339   0.345822  -1.029818   0.103396   0.875000   1.000000
  0.246231   0.601656   0.411308  -0.372514   0.346342  -0.903070   0.090320   0.875000   1.000000
  0.251256   0.599784   0.413049  -0.377052   0.346796  -0.784174   0.076263   0.875000   1.000000
  0.256281   0.597889   0.414791  -0.380993   0.347179  -0.674335   0.062938   0.875000   1.000000
  0.261307   0.595975   0.416536  -0.384382   0.347495  -0.576426   0.054270   0.875000   1.000000
  0.266332   0.594043   0.418282  -0.387278   0.347768  -0.492803   0.049128   0.875000   1.000000
  0.271357   0.592097   0.420030  -0.389755   0.348015  -0.423033   0.043000   0.875000   1.000000
  0.276382   0.590138   0.421779  -0.391880   0.348231  -0.369237   0.035594   0.875000   1.000000
  0.281407   0.588169   0.423529  -0.393736   0.348410  -0.322679   0.028314   0.875000   1.000000
  0.286432   0.586191   0.425279  -0.395357   0.348552  -0.271956   0.020678   0.875000   1.000000
  0.291457   0.584204   0.427031  -0.396724   0.348656  -0.242531   0.008427   0.875000   1.000000
  0.296482   0.582211   0.428783  -0.397943   0.348698  -0.298637  -0.010408   0.875000   1.000000
  0.301508   0.580210   0.430535  -0.399444   0.348646  -0.454088  -0.035079   0.875000   1.000000
  0.306533   0.578203   0.432287  -0.401725   0.348470  -0.610478  -0.066338   0.875000   1.000000
  0.311558   0.576185   0.434038  -0.404793   0.348136  -0.726811  -0.096498   0.875000   1.000000
  0.316583   0.574150   0.435788  -0.408445   0.347651  -0.884210  -0.117167   0.875000   1.000000
  0.321608   0.572098   0.437535  -0.412888   0.347063  -1.291462  -0.143442   0.875000   1.000000
  0.326633   0.570023   0.439279  -0.419378   0.346342  -1.936726  -0.242840   0.875000   1.000000
  0.331658   0.567916   0.441019  -0.429110   0.345122  -2.613643  -0.415894   0.875000   1.000000
  0.336683   0.565760   0.442753  -0.442244   0.343032  -3.276066  -0.613439   0.875000   1.000000
  0.341709   0.563537   0.444477  -0.458709   0.339949  -4.097779  -0.835659   0.875000   1.000000
  0.346734   0.561232   0.446186  -0.479300   0.335749  -5.186630  -1.124011   0.875000   1.000000
  0.351759   0.558823   0.447873  -0.505363   0.330101  -6.418840  -1.500021   0.875000   1.000000
  0.356784   0.556284   0.449532  -0.537618   0.322564  -7.689689  -1.961887   0.875000   1.000000
  0.361809   0.553582   0.451152  -0.576259   0.312705  -9.086741  -2.539751   0.875000   1.000000
  0.366834   0.550687   0.452724  -0.621919   0.299943 -10.696718  -3.260611   0.875000   1.000000
  0.371859   0.547562   0.454231  -0.675671   0.283558 -12.408532  -4.100078   0.875000   1.000000
  0.376884   0.544166   0.455656  -0.738023   0.262955 -14.021001  -5.051250   0.875000   1.000000
  0.381910   0.540457   0.456978  -0.808493   0.237568 -15.474219  -6.109717   0.875000   1.000000
  0.386935   0.536394   0.458171  -0.886251   0.206867 -16.707185  -7.261259   0.875000   1.000000
  0.391960   0.531941   0.459211  -0.970204   0.170379 -17.615133  -8.471303   0.875000   1.000000
  0.396985   0.527066   0.460067  -1.058721   0.127810 -18.105882  -9.720292   0.875000   1.000000
  0.402010   0.521746   0.460709  -1.149703   0.078966 -18.150725 -10.987770   0.875000   1.000000
  0.407035   0.515968   0.461106  -1.240910   0.023752 -17.659436 -12.243716   0.875000   1.000000
  0.412060   0.509733   0.461225  -1.329649  -0.037772 -16.493955 -13.238860   0.875000   1.000000
  0.417085   0.503051   0.461036  -1.412531  -0.104298 -14.487218 -13.844489   0.875000   1.000000
  0.422111   0.495952   0.460511  -1.485344  -0.173880 -11.676956 -14.206171   0.875000   1.000000
  0.427136   0.488488   0.459638  -1.544020  -0.245266  -8.145874 -14.335837   0.875000   1.000000
  0.432161   0.480729   0.458405  -1.584953  -0.317304  -3.912440 -13.836100   0.875000   1.000000
  0.437186   0.472765   0.456811  -1.604613  -0.386830   0.839939 -12.465034   0.875000   1.000000
  0.442211   0.464702   0.454867  -1.600393  -0.449467   5.912088 -10.569164   0.875000   1.000000
  0.447236   0.456660   0.452608  -1.570684  -0.502577  11.427728  -8.427585   0.875000   1.000000
  0.452261   0.448767   0.450083  -1.513260  -0.544925  17.396327  -5.641567   0.875000   1.000000
  0.457286   0.441163   0.447345  -1.425843  -0.573274  23.434505  -1.901032   0.875000   1.000000
  0.462312   0.433997   0.444463  -1.308062  -0.582829  29.203820   2.335269   0.875000   1.000000
  0.467337   0.427424   0.441535  -1.161312  -0.571094  34.402865   6.532984   0.875000   1.000000
  0.472362   0.421588   0.438665  -0.988438  -0.538266  38.458707  10.768848   0.875000   1.000000
  0.477387   0.416621   0.435960  -0.795183  -0.484152  40.957429  15.158544   0.875000   1.000000
  0.482412   0.412625   0.433527  -0.589372  -0.407981  42.231381  19.533983   0.875000   1.000000
  0.487437   0.409664   0.431477  -0.377159  -0.309822  42.542632  23.625768   0.875000   1.000000
  0.492462   0.407769   0.429920  -0.163383  -0.191103  41.793818  27.136175   0.875000   1.000000
  0.497487   0.406948   0.428960   0.046631  -0.054744  40.180238  29.434031   0.875000   1.000000
  0.502513   0.407182   0.428685   0.248577   0.093192  38.010797  30.379968   0.875000   1.000000
  0.507538   0.408431   0.429153   0.439582   0.245851  34.902900  30.756660   0.875000   1.000000
  0.512563   0.410640   0.430389   0.614969   0.400403  29.767501  31.021606   0.875000   1.000000
  0.517588   0.413730   0.432401   0.764550   0.556287  23.124359  30.667373   0.875000   1.000000
  0.522613   0.417572   0.435196   0.880750   0.710390  16.584707  28.418340   0.875000   1.000000
  0.527638   0.421998   0.438766   0.964088   0.853193  10.671234  24.497404   0.875000   1.000000
  0.532663   0.426842   0.443053   1.017711   0.976292   5.143544  20.298931   0.875000   1.000000
  0.537688   0.431956   0.447959   1.043558   1.078294  -0.117944  16.246109   0.875000   1.000000
  0.542714   0.437201   0.453378   1.042965   1.159947  -4.932002  12.108139   0.875000   1.000000
  0.547739   0.442442   0.459207   1.018182   1.220790  -9.180247   7.830866   0.875000   1.000000
  0.552764   0.447559   0.465341   0.972051   1.260141 -12.834632   3.592722   0.875000   1.000000
  0.557789   0.452443   0.471674   0.907557   1.278194 -15.862647  -0.531967   0.875000   1.000000
  0.562814   0.457004   0.478097   0.827847   1.275521 -17.998995  -4.299980   0.875000   1.000000
  0.567839   0.461163   0.484506   0.737402   1.253913 -19.092572  -7.365626   0.875000   1.000000
  0.572864   0.464869   0.490807   0.641462   1.216901 -19.456005  -9.913630   0.875000   1.000000
  0.577889   0.468092   0.496922   0.543695   1.167085 -19.360427 -12.128565   0.875000   1.000000
  0.582915   0.470825   0.502788   0.446390   1.106127 -18.775939 -13.861778   0.875000   1.000000
  0.587940   0.473068   0.508346   0.352041   1.036472 -17.757316 -14.601615   0.875000   1.000000
  0.592965   0.474837   0.513554   0.262810   0.963098 -16.446939 -14.457934   0.875000   1.000000
  0.597990   0.476158   0.518394   0.180164   0.890447 -14.923849 -14.053334   0.875000   1.000000
  0.603015   0.477063   0.522868   0.105172   0.819829 -13.246225 -13.586245   0.875000   1.000000
  0.608040   0.477591   0.526988   0.038610   0.751558 -11.565373 -12.883383   0.875000   1.000000
  0.613065   0.477785   0.530765  -0.019506   0.686819  -9.956901 -11.826560   0.875000   1.000000
  0.618090   0.477687   0.534216  -0.069540   0.627391  -8.438533 -10.591093   0.875000   1.000000
  0.623116   0.477338   0.537369  -0.111952   0.574160  -7.021782  -9.365832   0.875000   1.000000
  0.628141   0.476775   0.540254  -0.147236   0.527097  -5.737753  -8.183909   0.875000   1.000000
  0.633166   0.476036   0.542903  -0.176068   0.485973  -4.588313  -6.985195   0.875000   1.000000
  0.638191   0.475151   0.545345  -0.199125   0.450872  -3.576887  -5.811916   0.875000   1.000000
  0.643216   0.474150   0.547611  -0.217098   0.421667  -2.728010  -4.758357   0.875000   1.000000
  0.648241   0.473059   0.549729  -0.230807   0.397757  -2.055818  -3.821139   0.875000   1.000000
  0.653266   0.471899   0.551728  -0.241137   0.378555  -1.510786  -3.004568   0.875000   1.000000
  0.658291   0.470688   0.553630  -0.248729   0.363457  -1.051705  -2.351413   0.875000   1.000000
  0.663317   0.469438   0.555457  -0.254015   0.351639  -0.683741  -1.847565   0.875000   1.000000
  0.668342   0.468161   0.557224  -0.257451   0.342355  -0.419370  -1.410953   0.875000   1.000000
  0.673367   0.466868   0.558944  -0.259558   0.335265  -0.221941  -1.019626   0.875000   1.000000
  0.678392   0.465563   0.560629  -0.260673   0.330141  -0.049203  -0.698725   0.875000   1.000000
  0.683417   0.464253   0.562288  -0.260920   0.326630   0.092000  -0.469653   0.875000   1.000000
  0.688442   0.462942   0.563929  -0.260458   0.324270   0.170691  -0.307660   0.875000   1.000000
  0.693467   0.461633   0.565559  -0.259600   0.322724   0.197230  -0.182803   0.875000   1.000000
  0.698492   0.460329   0.567181  -0.258609   0.321806   0.211216  -0.084907   0.875000   1.000000
  0.703518   0.459029   0.568798  -0.257548   0.321379   0.225200  -0.012109   0.875000   1.000000
  0.708543   0.457735   0.570413  -0.256416   0.321318   0.235302   0.038626   0.875000   1.000000
  0.713568   0.456446   0.572028  -0.255234   0.321512   0.236623   0.070234   0.875000   1.000000
  0.718593   0.455164   0.573643  -0.254045   0.321865   0.232607   0.085405   0.875000   1.000000
  0.723618   0.453887   0.575261  -0.252876   0.322294   0.233159   0.092034   0.875000   1.000000
  0.728643   0.452617   0.576880  -0.251704   0.322757   0.244492   0.095713   0.875000   1.000000
  0.733668   0.451352   0.578502  -0.250476   0.323238   0.258358   0.098010   0.875000   1.000000
  0.738693   0.450093   0.580126  -0.249177   0.323730   0.253857   0.096901   0.875000   1.000000
  0.743719   0.448841   0.581753  -0.247902   0.324217   0.233302   0.093484   0.875000   1.000000
  0.748744   0.447595   0.583382  -0.246729   0.324687   0.218464   0.089128   0.875000   1.000000
  0.753769   0.446355   0.585014  -0.245631   0.325135   0.220113   0.083472   0.875000   1.000000
  0.758794   0.445121   0.586648  -0.244525   0.325554   0.227187   0.077918   0.875000   1.000000
  0.763819   0.443892   0.588284  -0.243384   0.325946   0.209364   0.074332   0.875000   1.000000
  0.768844   0.442669   0.589922  -0.242332   0.326319   0.172924   0.071433   0.875000   1.000000
  0.773869   0.441452   0.591561  -0.241463   0.326678   0.157859   0.067981   0.875000   1.000000
  0.778894   0.440238   0.593203  -0.240669   0.327020   0.171326   0.064073   0.875000   1.000000
  0.783920   0.439029   0.594846  -0.239808   0.327342   0.194316   0.059313   0.875000   1.000000
  0.788945   0.437824   0.596491  -0.238832   0.327640   0.184971   0.053552   0.875000   1.000000
  0.793970   0.436623   0.598138  -0.237902   0.327909   0.149330   0.049340   0.875000   1.000000
  0.798995   0.435428   0.599786  -0.237152   0.328157   0.131349   0.049017   0.875000   1.000000
  0.804020   0.434236   0.601435  -0.236492   0.328403   0.137838   0.046830   0.875000   1.000000
  0.809045   0.433048   0.603085  -0.235799   0.328639   0.137017   0.035381   0.875000   1.000000
  0.814070   0.431863   0.604736  -0.235111   0.328817   0.108347   0.019958   0.875000   1.000000
  0.819095   0.430682   0.606388  -0.234566   0.328917   0.082401   0.016605   0.875000   1.000000
  0.824121   0.429503   0.608042  -0.234152   0.329000   0.100857   0.025348   0.875000   1.000000
  0.829146   0.428326   0.609695  -0.233646   0.329128   0.170182   0.031810   0.875000   1.000000
  0.834171   0.427152   0.611349  -0.232790   0.329288   0.153065   0.031251   0.875000   1.000000
  0.839196   0.425982   0.613003  -0.232021   0.329445   0.207600   0.026682   0.875000   1.000000
  0.844221   0.424816   0.614659  -0.230978   0.329579   0.142073   0.022506   0.875000   1.000000
  0.849246   0.423656   0.616315  -0.230264   0.329692   0.091440   0.019182   0.875000   1.000000
  0.854271   0.422499   0.617972  -0.229805   0.329788   0.097964   0.017546   0.875000   1.000000
  0.859296   0.421344   0.619629  -0.229312   0.329876   0.116711   0.017463   0.875000   1.000000
  0.864322   0.420191   0.621287  -0.228726   0.329964   0.117335   0.020116   0.875000   1.000000
  0.869347   0.419042   0.622945  -0.228136   0.330065   0.112850   0.022599   0.875000   1.000000
  0.874372   0.417896   0.624603  -0.227569   0.330179   0.107628   0.012795   0.875000   1.000000
  0.879397   0.416752   0.626263  -0.227028   0.330243   0.101421  -0.018592   0.875000   1.000000
  0.884422   0.415611   0.627922  -0.226519   0.330150   0.085233  -0.048410   0.875000   1.000000
  0.889447   0.414473   0.629581  -0.226090   0.329906   0.079610  -0.024582   0.875000   1.000000
  0.894472   0.413337   0.631239  -0.225690   0.329783   0.123128   0.036536   0.875000   1.000000
  0.899497   0.412203   0.632896  -0.225072   0.329966   0.202728   0.066212   0.875000   1.000000
  0.904523   0.411072   0.634554  -0.224053   0.330299   0.237292   0.023039   0.875000   1.000000
  0.909548   0.409946   0.636214  -0.222860   0.330415   0.170131  -0.090308   0.875000   1.000000
  0.914573   0.408826   0.637874  -0.222005   0.329961   0.061790  -0.172961   0.875000   1.000000
  0.919598   0.407710   0.639533  -0.221695   0.329092  -0.015432  -0.114442   0.875000   1.000000
  0.924623   0.406596   0.641186  -0.221772   0.328517  -0.050668  -0.009635   0.875000   1.000000
  0.929648   0.405482   0.642837  -0.222027   0.328469  -0.000653   0.047168   0.875000   1.000000
  0.934673   0.404366   0.644488  -0.222030   0.328706   0.183752   0.064625   0.875000   1.000000
  0.939698   0.403250   0.646139  -0.221107   0.329030   0.412708   0.067826   0.875000   1.000000
  0.944724   0.402139   0.647793  -0.219033   0.329371   0.358176   0.041203   0.875000   1.000000
  0.949749   0.401038   0.649448  -0.217233   0.329578   0.095759  -0.023456   0.875000   1.000000
  0.954774   0.399947   0.651104  -0.216752   0.329460  -0.025239  -0.065911   0.875000   1.000000
  0.959799   0.398858   0.652760  -0.216878   0.329129   0.027678  -0.027663   0.875000   1.000000
  0.964824   0.397768   0.654414  -0.216739   0.328990   0.037079   0.028388   0.875000   1.000000
  0.969849   0.396679   0.656067  -0.216553   0.329133  -0.096771   0.060194   0.875000   1.000000
  0.974874   0.395591   0.657721  -0.217039   0.329435  -0.191816   0.086459   0.875000   1.000000
  0.979899   0.394500   0.659376  -0.218003   0.329870  -0.178219   0.098966   0.875000   1.000000
  0.984925   0.393404   0.661034  -0.218899   0.330367  -0.157078   0.047758   0.875000   1.000000
  0.989950   0.392304   0.662694  -0.219688   0.330607  -0.132416  -0.025839   0.875000   1.000000
  0.994975   0.391200   0.664355  -0.220354   0.330477  -0.067884  -0.008169   0.875000   1.000000
  1.000000   0.390093   0.666016  -0.220695   0.330436   0.074901  -0.007106   0.875000   1.000000