  0.000000   0.641421   0.358579   0.000000   0.000000  -2.364416  32.175370   1.000000   0.625000
  0.005025   0.641421   0.358579  -0.011881   0.161681  -0.982069  25.668375   1.000000   0.625000
  0.010050   0.641361   0.359391  -0.016816   0.290665   1.713828  17.957734   1.000000   0.625000
  0.015075   0.641277   0.360852  -0.008204   0.380902   5.557113   9.734435   1.000000   0.625000
  0.020101   0.641236   0.362766   0.019726   0.429828   9.119695   2.722282   1.000000   0.625000
  0.025126   0.641335   0.364926   0.065552   0.443507  10.856397  -2.215427   1.000000   0.625000
  0.030151   0.641664   0.367155   0.120106   0.432375  10.412864  -4.657455   1.000000   0.625000
  0.035176   0.642268   0.369328   0.172430   0.408971   8.199135  -4.179886   1.000000   0.625000
  0.040201   0.643134   0.371383   0.213631   0.387967   5.375024  -2.827594   1.000000   0.625000
  0.045226   0.644208   0.373332   0.240641   0.373758   2.886596  -2.129046   1.000000   0.625000
  0.050251   0.645417   0.375210   0.255146   0.363060   0.902524  -1.906611   1.000000   0.625000
  0.055276   0.646699   0.377035   0.259681   0.353479  -0.657113  -1.822775   1.000000   0.625000
  0.060302   0.648004   0.378811   0.256378   0.344318  -1.813953  -1.685700   1.000000   0.625000
  0.065327   0.649292   0.380542   0.247263   0.335847  -2.672457  -1.477814   1.000000   0.625000
  0.070352   0.650535   0.382229   0.233834   0.328421  -3.395464  -1.305787   1.000000   0.625000
  0.075377   0.651710   0.383880   0.216772   0.321860  -4.054782  -1.188493   1.000000   0.625000
  0.080402   0.652799   0.385497   0.196397   0.315887  -4.616486  -1.096591   1.000000   0.625000
  0.085427   0.653786   0.387084   0.173199   0.310377  -5.009423  -1.013483   1.000000   0.625000
  0.090452   0.654656   0.388644   0.148026   0.305284  -5.254289  -0.936292   1.000000   0.625000
  0.095477   0.655400   0.390178   0.121624   0.300579  -5.435469  -0.850978   1.000000   0.625000
  0.100503   0.656011   0.391689   0.094305   0.296302  -5.597003  -0.762411   1.000000   0.625000
  0.105528   0.656485   0.393178   0.066180   0.292471  -5.721634  -0.684589   1.000000   0.625000
  0.110553   0.656818   0.394647   0.037429   0.289031  -5.748817  -0.614300   1.000000   0.625000
  0.115578   0.657006   0.396100   0.008541   0.285944  -5.685469  -0.554303   1.000000   0.625000
  0.120603   0.657049   0.397536  -0.020029   0.283159  -5.600140  -0.514457   1.000000   0.625000
  0.125628   0.656948   0.398959  -0.048169   0.280574  -5.518208  -0.488418   1.000000   0.625000
  0.130653   0.656706   0.400369  -0.075898   0.278120  -5.419459  -0.436399   1.000000   0.625000
  0.135678   0.656325   0.401767  -0.103131   0.275927  -5.264457  -0.361421   1.000000   0.625000
  0.140704   0.655806   0.403154  -0.129590   0.274110  -5.068709  -0.302972   1.000000   0.625000
  0.145729   0.655155   0.404531  -0.155060   0.272588  -4.872111  -0.276346   1.000000   0.625000
  0.150754   0.654376   0.405901  -0.179543   0.271199  -4.678074  -0.273021   1.000000   0.625000
  0.155779   0.653474   0.407263  -0.203050   0.269827  -4.477943  -0.257478   1.000000   0.625000
  0.160804   0.652454   0.408619  -0.225552   0.268533  -4.272109  -0.204246   1.000000   0.625000
  0.165829   0.651320   0.409969  -0.247019   0.267507  -4.063074  -0.149921   1.000000   0.625000
  0.170854   0.650079   0.411313  -0.267436   0.266754  -3.846216  -0.118067   1.000000   0.625000
  0.175879   0.648735   0.412653  -0.286763   0.266160  -3.618963  -0.101818   1.000000   0.625000
  0.180905   0.647294   0.413991  -0.304952   0.265649  -3.393454  -0.086689   1.000000   0.625000
  0.185930   0.645761   0.415326  -0.322004   0.265213  -3.178329  -0.066746   1.000000   0.625000
  0.190955   0.644143   0.416659  -0.337975   0.264878  -2.968751  -0.047763   1.000000   0.625000
  0.195980   0.642445   0.417990  -0.352893   0.264638  -2.758418  -0.035503   1.000000   0.625000
  0.201005   0.640672   0.419320  -0.366754   0.264459  -2.551468  -0.026027   1.000000   0.625000
  0.206030   0.638829   0.420648  -0.379576   0.264328  -2.352661  -0.013675   1.000000   0.625000
  0.211055   0.636921   0.421977  -0.391398   0.264260  -2.160797  -0.001663   1.000000   0.625000
  0.216080   0.634955   0.423305  -0.402256   0.264251  -1.975139   0.004418   1.000000   0.625000
  0.221106   0.632933   0.424633  -0.412183   0.264274  -1.796288   0.007865   1.000000   0.625000
  0.226131   0.630862   0.425961  -0.421209   0.264313  -1.624273   0.017100   1.000000   0.625000
  0.231156   0.628745   0.427289  -0.429371   0.264399  -1.459829   0.031422   1.000000   0.625000
  0.236181   0.626588   0.428617  -0.436707   0.264557  -1.305759   0.041386   1.000000   0.625000
  0.241206   0.624393   0.429947  -0.443268   0.264765  -1.160830   0.044352   1.000000   0.625000
  0.246231   0.622166   0.431277  -0.449101   0.264988  -1.018701   0.044235   1.000000   0.625000
  0.251256   0.619909   0.432609  -0.454220   0.265210  -0.879273   0.048306   1.000000   0.625000
  0.256281   0.617626   0.433942  -0.458639   0.265453  -0.749320   0.056030   1.000000   0.625000
  0.261307   0.615321   0.435276  -0.462405   0.265734  -0.629868   0.061663   1.000000   0.625000
  0.266332   0.612998   0.436611  -0.465570   0.266044  -0.517955   0.063656   1.000000   0.625000
  0.271357   0.610658   0.437948  -0.468173   0.266364  -0.410940   0.064735   1.000000   0.625000
  0.276382   0.608306   0.439286  -0.470237   0.266689  -0.310131   0.067050   1.000000   0.625000
  0.281407   0.605943   0.440627  -0.471796   0.267026  -0.216468   0.069541   1.000000   0.625000
  0.286432   0.603572   0.441968  -0.472884   0.267376  -0.131492   0.071044   1.000000   0.625000
  0.291457   0.601196   0.443312  -0.473544   0.267733  -0.053968   0.071954   1.000000   0.625000
  0.296482   0.598816   0.444657  -0.473816   0.268094   0.017646   0.072645   1.000000   0.625000
  0.301508   0.596435   0.446005  -0.473727   0.268459   0.085282   0.072350   1.000000   0.625000
  0.306533   0.594054   0.447354  -0.473298   0.268823   0.132983   0.069807   1.000000   0.625000
  0.311558   0.591676   0.448705  -0.472630   0.269174   0.156832   0.063121   1.000000   0.625000
  0.316583   0.589301   0.450057  -0.471842   0.269491   0.176362   0.059065   1.000000   0.625000
  0.321608   0.586930   0.451411  -0.470956   0.269788   0.180468   0.064305   1.000000   0.625000
  0.326633   0.584563   0.452767  -0.470049   0.270111   0.120768   0.071172   1.000000   0.625000
  0.331658   0.582201   0.454124  -0.469442   0.270469  -0.062410   0.034784   1.000000   0.625000
  0.336683   0.579843   0.455483  -0.469756   0.270643  -0.379676  -0.049073   1.000000   0.625000
  0.341709   0.577482   0.456844  -0.471664   0.270397  -0.819946  -0.139026   1.000000   0.625000
  0.346734   0.575111   0.458202  -0.475784   0.269698  -1.396453  -0.246257   1.000000   0.625000
  0.351759   0.572721   0.459558  -0.482801   0.268461  -2.041046  -0.448630   1.000000   0.625000
  0.356784   0.570295   0.460907  -0.493058   0.266206  -2.669849  -0.811745   1.000000   0.625000
  0.361809   0.567817   0.462244  -0.506474   0.262127  -3.471203  -1.222033   1.000000   0.625000
  0.366834   0.565272   0.463562  -0.523916   0.255987  -5.039027  -1.561441   1.000000   0.625000
  0.371859   0.562639   0.464848  -0.549238   0.248140  -7.367202  -2.004042   1.000000   0.625000
  0.376884   0.559879   0.466095  -0.586258   0.238070  -9.770434  -3.050618   1.000000   0.625000
  0.381910   0.556933   0.467291  -0.635364   0.222738 -11.970169  -4.716940   1.000000   0.625000
  0.386935   0.553740   0.468411  -0.695514   0.199035 -14.246625  -6.407813   1.000000   0.625000
  0.391960   0.550245   0.469411  -0.767103   0.166836 -16.836060  -7.970722   1.000000   0.625000
  0.396985   0.546390   0.470249  -0.851705   0.126783 -19.510663  -9.831840   1.000000   0.625000
  0.402010   0.542111   0.470886  -0.949746   0.077378 -22.037096 -12.316966   1.000000   0.625000
  0.407035   0.537338   0.471275  -1.060482   0.015485 -24.099141 -15.011590   1.000000   0.625000
  0.412060   0.532009   0.471353  -1.181580  -0.059948 -25.161605 -17.529253   1.000000   0.625000
  0.417085   0.526072   0.471052  -1.308017  -0.148033 -24.719133 -19.807042   1.000000   0.625000
  0.422111   0.519498   0.470308  -1.432256  -0.247583 -22.821367 -21.980302   1.000000   0.625000
  0.427136   0.512301   0.469063  -1.546933  -0.358034 -19.710758 -23.978127   1.000000   0.625000
  0.432161   0.504527   0.467264  -1.645980  -0.478524 -15.214086 -25.003758   1.000000   0.625000
  0.437186   0.496256   0.464860  -1.722430  -0.604168  -9.207155 -24.215524   1.000000   0.625000
  0.442211   0.487601   0.461824  -1.768696  -0.725851  -1.800597 -22.467800   1.000000   0.625000
  0.447236   0.478713   0.458176  -1.777744  -0.838752   6.733610 -20.766292   1.000000   0.625000
  0.452261   0.469780   0.453962  -1.743908  -0.943102  16.017878 -18.141567   1.000000   0.625000
  0.457286   0.461017   0.449223  -1.663418  -1.034264  25.437504 -11.374214   1.000000   0.625000
  0.462312   0.452657   0.444024  -1.535569  -1.091430  34.437325  -1.468900   1.000000   0.625000
  0.467337   0.444940   0.438540  -1.362522  -1.098812  42.349123   7.987041   1.000000   0.625000
  0.472362   0.438094   0.433018  -1.149717  -1.058677  49.257092  16.615095   1.000000   0.625000
  0.477387   0.432316   0.427699  -0.902200  -0.975186  55.505338  25.149182   1.000000   0.625000
  0.482412   0.427783   0.422798  -0.623286  -0.848811  59.879204  33.862828   1.000000   0.625000
  0.487437   0.424651   0.418533  -0.322393  -0.678650  59.563874  42.100450   1.000000   0.625000
  0.492462   0.423031   0.415123  -0.023085  -0.467096  54.559273  48.627995   1.000000   0.625000
  0.497487   0.422915   0.412776   0.251076  -0.222740  47.917622  52.757442   1.000000   0.625000
  0.502513   0.424177   0.411656   0.491910   0.042419  40.786393  54.906436   1.000000   0.625000
  0.507538   0.426649   0.411869   0.696861   0.318324  32.758606  56.266680   1.000000   0.625000
  0.512563   0.430150   0.413469   0.861473   0.601064  23.678754  56.089155   1.000000   0.625000
  0.517588   0.434479   0.416489   0.980459   0.882912  14.196309  49.411766   1.000000   0.625000
  0.522613   0.439406   0.420926   1.051796   1.131206   4.883285  42.078287   1.000000   0.625000
  0.527638   0.444691   0.426610   1.076334   1.342649  -3.871797  31.134112   1.000000   0.625000
  0.532663   0.450100   0.433357   1.056878   1.499098 -11.704688  21.371225   1.000000   0.625000
  0.537688   0.455411   0.440890   0.998062   1.606489 -17.899040  12.458983   1.000000   0.625000
  0.542714   0.460427   0.448964   0.908102   1.669107 -21.990043   3.928330   1.000000   0.625000
  0.547739   0.464990   0.457351   0.797602   1.688847 -24.547260  -4.330577   1.000000   0.625000
  0.552764   0.468998   0.465838   0.674252   1.667086 -26.076358 -11.968841   1.000000   0.625000
  0.557789   0.472386   0.474215   0.543218   1.606943 -26.299237 -18.106614   1.000000   0.625000
  0.562814   0.475116   0.482290   0.411064   1.515957 -24.985197 -22.201111   1.000000   0.625000
  0.567839   0.477181   0.489907   0.285514   1.404396 -22.779751 -24.733658   1.000000   0.625000
  0.572864   0.478616   0.496965   0.171045   1.280110 -20.451846 -26.240535   1.000000   0.625000
  0.577889   0.479476   0.503397   0.068275   1.148251 -18.033797 -26.431773   1.000000   0.625000
  0.582915   0.479819   0.509168  -0.022363   1.015405 -15.265040 -25.079896   1.000000   0.625000
  0.587940   0.479706   0.514271  -0.099070   0.889379 -12.365061 -22.804145   1.000000   0.625000
  0.592965   0.479209   0.518740  -0.161204   0.774788  -9.798627 -20.307514   1.000000   0.625000
  0.597990   0.478399   0.522633  -0.210442   0.672742  -7.578290 -17.691621   1.000000   0.625000
  0.603015   0.477341   0.526014  -0.248523   0.583842  -5.608965 -15.000313   1.000000   0.625000
  0.608040   0.476092   0.528947  -0.276708   0.508465  -3.901613 -12.370089   1.000000   0.625000
  0.613065   0.474702   0.531502  -0.296314   0.446306  -2.807041  -9.933300   1.000000   0.625000
  0.618090   0.473213   0.533745  -0.310419   0.396391  -1.854747  -7.727866   1.000000   0.625000
  0.623116   0.471653   0.535737  -0.319741   0.357551  -1.296076  -5.808655   1.000000   0.625000
  0.628141   0.470046   0.537534  -0.326254   0.328362  -0.792466  -4.248401   1.000000   0.625000
  0.633166   0.468407   0.539184  -0.330236   0.307014  -0.344537  -3.080457   1.000000   0.625000
  0.638191   0.466747   0.540727  -0.331967   0.291535  -0.018345  -2.165861   1.000000   0.625000
  0.643216   0.465079   0.542192  -0.332060   0.280651   0.154132  -1.399410   1.000000   0.625000
  0.648241   0.463410   0.543602  -0.331285   0.273619   0.245393  -0.819351   1.000000   0.625000
  0.653266   0.461746   0.544977  -0.330052   0.269502   0.319496  -0.473710   1.000000   0.625000
  0.658291   0.460087   0.546331  -0.328446   0.267122   0.372265  -0.263609   1.000000   0.625000
  0.663317   0.458436   0.547674  -0.326575   0.265797   0.389065  -0.097814   1.000000   0.625000
  0.668342   0.456795   0.549009  -0.324620   0.265305   0.385131   0.025157   1.000000   0.625000
  0.673367   0.455164   0.550343  -0.322685   0.265432   0.375678   0.104109   1.000000   0.625000
  0.678392   0.453543   0.551676  -0.320797   0.265955   0.363686   0.155750   1.000000   0.625000
  0.683417   0.451931   0.553013  -0.318970   0.266737   0.346592   0.190684   1.000000   0.625000
  0.688442   0.450328   0.554353  -0.317228   0.267696   0.328713   0.196215   1.000000   0.625000
  0.693467   0.448734   0.555698  -0.315576   0.268682   0.317440   0.181482   1.000000   0.625000
  0.698492   0.447148   0.557048  -0.313981   0.269593   0.309362   0.168097   1.000000   0.625000
  0.703518   0.445570   0.558403  -0.312426   0.270438   0.295394   0.159491   1.000000   0.625000
  0.708543   0.444000   0.559762  -0.310942   0.271240   0.274682   0.152621   1.000000   0.625000
  0.713568   0.442437   0.561125  -0.309562   0.272007   0.255800   0.145083   1.000000   0.625000
  0.718593   0.440882   0.562492  -0.308276   0.272736   0.240978   0.137057   1.000000   0.625000
  0.723618   0.439333   0.563863  -0.307066   0.273424   0.228600   0.128343   1.000000   0.625000
  0.728643   0.437790   0.565237  -0.305917   0.274069   0.220477   0.119583   1.000000   0.625000
  0.733668   0.436253   0.566614  -0.304809   0.274670   0.218113   0.111478   1.000000   0.625000
  0.738693   0.434721   0.567994  -0.303713   0.275230   0.214494   0.103903   1.000000   0.625000
  0.743719   0.433194   0.569377  -0.302635   0.275753   0.201501   0.096746   1.000000   0.625000
  0.748744   0.431674   0.570763  -0.301622   0.276239   0.186140   0.090152   1.000000   0.625000
  0.753769   0.430158   0.572151  -0.300687   0.276692   0.175438   0.084488   1.000000   0.625000
  0.758794   0.428647   0.573542  -0.299805   0.277116   0.168551   0.079455   1.000000   0.625000
  0.763819   0.427141   0.574934  -0.298958   0.277516   0.162102   0.074592   1.000000   0.625000
  0.768844   0.425638   0.576329  -0.298144   0.277890   0.156266   0.069916   1.000000   0.625000
  0.773869   0.424140   0.577725  -0.297359   0.278242   0.149219   0.064893   1.000000   0.625000
  0.778894   0.422646   0.579123  -0.296609   0.278568   0.139985   0.058779   1.000000   0.625000
  0.783920   0.421155   0.580523  -0.295905   0.278863   0.130396   0.052598   1.000000   0.625000
  0.788945   0.419668   0.581925  -0.295250   0.279128   0.119946   0.049413   1.000000   0.625000
  0.793970   0.418185   0.583327  -0.294647   0.279376   0.121057   0.049093   1.000000   0.625000
  0.798995   0.416704   0.584731  -0.294039   0.279623   0.141492   0.046716   1.000000   0.625000
  0.804020   0.415226   0.586136  -0.293328   0.279857   0.157010   0.040129   1.000000   0.625000
  0.809045   0.413752   0.587542  -0.292539   0.280059   0.137868   0.031983   1.000000   0.625000
  0.814070   0.412282   0.588950  -0.291846   0.280220   0.105467   0.029651   1.000000   0.625000
  0.819095   0.410816   0.590358  -0.291316   0.280369   0.085342   0.032079   1.000000   0.625000
  0.824121   0.409352   0.591767  -0.290887   0.280530   0.072083   0.030844   1.000000   0.625000
  0.829146   0.407890   0.593177  -0.290525   0.280685   0.078688   0.024819   1.000000   0.625000
  0.834171   0.406430   0.594587  -0.290130   0.280810   0.133417   0.019400   1.000000   0.625000
  0.839196   0.404972   0.595998  -0.289459   0.280907   0.208557   0.019323   1.000000   0.625000
  0.844221   0.403518   0.597410  -0.288411   0.281004   0.189587   0.021374   1.000000   0.625000
  0.849246   0.402068   0.598822  -0.287459   0.281112   0.098237   0.022561   1.000000   0.625000
  0.854271   0.400624   0.600234  -0.286965   0.281225   0.054368   0.021228   1.000000   0.625000
  0.859296   0.399182   0.601647  -0.286692   0.281332   0.068559   0.015357   1.000000   0.625000
  0.864322   0.397741   0.603061  -0.286347   0.281409   0.083054   0.005000   1.000000   0.625000
  0.869347   0.396302   0.604475  -0.285930   0.281434   0.085931   0.000198   1.000000   0.625000
  0.874372   0.394865   0.605890  -0.285498   0.281435   0.095303   0.005346   1.000000   0.625000
  0.879397   0.393431   0.607304  -0.285019   0.281462   0.100398   0.007343   1.000000   0.625000
  0.884422   0.391999   0.608718  -0.284515   0.281499   0.088108   0.000480   1.000000   0.625000
  0.889447   0.390569   0.610133  -0.284072   0.281501   0.081293   0.000772   1.000000   0.625000
  0.894472   0.389141   0.611547  -0.283663   0.281505   0.070928   0.019482   1.000000   0.625000
  0.899497   0.387716   0.612962  -0.283307   0.281603   0.062521   0.035416   1.000000   0.625000
  0.904523   0.386292   0.614377  -0.282993   0.281781   0.051139   0.021416   1.000000   0.625000
  0.909548   0.384870   0.615793  -0.282736   0.281889   0.050106  -0.020919   1.000000   0.625000
  0.914573   0.383449   0.617210  -0.282484   0.281783   0.089288  -0.014999   1.000000   0.625000
  0.919598   0.382030   0.618626  -0.282035   0.281708   0.185917  -0.039631   1.000000   0.625000
  0.924623   0.380613   0.620041  -0.281101   0.281509   0.215401   0.003625   1.000000   0.625000
  0.929648   0.379200   0.621456  -0.280019   0.281527   0.143343   0.017360   1.000000   0.625000
  0.934673   0.377793   0.622870  -0.279298   0.281614   0.066941  -0.011421   1.000000   0.625000
  0.939698   0.376390   0.624286  -0.278962   0.281557   0.050119  -0.026593   1.000000   0.625000
  0.944724   0.374987   0.625701  -0.278710   0.281423   0.040332  -0.001363   1.000000   0.625000
  0.949749   0.373587   0.627115  -0.278507   0.281416   0.014779   0.022589   1.000000   0.625000
  0.954774   0.372187   0.628529  -0.278433   0.281530  -0.022609   0.026337   1.000000   0.625000
  0.959799   0.370788   0.629944  -0.278547   0.281662  -0.085066   0.029122   1.000000   0.625000
  0.964824   0.369389   0.631359  -0.278974   0.281809  -0.091998   0.021425   1.000000   0.625000
  0.969849   0.367987   0.632775  -0.279436   0.281916   0.083531   0.003997   1.000000   0.625000
  0.974874   0.366583   0.634192  -0.279017   0.281936   0.300028   0.011477   1.000000   0.625000
  0.979899   0.365181   0.635608  -0.277509   0.281994   0.168489   0.025777   1.000000   0.625000
  0.984925   0.363786   0.637026  -0.276662   0.282124  -0.172446   0.018703   1.000000   0.625000
  0.989950   0.362396   0.638443  -0.277529   0.282218  -0.245608   0.020768   1.000000   0.625000
  0.994975   0.361001   0.639862  -0.278763   0.282322  -0.123965   0.018302   1.000000   0.625000
  1.000000   0.359600   0.641280  -0.279386   0.282414   0.074088  -0.036493   1.000000   0.625000