      0.000000       0.000688       0.000000       0.000000       0.725000
      0.010000      -0.000513      -0.120090     -12.008985       0.725000
      0.020000       0.002126       0.263891      38.398070       0.725000
      0.030000       0.009445       0.731844      46.795301       0.725000
      0.040000       0.020992       1.154679      42.283504       0.725000
      0.050000       0.039712       1.872001      71.732188       0.725000
      0.060000       0.065190       2.547831      67.583062       0.725000
      0.070000       0.095665       3.047465      49.963324       0.725000
      0.080000       0.132898       3.723399      67.593418       0.725000
      0.090000       0.174362       4.146360      42.296070       0.725000
      0.100000       0.223908       4.954596      80.823600       0.725000
      0.110000       0.273931       5.002287       4.769177       0.725000
      0.120000       0.324493       5.056239       5.395152       0.725000
      0.130000       0.378124       5.363071      30.683170       0.725000
      0.140000       0.433390       5.526604      16.353313       0.725000
      0.150000       0.485049       5.165881     -36.072296       0.725000
      0.160000       0.532934       4.788529     -37.735155       0.725000
      0.170000       0.577304       4.436957     -35.157237       0.725000
      0.180000       0.618048       4.074401     -36.255597       0.725000
      0.190000       0.650695       3.264731     -80.966969       0.725000
      0.200000       0.676344       2.564930     -69.980139       0.725000
      0.210000       0.695544       1.919939     -64.499031       0.725000
      0.220000       0.709615       1.407148     -51.279134       0.725000
      0.230000       0.719254       0.963844     -44.330440       0.725000
      0.240000       0.725029       0.577522     -38.632169       0.725000
      0.250000       0.725267       0.023804     -55.371754       0.725000
      0.260000       0.725748       0.048106       2.430139       0.725000
      0.270000       0.726472       0.072405       2.429877       0.725000
      0.280000       0.727955       0.148252       7.584771       0.725000
      0.290000       0.731259       0.330403      18.215093       0.725000
      0.300000       0.740119       0.886087      55.568399       0.725000
      0.310000       0.749717       0.959757       7.366982       0.725000
      0.320000       0.760911       1.119374      15.961676       0.725000
      0.330000       0.773532       1.262126      14.275190       0.725000
      0.340000       0.788044       1.451184      18.905834       0.725000
      0.350000       0.806545       1.850106      39.892206       0.725000
      0.360000       0.825317       1.877169       2.706332       0.725000
      0.370000       0.844581       1.926412       4.924249       0.725000
      0.380000       0.863563       1.898212      -2.819962       0.725000
      0.390000       0.882796       1.923306       2.509403       0.725000
      0.400000       0.902470       1.967420       4.411327       0.725000
      0.410000       0.921291       1.882117      -8.530290       0.725000
      0.420000       0.939956       1.866434      -1.568288       0.725000
      0.430000       0.954520       1.456458     -40.997565       0.725000
      0.440000       0.966292       1.177156     -27.930230       0.725000
      0.450000       0.976117       0.982480     -19.467605       0.725000
      0.460000       0.984257       0.814061     -16.841922       0.725000
      0.470000       0.990733       0.647602     -16.645872       0.725000
      0.480000       0.995280       0.454718     -19.288406       0.725000
      0.490000       0.997906       0.262582     -19.213567       0.725000
      0.500000       1.000943       0.303728       4.114586       0.725000
      0.510000       1.002459       0.151551     -15.217668       0.725000
      0.520000       1.002000      -0.045888     -19.743936       0.725000
      0.530000       1.002058       0.005810       5.169756       0.725000
      0.540000       1.002007      -0.005141      -1.095033       0.725000
      0.550000       1.001355      -0.065204      -6.006286       0.725000
      0.560000       1.000300      -0.105477      -4.027359       0.725000
      0.570000       1.000024      -0.027556       7.792173       0.725000
      0.580000       1.000098       0.007365       3.492067       0.725000
      0.590000       1.000152       0.005403      -0.196209       0.725000
      0.600000       1.000323       0.017113       1.171042       0.725000
      0.610000       1.000938       0.061466       4.435287       0.725000
      0.620000       1.001192       0.025411      -3.605584       0.725000
      0.630000       1.000628      -0.056356      -8.176625       0.725000
      0.640000       0.999989      -0.063977      -0.762151       0.725000
      0.650000       1.000158       0.016890       8.086756       0.725000
      0.660000       1.000463       0.030505       1.361479       0.725000
      0.670000       1.000756       0.029307      -0.119765       0.725000
      0.680000       1.000193      -0.056291      -8.559838       0.725000
      0.690000       0.999875      -0.031763       2.452760       0.725000
      0.700000       0.999412      -0.046274      -1.451043       0.725000
      0.710000       0.999483       0.007069       5.334277       0.725000
      0.720000       0.999631       0.014812       0.774324       0.725000
      0.730000       0.999310      -0.032088      -4.690038       0.725000
      0.740000       0.998292      -0.101868      -6.977987       0.725000
      0.750000       0.997528      -0.076395       2.547348       0.725000
