      0.000000      -0.000094       0.000000       0.000000       0.425000
      0.010000      -0.003766      -0.367209     -36.720877       0.425000
      0.020000       0.000082       0.384774      75.198228       0.425000
      0.030000       0.005019       0.493662      10.888813       0.425000
      0.040000       0.012340       0.732155      23.849353       0.425000
      0.050000       0.023094       1.075433      34.327744       0.425000
      0.060000       0.038044       1.494930      41.949718       0.425000
      0.070000       0.056105       1.806152      31.122260       0.425000
      0.080000       0.079826       2.372099      56.594631       0.425000
      0.090000       0.104405       2.457885       8.578609       0.425000
      0.100000       0.131232       2.682693      22.480871       0.425000
      0.110000       0.160567       2.933450      25.075684       0.425000
      0.120000       0.191816       3.124951      19.150066       0.425000
      0.130000       0.223971       3.215502       9.055074       0.425000
      0.140000       0.256304       3.233270       1.776836       0.425000
      0.150000       0.286824       3.051996     -18.127368       0.425000
      0.160000       0.315559       2.873479     -17.851709       0.425000
      0.170000       0.339710       2.415130     -45.834939       0.425000
      0.180000       0.361584       2.187432     -22.769746       0.425000
      0.190000       0.380701       1.911709     -27.572371       0.425000
      0.200000       0.396982       1.628067     -28.364146       0.425000
      0.210000       0.407595       1.061301     -56.676641       0.425000
      0.220000       0.416167       0.857248     -20.405281       0.425000
      0.230000       0.421430       0.526302     -33.094613       0.425000
      0.240000       0.422526       0.109514     -41.678824       0.425000
      0.250000       0.422579       0.005393     -10.412054       0.425000
      0.260000       0.422987       0.040732       3.533893       0.425000
      0.270000       0.425622       0.263482      22.274987       0.425000
      0.280000       0.431372       0.575030      31.154758       0.425000
      0.290000       0.438658       0.728647      15.361730       0.425000
      0.300000       0.451624       1.296553      56.790650       0.425000
      0.310000       0.469138       1.751449      45.489606       0.425000
      0.320000       0.493353       2.421493      67.004371       0.425000
      0.330000       0.522312       2.895838      47.434463       0.425000
      0.340000       0.554650       3.233855      33.801755       0.425000
      0.350000       0.590191       3.554081      32.022547       0.425000
      0.360000       0.628544       3.835268      28.118758       0.425000
      0.370000       0.670114       4.157069      32.180084       0.425000
      0.380000       0.713734       4.361917      20.484770       0.425000
      0.390000       0.756668       4.293419      -6.849769       0.425000
      0.400000       0.796232       3.956385     -33.703467       0.425000
      0.410000       0.834276       3.804425     -15.195976       0.425000
      0.420000       0.869041       3.476553     -32.787173       0.425000
      0.430000       0.902232       3.319091     -15.746157       0.425000
      0.440000       0.930744       2.851161     -46.793024       0.425000
      0.450000       0.953057       2.231347     -61.981389       0.425000
      0.460000       0.970612       1.755478     -47.586894       0.425000
      0.470000       0.985324       1.471213     -28.426517       0.425000
      0.480000       0.994880       0.955601     -51.561265       0.425000
      0.490000       0.999890       0.500977     -45.462365       0.425000
      0.500000       1.002199       0.230847     -27.013042       0.425000
      0.510000       1.002658       0.045937     -18.491001       0.425000
      0.520000       1.003157       0.049872       0.393505       0.425000
      0.530000       1.002781      -0.037585      -8.745681       0.425000
      0.540000       1.002921       0.014026       5.161169       0.425000
      0.550000       1.003432       0.051094       3.706771       0.425000
      0.560000       1.003009      -0.042282      -9.337570       0.425000
      0.570000       1.002246      -0.076358      -3.407624       0.425000
      0.580000       1.001715      -0.053079       2.327884       0.425000
      0.590000       1.001403      -0.031197       2.188190       0.425000
      0.600000       1.001180      -0.022247       0.895038       0.425000
      0.610000       1.000998      -0.018218       0.402840       0.425000
      0.620000       1.000872      -0.012605       0.561323       0.425000
      0.630000       1.000900       0.002791       1.539564       0.425000
      0.640000       1.000504      -0.039578      -4.236857       0.425000
      0.650000       1.000249      -0.025483       1.409456       0.425000
      0.660000       0.999901      -0.034817      -0.933327       0.425000
      0.670000       0.999884      -0.001725       3.309141       0.425000
      0.680000       1.000461       0.057732       5.945715       0.425000
      0.690000       1.000492       0.003020      -5.471226       0.425000
      0.700000       0.999720      -0.077166      -8.018577       0.425000
      0.710000       0.999486      -0.023379       5.378723       0.425000
      0.720000       0.999195      -0.029085      -0.570622       0.425000
      0.730000       0.999611       0.041596       7.068164       0.425000
      0.740000       1.000585       0.097343       5.574608       0.425000
      0.750000       1.001893       0.130856       3.351344       0.425000
