      0.000000       0.001054       0.000000       0.000000       0.275000
      0.010000      -0.000303      -0.135656     -13.565594       0.275000
      0.020000       0.000643       0.094640      23.029610       0.275000
      0.030000       0.004241       0.359791      26.515073       0.275000
      0.040000       0.009718       0.547701      18.790968       0.275000
      0.050000       0.015926       0.620802       7.310117       0.275000
      0.060000       0.025565       0.963826      34.302464       0.275000
      0.070000       0.035726       1.016152       5.232560       0.275000
      0.080000       0.050480       1.475350      45.919783       0.275000
      0.090000       0.066811       1.633150      15.780054       0.275000
      0.100000       0.084454       1.764331      13.118037       0.275000
      0.110000       0.102929       1.847469       8.313842       0.275000
      0.120000       0.122057       1.912767       6.529788       0.275000
      0.130000       0.141487       1.943010       3.024300       0.275000
      0.140000       0.163090       2.160271      21.726078       0.275000
      0.150000       0.181782       1.869250     -29.102104       0.275000
      0.160000       0.198924       1.714186     -15.506344       0.275000
      0.170000       0.215659       1.673546      -4.064024       0.275000
      0.180000       0.231456       1.579648      -9.389818       0.275000
      0.190000       0.244764       1.330774     -24.887402       0.275000
      0.200000       0.255725       1.096126     -23.464798       0.275000
      0.210000       0.264443       0.871814     -22.431231       0.275000
      0.220000       0.270905       0.646211     -22.560235       0.275000
      0.230000       0.271720       0.081528     -56.468370       0.275000
      0.240000       0.271040      -0.068075     -14.960284       0.275000
      0.250000       0.271149       0.010961       7.903623       0.275000
      0.260000       0.272842       0.169259      15.829836       0.275000
      0.270000       0.276045       0.320278      15.101871       0.275000
      0.280000       0.280743       0.469884      14.960650       0.275000
      0.290000       0.289709       0.896529      42.664463       0.275000
      0.300000       0.306770       1.706134      80.960473       0.275000
      0.310000       0.328748       2.197753      49.161963       0.275000
      0.320000       0.356552       2.780423      58.266933       0.275000
      0.330000       0.394412       3.785988     100.556546       0.275000
      0.340000       0.437269       4.285743      49.975477       0.275000
      0.350000       0.484403       4.713424      42.768051       0.275000
      0.360000       0.534774       5.037025      32.360095       0.275000
      0.370000       0.586737       5.196301      15.927655       0.275000
      0.380000       0.640240       5.350362      15.406118       0.275000
      0.390000       0.694395       5.415480       6.511727       0.275000
      0.400000       0.747163       5.276821     -13.865821       0.275000
      0.410000       0.797014       4.985056     -29.176565       0.275000
      0.420000       0.840890       4.387591     -59.746510       0.275000
      0.430000       0.879700       3.881059     -50.653187       0.275000
      0.440000       0.914265       3.456435     -42.462374       0.275000
      0.450000       0.945902       3.163694     -29.274136       0.275000
      0.460000       0.969035       2.313381     -85.031273       0.275000
      0.470000       0.987066       1.803085     -51.029605       0.275000
      0.480000       0.996933       0.986632     -81.645290       0.275000
      0.490000       1.001701       0.476871     -50.976051       0.275000
      0.500000       1.001845       0.014394     -46.247705       0.275000
      0.510000       1.000897      -0.094829     -10.922385       0.275000
      0.520000       0.999978      -0.091919       0.291079       0.275000
      0.530000       0.997856      -0.212169     -12.025029       0.275000
      0.540000       0.996880      -0.097570      11.459945       0.275000
      0.550000       0.996487      -0.039366       5.820320       0.275000
      0.560000       0.997179       0.069224      10.858996       0.275000
      0.570000       0.998202       0.102308       3.308475       0.275000
      0.580000       0.998641       0.043924      -5.838405       0.275000
      0.590000       0.998711       0.006955      -3.696938       0.275000
      0.600000       0.998435      -0.027609      -3.456349       0.275000
      0.610000       0.997691      -0.074337      -4.672879       0.275000
      0.620000       0.997220      -0.047137       2.720012       0.275000
      0.630000       0.997672       0.045179       9.231655       0.275000
      0.640000       0.997908       0.023599      -2.158021       0.275000
      0.650000       0.997926       0.001839      -2.175977       0.275000
      0.660000       0.998079       0.015282       1.344263       0.275000
      0.670000       0.998352       0.027300       1.201821       0.275000
      0.680000       0.998930       0.057760       3.045945       0.275000
      0.690000       0.998395      -0.053468     -11.122790       0.275000
      0.700000       0.997183      -0.121160      -6.769140       0.275000
      0.710000       0.997170      -0.001291      11.986889       0.275000
      0.720000       0.997586       0.041566       4.285633       0.275000
      0.730000       0.998198       0.061209       1.964362       0.275000
      0.740000       0.999085       0.088695       2.748545       0.275000
      0.750000       1.000455       0.136960       4.826541       0.275000
