   0.000000    0.000000    0.000000    0.000000    0.000000   72.779050   72.779048    0.235294
   0.005025    0.000000    0.000000    0.365715    0.365715   65.317970   65.317968    0.235294
   0.010050    0.001838    0.001838    0.693938    0.693938   50.549162   50.549161    0.235294
   0.015075    0.005325    0.005325    0.947947    0.947947   29.999375   29.999374    0.235294
   0.020101    0.010089    0.010089    1.098724    1.098724   12.045005   12.045005    0.235294
   0.025126    0.015610    0.015610    1.159250    1.159250   -0.927208   -0.927207    0.235294
   0.030151    0.021435    0.021435    1.154591    1.154591   -7.179804   -7.179803    0.235294
   0.035176    0.027237    0.027237    1.118512    1.118512   -5.810881   -5.810880    0.235294
   0.040201    0.032858    0.032858    1.089313    1.089313   -2.751440   -2.751439    0.235294
   0.045226    0.038332    0.038332    1.075487    1.075487   -1.360957   -1.360956    0.235294
   0.050251    0.043736    0.043736    1.068648    1.068648   -1.028786   -1.028786    0.235294
   0.055276    0.049106    0.049106    1.063478    1.063478   -0.743072   -0.743071    0.235294
   0.060302    0.054451    0.054451    1.059744    1.059744   -0.496869   -0.496869    0.235294
   0.065327    0.059776    0.059776    1.057247    1.057247   -0.538419   -0.538418    0.235294
   0.070352    0.065089    0.065089    1.054541    1.054541   -0.680240   -0.680240    0.235294
   0.075377    0.070388    0.070388    1.051123    1.051123   -0.578777   -0.578776    0.235294
   0.080402    0.075670    0.075670    1.048215    1.048215   -0.406587   -0.406586    0.235294
   0.085427    0.080937    0.080937    1.046172    1.046172   -0.427445   -0.427444    0.235294
   0.090452    0.086194    0.086194    1.044024    1.044024   -0.535465   -0.535465    0.235294
   0.095477    0.091440    0.091440    1.041333    1.041333   -0.470913   -0.470913    0.235294
   0.100503    0.096674    0.096674    1.038966    1.038966   -0.337463   -0.337463    0.235294
   0.105528    0.101895    0.101895    1.037270    1.037270   -0.342028   -0.342027    0.235294
   0.110553    0.107107    0.107107    1.035552    1.035552   -0.422292   -0.422292    0.235294
   0.115578    0.112311    0.112311    1.033430    1.033430   -0.382299   -0.382299    0.235294
   0.120603    0.117504    0.117504    1.031509    1.031509   -0.279660   -0.279660    0.235294
   0.125628    0.122687    0.122687    1.030103    1.030103   -0.274716   -0.274716    0.235294
   0.130653    0.127863    0.127863    1.028723    1.028723   -0.333541   -0.333541    0.235294
   0.135678    0.133033    0.133033    1.027047    1.027047   -0.309764   -0.309764    0.235294
   0.140704    0.138195    0.138195    1.025490    1.025490   -0.231336   -0.231336    0.235294
   0.145729    0.143348    0.143348    1.024327    1.024328   -0.221379   -0.221379    0.235294
   0.150754    0.148495    0.148495    1.023215    1.023215   -0.263887   -0.263887    0.235294
   0.155779    0.153637    0.153637    1.021889    1.021889   -0.250563   -0.250563    0.235294
   0.160804    0.158772    0.158772    1.020630    1.020630   -0.191048   -0.191048    0.235294
   0.165829    0.163900    0.163900    1.019670    1.019670   -0.178908   -0.178908    0.235294
   0.170854    0.169024    0.169024    1.018771    1.018771   -0.209160   -0.209160    0.235294
   0.175879    0.174143    0.174143    1.017720    1.017720   -0.202398   -0.202398    0.235294
   0.180905    0.179258    0.179258    1.016703    1.016703   -0.157495   -0.157495    0.235294
   0.185930    0.184367    0.184367    1.015911    1.015911   -0.144929   -0.144929    0.235294
   0.190955    0.189472    0.189472    1.015183    1.015183   -0.166103   -0.166104    0.235294
   0.195980    0.194574    0.194574    1.014348    1.014348   -0.163297   -0.163298    0.235294
   0.201005    0.199671    0.199671    1.013528    1.013528   -0.129629   -0.129630    0.235294
   0.206030    0.204764    0.204764    1.012876    1.012876   -0.117640   -0.117641    0.235294
   0.211055    0.209853    0.209853    1.012285    1.012285   -0.132170   -0.132175    0.235294
   0.216080    0.214940    0.214940    1.011621    1.011621   -0.131631   -0.131639    0.235294
   0.221106    0.220025    0.220025    1.010959    1.010959   -0.106516   -0.106528    0.235294
   0.226131    0.225105    0.225105    1.010424    1.010424   -0.095638   -0.095660    0.235294
   0.231156    0.230182    0.230182    1.009944    1.009943   -0.105377   -0.105425    0.235294
   0.236181    0.235257    0.235257    1.009414    1.009414   -0.106020   -0.106107    0.235294
   0.241206    0.240329    0.240329    1.008881    1.008880   -0.087388   -0.087511    0.235294
   0.246231    0.245399    0.245399    1.008442    1.008441   -0.077835   -0.078038    0.235294
   0.251256    0.250466    0.250466    1.008051    1.008049   -0.084144   -0.084575    0.235294
   0.256281    0.255532    0.255532    1.007628    1.007624   -0.085280   -0.086054    0.235294
   0.261307    0.260596    0.260596    1.007200    1.007191   -0.071494   -0.072532    0.235294
   0.266332    0.265657    0.265657    1.006840    1.006827   -0.063253   -0.064825    0.235294
   0.271357    0.270717    0.270717    1.006523    1.006501   -0.067000   -0.070183    0.235294
   0.276382    0.275774    0.275774    1.006186    1.006148   -0.067993   -0.073617    0.235294
   0.281407    0.280831    0.280830    1.005844    1.005778   -0.057648   -0.064783    0.235294
   0.286432    0.285885    0.285884    1.005555    1.005453   -0.050338   -0.060043    0.235294
   0.291457    0.290938    0.290937    1.005302    1.005151   -0.051260   -0.069806    0.235294
   0.296482    0.295989    0.295987    1.005044    1.004800   -0.050293   -0.082235    0.235294
   0.301508    0.301041    0.301038    1.004791    1.004387   -0.041538   -0.078953    0.235294
   0.306533    0.306090    0.306085    1.004583    1.003990   -0.033851   -0.077879    0.235294
   0.311558    0.311138    0.311130    1.004412    1.003599   -0.027791   -0.106123    0.235294
   0.316583    0.316185    0.316173    1.004273    1.003066   -0.017242   -0.145807    0.235294
   0.321608    0.321232    0.321213    1.004186    1.002333   -0.007178   -0.133335    0.235294
   0.326633    0.326278    0.326250    1.004150    1.001663    0.001370   -0.104758    0.235294
   0.331658    0.331323    0.331283    1.004157    1.001136    0.026739   -0.146197    0.235294
   0.336683    0.336369    0.336314    1.004291    1.000402    0.066176   -0.181988    0.235294
   0.341709    0.341417    0.341342    1.004624    0.999487    0.065468    0.025974    0.235294
   0.346734    0.346465    0.346364    1.004953    0.999618    0.041870    0.353150    0.235294
   0.351759    0.351515    0.351387    1.005163    1.001392    0.077489    0.566102    0.235294
   0.356784    0.356566    0.356419    1.005553    1.004237    0.117254    1.056941    0.235294
   0.361809    0.361619    0.361466    1.006142    1.009548   -0.077373    2.569820    0.235294
   0.366834    0.366675    0.366539    1.005753    1.022461   -0.413402    4.529174    0.235294
   0.371859    0.371729    0.371677    1.003676    1.045220   -0.643931    6.377987    0.235294
   0.376884    0.376772    0.376929    1.000440    1.077270   -1.116515    9.639041    0.235294
   0.381910    0.381800    0.382343    0.994828    1.125716   -2.616369   16.217071    0.235294
   0.386935    0.386799    0.388000    0.981681    1.207206   -4.635090   23.860081    0.235294
   0.391960    0.391732    0.394066    0.958390    1.327103   -6.533599   31.050535    0.235294
   0.396985    0.396548    0.400735    0.925558    1.483132   -9.723954   41.197372    0.235294
   0.402010    0.401199    0.408188    0.876696    1.690149  -16.283933   57.856191    0.235294
   0.407035    0.405605    0.416681    0.794869    1.980876  -24.121708   76.123340    0.235294
   0.412060    0.409599    0.426634    0.673657    2.363396  -31.450872   92.303368    0.235294
   0.417085    0.412984    0.438510    0.515617    2.827221  -41.423300  107.650611    0.235294
   0.422111    0.415575    0.452720    0.307423    3.368273  -57.952965  122.863511    0.235294
   0.427136    0.417120    0.469646    0.016209    3.985662  -76.485179  136.867392    0.235294
   0.432161    0.417202    0.489674   -0.368129    4.673420  -92.931496  148.642419    0.235294
   0.437186    0.415352    0.513158   -0.835109    5.420349 -108.259805  147.419198    0.235294
   0.442211    0.411155    0.540395   -1.379115    6.161130 -123.113866  115.315819    0.235294
   0.447236    0.404225    0.571354   -1.997762    6.740592 -136.632012   67.486191    0.235294
   0.452261    0.394187    0.605226   -2.684338    7.079710 -148.185611   25.643792    0.235294
   0.457286    0.380698    0.640802   -3.428971    7.208570 -147.722981  -19.105681    0.235294
   0.462312    0.363464    0.677032   -4.171426    7.112545 -116.142007  -93.786491    0.235294
   0.467337    0.342502    0.712772   -4.755040    6.641268  -66.626766 -190.734083    0.235294
   0.472362    0.318608    0.746145   -5.089839    5.682829  -22.719709 -283.691232    0.235294
   0.477387    0.293032    0.774701   -5.204006    4.257281   22.096972 -352.166739    0.235294
   0.482412    0.266882    0.796094   -5.092969    2.487643   94.516316 -362.772050    0.235294
   0.487437    0.241290    0.808594   -4.618024    0.664713  190.191619 -329.402722    0.235294
   0.492462    0.218084    0.811934   -3.662311   -0.990535  283.241441 -295.643328    0.235294
   0.497487    0.199681    0.806957   -2.239023   -2.476143  353.519938 -264.631025    0.235294
   0.502513    0.188427    0.794512   -0.462232   -3.806179  366.263226 -206.790452    0.235294
   0.507538    0.186105    0.775386    1.378241   -4.845301  331.024795 -118.357037    0.235294
   0.512563    0.193030    0.751038    3.041640   -5.440045  293.519981  -26.934591    0.235294
   0.517588    0.208315    0.723702    4.516578   -5.575391  260.442498   52.641028    0.235294
   0.522613    0.231010    0.695686    5.825302   -5.310870  204.115024  103.540331    0.235294
   0.527638    0.260283    0.668998    6.850980   -4.790580  117.571123  124.550843    0.235294
   0.532663    0.294709    0.644926    7.441775   -4.164712   26.893927  137.268638    0.235294
   0.537688    0.332104    0.623998    7.576917   -3.474937  -52.955700  148.927300    0.235294
   0.542714    0.370185    0.606533    7.310761   -2.726428 -105.118053  149.000315    0.235294
   0.547739    0.406922    0.592833    6.782543   -1.977702 -126.117006  132.821947    0.235294
   0.552764    0.441004    0.582895    6.148805   -1.310271 -137.581413  112.133972    0.235294
   0.557789    0.471902    0.576311    5.457459   -0.746798 -148.241051   92.732983    0.235294
   0.562814    0.499326    0.572558    4.712547   -0.280815 -148.532028   74.796424    0.235294
   0.567839    0.523006    0.571147    3.966174    0.095037 -132.738162   58.838726    0.235294
   0.572864    0.542936    0.571624    3.299165    0.390702 -111.957874   44.802314    0.235294
   0.577889    0.559515    0.573588    2.736576    0.615833  -92.381073   32.051897    0.235294
   0.582915    0.573269    0.576683    2.272269    0.776926  -74.356347   21.661495    0.235294
   0.587940    0.584687    0.580587    1.898628    0.885775  -58.436267   14.963448    0.235294
   0.592965    0.594227    0.585038    1.604986    0.960967  -44.537694   10.273044    0.235294
   0.597990    0.602292    0.589867    1.381184    1.012589  -31.924623    6.213927    0.235294
   0.603015    0.609233    0.594955    1.220763    1.043814  -21.528174    3.172637    0.235294
   0.608040    0.615367    0.600200    1.112584    1.059756  -14.791034    1.620198    0.235294
   0.613065    0.620958    0.605526    1.038259    1.067898  -10.164665    0.719150    0.235294
   0.618090    0.626175    0.610892    0.987182    1.071511   -6.183803   -0.049475    0.235294
   0.623116    0.631137    0.616277    0.956102    1.071263   -3.147452   -0.527607    0.235294
   0.628141    0.635941    0.621660    0.940286    1.068611   -1.580239   -0.636235    0.235294
   0.633166    0.640666    0.627030    0.932345    1.065414   -0.700403   -0.664827    0.235294
   0.638191    0.645351    0.632384    0.928826    1.062074    0.047188   -0.715497    0.235294
   0.643216    0.650018    0.637721    0.929063    1.058478    0.527986   -0.711478    0.235294
   0.648241    0.654687    0.643040    0.931716    1.054903    0.640602   -0.641412    0.235294
   0.653266    0.659369    0.648340    0.934935    1.051680    0.662543   -0.585027    0.235294
   0.658291    0.664067    0.653625    0.938264    1.048740    0.709417   -0.552749    0.235294
   0.663317    0.668783    0.658896    0.941830    1.045962    0.708457   -0.516434    0.235294
   0.668342    0.673515    0.664152    0.945390    1.043367    0.639653   -0.472161    0.235294
   0.673367    0.678266    0.669395    0.948604    1.040994    0.581401   -0.437081    0.235294
   0.678392    0.683033    0.674626    0.951526    1.038798    0.548754   -0.410959    0.235294
   0.683417    0.687814    0.679846    0.954283    1.036733    0.513852   -0.386494    0.235294
   0.688442    0.692609    0.685055    0.956865    1.034791    0.469975   -0.362296    0.235294
   0.693467    0.697418    0.690255    0.959227    1.032970    0.434400   -0.341149    0.235294
   0.698492    0.702238    0.695446    0.961410    1.031256    0.408296   -0.322711    0.235294
   0.703518    0.707070    0.700629    0.963462    1.029634    0.384322   -0.305442    0.235294
   0.708543    0.711911    0.705803    0.965393    1.028099    0.360497   -0.288787    0.235294
   0.713568    0.716762    0.710969    0.967204    1.026648    0.339383   -0.273382    0.235294
   0.718593    0.721622    0.716128    0.968910    1.025274    0.320575   -0.259520    0.235294
   0.723618    0.726491    0.721280    0.970521    1.023970    0.303070   -0.246460    0.235294
   0.728643    0.731368    0.726426    0.972044    1.022732    0.287377   -0.233055    0.235294
   0.733668    0.736253    0.731565    0.973488    1.021561    0.272766   -0.220375    0.235294
   0.738693    0.741144    0.736698    0.974858    1.020453    0.257691   -0.209879    0.235294
   0.743719    0.746044    0.741827    0.976154    1.019398    0.243075   -0.200322    0.235294
   0.748744    0.750949    0.746949    0.977375    1.018392    0.231763   -0.188710    0.235294
   0.753769    0.755860    0.752067    0.978540    1.017444    0.221508   -0.177259    0.235294
   0.758794    0.760778    0.757179    0.979653    1.016553    0.208488   -0.169730    0.235294
   0.763819    0.765700    0.762288    0.980700    1.015700    0.194815   -0.163924    0.235294
   0.768844    0.770628    0.767392    0.981679    1.014876    0.187005   -0.153258    0.235294
   0.773869    0.775561    0.772491    0.982619    1.014106    0.181201   -0.141540    0.235294
   0.778894    0.780499    0.777587    0.983529    1.013395    0.169306   -0.136820    0.235294
   0.783920    0.785442    0.782680    0.984380    1.012707    0.154670   -0.135693    0.235294
   0.788945    0.790389    0.787769    0.985158    1.012025    0.150097   -0.125318    0.235294
   0.793970    0.795339    0.792855    0.985912    1.011396    0.149903   -0.111334    0.235294
   0.798995    0.800293    0.797937    0.986665    1.010836    0.138484   -0.109304    0.235294
   0.804020    0.805251    0.803016    0.987361    1.010287    0.120438   -0.114592    0.235294
   0.809045    0.810213    0.808093    0.987966    1.009711    0.118827   -0.104104    0.235294
   0.814070    0.815177    0.813167    0.988563    1.009188    0.126396   -0.085056    0.235294
   0.819095    0.820145    0.818238    0.989198    1.008761    0.115128   -0.085437    0.235294
   0.824121    0.825117    0.823308    0.989777    1.008331    0.090399   -0.099837    0.235294
   0.829146    0.830090    0.828375    0.990231    1.007829    0.091133   -0.089307    0.235294
   0.834171    0.835066    0.833439    0.990689    1.007381    0.109739   -0.061411    0.235294
   0.839196    0.840044    0.838501    0.991241    1.007072    0.098835   -0.063504    0.235294
   0.844221    0.845025    0.843562    0.991737    1.006753    0.063296   -0.090687    0.235294
   0.849246    0.850009    0.848621    0.992055    1.006297    0.065041   -0.081019    0.235294
   0.854271    0.854994    0.853678    0.992382    1.005890    0.099042   -0.039500    0.235294
   0.859296    0.859981    0.858732    0.992880    1.005692    0.089584   -0.041826    0.235294
   0.864322    0.864971    0.863787    0.993330    1.005481    0.038428   -0.086210    0.235294
   0.869347    0.869962    0.868839    0.993523    1.005048    0.038719   -0.079492    0.235294
   0.874372    0.874955    0.873890    0.993718    1.004649    0.093134   -0.018983    0.235294
   0.879397    0.879948    0.878938    0.994186    1.004553    0.087350   -0.018989    0.235294
   0.884422    0.884944    0.883986    0.994625    1.004458    0.015824   -0.085040    0.235294
   0.889447    0.889942    0.889033    0.994704    1.004031    0.010853   -0.084821    0.235294
   0.894472    0.894940    0.894079    0.994759    1.003604    0.090582   -0.000169    0.235294
   0.899497    0.899939    0.899122    0.995214    1.003604    0.092031    0.005954    0.235294
   0.904523    0.904941    0.904166    0.995677    1.003634   -0.003754   -0.085393    0.235294
   0.909548    0.909944    0.909209    0.995658    1.003204   -0.019121   -0.096548    0.235294
   0.914573    0.914947    0.914250    0.995562    1.002719    0.089487    0.016054    0.235294
   0.919598    0.919950    0.919289    0.996011    1.002800    0.102774    0.033127    0.235294
   0.924623    0.924955    0.924328    0.996528    1.002966   -0.019162   -0.085224    0.235294
   0.929648    0.929963    0.929368    0.996431    1.002538   -0.050861   -0.113525    0.235294
   0.934673    0.934970    0.934406    0.996176    1.001968    0.087985    0.028545    0.235294
   0.939698    0.939976    0.939440    0.996618    1.002111    0.118379    0.062002    0.235294
   0.944724    0.944985    0.944477    0.997213    1.002423   -0.029249   -0.082718    0.235294
   0.949749    0.949996    0.949514    0.997066    1.002007   -0.082902   -0.133609    0.235294
   0.954774    0.955006    0.954549    0.996649    1.001336    0.086419    0.038330    0.235294
   0.959799    0.960014    0.959581    0.997084    1.001528    0.143269    0.097659    0.235294
   0.964824    0.965024    0.964614    0.997804    1.002019   -0.019184   -0.062447    0.235294
   0.969849    0.970038    0.969649    0.997707    1.001705   -0.091649   -0.132689    0.235294
   0.974874    0.975052    0.974682    0.997247    1.001038    0.114268    0.075339    0.235294
   0.979899    0.980063    0.979713    0.997821    1.001417    0.237588    0.200665    0.235294
   0.984925    0.985078    0.984746    0.999015    1.002426    0.130894    0.095877    0.235294
   0.989950    0.990098    0.989783    0.999673    1.002907    0.008179   -0.025026    0.235294
   0.994975    0.995121    0.994823    0.999714    1.002782   -0.024647   -0.056133    0.235294
   1.000000    1.000145    0.999862    0.999590    1.002500   -0.198439   -0.228295    0.235294