   0.000000    0.000000    0.000000    0.000000    0.000000   72.779050   72.779048    0.647059
   0.005025    0.000000    0.000000    0.365715    0.365715   65.317970   65.317968    0.647059
   0.010050    0.001838    0.001838    0.693938    0.693938   50.549162   50.549161    0.647059
   0.015075    0.005325    0.005325    0.947947    0.947947   29.999375   29.999374    0.647059
   0.020101    0.010089    0.010089    1.098724    1.098724   12.045005   12.045005    0.647059
   0.025126    0.015610    0.015610    1.159250    1.159250   -0.927208   -0.927207    0.647059
   0.030151    0.021435    0.021435    1.154591    1.154591   -7.179804   -7.179803    0.647059
   0.035176    0.027237    0.027237    1.118512    1.118512   -5.810881   -5.810880    0.647059
   0.040201    0.032858    0.032858    1.089313    1.089313   -2.751440   -2.751439    0.647059
   0.045226    0.038332    0.038332    1.075487    1.075487   -1.360957   -1.360956    0.647059
   0.050251    0.043736    0.043736    1.068648    1.068648   -1.028786   -1.028786    0.647059
   0.055276    0.049106    0.049106    1.063478    1.063478   -0.743072   -0.743071    0.647059
   0.060302    0.054451    0.054451    1.059744    1.059744   -0.496869   -0.496869    0.647059
   0.065327    0.059776    0.059776    1.057247    1.057247   -0.538419   -0.538418    0.647059
   0.070352    0.065089    0.065089    1.054541    1.054541   -0.680240   -0.680240    0.647059
   0.075377    0.070388    0.070388    1.051123    1.051123   -0.578777   -0.578776    0.647059
   0.080402    0.075670    0.075670    1.048215    1.048215   -0.406587   -0.406586    0.647059
   0.085427    0.080937    0.080937    1.046172    1.046172   -0.427445   -0.427444    0.647059
   0.090452    0.086194    0.086194    1.044024    1.044024   -0.535465   -0.535465    0.647059
   0.095477    0.091440    0.091440    1.041333    1.041333   -0.470913   -0.470913    0.647059
   0.100503    0.096674    0.096674    1.038966    1.038966   -0.337463   -0.337463    0.647059
   0.105528    0.101895    0.101895    1.037270    1.037270   -0.342028   -0.342027    0.647059
   0.110553    0.107107    0.107107    1.035552    1.035552   -0.422292   -0.422292    0.647059
   0.115578    0.112311    0.112311    1.033430    1.033430   -0.382299   -0.382299    0.647059
   0.120603    0.117504    0.117504    1.031509    1.031509   -0.279660   -0.279660    0.647059
   0.125628    0.122687    0.122687    1.030103    1.030103   -0.274716   -0.274716    0.647059
   0.130653    0.127863    0.127863    1.028723    1.028723   -0.333541   -0.333541    0.647059
   0.135678    0.133033    0.133033    1.027047    1.027047   -0.309764   -0.309764    0.647059
   0.140704    0.138195    0.138195    1.025490    1.025490   -0.231336   -0.231336    0.647059
   0.145729    0.143348    0.143348    1.024327    1.024328   -0.221379   -0.221379    0.647059
   0.150754    0.148495    0.148495    1.023215    1.023215   -0.263887   -0.263888    0.647059
   0.155779    0.153637    0.153637    1.021889    1.021889   -0.250563   -0.250563    0.647059
   0.160804    0.158772    0.158772    1.020630    1.020630   -0.191048   -0.191049    0.647059
   0.165829    0.163900    0.163900    1.019670    1.019670   -0.178908   -0.178909    0.647059
   0.170854    0.169024    0.169024    1.018771    1.018771   -0.209160   -0.209164    0.647059
   0.175879    0.174143    0.174143    1.017720    1.017720   -0.202397   -0.202403    0.647059
   0.180905    0.179258    0.179258    1.016703    1.016703   -0.157494   -0.157501    0.647059
   0.185930    0.184367    0.184367    1.015911    1.015911   -0.144928   -0.144941    0.647059
   0.190955    0.189472    0.189472    1.015183    1.015183   -0.166100   -0.166131    0.647059
   0.195980    0.194574    0.194574    1.014348    1.014348   -0.163292   -0.163337    0.647059
   0.201005    0.199671    0.199671    1.013528    1.013527   -0.129623   -0.129673    0.647059
   0.206030    0.204764    0.204764    1.012876    1.012876   -0.117628   -0.117720    0.647059
   0.211055    0.209853    0.209853    1.012285    1.012284   -0.132144   -0.132358    0.647059
   0.216080    0.214940    0.214940    1.011621    1.011619   -0.131591   -0.131901    0.647059
   0.221106    0.220025    0.220025    1.010960    1.010956   -0.106472   -0.106762    0.647059
   0.226131    0.225105    0.225105    1.010425    1.010420   -0.095560   -0.096039    0.647059
   0.231156    0.230182    0.230182    1.009945    1.009937   -0.105193   -0.106383    0.647059
   0.236181    0.235257    0.235257    1.009416    1.009402   -0.105748   -0.107435    0.647059
   0.241206    0.240329    0.240329    1.008885    1.008863   -0.087147   -0.088284    0.647059
   0.246231    0.245399    0.245399    1.008447    1.008419   -0.077471   -0.078936    0.647059
   0.251256    0.250466    0.250466    1.008058    1.008022   -0.083209   -0.087831    0.647059
   0.256281    0.255532    0.255531    1.007639    1.007581   -0.083919   -0.090285    0.647059
   0.261307    0.260596    0.260595    1.007218    1.007127   -0.070683   -0.071591    0.647059
   0.266332    0.265658    0.265656    1.006862    1.006767   -0.062437   -0.060236    0.647059
   0.271357    0.270717    0.270715    1.006549    1.006465   -0.063874   -0.071083    0.647059
   0.276382    0.275775    0.275773    1.006228    1.006108   -0.063573   -0.072110    0.647059
   0.281407    0.280831    0.280828    1.005908    1.005745   -0.058331   -0.028386    0.647059
   0.286432    0.285886    0.285882    1.005615    1.005603   -0.055304    0.012985    0.647059
   0.291457    0.290939    0.290935    1.005337    1.005668   -0.051146    0.011178    0.647059
   0.296482    0.295991    0.295989    1.005080    1.005724   -0.051279    0.043901    0.647059
   0.301508    0.301043    0.301044    1.004823    1.005945   -0.077016    0.227325    0.647059
   0.306533    0.306092    0.306099    1.004436    1.007087   -0.108698    0.440390    0.647059
   0.311558    0.311139    0.311159    1.003889    1.009300   -0.112723    0.558762    0.647059
   0.316583    0.316184    0.316231    1.003323    1.012108   -0.142999    0.804640    0.647059
   0.321608    0.321225    0.321317    1.002604    1.016151   -0.311271    1.531640    0.647059
   0.326633    0.326263    0.326423    1.001040    1.023847   -0.524088    2.415276    0.647059
   0.331658    0.331294    0.331568    0.998407    1.035984   -0.653330    3.123047    0.647059
   0.336683    0.336311    0.336774    0.995124    1.051678   -0.888122    4.203790    0.647059
   0.341709    0.341312    0.342059    0.990660    1.072806   -1.597961    6.492252    0.647059
   0.346734    0.346290    0.347450    0.982630    1.105429   -2.501420    9.225027    0.647059
   0.351759    0.351228    0.353005    0.970061    1.151785   -3.236784   11.685829    0.647059
   0.356784    0.356102    0.358793    0.953796    1.210506   -4.291583   14.899497    0.647059
   0.361809    0.360895    0.364875    0.932231    1.285376   -6.552421   20.236407    0.647059
   0.366834    0.365580    0.371334    0.899305    1.387064   -9.338707   26.279624    0.647059
   0.371859    0.370099    0.378304    0.852378    1.519119  -11.857107   31.877497    0.647059
   0.376884    0.374382    0.385938    0.792796    1.679304  -15.027099   38.195140    0.647059
   0.381910    0.378366    0.394378    0.717269    1.871273  -20.319041   46.378099    0.647059
   0.386935    0.381971    0.403781    0.615166    2.104323  -26.442449   54.774820    0.647059
   0.391960    0.385062    0.414356    0.482293    2.379566  -32.120484   62.403095    0.647059
   0.396985    0.387485    0.426313    0.320888    2.693142  -38.395972   69.241276    0.647059
   0.402010    0.389098    0.439846    0.127948    3.041079  -46.512914   74.172495    0.647059
   0.407035    0.389741    0.455127   -0.105780    3.413796  -54.939448   77.257180    0.647059
   0.412060    0.389209    0.472282   -0.381850    3.802013  -62.599672   79.701996    0.647059
   0.417085    0.387291    0.491387   -0.696414    4.202516  -69.455631   78.957574    0.647059
   0.422111    0.383790    0.512509   -1.045498    4.599356  -74.356823   69.519980    0.647059
   0.427136    0.378537    0.535620   -1.419141    4.948694  -77.269715   55.166031    0.647059
   0.432161    0.371406    0.560488   -1.807421    5.225904  -79.544689   41.813252    0.647059
   0.437186    0.362323    0.586748   -2.207133    5.436015  -78.926648   26.072558    0.647059
   0.442211    0.351232    0.614064   -2.603740    5.567030  -69.659163   -0.112544    0.647059
   0.447236    0.338149    0.642038   -2.953777    5.566464  -54.936195  -31.860625    0.647059
   0.452261    0.323306    0.670009   -3.229831    5.406365  -41.130252  -60.788378    0.647059
   0.457286    0.307076    0.697176   -3.436511    5.100903  -25.485905  -86.830135    0.647059
   0.462312    0.289804    0.722814   -3.564603    4.664495    0.271174 -112.488287    0.647059
   0.467337    0.271892    0.746253   -3.563240    4.099241   32.174776 -137.284021    0.647059
   0.472362    0.253987    0.766851   -3.401562    3.409389   61.493356 -159.958432    0.647059
   0.477387    0.236894    0.783984   -3.092558    2.605598   87.686231 -177.427948    0.647059
   0.482412    0.221354    0.797077   -2.651935    1.714022  113.102030 -181.573139    0.647059
   0.487437    0.208028    0.805690   -2.083597    0.801617  137.539520 -174.852021    0.647059
   0.492462    0.197558    0.809718   -1.392461   -0.077014  159.942841 -167.490725    0.647059
   0.497487    0.190561    0.809331   -0.588748   -0.918655  177.546310 -159.105868    0.647059
   0.502513    0.187602    0.804714    0.303600   -1.718321  182.093570 -139.402786    0.647059
   0.507538    0.189127    0.796079    1.218620   -2.418820  175.017212 -108.831614    0.647059
   0.512563    0.195251    0.783925    2.098081   -2.965699  166.911168  -78.375151    0.647059
   0.517588    0.205794    0.769022    2.936810   -3.359534  158.279693  -50.688600    0.647059
   0.522613    0.220551    0.752140    3.732166   -3.614244  139.101199  -23.389791    0.647059
   0.527638    0.239305    0.733979    4.431149   -3.731778  108.635701    3.521687    0.647059
   0.532663    0.261572    0.715226    4.977043   -3.714081   77.829558   28.453316    0.647059
   0.537688    0.286581    0.696563    5.368137   -3.571104   49.887923   50.638868    0.647059
   0.542714    0.313562    0.678615    5.618874   -3.316593   22.656060   66.516108    0.647059
   0.547739    0.341796    0.661949    5.732720   -2.982349   -4.043103   74.664792    0.647059
   0.552764    0.370603    0.646963    5.712404   -2.607159  -28.762546   79.887425    0.647059
   0.557789    0.399308    0.633862    5.567872   -2.205724  -50.857457   84.006817    0.647059
   0.562814    0.427287    0.622778    5.312313   -1.783590  -66.895084   83.708706    0.647059
   0.567839    0.453981    0.613815    4.976165   -1.362954  -75.015449   77.857488    0.647059
   0.572864    0.478986    0.606967    4.599213   -0.971720  -79.937509   70.733503    0.647059
   0.577889    0.502097    0.602084    4.197527   -0.616284  -83.846166   63.929466    0.647059
   0.582915    0.523194    0.598986    3.776116   -0.294975  -83.659389   56.210467    0.647059
   0.587940    0.542169    0.597504    3.355728   -0.012517  -77.863902   47.525502    0.647059
   0.592965    0.559032    0.597441    2.964462    0.226299  -70.609822   39.378072    0.647059
   0.597990    0.573928    0.598578    2.609647    0.424174  -63.711918   32.039968    0.647059
   0.603015    0.587042    0.600710    2.289495    0.585174  -56.034317   25.435267    0.647059
   0.608040    0.598546    0.603650    2.007922    0.712987  -47.386672   19.908512    0.647059
   0.613065    0.608636    0.607233    1.769804    0.813027  -39.236882   15.291366    0.647059
   0.618090    0.617529    0.611318    1.572639    0.889866  -31.907809   11.232269    0.647059
   0.623116    0.625433    0.615791    1.412270    0.946319  -25.311145    7.954278    0.647059
   0.628141    0.632530    0.620546    1.285082    0.986290  -19.793855    5.721024    0.647059
   0.633166    0.638988    0.625502    1.185618    1.015038  -15.209392    4.014196    0.647059
   0.638191    0.644945    0.630603    1.109190    1.035209  -11.182680    2.502331    0.647059
   0.643216    0.650519    0.635805    1.052998    1.047783   -7.903128    1.379610    0.647059
   0.648241    0.655810    0.641070    1.013284    1.054716   -5.666613    0.779653    0.647059
   0.653266    0.660902    0.646370    0.984810    1.058634   -3.984422    0.366562    0.647059
   0.658291    0.665851    0.651689    0.964788    1.060476   -2.494025   -0.026398    0.647059
   0.663317    0.670700    0.657019    0.952253    1.060343   -1.366814   -0.295493    0.647059
   0.668342    0.675485    0.662348    0.945385    1.058858   -0.761872   -0.381437    0.647059
   0.673367    0.680235    0.667668    0.941556    1.056941   -0.360005   -0.422328    0.647059
   0.678392    0.684967    0.672979    0.939747    1.054819    0.023753   -0.478838    0.647059
   0.683417    0.689689    0.678280    0.939867    1.052413    0.295503   -0.510102    0.647059
   0.688442    0.694412    0.683568    0.941351    1.049850    0.384659   -0.493279    0.647059
   0.693467    0.699142    0.688844    0.943284    1.047371    0.421909   -0.469711    0.647059
   0.698492    0.703882    0.694107    0.945404    1.045011    0.475397   -0.456864    0.647059
   0.703518    0.708634    0.699359    0.947794    1.042714    0.507755   -0.442105    0.647059
   0.708543    0.713396    0.704599    0.950345    1.040493    0.492549   -0.417848    0.647059
   0.713568    0.718172    0.709827    0.952820    1.038393    0.468272   -0.393888    0.647059
   0.718593    0.722960    0.715045    0.955173    1.036414    0.454242   -0.374724    0.647059
   0.723618    0.727760    0.720253    0.957456    1.034531    0.439405   -0.356769    0.647059
   0.728643    0.732571    0.725452    0.959664    1.032738    0.416499   -0.336999    0.647059
   0.733668    0.737393    0.730641    0.961757    1.031045    0.393213   -0.318158    0.647059
   0.738693    0.742226    0.735822    0.963733    1.029446    0.372668   -0.302518    0.647059
   0.743719    0.747070    0.740996    0.965606    1.027926    0.353192   -0.288241    0.647059
   0.748744    0.751922    0.746161    0.967381    1.026477    0.335615   -0.271918    0.647059
   0.753769    0.756783    0.751319    0.969067    1.025111    0.319196   -0.255999    0.647059
   0.758794    0.761652    0.756471    0.970671    1.023824    0.301010   -0.244364    0.647059
   0.763819    0.766530    0.761615    0.972184    1.022596    0.282627   -0.234708    0.647059
   0.768844    0.771415    0.766754    0.973604    1.021417    0.270129   -0.220365    0.647059
   0.773869    0.776308    0.771887    0.974961    1.020310    0.259859   -0.205161    0.647059
   0.778894    0.781207    0.777014    0.976267    1.019279    0.243857   -0.197154    0.647059
   0.783920    0.786114    0.782136    0.977493    1.018288    0.225374   -0.192918    0.647059
   0.788945    0.791025    0.787253    0.978625    1.017318    0.217131   -0.179592    0.647059
   0.793970    0.795943    0.792365    0.979716    1.016416    0.213453   -0.162809    0.647059
   0.798995    0.800866    0.797473    0.980789    1.015598    0.198751   -0.158127    0.647059
   0.804020    0.805795    0.802576    0.981788    1.014803    0.177600   -0.160901    0.647059
   0.809045    0.810728    0.807676    0.982680    1.013995    0.173040   -0.148028    0.647059
   0.814070    0.815666    0.812771    0.983550    1.013251    0.177814   -0.126718    0.647059
   0.819095    0.820608    0.817863    0.984443    1.012614    0.163896   -0.124953    0.647059
   0.824121    0.825556    0.822952    0.985267    1.011986    0.136654   -0.137318    0.647059
   0.829146    0.830507    0.828037    0.985953    1.011296    0.135006   -0.124858    0.647059
   0.834171    0.835462    0.833119    0.986632    1.010669    0.151352   -0.095131    0.647059
   0.839196    0.840419    0.838198    0.987392    1.010191    0.138304   -0.095488    0.647059
   0.844221    0.845381    0.843274    0.988087    1.009711    0.100733   -0.121023    0.647059
   0.849246    0.850346    0.848348    0.988594    1.009103    0.100549   -0.109792    0.647059
   0.854271    0.855314    0.853418    0.989099    1.008551    0.132722   -0.066792    0.647059
   0.859296    0.860284    0.858486    0.989766    1.008215    0.121528   -0.067712    0.647059
   0.864322    0.865259    0.863554    0.990377    1.007875    0.068727   -0.110762    0.647059
   0.869347    0.870235    0.868618    0.990722    1.007318    0.067457   -0.102780    0.647059
   0.874372    0.875214    0.873680    0.991061    1.006802    0.120391   -0.041071    0.647059
   0.879397    0.880194    0.878739    0.991666    1.006596    0.113203   -0.039939    0.647059
   0.884422    0.885177    0.883797    0.992235    1.006395    0.040345   -0.104911    0.647059
   0.889447    0.890163    0.888854    0.992437    1.005868    0.034111   -0.103668    0.647059
   0.894472    0.895150    0.893909    0.992609    1.005347    0.112641   -0.018045    0.647059
   0.899497    0.900138    0.898961    0.993175    1.005256    0.112954   -0.011002    0.647059
   0.904523    0.905129    0.904013    0.993743    1.005201    0.016091   -0.101474    0.647059
   0.909548    0.910123    0.909064    0.993823    1.004691   -0.000299   -0.111800    0.647059
   0.914573    0.915117    0.914113    0.993822    1.004129    0.107339    0.001587    0.647059
   0.919598    0.920111    0.919159    0.994361    1.004137    0.119707    0.019405    0.647059
   0.924623    0.925107    0.924204    0.994963    1.004235   -0.003102   -0.098238    0.647059
   0.929648    0.930107    0.929251    0.994947    1.003741   -0.035629   -0.125869    0.647059
   0.934673    0.935107    0.934294    0.994768    1.003109    0.102432    0.016837    0.647059
   0.939698    0.940105    0.939335    0.995283    1.003193    0.132082    0.050897    0.647059
   0.944724    0.945108    0.944377    0.995947    1.003449   -0.016253   -0.093249    0.647059
   0.949749    0.950112    0.949419    0.995865    1.002980   -0.070576   -0.143598    0.647059
   0.954774    0.955117    0.954459    0.995510    1.002259    0.098110    0.028856    0.647059
   0.959799    0.960119    0.959496    0.996003    1.002404    0.154358    0.088673    0.647059
   0.964824    0.965124    0.964533    0.996779    1.002849   -0.008667   -0.070969    0.647059
   0.969849    0.970133    0.969572    0.996736    1.002493   -0.081675   -0.140772    0.647059
   0.974874    0.975141    0.974610    0.996325    1.001785    0.123728    0.067672    0.647059
   0.979899    0.980148    0.979644    0.996947    1.002125    0.246561    0.193394    0.647059
   0.984925    0.985159    0.984680    0.998186    1.003097    0.139404    0.088980    0.647059
   0.989950    0.990174    0.989721    0.998887    1.003545    0.016251   -0.031567    0.647059
   0.994975    0.995194    0.994764    0.998968    1.003386   -0.016992   -0.062337    0.647059
   1.000000    1.000214    0.999806    0.998883    1.003073   -0.191178   -0.234179    0.647059