  0.000000   0.000000   0.000000  -0.770718   0.800000
  0.010000   0.000000  -0.007707  34.410058   0.800000
  0.020000  -0.000077   0.336393  56.241844   0.800000
  0.030000   0.003287   0.898812  71.737594   0.800000
  0.040000   0.012275   1.616188  80.128156   0.800000
  0.050000   0.028437   2.417469  82.467289   0.800000
  0.060000   0.052612   3.242142  79.686165   0.800000
  0.070000   0.085033   4.039004  72.644306   0.800000
  0.080000   0.125423   4.765447  62.145141   0.800000
  0.090000   0.173077   5.386898  48.946919   0.800000
  0.100000   0.226946   5.876368  33.772799   0.800000
  0.110000   0.285710   6.214096  17.318106   0.800000
  0.120000   0.347851   6.387277   0.256265   0.800000
  0.130000   0.411724   6.389839 -16.757353   0.800000
  0.140000   0.475622   6.222266 -33.080616   0.800000
  0.150000   0.537845   5.891460 -48.083000   0.800000
  0.160000   0.596760   5.410630 -61.141796   0.800000
  0.170000   0.650866   4.799212 -71.641528   0.800000
  0.180000   0.698858   4.082796 -78.972377   0.800000
  0.190000   0.739686   3.293073 -82.528916   0.800000
  0.200000   0.772617   2.467783 -81.708480   0.800000
  0.210000   0.797294   1.650699 -75.911704   0.800000
  0.220000   0.813801   0.891582 -64.541191   0.800000
  0.230000   0.822717   0.246170 -46.999842   0.800000
  0.240000   0.825179  -0.223829 -22.561136   0.800000
  0.250000   0.822941  -0.449440   8.325492   0.800000
  0.260000   0.818446  -0.366185  15.551710   0.800000
  0.270000   0.814784  -0.210668  19.933409   0.800000
  0.280000   0.812678  -0.011334  22.637048   0.800000
  0.290000   0.812564   0.215036  23.803315   0.800000
  0.300000   0.814715   0.453070  23.640709   0.800000
  0.310000   0.819245   0.689477  22.345560   0.800000
  0.320000   0.826140   0.912932  20.103742   0.800000
  0.330000   0.835270   1.113970  17.091756   0.800000
  0.340000   0.846409   1.284887  13.481448   0.800000
  0.350000   0.859258   1.419702   9.438612   0.800000
  0.360000   0.873455   1.514088   5.124626   0.800000
  0.370000   0.888596   1.565334   0.698497   0.800000
  0.380000   0.904249   1.572319  -3.683714   0.800000
  0.390000   0.919973   1.535482  -7.867764   0.800000
  0.400000   0.935327   1.456804 -11.701139   0.800000
  0.410000   0.949895   1.339793 -15.032290   0.800000
  0.420000   0.963293   1.189470 -17.711407   0.800000
  0.430000   0.975188   1.012356 -19.588670   0.800000
  0.440000   0.985312   0.816469 -20.514494   0.800000
  0.450000   0.993476   0.611324 -20.341206   0.800000
  0.460000   0.999590   0.407912 -18.920125   0.800000
  0.470000   1.003669   0.218711 -16.102950   0.800000
  0.480000   1.005856   0.057682 -11.745658   0.800000
  0.490000   1.006433  -0.059775  -5.426879   0.800000
  0.500000   1.005835  -0.114044   2.149942   0.800000