  0.000000   0.000000   0.000000  -0.807206   0.275000
  0.010000   0.000000  -0.008072  12.675089   0.275000
  0.020000  -0.000081   0.118679  19.183484   0.275000
  0.030000   0.001106   0.310514  24.578418   0.275000
  0.040000   0.004211   0.556298  27.496361   0.275000
  0.050000   0.009774   0.831261  28.322693   0.275000
  0.060000   0.018087   1.114488  27.381213   0.275000
  0.070000   0.029232   1.388301  24.969799   0.275000
  0.080000   0.043115   1.637999  21.365744   0.275000
  0.090000   0.059495   1.851656  16.831672   0.275000
  0.100000   0.078011   2.019973  11.616839   0.275000
  0.110000   0.098211   2.136141   5.960506   0.275000
  0.120000   0.119572   2.195746   0.094863   0.275000
  0.130000   0.141530   2.196695  -5.754865   0.275000
  0.140000   0.163497   2.139146 -11.367732   0.275000
  0.150000   0.184888   2.025469 -16.527047   0.275000
  0.160000   0.205143   1.860198 -21.018453   0.275000
  0.170000   0.223745   1.650014 -24.630751   0.275000
  0.180000   0.240245   1.403706 -27.154219   0.275000
  0.190000   0.254282   1.132164 -28.379981   0.275000
  0.200000   0.265604   0.848364 -28.101616   0.275000
  0.210000   0.274087   0.567348 -26.112738   0.275000
  0.220000   0.279761   0.306221 -22.207515   0.275000
  0.230000   0.282823   0.084146 -16.181876   0.275000
  0.240000   0.283665  -0.077673  -7.895413   0.275000
  0.250000   0.282888  -0.156627   3.345217   0.275000
  0.260000   0.281322  -0.123175  32.221224   0.275000
  0.270000   0.280090   0.199037  53.197963   0.275000
  0.280000   0.282080   0.731017  66.746316   0.275000
  0.290000   0.289390   1.398480  73.984121   0.275000
  0.300000   0.303375   2.138321  75.816541   0.275000
  0.310000   0.324758   2.896487  73.070346   0.275000
  0.320000   0.353723   3.627190  66.511399   0.275000
  0.330000   0.389995   4.292304  56.857053   0.275000
  0.340000   0.432918   4.860874  44.786350   0.275000
  0.350000   0.481527   5.308738  30.948315   0.275000
  0.360000   0.534614   5.618221  15.967744   0.275000
  0.370000   0.590796   5.777899   0.450712   0.275000
  0.380000   0.648575   5.782406 -15.011828   0.275000
  0.390000   0.706400   5.632287 -29.840710   0.275000
  0.400000   0.762722   5.333880 -43.466461   0.275000
  0.410000   0.816061   4.899216 -55.326724   0.275000
  0.420000   0.865053   4.345948 -64.865326   0.275000
  0.430000   0.908513   3.697295 -71.530562   0.275000
  0.440000   0.945486   2.981990 -74.774569   0.275000
  0.450000   0.975306   2.234244 -74.051922   0.275000
  0.460000   0.997648   1.493725 -68.819085   0.275000
  0.470000   1.012585   0.805534 -58.534172   0.275000
  0.480000   1.020641   0.220192 -42.668844   0.275000
  0.490000   1.022843  -0.206496 -19.785636   0.275000
  0.500000   1.020778  -0.404353   7.443562   0.275000