  0.000000   0.358579   0.358579   0.000000   0.000000  -4.446510 -10.235350   0.000000   0.125000
  0.005025   0.358579   0.358579  -0.022344  -0.051433  -2.247854  -7.172691   0.000000   0.125000
  0.010050   0.358467   0.358321  -0.033639  -0.087475  -0.405032  -4.542225   0.000000   0.125000
  0.015075   0.358298   0.357881  -0.035674  -0.110300   1.123254  -2.297343   0.000000   0.125000
  0.020101   0.358118   0.357327  -0.030029  -0.121847   2.374503  -0.395448   0.000000   0.125000
  0.025126   0.357967   0.356714  -0.018097  -0.123834   3.381778   1.200899   0.000000   0.125000
  0.030151   0.357877   0.356092  -0.001104  -0.117799   4.175601   2.526707   0.000000   0.125000
  0.035176   0.357871   0.355500   0.019879  -0.105102   4.783155   3.613224   0.000000   0.125000
  0.040201   0.357971   0.354972   0.043914  -0.086946   5.228843   4.488657   0.000000   0.125000
  0.045226   0.358192   0.354535   0.070189  -0.064390   5.534543   5.178444   0.000000   0.125000
  0.050251   0.358544   0.354212   0.098000  -0.038369   5.719838   5.705499   0.000000   0.125000
  0.055276   0.359037   0.354019   0.126742  -0.009699   5.802224   6.090439   0.000000   0.125000
  0.060302   0.359674   0.353970   0.155904   0.020912   5.797297   6.351834   0.000000   0.125000
  0.065327   0.360457   0.354075   0.185036   0.052830   5.718944   6.506197   0.000000   0.125000
  0.070352   0.361387   0.354341   0.213773   0.085523   5.579503   6.568491   0.000000   0.125000
  0.075377   0.362461   0.354770   0.241810   0.118530   5.389893   6.552042   0.000000   0.125000
  0.080402   0.363676   0.355366   0.268895   0.151454   5.159757   6.468752   0.000000   0.125000
  0.085427   0.365027   0.356127   0.294822   0.183960   4.897585   6.329227   0.000000   0.125000
  0.090452   0.366509   0.357051   0.319433   0.215764   4.610829   6.142908   0.000000   0.125000
  0.095477   0.368114   0.358136   0.342602   0.246632   4.305998   5.918171   0.000000   0.125000
  0.100503   0.369836   0.359375   0.364244   0.276377   3.988692   5.662382   0.000000   0.125000
  0.105528   0.371666   0.360764   0.384287   0.304830   3.663947   5.382199   0.000000   0.125000
  0.110553   0.373597   0.362296   0.402699   0.331876   3.335923   5.083344   0.000000   0.125000
  0.115578   0.375621   0.363963   0.419462   0.357420   3.008228   4.770881   0.000000   0.125000
  0.120603   0.377729   0.365759   0.434578   0.381393   2.683926   4.449241   0.000000   0.125000
  0.125628   0.379912   0.367676   0.448065   0.403751   2.365590   4.122282   0.000000   0.125000
  0.130653   0.382164   0.369705   0.459952   0.424465   2.055359   3.793348   0.000000   0.125000
  0.135678   0.384475   0.371838   0.470280   0.443527   1.754984   3.465323   0.000000   0.125000
  0.140704   0.386839   0.374067   0.479100   0.460944   1.465814   3.140611   0.000000   0.125000
  0.145729   0.389246   0.376383   0.486466   0.476725   1.189075   2.821447   0.000000   0.125000
  0.150754   0.391691   0.378779   0.492441   0.490903   0.925546   2.509535   0.000000   0.125000
  0.155779   0.394165   0.381245   0.497092   0.503513   0.675831   2.206351   0.000000   0.125000
  0.160804   0.396663   0.383776   0.500488   0.514600   0.440332   1.874321   0.000000   0.125000
  0.165829   0.399178   0.386361   0.502701   0.524019   0.219275   1.592851   0.000000   0.125000
  0.170854   0.401704   0.388995   0.503803   0.532023   0.012731   1.322865   0.000000   0.125000
  0.175879   0.404236   0.391668   0.503867   0.538670  -0.179357   1.064963   0.000000   0.125000
  0.180905   0.406768   0.394375   0.502965   0.544023  -0.357194   0.819532   0.000000   0.125000
  0.185930   0.409296   0.397109   0.501170   0.548141  -0.520970   0.586974   0.000000   0.125000
  0.190955   0.411814   0.399864   0.498553   0.551090  -0.671062   0.367410   0.000000   0.125000
  0.195980   0.414319   0.402633   0.495180   0.552937  -0.791277   0.160906   0.000000   0.125000
  0.201005   0.416808   0.405411   0.491204   0.553745  -0.915588  -0.032563   0.000000   0.125000
  0.206030   0.419276   0.408194   0.486603   0.553581  -1.027494  -0.213106   0.000000   0.125000
  0.211055   0.421721   0.410976   0.481440   0.552511  -1.127522  -0.380897   0.000000   0.125000
  0.216080   0.424140   0.413752   0.475774   0.550597  -1.216225  -0.536172   0.000000   0.125000
  0.221106   0.426532   0.416519   0.469662   0.547902  -1.294182  -0.679245   0.000000   0.125000
  0.226131   0.428892   0.419272   0.463158   0.544489  -1.361932  -0.810381   0.000000   0.125000
  0.231156   0.431219   0.422009   0.456315   0.540416  -1.420066  -0.929973   0.000000   0.125000
  0.236181   0.433512   0.424724   0.449179   0.535743  -1.469158  -1.038409   0.000000   0.125000
  0.241206   0.435769   0.427416   0.441796   0.530525  -1.509771  -1.136101   0.000000   0.125000
  0.246231   0.437989   0.430082   0.434210   0.524816  -1.542458  -1.223476   0.000000   0.125000
  0.251256   0.440171   0.432719   0.426459   0.518668  -1.575061  -1.300977   0.000000   0.125000
  0.256281   0.442314   0.435326   0.418544   0.512131  -1.593236  -1.369054   0.000000   0.125000
  0.261307   0.444418   0.437900   0.410537   0.505250  -1.605097  -1.428174   0.000000   0.125000
  0.266332   0.446481   0.440438   0.402471   0.498074  -1.611127  -1.478772   0.000000   0.125000
  0.271357   0.448503   0.442941   0.394375   0.490643  -1.611795  -1.521320   0.000000   0.125000
  0.276382   0.450485   0.445407   0.386276   0.482998  -1.607550  -1.556276   0.000000   0.125000
  0.281407   0.452426   0.447834   0.378198   0.475178  -1.598817  -1.584095   0.000000   0.125000
  0.286432   0.454326   0.450222   0.370164   0.467218  -1.586000  -1.605223   0.000000   0.125000
  0.291457   0.456186   0.452569   0.362194   0.459152  -1.569482  -1.620103   0.000000   0.125000
  0.296482   0.458006   0.454877   0.354308   0.451011  -1.549624  -1.629169   0.000000   0.125000
  0.301508   0.459787   0.457143   0.346519   0.442822  -1.526763  -1.632845   0.000000   0.125000
  0.306533   0.461528   0.459369   0.338847   0.434617  -1.501227  -1.631543   0.000000   0.125000
  0.311558   0.463231   0.461553   0.331304   0.426419  -1.473311  -1.625671   0.000000   0.125000
  0.316583   0.464896   0.463695   0.323900   0.418250  -1.443295  -1.615620   0.000000   0.125000
  0.321608   0.466523   0.465797   0.316648   0.410131  -1.411441  -1.601771   0.000000   0.125000
  0.326633   0.468115   0.467858   0.309555   0.402082  -1.377992  -1.584494   0.000000   0.125000
  0.331658   0.469670   0.469878   0.302631   0.394120  -1.343172  -1.564145   0.000000   0.125000
  0.336683   0.471191   0.471859   0.295881   0.386260  -1.307192  -1.541067   0.000000   0.125000
  0.341709   0.472678   0.473800   0.289311   0.378515  -1.270237  -1.515585   0.000000   0.125000
  0.346734   0.474132   0.475702   0.282928   0.370899  -1.232500  -1.488024   0.000000   0.125000
  0.351759   0.475553   0.477566   0.276735   0.363422  -1.194139  -1.458683   0.000000   0.125000
  0.356784   0.476944   0.479392   0.270734   0.356092  -1.155304  -1.427849   0.000000   0.125000
  0.361809   0.478304   0.481182   0.264929   0.348917  -1.116133  -1.395796   0.000000   0.125000
  0.366834   0.479636   0.482935   0.259320   0.341903  -1.076754  -1.362781   0.000000   0.125000
  0.371859   0.480939   0.484653   0.253910   0.335055  -1.032748  -1.329047   0.000000   0.125000
  0.376884   0.482215   0.486337   0.248720   0.328377  -0.993245  -1.294822   0.000000   0.125000
  0.381910   0.483465   0.487987   0.243728   0.321869  -0.953808  -1.260311   0.000000   0.125000
  0.386935   0.484689   0.489604   0.238935   0.315536  -0.914541  -1.225720   0.000000   0.125000
  0.391960   0.485890   0.491190   0.234340   0.309377  -0.875513  -1.191221   0.000000   0.125000
  0.396985   0.487068   0.492745   0.229940   0.303391  -0.797885  -1.156975   0.000000   0.125000
  0.402010   0.488223   0.494269   0.225931   0.297577  -0.757554  -1.123124   0.000000   0.125000
  0.407035   0.489358   0.495764   0.222124   0.291933  -0.717143  -1.089793   0.000000   0.125000
  0.412060   0.490475   0.497231   0.218521   0.286457  -0.676663  -1.057088   0.000000   0.125000
  0.417085   0.491573   0.498671   0.215120   0.281145  -0.636115  -1.025095   0.000000   0.125000
  0.422111   0.492654   0.500084   0.211923   0.275993  -0.595484  -0.993877   0.000000   0.125000
  0.427136   0.493719   0.501471   0.208931   0.270999  -0.554770  -0.963494   0.000000   0.125000
  0.432161   0.494769   0.502833   0.206143   0.266157  -0.513942  -0.933969   0.000000   0.125000
  0.437186   0.495805   0.504170   0.203561   0.261464  -0.472969  -0.905308   0.000000   0.125000
  0.442211   0.496827   0.505484   0.201184   0.256915  -0.431813  -0.877502   0.000000   0.125000
  0.447236   0.497838   0.506775   0.199014   0.252506  -0.390432  -0.850517   0.000000   0.125000
  0.452261   0.498838   0.508044   0.197052   0.248232  -0.348775  -0.824302   0.000000   0.125000
  0.457286   0.499829   0.509291   0.195300   0.244090  -0.306791  -0.798785   0.000000   0.125000
  0.462312   0.500810   0.510518   0.193758   0.240075  -0.264413  -0.773869   0.000000   0.125000
  0.467337   0.501784   0.511724   0.192429   0.236186  -0.221601  -0.749455   0.000000   0.125000
  0.472362   0.502751   0.512911   0.191315   0.232420  -0.178285  -0.725409   0.000000   0.125000
  0.477387   0.503712   0.514079   0.190420   0.228775  -0.134408  -0.701584   0.000000   0.125000
  0.482412   0.504669   0.515229   0.189744   0.225250  -0.089910  -0.677818   0.000000   0.125000
  0.487437   0.505622   0.516360   0.189292   0.221844  -0.044739  -0.653935   0.000000   0.125000
  0.492462   0.506574   0.517475   0.189068   0.218557   0.001153  -0.629742   0.000000   0.125000
  0.497487   0.507524   0.518573   0.189073   0.215393   0.047807  -0.605037   0.000000   0.125000
  0.502513   0.508474   0.519656   0.189314   0.212352   0.095261  -0.579601   0.000000   0.125000
  0.507538   0.509425   0.520723   0.189792   0.209440   0.143513  -0.553222   0.000000   0.125000
  0.512563   0.510379   0.521775   0.190513   0.206660   0.192575  -0.525668   0.000000   0.125000
  0.517588   0.511336   0.522814   0.191481   0.204018   0.242432  -0.496708   0.000000   0.125000
  0.522613   0.512299   0.523839   0.192699   0.201522   0.376083  -0.466109   0.000000   0.125000
  0.527638   0.513267   0.524852   0.194589   0.199180   0.427539  -0.433641   0.000000   0.125000
  0.532663   0.514245   0.525853   0.196738   0.197001   0.480094  -0.399077   0.000000   0.125000
  0.537688   0.515233   0.526843   0.199150   0.194996   0.533621  -0.362199   0.000000   0.125000
  0.542714   0.516234   0.527823   0.201832   0.193175   0.587976  -0.322791   0.000000   0.125000
  0.547739   0.517248   0.528793   0.204787   0.191553   0.642944  -0.280673   0.000000   0.125000
  0.552764   0.518277   0.529756   0.208017   0.190143   0.698308  -0.235659   0.000000   0.125000
  0.557789   0.519323   0.530711   0.211526   0.188959   0.753806  -0.187588   0.000000   0.125000
  0.562814   0.520386   0.531661   0.215314   0.188016   0.830117  -0.136323   0.000000   0.125000
  0.567839   0.521468   0.532606   0.219486   0.187331   0.881906  -0.081750   0.000000   0.125000
  0.572864   0.522571   0.533547   0.223917   0.186920   0.933084  -0.023780   0.000000   0.125000
  0.577889   0.523696   0.534486   0.228606   0.186801   0.983220   0.037643   0.000000   0.125000
  0.582915   0.524845   0.535425   0.233548   0.186990   1.031866   0.102562   0.000000   0.125000
  0.587940   0.526018   0.536365   0.238733   0.187505   1.078515   0.170944   0.000000   0.125000
  0.592965   0.527218   0.537307   0.244152   0.188364   1.122672   0.242767   0.000000   0.125000
  0.597990   0.528445   0.538254   0.249794   0.189584   1.163813   0.317957   0.000000   0.125000
  0.603015   0.529700   0.539206   0.255642   0.191182   1.201409   0.396408   0.000000   0.125000
  0.608040   0.530985   0.540167   0.261679   0.193174   1.234927   0.477979   0.000000   0.125000
  0.613065   0.532299   0.541138   0.267884   0.195576   1.263843   0.562495   0.000000   0.125000
  0.618090   0.533646   0.542120   0.274235   0.198402   1.287651   0.649748   0.000000   0.125000
  0.623116   0.535024   0.543117   0.280707   0.201668   1.305871   0.739515   0.000000   0.125000
  0.628141   0.536434   0.544131   0.287269   0.205384   1.318049   0.831488   0.000000   0.125000
  0.633166   0.537878   0.545163   0.293892   0.209562   1.323786   0.925384   0.000000   0.125000
  0.638191   0.539355   0.546216   0.300544   0.214212   1.322731   1.020877   0.000000   0.125000
  0.643216   0.540865   0.547292   0.307191   0.219342   1.314595   1.117613   0.000000   0.125000
  0.648241   0.542409   0.548395   0.313797   0.224958   1.299155   1.215219   0.000000   0.125000
  0.653266   0.543986   0.549525   0.320325   0.231065   1.276261   1.313302   0.000000   0.125000
  0.658291   0.545595   0.550686   0.326738   0.237664   1.245840   1.411450   0.000000   0.125000
  0.663317   0.547237   0.551881   0.333000   0.244758   1.207893   1.509259   0.000000   0.125000
  0.668342   0.548911   0.553111   0.339069   0.252342   1.162525   1.606251   0.000000   0.125000
  0.673367   0.550614   0.554379   0.344911   0.260413   1.109904   1.702000   0.000000   0.125000
  0.678392   0.552348   0.555687   0.350488   0.268966   1.050281   1.796054   0.000000   0.125000
  0.683417   0.554109   0.557039   0.355766   0.277991   0.983989   1.887955   0.000000   0.125000
  0.688442   0.555897   0.558436   0.360711   0.287478   0.911431   1.977239   0.000000   0.125000
  0.693467   0.557709   0.559880   0.365291   0.297414   0.833080   2.063445   0.000000   0.125000
  0.698492   0.559545   0.561375   0.369477   0.307782   0.749468   2.146108   0.000000   0.125000
  0.703518   0.561402   0.562922   0.373244   0.318569   0.661164   2.224779   0.000000   0.125000
  0.708543   0.563277   0.564522   0.376566   0.329748   0.568833   2.298959   0.000000   0.125000
  0.713568   0.565170   0.566179   0.379424   0.341301   0.473127   2.368201   0.000000   0.125000
  0.718593   0.567076   0.567894   0.381802   0.353201   0.374739   2.432039   0.000000   0.125000
  0.723618   0.568995   0.569669   0.383685   0.365422   0.274381   2.490005   0.000000   0.125000
  0.728643   0.570923   0.571505   0.385064   0.377934   0.172775   2.541627   0.000000   0.125000
  0.733668   0.572858   0.573405   0.385932   0.390706   0.070641   2.586431   0.000000   0.125000
  0.738693   0.574797   0.575368   0.386287   0.403703  -0.031309   2.659499   0.000000   0.125000
  0.743719   0.576738   0.577397   0.386129   0.417069  -0.132401   2.682335   0.000000   0.125000
  0.748744   0.578679   0.579493   0.385464   0.430548  -0.231922   2.697732   0.000000   0.125000
  0.753769   0.580616   0.581656   0.384299   0.444104  -0.329258   2.705095   0.000000   0.125000
  0.758794   0.582547   0.583888   0.382644   0.457697  -0.423808   2.703814   0.000000   0.125000
  0.763819   0.584470   0.586188   0.380515   0.471284  -0.515017   2.693269   0.000000   0.125000
  0.768844   0.586382   0.588556   0.377927   0.484817  -0.602381   2.672829   0.000000   0.125000
  0.773869   0.588281   0.590992   0.374900   0.498248  -0.663251   2.641852   0.000000   0.125000
  0.778894   0.590165   0.593496   0.371567   0.511524  -0.745896   2.599681   0.000000   0.125000
  0.783920   0.592032   0.596067   0.367818   0.524590  -0.823002   2.545642   0.000000   0.125000
  0.788945   0.593880   0.598703   0.363682   0.537382  -0.894330   2.479085   0.000000   0.125000
  0.793970   0.595708   0.601403   0.359188   0.549839  -0.959747   2.399330   0.000000   0.125000
  0.798995   0.597513   0.604166   0.354366   0.561896  -1.019174   2.305716   0.000000   0.125000
  0.804020   0.599294   0.606990   0.349244   0.573482  -1.072592   2.197597   0.000000   0.125000
  0.809045   0.601048   0.609871   0.343855   0.584525  -1.120052   2.074361   0.000000   0.125000
  0.814070   0.602776   0.612809   0.338226   0.594948  -1.161667   1.935443   0.000000   0.125000
  0.819095   0.604476   0.615798   0.332389   0.604674  -1.197619   1.780347   0.000000   0.125000
  0.824121   0.606147   0.618837   0.326370   0.613622  -1.228155   1.608629   0.000000   0.125000
  0.829146   0.607787   0.621921   0.320198   0.621705  -1.253561   1.420070   0.000000   0.125000
  0.834171   0.609396   0.625045   0.313899   0.628841  -1.274200   1.214488   0.000000   0.125000
  0.839196   0.610973   0.628205   0.307496   0.634944  -1.290475   0.991912   0.000000   0.125000
  0.844221   0.612518   0.631395   0.301012   0.639928  -1.302829   0.752569   0.000000   0.125000
  0.849246   0.614031   0.634611   0.294465   0.643710  -1.311739   0.496921   0.000000   0.125000
  0.854271   0.615510   0.637846   0.287873   0.646207  -1.317704   0.225690   0.000000   0.125000
  0.859296   0.616957   0.641093   0.281252   0.647341  -1.321233  -0.060121   0.000000   0.125000
  0.864322   0.618370   0.644346   0.274611   0.647039  -1.322837  -0.359272   0.000000   0.125000
  0.869347   0.619750   0.647598   0.267964   0.645234  -1.323011  -0.670022   0.000000   0.125000
  0.874372   0.621097   0.650840   0.261316   0.641867  -1.322228  -0.990509   0.000000   0.125000
  0.879397   0.622410   0.654065   0.254672   0.636889  -1.320921  -1.318506   0.000000   0.125000
  0.884422   0.623690   0.657266   0.248034   0.630264  -1.319474  -1.651509   0.000000   0.125000
  0.889447   0.624936   0.660433   0.241404   0.621965  -1.318209  -1.986765   0.000000   0.125000
  0.894472   0.626149   0.663558   0.234780   0.611982  -1.317383  -2.321322   0.000000   0.125000
  0.899497   0.627329   0.666633   0.228160   0.600317  -1.317177  -2.652082   0.000000   0.125000
  0.904523   0.628476   0.669651   0.221540   0.586988  -1.317695  -2.975935   0.000000   0.125000
  0.909548   0.629589   0.672600   0.214918   0.572034  -1.318962  -3.289552   0.000000   0.125000
  0.914573   0.630669   0.675475   0.208291   0.555504  -1.320928  -3.589876   0.000000   0.125000
  0.919598   0.631715   0.678266   0.201653   0.537464  -1.323475  -3.873916   0.000000   0.125000
  0.924623   0.632729   0.680967   0.195002   0.517998  -1.326422  -4.138888   0.000000   0.125000
  0.929648   0.633709   0.683570   0.188337   0.497200  -1.329534  -4.382276   0.000000   0.125000
  0.934673   0.634655   0.686068   0.181656   0.475179  -1.332539  -4.601890   0.000000   0.125000
  0.939698   0.635568   0.688456   0.174960   0.452055  -1.332141  -4.795909   0.000000   0.125000
  0.944724   0.636447   0.690728   0.168265   0.427950  -1.334779  -4.962940   0.000000   0.125000
  0.949749   0.637293   0.692879   0.161558   0.403012  -1.336240  -5.101903   0.000000   0.125000
  0.954774   0.638105   0.694904   0.154843   0.377375  -1.336236  -5.212247   0.000000   0.125000
  0.959799   0.638883   0.696800   0.148128   0.351183  -1.334498  -5.293793   0.000000   0.125000
  0.964824   0.639627   0.698565   0.141423   0.324582  -1.330782  -5.346755   0.000000   0.125000
  0.969849   0.640338   0.700196   0.134735   0.297714  -1.324879  -5.371710   0.000000   0.125000
  0.974874   0.641015   0.701692   0.128078   0.270721  -1.316620  -5.363755   0.000000   0.125000
  0.979899   0.641658   0.703052   0.121462   0.243769  -1.305879  -5.336865   0.000000   0.125000
  0.984925   0.642269   0.704277   0.114899   0.216946  -1.292571  -5.285331   0.000000   0.125000
  0.989950   0.642846   0.705367   0.108403   0.190387  -1.276663  -5.210820   0.000000   0.125000
  0.994975   0.643391   0.706324   0.101988   0.164202  -1.258160  -5.115121   0.000000   0.125000
  1.000000   0.643903   0.707149   0.095666   0.138499  -1.237109  -5.000140   0.000000   0.125000