 0.000000  0.423463  0.315224  0.000000  0.000000 -2.756117 -9.500702  0.250000  0.000000
 0.005025  0.423463  0.315224 -0.013849 -0.047741 -1.216880 -6.228937  0.250000  0.000000
 0.010050  0.423393  0.314984 -0.019964 -0.079041  0.060963 -3.434849  0.250000  0.000000
 0.015075  0.423293  0.314587 -0.019658 -0.096302  1.108326 -1.066143  0.250000  0.000000
 0.020101  0.423194  0.314103 -0.014088 -0.101660  1.953234  0.924900  0.250000  0.000000
 0.025126  0.423123  0.313592 -0.004273 -0.097012  2.620431  2.580263  0.250000  0.000000
 0.030151  0.423102  0.313105  0.008895 -0.084047  3.132685  3.939086  0.250000  0.000000
 0.035176  0.423147  0.312682  0.024637 -0.064253  3.510269  5.036286  0.250000  0.000000
 0.040201  0.423271  0.312359  0.042276 -0.038945  3.771370  5.903352  0.250000  0.000000
 0.045226  0.423483  0.312164  0.061227 -0.009281  3.932274  6.568645  0.250000  0.000000
 0.050251  0.423791  0.312117  0.080987  0.023726  4.007544  7.057679  0.250000  0.000000
 0.055276  0.424198  0.312236  0.101125  0.059191  4.010181  7.393382  0.250000  0.000000
 0.060302  0.424706  0.312534  0.121280  0.096350  3.951746  7.596355  0.250000  0.000000
 0.065327  0.425315  0.313018  0.141137  0.134522  3.842556  7.684943  0.250000  0.000000
 0.070352  0.426024  0.313694  0.160446  0.173139  3.691735  7.675690  0.250000  0.000000
 0.075377  0.426831  0.314564  0.178997  0.211709  3.507354  7.583319  0.250000  0.000000
 0.080402  0.427730  0.315628  0.196622  0.249816  3.296534  7.420954  0.250000  0.000000
 0.085427  0.428718  0.316883  0.213187  0.287106  3.065533  7.200270  0.250000  0.000000
 0.090452  0.429789  0.318326  0.228591  0.323287  2.819829  6.931630  0.250000  0.000000
 0.095477  0.430938  0.319950  0.242761  0.358119  2.564203  6.624211  0.250000  0.000000
 0.100503  0.432158  0.321750  0.255648  0.391412  2.302747  6.286048  0.250000  0.000000
 0.105528  0.433443  0.323717  0.267220  0.422999  2.039149  5.924416  0.250000  0.000000
 0.110553  0.434786  0.325843  0.277466  0.452769  1.776421  5.545515  0.250000  0.000000
 0.115578  0.436180  0.328118  0.286393  0.480636  1.517175  5.154823  0.250000  0.000000
 0.120603  0.437619  0.330533  0.294017  0.506539  1.263609  4.757114  0.250000  0.000000
 0.125628  0.439097  0.333078  0.300366  0.530443  1.017556  4.356524  0.250000  0.000000
 0.130653  0.440606  0.335744  0.305480  0.552335  0.780520  3.956623  0.250000  0.000000
 0.135678  0.442141  0.338519  0.309402  0.572217  0.565993  3.560467  0.250000  0.000000
 0.140704  0.443696  0.341395  0.312246  0.590112  0.350404  3.170579  0.250000  0.000000
 0.145729  0.445265  0.344361  0.314007  0.606044  0.146850  2.789315  0.250000  0.000000
 0.150754  0.446843  0.347406  0.314745  0.620060 -0.044194  2.418425  0.250000  0.000000
 0.155779  0.448424  0.350522  0.314523  0.632213 -0.222384  2.059418  0.250000  0.000000
 0.160804  0.450005  0.353699  0.313406  0.642561 -0.387531  1.669450  0.250000  0.000000
 0.165829  0.451580  0.356927  0.311458  0.650950 -0.539584  1.338493  0.250000  0.000000
 0.170854  0.453145  0.360199  0.308747  0.657676 -0.678609  1.022097  0.250000  0.000000
 0.175879  0.454696  0.363503  0.305337  0.662812 -0.804772  0.720814  0.250000  0.000000
 0.180905  0.456231  0.366835  0.301292  0.666435 -0.918350  0.434965  0.250000  0.000000
 0.185930  0.457745  0.370183  0.296677  0.668621 -1.019620  0.164897  0.250000  0.000000
 0.190955  0.459236  0.373543  0.291554  0.669449 -1.108996 -0.089357  0.250000  0.000000
 0.195980  0.460701  0.376907  0.285981  0.669000 -1.186914 -0.327815  0.250000  0.000000
 0.201005  0.462138  0.380269  0.280017  0.667353 -1.253851 -0.550594  0.250000  0.000000
 0.206030  0.463545  0.383622  0.273716  0.664586 -1.310316 -0.757896  0.250000  0.000000
 0.211055  0.464920  0.386962  0.267132  0.660778 -1.356840 -0.949992  0.250000  0.000000
 0.216080  0.466263  0.390282  0.260314  0.656004 -1.393972 -1.127217  0.250000  0.000000
 0.221106  0.467571  0.393579  0.253308  0.650339 -1.422275 -1.289985  0.250000  0.000000
 0.226131  0.468844  0.396847  0.246161  0.643857 -1.442299 -1.438653  0.250000  0.000000
 0.231156  0.470081  0.400083  0.238913  0.636627 -1.454617 -1.573715  0.250000  0.000000
 0.236181  0.471281  0.403282  0.231604  0.628719 -1.459785 -1.695654  0.250000  0.000000
 0.241206  0.472445  0.406441  0.224268  0.620199 -1.458355 -1.804974  0.250000  0.000000
 0.246231  0.473572  0.409558  0.216940  0.611129 -1.450867 -1.902196  0.250000  0.000000
 0.251256  0.474662  0.412629  0.209649  0.601570 -1.437846 -1.987848  0.250000  0.000000
 0.256281  0.475716  0.415651  0.202424  0.591581 -1.419803 -2.062467  0.250000  0.000000
 0.261307  0.476733  0.418625  0.195288  0.581215 -1.397226 -2.126602  0.250000  0.000000
 0.266332  0.477714  0.421545  0.188267  0.570529 -1.370595 -2.180764  0.250000  0.000000
 0.271357  0.478661  0.424412  0.181380  0.559571 -1.340361 -2.225503  0.250000  0.000000
 0.276382  0.479572  0.427224  0.174645  0.548388 -1.306955 -2.261348  0.250000  0.000000
 0.281407  0.480450  0.429980  0.168077  0.537024 -1.270785 -2.288819  0.250000  0.000000
 0.286432  0.481294  0.432678  0.161692  0.525523 -1.232240 -2.308432  0.250000  0.000000
 0.291457  0.482107  0.435319  0.155500  0.513923 -1.191685 -2.320688  0.250000  0.000000
 0.296482  0.482888  0.437902  0.149511  0.502262 -1.149463 -2.326080  0.250000  0.000000
 0.301508  0.483639  0.440426  0.143734  0.490571 -1.105886 -2.325088  0.250000  0.000000
 0.306533  0.484362  0.442891  0.138177  0.478887 -1.061269 -2.318177  0.250000  0.000000
 0.311558  0.485056  0.445297  0.132844  0.467238 -1.015884 -2.305804  0.250000  0.000000
 0.316583  0.485724  0.447645  0.127739  0.455652 -0.969986 -2.288407  0.250000  0.000000
 0.321608  0.486365  0.449935  0.122865  0.444153 -0.923814 -2.266414  0.250000  0.000000
 0.326633  0.486983  0.452167  0.118223  0.432764 -0.877585 -2.240236  0.250000  0.000000
 0.331658  0.487577  0.454341  0.113813  0.421507 -0.835983 -2.210269  0.250000  0.000000
 0.336683  0.488149  0.456460  0.109612  0.410400 -0.790185 -2.176897  0.250000  0.000000
 0.341709  0.488700  0.458522  0.105641  0.399459 -0.744897 -2.140479  0.250000  0.000000
 0.346734  0.489231  0.460529  0.101898  0.388703 -0.700285 -2.101381  0.250000  0.000000
 0.351759  0.489743  0.462483  0.098379  0.378144 -0.656475 -2.059933  0.250000  0.000000
 0.356784  0.490237  0.464383  0.095080  0.367792 -0.613587 -2.016455  0.250000  0.000000
 0.361809  0.490715  0.466231  0.091997  0.357660 -0.571729 -1.971252  0.250000  0.000000
 0.366834  0.491177  0.468028  0.089124  0.347754 -0.530995 -1.924612  0.250000  0.000000
 0.371859  0.491625  0.469776  0.086456  0.338083 -0.491469 -1.876805  0.250000  0.000000
 0.376884  0.492059  0.471475  0.083986  0.328652 -0.453223 -1.828085  0.250000  0.000000
 0.381910  0.492481  0.473126  0.081708  0.319464 -0.387977 -1.778678  0.250000  0.000000
 0.386935  0.492892  0.474732  0.079758  0.310526 -0.350978 -1.728820  0.250000  0.000000
 0.391960  0.493293  0.476292  0.077995  0.301839 -0.325885 -1.678698  0.250000  0.000000
 0.396985  0.493685  0.477809  0.076357  0.293404 -0.290679 -1.628490  0.250000  0.000000
 0.402010  0.494068  0.479283  0.074897  0.285220 -0.256600 -1.578351  0.250000  0.000000
 0.407035  0.494445  0.480716  0.073607  0.277289 -0.223636 -1.528416  0.250000  0.000000
 0.412060  0.494815  0.482110  0.072483  0.269609 -0.191764 -1.478796  0.250000  0.000000
 0.417085  0.495179  0.483465  0.071520  0.262178 -0.160956 -1.429578  0.250000  0.000000
 0.422111  0.495538  0.484782  0.070711  0.254993 -0.131168 -1.380817  0.250000  0.000000
 0.427136  0.495894  0.486064  0.070052  0.248054 -0.102371 -1.332571  0.250000  0.000000
 0.432161  0.496246  0.487310  0.069537  0.241358 -0.074509 -1.284842  0.250000  0.000000
 0.437186  0.496595  0.488523  0.069163  0.234902 -0.047525 -1.237617  0.250000  0.000000
 0.442211  0.496943  0.489703  0.068924  0.228683 -0.021362 -1.190857  0.250000  0.000000
 0.447236  0.497289  0.490852  0.068817  0.222699  0.004046 -1.144496  0.250000  0.000000
 0.452261  0.497635  0.491972  0.068837  0.216948  0.028766 -1.098442  0.250000  0.000000
 0.457286  0.497981  0.493062  0.068982  0.211428  0.052867 -1.052579  0.250000  0.000000
 0.462312  0.498327  0.494124  0.069247  0.206138  0.137721 -1.006755  0.250000  0.000000
 0.467337  0.498675  0.495160  0.069939  0.201079  0.161649 -0.960824  0.250000  0.000000
 0.472362  0.499027  0.496171  0.070752  0.196251  0.185642 -0.914591  0.250000  0.000000
 0.477387  0.499382  0.497157  0.071684  0.191655  0.209779 -0.867852  0.250000  0.000000
 0.482412  0.499743  0.498120  0.072739  0.187294  0.234138 -0.820384  0.250000  0.000000
 0.487437  0.500108  0.499061  0.073915  0.183171  0.258790 -0.771952  0.250000  0.000000
 0.492462  0.500480  0.499981  0.075216  0.179292  0.283803 -0.722312  0.250000  0.000000
 0.497487  0.500857  0.500882  0.076642  0.175663  0.309237 -0.671211  0.250000  0.000000
 0.502513  0.501243  0.501765  0.078196  0.172289  0.335148 -0.618384  0.250000  0.000000
 0.507538  0.501636  0.502631  0.079880  0.169182  0.361564 -0.563603  0.250000  0.000000
 0.512563  0.502037  0.503481  0.081697  0.166350  0.388514 -0.506611  0.250000  0.000000
 0.517588  0.502448  0.504317  0.083649  0.163804  0.416009 -0.447175  0.250000  0.000000
 0.522613  0.502868  0.505140  0.085740  0.161557  0.444038 -0.385077  0.250000  0.000000
 0.527638  0.503299  0.505952  0.087971  0.159622  0.472573 -0.320121  0.250000  0.000000
 0.532663  0.503741  0.506754  0.090346  0.158013  0.501560 -0.252136  0.250000  0.000000
 0.537688  0.504195  0.507548  0.092866  0.156746  0.530923 -0.180979  0.250000  0.000000
 0.542714  0.504661  0.508336  0.095534  0.155837  0.560564 -0.106525  0.250000  0.000000
 0.547739  0.505142  0.509119  0.098351  0.155301  0.590339 -0.028732  0.250000  0.000000
 0.552764  0.505636  0.509899  0.101318  0.155157  0.620094  0.052449  0.250000  0.000000
 0.557789  0.506145  0.510679  0.104434  0.155421  0.649636  0.137010  0.250000  0.000000
 0.562814  0.506670  0.511460  0.107698  0.156109  0.678746  0.224903  0.250000  0.000000
 0.567839  0.507211  0.512244  0.111109  0.157239  0.707171  0.316033  0.250000  0.000000
 0.572864  0.507769  0.513035  0.114662  0.158827  0.734629  0.410265  0.250000  0.000000
 0.577889  0.508345  0.513833  0.118354  0.160889  0.760811  0.507420  0.250000  0.000000
 0.582915  0.508940  0.514641  0.122178  0.163439  0.785386  0.607299  0.250000  0.000000
 0.587940  0.509554  0.515463  0.126124  0.166491  0.807985  0.709601  0.250000  0.000000
 0.592965  0.510188  0.516299  0.130184  0.170057  0.828237  0.814052  0.250000  0.000000
 0.597990  0.510842  0.517154  0.134346  0.174147  0.845747  0.920322  0.250000  0.000000
 0.603015  0.511517  0.518029  0.138596  0.178772  0.860113  1.028053  0.250000  0.000000
 0.608040  0.512214  0.518927  0.142918  0.183938  0.870929  1.136861  0.250000  0.000000
 0.613065  0.512932  0.519851  0.147294  0.189650  0.877790  1.246341  0.250000  0.000000
 0.618090  0.513672  0.520804  0.151705  0.195913  0.880299  1.356070  0.250000  0.000000
 0.623116  0.514434  0.521789  0.156130  0.202729  0.878078  1.465637  0.250000  0.000000
 0.628141  0.515219  0.522808  0.160542  0.210094  0.870769  1.574550  0.250000  0.000000
 0.633166  0.516026  0.523864  0.164918  0.218006  0.858048  1.682386  0.250000  0.000000
 0.638191  0.516854  0.524959  0.169229  0.226460  0.839626  1.788698  0.250000  0.000000
 0.643216  0.517705  0.526097  0.173449  0.235448  0.815259  1.893040  0.250000  0.000000
 0.648241  0.518576  0.527280  0.177545  0.244961  0.784755  1.994978  0.250000  0.000000
 0.653266  0.519469  0.528511  0.181489  0.254985  0.747977  2.094082  0.250000  0.000000
 0.658291  0.520380  0.529792  0.185247  0.265508  0.704849  2.189940  0.250000  0.000000
 0.663317  0.521312  0.531127  0.188790  0.276515  0.655349  2.282171  0.250000  0.000000
 0.668342  0.522260  0.532516  0.192083  0.287983  0.599554  2.370351  0.250000  0.000000
 0.673367  0.523225  0.533963  0.195096  0.299894  0.537581  2.454133  0.250000  0.000000
 0.678392  0.524206  0.535470  0.197797  0.312226  0.487798  2.533168  0.250000  0.000000
 0.683417  0.525200  0.537039  0.200248  0.324955  0.410993  2.607124  0.250000  0.000000
 0.688442  0.526206  0.538672  0.202313  0.338056  0.329147  2.675685  0.250000  0.000000
 0.693467  0.527223  0.540371  0.203967  0.351501  0.242631  2.738551  0.250000  0.000000
 0.698492  0.528248  0.542137  0.205187  0.365262  0.151878  2.795436  0.250000  0.000000
 0.703518  0.529279  0.543973  0.205950  0.379312  0.057362  2.846077  0.250000  0.000000
 0.708543  0.530314  0.545879  0.206238  0.393614 -0.040330  2.890185  0.250000  0.000000
 0.713568  0.531350  0.547857  0.206036  0.408137 -0.140619  2.927516  0.250000  0.000000
 0.718593  0.532385  0.549908  0.205329  0.422848 -0.242865  2.957815  0.250000  0.000000
 0.723618  0.533417  0.552033  0.204109  0.437711 -0.346388  2.980828  0.250000  0.000000
 0.728643  0.534443  0.554232  0.202368  0.452689 -0.450478  2.996296  0.250000  0.000000
 0.733668  0.535460  0.556507  0.200104  0.467746 -0.554399  3.003956  0.250000  0.000000
 0.738693  0.536465  0.558857  0.197318  0.482841 -0.657393  3.003530  0.250000  0.000000
 0.743719  0.537457  0.561284  0.194014  0.497936 -0.758709  3.037517  0.250000  0.000000
 0.748744  0.538432  0.563786  0.190202  0.513200 -0.857524  3.011541  0.250000  0.000000
 0.753769  0.539388  0.566365  0.185893  0.528333 -0.953071  2.977651  0.250000  0.000000
 0.758794  0.540322  0.569020  0.181104  0.543295 -1.044563  2.935378  0.250000  0.000000
 0.763819  0.541232  0.571750  0.175855  0.558046 -1.131216  2.884236  0.250000  0.000000
 0.768844  0.542115  0.574554  0.170170  0.572539 -1.212252  2.823717  0.250000  0.000000
 0.773869  0.542971  0.577431  0.164079  0.586728 -1.286905  2.753298  0.250000  0.000000
 0.778894  0.543795  0.580379  0.157612  0.600564 -1.354423  2.672430  0.250000  0.000000
 0.783920  0.544587  0.583398  0.150805  0.613995 -1.414084  2.580532  0.250000  0.000000
 0.788945  0.545345  0.586483  0.143699  0.626962 -1.465152  2.477060  0.250000  0.000000
 0.793970  0.546067  0.589634  0.136337  0.639410 -1.493413  2.361411  0.250000  0.000000
 0.798995  0.546752  0.592847  0.128832  0.651276 -1.527962  2.232996  0.250000  0.000000
 0.804020  0.547400  0.596119  0.121154  0.662496 -1.551640  2.091240  0.250000  0.000000
 0.809045  0.548008  0.599448  0.113357  0.673005 -1.563915  1.935590  0.250000  0.000000
 0.814070  0.548578  0.602830  0.105498  0.682731 -1.564308  1.765537  0.250000  0.000000
 0.819095  0.549108  0.606261  0.097638  0.691603 -1.552400  1.580634  0.250000  0.000000
 0.824121  0.549599  0.609737  0.089835  0.699547 -1.527840  1.380477  0.250000  0.000000
 0.829146  0.550050  0.613252  0.082158  0.706484 -1.490376  1.164901  0.250000  0.000000
 0.834171  0.550463  0.616802  0.074669  0.712338 -1.439847  0.933757  0.250000  0.000000
 0.839196  0.550838  0.620382  0.067434  0.717030 -1.376204  0.687107  0.250000  0.000000
 0.844221  0.551177  0.623985  0.060518  0.720483 -1.299531  0.442717  0.250000  0.000000
 0.849246  0.551481  0.627605  0.053988  0.722707 -1.210052  0.163573  0.250000  0.000000
 0.854271  0.551753  0.631237  0.047908  0.723529 -1.108150 -0.129366  0.250000  0.000000
 0.859296  0.551993  0.634873  0.042339  0.722879 -0.994375 -0.435077  0.250000  0.000000
 0.864322  0.552206  0.638506  0.037341  0.720693 -0.869425 -0.752305  0.250000  0.000000
 0.869347  0.552394  0.642127  0.032973  0.716912 -0.734261 -1.079286  0.250000  0.000000
 0.874372  0.552559  0.645730  0.029283  0.711489 -0.589944 -1.414145  0.250000  0.000000
 0.879397  0.552707  0.649305  0.026318  0.704383 -0.437738 -1.754648  0.250000  0.000000
 0.884422  0.552839  0.652845  0.024119  0.695566 -0.279071 -2.098282  0.250000  0.000000
 0.889447  0.552960  0.656340  0.022717  0.685022 -0.115513 -2.442299  0.250000  0.000000
 0.894472  0.553074  0.659782  0.022136  0.672749  0.051241 -2.783754  0.250000  0.000000
 0.899497  0.553185  0.663163  0.022394  0.658761  0.219408 -3.119568  0.250000  0.000000
 0.904523  0.553298  0.666474  0.023496  0.643082  0.387178 -3.446655  0.250000  0.000000
 0.909548  0.553416  0.669705  0.025442  0.625762  0.552620 -3.761726  0.250000  0.000000
 0.914573  0.553544  0.672849  0.028219  0.606860  0.713929 -4.061773  0.250000  0.000000
 0.919598  0.553686  0.675899  0.031806  0.586449  0.869324 -4.343866  0.250000  0.000000
 0.924623  0.553846  0.678846  0.036175  0.564621  1.016201 -4.605293  0.250000  0.000000
 0.929648  0.554027  0.681683  0.041281  0.541480  1.155000 -4.843621  0.250000  0.000000
 0.934673  0.554235  0.684404  0.047085  0.517141  1.283271 -5.056754  0.250000  0.000000
 0.939698  0.554471  0.687003  0.053533  0.491731  1.399820 -5.242971  0.250000  0.000000
 0.944724  0.554740  0.689474  0.060569  0.465379  1.503684 -5.400988  0.250000  0.000000
 0.949749  0.555045  0.691813  0.068125  0.438239  1.594058 -5.529841  0.250000  0.000000
 0.954774  0.555387  0.694015  0.076135  0.410452  1.670428 -5.629098  0.250000  0.000000
 0.959799  0.555770  0.696077  0.084529  0.382166  1.732480 -5.698700  0.250000  0.000000
 0.964824  0.556194  0.697998  0.093235  0.353530  1.780118 -5.738984  0.250000  0.000000
 0.969849  0.556663  0.699774  0.102180  0.324691  1.813446 -5.750645  0.250000  0.000000
 0.974874  0.557176  0.701406  0.111292  0.295794  1.832754 -5.734706  0.250000  0.000000
 0.979899  0.557736  0.702892  0.120502  0.266977  1.838498 -5.692471  0.250000  0.000000
 0.984925  0.558341  0.704234  0.129742  0.238367  1.831273 -5.625467  0.250000  0.000000
 0.989950  0.558993  0.705432  0.138944  0.210099  1.811799 -5.535451  0.250000  0.000000
 0.994975  0.559691  0.706487  0.148049  0.182283  1.780891 -5.424291  0.250000  0.000000
 1.000000  0.560435  0.707403  0.156998  0.155026  1.739437 -5.293963  0.250000  0.000000