  0.000000   0.423463   0.315224   0.000000   0.000000  -2.536319 -14.457849   0.250000   0.875000
  0.005025   0.423463   0.315224  -0.012745  -0.072651  -1.034694 -10.590270   0.250000   0.875000
  0.010050   0.423399   0.314859  -0.017944  -0.125867   0.208203  -7.246504   0.250000   0.875000
  0.015075   0.423309   0.314226  -0.016898  -0.162280   1.223111  -4.371170   0.250000   0.875000
  0.020101   0.423224   0.313411  -0.010751  -0.184250   2.037885  -1.913563   0.250000   0.875000
  0.025126   0.423170   0.312485  -0.000510  -0.193866   2.677131   0.170823   0.250000   0.875000
  0.030151   0.423167   0.311511   0.012942  -0.193007   3.163470   1.923770   0.250000   0.875000
  0.035176   0.423232   0.310541   0.028839  -0.183340   3.517044   3.382579   0.250000   0.875000
  0.040201   0.423377   0.309620   0.046512  -0.166343   3.755919   4.580970   0.250000   0.875000
  0.045226   0.423611   0.308784   0.065385  -0.143323   3.896272   5.549396   0.250000   0.875000
  0.050251   0.423940   0.308064   0.084964  -0.115438   3.952562   6.315330   0.250000   0.875000
  0.055276   0.424366   0.307484   0.104826  -0.083703   3.937696   6.903531   0.250000   0.875000
  0.060302   0.424893   0.307063   0.124617  -0.049006   3.863144   7.336363   0.250000   0.875000
  0.065327   0.425519   0.306817   0.144029  -0.012141   3.739152   7.633679   0.250000   0.875000
  0.070352   0.426243   0.306756   0.162818   0.026218   3.574766   7.813576   0.250000   0.875000
  0.075377   0.427061   0.306887   0.180781   0.065482   3.377990   7.892179   0.250000   0.875000
  0.080402   0.427970   0.307216   0.197756   0.105140   3.155884   7.883926   0.250000   0.875000
  0.085427   0.428964   0.307745   0.213614   0.144757   2.914648   7.801717   0.250000   0.875000
  0.090452   0.430037   0.308472   0.228260   0.183960   2.659712   7.657062   0.250000   0.875000
  0.095477   0.431184   0.309396   0.241625   0.222437   2.395808   7.460207   0.250000   0.875000
  0.100503   0.432398   0.310514   0.253666   0.259932   2.126983   7.220203   0.250000   0.875000
  0.105528   0.433673   0.311821   0.264355   0.296213   1.856889   6.945218   0.250000   0.875000
  0.110553   0.435001   0.313309   0.273685   0.331113   1.588502   6.642340   0.250000   0.875000
  0.115578   0.436377   0.314973   0.281668   0.364491   1.324397   6.317859   0.250000   0.875000
  0.120603   0.437792   0.316804   0.288323   0.396238   1.066745   5.977302   0.250000   0.875000
  0.125628   0.439241   0.318796   0.293683   0.426274   0.817347   5.625508   0.250000   0.875000
  0.130653   0.440717   0.320938   0.297790   0.454542   0.577682   5.266700   0.250000   0.875000
  0.135678   0.442213   0.323222   0.300693   0.481007   0.360508   4.904544   0.250000   0.875000
  0.140704   0.443724   0.325639   0.302505   0.505658   0.143660   4.542131   0.250000   0.875000
  0.145729   0.445244   0.328180   0.303227   0.528482  -0.060511   4.182332   0.250000   0.875000
  0.150754   0.446768   0.330836   0.302923   0.549498  -0.251554   3.827390   0.250000   0.875000
  0.155779   0.448290   0.333597   0.301659   0.568731  -0.429146   3.479267   0.250000   0.875000
  0.160804   0.449806   0.336455   0.299502   0.586214  -0.593119   3.101464   0.250000   0.875000
  0.165829   0.451311   0.339401   0.296522   0.601799  -0.743443   2.772669   0.250000   0.875000
  0.170854   0.452801   0.342425   0.292786   0.615732  -0.880203   2.454608   0.250000   0.875000
  0.175879   0.454272   0.345519   0.288363   0.628066  -1.003588   2.148168   0.250000   0.875000
  0.180905   0.455722   0.348675   0.283319   0.638863  -1.113893   1.853981   0.250000   0.875000
  0.185930   0.457145   0.351886   0.277722   0.648179  -1.211419   1.572685   0.250000   0.875000
  0.190955   0.458541   0.355143   0.271634   0.656082  -1.296600   1.304581   0.250000   0.875000
  0.195980   0.459906   0.358440   0.265119   0.662637  -1.369893   1.049896   0.250000   0.875000
  0.201005   0.461238   0.361769   0.258235   0.667913  -1.431798   0.808742   0.250000   0.875000
  0.206030   0.462536   0.365126   0.251040   0.671977  -1.482846   0.581129   0.250000   0.875000
  0.211055   0.463797   0.368502   0.243589   0.674897  -1.523591   0.366981   0.250000   0.875000
  0.216080   0.465021   0.371894   0.235933   0.676741  -1.554605   0.166143   0.250000   0.875000
  0.221106   0.466207   0.375295   0.228120   0.677576  -1.576472  -0.021638   0.250000   0.875000
  0.226131   0.467353   0.378700   0.220198   0.677467  -1.589772  -0.196553   0.250000   0.875000
  0.231156   0.468460   0.382104   0.212209   0.676480  -1.595095  -0.358958   0.250000   0.875000
  0.236181   0.469526   0.385503   0.204194   0.674676  -1.593026  -0.509205   0.250000   0.875000
  0.241206   0.470552   0.388894   0.196189   0.672117  -1.584138  -0.647676   0.250000   0.875000
  0.246231   0.471538   0.392271   0.188229   0.668863  -1.568996  -0.774776   0.250000   0.875000
  0.251256   0.472484   0.395632   0.180345   0.664969  -1.548150  -0.890929   0.250000   0.875000
  0.256281   0.473390   0.398973   0.172565   0.660492  -1.522135  -0.996572   0.250000   0.875000
  0.261307   0.474258   0.402293   0.164915   0.655484  -1.491458  -1.092168   0.250000   0.875000
  0.266332   0.475086   0.405587   0.157420   0.649996  -1.456630  -1.178129   0.250000   0.875000
  0.271357   0.475877   0.408853   0.150101   0.644075  -1.418119  -1.254927   0.250000   0.875000
  0.276382   0.476632   0.412090   0.142975   0.637769  -1.376381  -1.323015   0.250000   0.875000
  0.281407   0.477350   0.415294   0.136058   0.631121  -1.331846  -1.382841   0.250000   0.875000
  0.286432   0.478034   0.418466   0.129366   0.624173  -1.284924  -1.434846   0.250000   0.875000
  0.291457   0.478684   0.421602   0.122909   0.616962  -1.236000  -1.479465   0.250000   0.875000
  0.296482   0.479301   0.424702   0.116698   0.609528  -1.185438  -1.517126   0.250000   0.875000
  0.301508   0.479888   0.427766   0.110740   0.601903  -1.133566  -1.548249   0.250000   0.875000
  0.306533   0.480444   0.430791   0.105044   0.594123  -1.080723  -1.573226   0.250000   0.875000
  0.311558   0.480972   0.433776   0.099613   0.586218  -1.027195  -1.592456   0.250000   0.875000
  0.316583   0.481473   0.436722   0.094452   0.578216  -0.973256  -1.606319   0.250000   0.875000
  0.321608   0.481947   0.439627   0.089561   0.570144  -0.919158  -1.615181   0.250000   0.875000
  0.326633   0.482397   0.442492   0.084942   0.562027  -0.865135  -1.619394   0.250000   0.875000
  0.331658   0.482824   0.445316   0.080595   0.553890  -0.811400  -1.619298   0.250000   0.875000
  0.336683   0.483229   0.448100   0.076518   0.545753  -0.758149  -1.615215   0.250000   0.875000
  0.341709   0.483614   0.450843   0.072707   0.537635  -0.705548  -1.607455   0.250000   0.875000
  0.346734   0.483979   0.453544   0.069162   0.529558  -0.653780  -1.596315   0.250000   0.875000
  0.351759   0.484327   0.456205   0.065877   0.521536  -0.602977  -1.582075   0.250000   0.875000
  0.356784   0.484658   0.458826   0.062847   0.513586  -0.553271  -1.565003   0.250000   0.875000
  0.361809   0.484974   0.461407   0.060066   0.505722  -0.504776  -1.545352   0.250000   0.875000
  0.366834   0.485275   0.463948   0.057530   0.497957  -0.457596  -1.523361   0.250000   0.875000
  0.371859   0.485565   0.466450   0.055231   0.490302  -0.411819  -1.499255   0.250000   0.875000
  0.376884   0.485842   0.468914   0.053161   0.482768  -0.367526  -1.473248   0.250000   0.875000
  0.381910   0.486109   0.471340   0.051314   0.475363  -0.295618  -1.445533   0.250000   0.875000
  0.386935   0.486367   0.473729   0.049828   0.468100  -0.252928  -1.411420   0.250000   0.875000
  0.391960   0.486617   0.476081   0.048558   0.461007  -0.211505  -1.381417   0.250000   0.875000
  0.396985   0.486861   0.478398   0.047495   0.454066  -0.171357  -1.350199   0.250000   0.875000
  0.402010   0.487100   0.480680   0.046634   0.447281  -0.132484  -1.317917   0.250000   0.875000
  0.407035   0.487334   0.482927   0.045968   0.440658  -0.094873  -1.284713   0.250000   0.875000
  0.412060   0.487565   0.485141   0.045491   0.434203  -0.058503  -1.250718   0.250000   0.875000
  0.417085   0.487794   0.487323   0.045197   0.427918  -0.023345  -1.216052   0.250000   0.875000
  0.422111   0.488021   0.489474   0.045080   0.421806   0.010648  -1.180816   0.250000   0.875000
  0.427136   0.488248   0.491594   0.045133   0.415872   0.043508  -1.145126   0.250000   0.875000
  0.432161   0.488475   0.493683   0.045352   0.410118   0.075294  -1.109063   0.250000   0.875000
  0.437186   0.488702   0.495744   0.045730   0.404545   0.106066  -1.072710   0.250000   0.875000
  0.442211   0.488932   0.497777   0.046263   0.399155   0.135891  -1.036138   0.250000   0.875000
  0.447236   0.489165   0.499783   0.046946   0.393948   0.164839  -0.999411   0.250000   0.875000
  0.452261   0.489401   0.501762   0.047775   0.388926   0.192984  -0.962586   0.250000   0.875000
  0.457286   0.489641   0.503717   0.048744   0.384089   0.220404  -0.925711   0.250000   0.875000
  0.462312   0.489886   0.505647   0.049852   0.379436   0.309081  -0.888819   0.250000   0.875000
  0.467337   0.490136   0.507554   0.051405   0.374970   0.336191  -0.851959   0.250000   0.875000
  0.472362   0.490394   0.509438   0.053094   0.370689   0.363302  -0.815151   0.250000   0.875000
  0.477387   0.490661   0.511301   0.054920   0.366593   0.390508  -0.778416   0.250000   0.875000
  0.482412   0.490937   0.513143   0.056882   0.362681   0.417898  -0.741770   0.250000   0.875000
  0.487437   0.491223   0.514965   0.058982   0.358954   0.445561  -0.705222   0.250000   0.875000
  0.492462   0.491519   0.516769   0.061221   0.355410   0.473581  -0.668777   0.250000   0.875000
  0.497487   0.491827   0.518555   0.063601   0.352050   0.502034  -0.632435   0.250000   0.875000
  0.502513   0.492147   0.520324   0.066124   0.348871   0.530994  -0.596183   0.250000   0.875000
  0.507538   0.492479   0.522078   0.068792   0.345875   0.560507  -0.560028   0.250000   0.875000
  0.512563   0.492825   0.523816   0.071609   0.343061   0.590623  -0.523950   0.250000   0.875000
  0.517588   0.493185   0.525539   0.074577   0.340428   0.621370  -0.487934   0.250000   0.875000
  0.522613   0.493559   0.527250   0.077699   0.337976   0.652757  -0.451961   0.250000   0.875000
  0.527638   0.493950   0.528948   0.080979   0.335705   0.684775  -0.416009   0.250000   0.875000
  0.532663   0.494357   0.530635   0.084420   0.333615   0.717390  -0.380055   0.250000   0.875000
  0.537688   0.494781   0.532312   0.088025   0.331705   0.750543  -0.344075   0.250000   0.875000
  0.542714   0.495223   0.533979   0.091798   0.329976   0.784155  -0.308035   0.250000   0.875000
  0.547739   0.495685   0.535637   0.095738   0.328428   0.818095  -0.271921   0.250000   0.875000
  0.552764   0.496166   0.537287   0.099849   0.327061   0.852221  -0.235699   0.250000   0.875000
  0.557789   0.496667   0.538931   0.104131   0.325877   0.886353  -0.199341   0.250000   0.875000
  0.562814   0.497191   0.540568   0.108585   0.324875   0.920276  -0.162819   0.250000   0.875000
  0.567839   0.497736   0.542201   0.113210   0.324057   0.953739  -0.126107   0.250000   0.875000
  0.572864   0.498305   0.543829   0.118002   0.323423   0.986457  -0.089178   0.250000   0.875000
  0.577889   0.498898   0.545455   0.122959   0.322975   1.018113  -0.052008   0.250000   0.875000
  0.582915   0.499516   0.547078   0.128076   0.322714   1.048362  -0.014568   0.250000   0.875000
  0.587940   0.500160   0.548699   0.133344   0.322641   1.076807   0.023146   0.250000   0.875000
  0.592965   0.500830   0.550321   0.138755   0.322757   1.103047   0.061158   0.250000   0.875000
  0.597990   0.501527   0.551943   0.144298   0.323064   1.126648   0.099483   0.250000   0.875000
  0.603015   0.502252   0.553566   0.149959   0.323564   1.147157   0.138128   0.250000   0.875000
  0.608040   0.503006   0.555192   0.155724   0.324258   1.164108   0.177099   0.250000   0.875000
  0.613065   0.503788   0.556821   0.161573   0.325148   1.177026   0.216397   0.250000   0.875000
  0.618090   0.504600   0.558455   0.167488   0.326236   1.185435   0.256015   0.250000   0.875000
  0.623116   0.505442   0.560095   0.173446   0.327522   1.188864   0.295952   0.250000   0.875000
  0.628141   0.506313   0.561741   0.179420   0.329010   1.186856   0.336174   0.250000   0.875000
  0.633166   0.507215   0.563394   0.185384   0.330699   1.178977   0.376665   0.250000   0.875000
  0.638191   0.508147   0.565056   0.191308   0.332592   1.164821   0.417396   0.250000   0.875000
  0.643216   0.509108   0.566727   0.197161   0.334689   1.144021   0.458326   0.250000   0.875000
  0.648241   0.510099   0.568409   0.202910   0.336992   1.116252   0.499409   0.250000   0.875000
  0.653266   0.511118   0.570102   0.208519   0.339502   1.081245   0.540590   0.250000   0.875000
  0.658291   0.512166   0.571808   0.213953   0.342218   1.038788   0.581802   0.250000   0.875000
  0.663317   0.513241   0.573528   0.219174   0.345142   0.988722   0.622981   0.250000   0.875000
  0.668342   0.514343   0.575262   0.224142   0.348273   0.930990   0.664022   0.250000   0.875000
  0.673367   0.515469   0.577012   0.228820   0.351609   0.865578   0.704836   0.250000   0.875000
  0.678392   0.516619   0.578779   0.233170   0.355151   0.812473   0.745313   0.250000   0.875000
  0.683417   0.517791   0.580564   0.237252   0.358896   0.728654   0.785332   0.250000   0.875000
  0.688442   0.518983   0.582367   0.240914   0.362843   0.637954   0.824754   0.250000   0.875000
  0.693467   0.520193   0.584191   0.244120   0.366987   0.540648   0.863428   0.250000   0.875000
  0.698492   0.521420   0.586035   0.246836   0.371326   0.437086   0.901185   0.250000   0.875000
  0.703518   0.522661   0.587901   0.249033   0.375855   0.327670   0.937848   0.250000   0.875000
  0.708543   0.523912   0.589790   0.250680   0.380568   0.212939   0.973196   0.250000   0.875000
  0.713568   0.525172   0.591702   0.251750   0.385458   0.093430   1.007014   0.250000   0.875000
  0.718593   0.526437   0.593639   0.252219   0.390518  -0.030237   1.039057   0.250000   0.875000
  0.723618   0.527704   0.595601   0.252067   0.395740  -0.157391   1.069055   0.250000   0.875000
  0.728643   0.528971   0.597590   0.251276   0.401112  -0.287311   1.096717   0.250000   0.875000
  0.733668   0.530233   0.599606   0.249833   0.406623  -0.419233   1.121722   0.250000   0.875000
  0.738693   0.531489   0.601649   0.247726   0.412259  -0.552358   1.143726   0.250000   0.875000
  0.743719   0.532734   0.603721   0.244950   0.418008  -0.685883   1.162356   0.250000   0.875000
  0.748744   0.533965   0.605821   0.241503   0.423848  -0.818896   1.177198   0.250000   0.875000
  0.753769   0.535178   0.607951   0.237388   0.429764  -0.950549   1.187818   0.250000   0.875000
  0.758794   0.536371   0.610111   0.232612   0.435733  -1.079949   1.193747   0.250000   0.875000
  0.763819   0.537540   0.612300   0.227185   0.441731  -1.206194   1.194480   0.250000   0.875000
  0.768844   0.538682   0.614520   0.221124   0.447734  -1.328369   1.189482   0.250000   0.875000
  0.773869   0.539793   0.616770   0.214449   0.453711  -1.445558   1.178185   0.250000   0.875000
  0.778894   0.540870   0.619050   0.207185   0.459631  -1.556840   1.159990   0.250000   0.875000
  0.783920   0.541912   0.621360   0.199360   0.465461  -1.661320   1.134266   0.250000   0.875000
  0.788945   0.542914   0.623699   0.191012   0.471161  -1.758036   1.100374   0.250000   0.875000
  0.793970   0.543873   0.626066   0.182178   0.476690  -1.829582   1.057647   0.250000   0.875000
  0.798995   0.544789   0.628462   0.172984   0.482005  -1.911304   1.005409   0.250000   0.875000
  0.804020   0.545658   0.630884   0.163380   0.487057  -1.982203   0.942991   0.250000   0.875000
  0.809045   0.546479   0.633331   0.153419   0.491796  -2.041461   0.869733   0.250000   0.875000
  0.814070   0.547250   0.635803   0.143161   0.496166  -2.088287   0.785007   0.250000   0.875000
  0.819095   0.547969   0.638296   0.132667   0.500111  -2.121924   0.688231   0.250000   0.875000
  0.824121   0.548636   0.640809   0.122003   0.503570  -2.141666   0.578867   0.250000   0.875000
  0.829146   0.549249   0.643340   0.111241   0.506479  -2.146854   0.456534   0.250000   0.875000
  0.834171   0.549808   0.645885   0.100453   0.508773  -2.136920   0.320899   0.250000   0.875000
  0.839196   0.550313   0.648441   0.089715   0.510385  -2.111380   0.171790   0.250000   0.875000
  0.844221   0.550764   0.651006   0.079105   0.511248  -2.069863   0.009204   0.250000   0.875000
  0.849246   0.551161   0.653575   0.068704   0.511295  -2.012130  -0.166674   0.250000   0.875000
  0.854271   0.551507   0.656144   0.058593   0.510457  -1.938089  -0.355439   0.250000   0.875000
  0.859296   0.551801   0.658709   0.048854   0.508671  -1.847824  -0.556448   0.250000   0.875000
  0.864322   0.552046   0.661266   0.039567   0.505874  -1.741584  -0.768850   0.250000   0.875000
  0.869347   0.552245   0.663808   0.030816   0.502011  -1.619888  -0.991394   0.250000   0.875000
  0.874372   0.552400   0.666331   0.022676   0.497029  -1.483413  -1.222692   0.250000   0.875000
  0.879397   0.552514   0.668828   0.015222   0.490885  -1.333080  -1.461055   0.250000   0.875000
  0.884422   0.552591   0.671295   0.008523   0.483543  -1.170035  -1.704543   0.250000   0.875000
  0.889447   0.552633   0.673725   0.002643   0.474978  -0.995645  -1.951000   0.250000   0.875000
  0.894472   0.552647   0.676111  -0.002360   0.465174  -0.811484  -2.198085   0.250000   0.875000
  0.899497   0.552635   0.678449  -0.006437   0.454129  -0.619311  -2.443318   0.250000   0.875000
  0.904523   0.552602   0.680731  -0.009550   0.441849  -0.421000  -2.684181   0.250000   0.875000
  0.909548   0.552555   0.682952  -0.011666   0.428361  -0.218673  -2.917977   0.250000   0.875000
  0.914573   0.552496   0.685104  -0.012764   0.413698  -0.014413  -3.142195   0.250000   0.875000
  0.919598   0.552432   0.687183  -0.012837   0.397908   0.189620  -3.354365   0.250000   0.875000
  0.924623   0.552367   0.689183  -0.011884   0.381053   0.389260  -3.552174   0.250000   0.875000
  0.929648   0.552308   0.691097  -0.009928   0.363203   0.586684  -3.733512   0.250000   0.875000
  0.934673   0.552258   0.692922  -0.006980   0.344442   0.777613  -3.896528   0.250000   0.875000
  0.939698   0.552223   0.694653  -0.003072   0.324862   0.960163  -4.039660   0.250000   0.875000
  0.944724   0.552207   0.696286   0.001753   0.304559   1.132654  -4.161694   0.250000   0.875000
  0.949749   0.552216   0.697816   0.007445   0.283646   1.293497  -4.261671   0.250000   0.875000
  0.954774   0.552253   0.699242   0.013945   0.262231   1.441431  -4.339061   0.250000   0.875000
  0.959799   0.552323   0.700559   0.021188   0.240427   1.575390  -4.393638   0.250000   0.875000
  0.964824   0.552430   0.701768   0.029104   0.218349   1.694544  -4.425503   0.250000   0.875000
  0.969849   0.552576   0.702865   0.037619   0.196111   1.798302  -4.435059   0.250000   0.875000
  0.974874   0.552765   0.703850   0.046656   0.173825   1.886307  -4.422980   0.250000   0.875000
  0.979899   0.553000   0.704724   0.056135   0.151600   1.958419  -4.390183   0.250000   0.875000
  0.984925   0.553282   0.705486   0.065978   0.129535   2.014718  -4.337778   0.250000   0.875000
  0.989950   0.553613   0.706137   0.076101   0.107737   2.055430  -4.267074   0.250000   0.875000
  0.994975   0.553996   0.706678   0.086430   0.086295   2.080992  -4.179485   0.250000   0.875000
  1.000000   0.554430   0.707112   0.096887   0.065293   2.091967  -4.076526   0.250000   0.875000