  0.000000   0.423463   0.315224   0.000000   0.000000  -2.567718 -14.516107   0.250000   0.750000
  0.005025   0.423463   0.315224  -0.012903  -0.072943  -1.060721 -10.637337   0.250000   0.750000
  0.010050   0.423398   0.314857  -0.018233  -0.126396   0.187169  -7.283375   0.250000   0.750000
  0.015075   0.423307   0.314222  -0.017292  -0.162995   1.206713  -4.398772   0.250000   0.750000
  0.020101   0.423220   0.313403  -0.011227  -0.185103   2.025792  -1.932755   0.250000   0.750000
  0.025126   0.423163   0.312473  -0.001048  -0.194815   2.669031   0.159238   0.250000   0.750000
  0.030151   0.423158   0.311494   0.012364  -0.194015   3.159072   1.919047   0.250000   0.750000
  0.035176   0.423220   0.310519   0.028238  -0.184372   3.516076   3.384026   0.250000   0.750000
  0.040201   0.423362   0.309593   0.045907  -0.167367   3.758127   4.587946   0.250000   0.750000
  0.045226   0.423593   0.308752   0.064791  -0.144313   3.901415   5.561305   0.250000   0.750000
  0.050251   0.423918   0.308026   0.084396  -0.116367   3.960417   6.331619   0.250000   0.750000
  0.055276   0.424342   0.307442   0.104297  -0.084551   3.948051   6.923687   0.250000   0.750000
  0.060302   0.424867   0.307017   0.124140  -0.049752   3.875802   7.359912   0.250000   0.750000
  0.065327   0.425490   0.306767   0.143616  -0.012769   3.753924   7.660182   0.250000   0.750000
  0.070352   0.426212   0.306703   0.162479   0.025724   3.591475   7.842624   0.250000   0.750000
  0.075377   0.427028   0.306832   0.180526   0.065133   3.396471   7.923397   0.250000   0.750000
  0.080402   0.427936   0.307159   0.197594   0.104948   3.175976   7.916965   0.250000   0.750000
  0.085427   0.428929   0.307686   0.213553   0.144731   2.936203   7.836257   0.250000   0.750000
  0.090452   0.430002   0.308414   0.228307   0.184108   2.682586   7.692804   0.250000   0.750000
  0.095477   0.431149   0.309339   0.241787   0.222764   2.419864   7.496878   0.250000   0.750000
  0.100503   0.432364   0.310459   0.253950   0.260443   2.152092   7.257551   0.250000   0.750000
  0.105528   0.433640   0.311767   0.264764   0.296913   1.882926   6.983009   0.250000   0.750000
  0.110553   0.434971   0.313259   0.274226   0.332002   1.615347   6.680360   0.250000   0.750000
  0.115578   0.436349   0.314928   0.282343   0.365571   1.351937   6.355911   0.250000   0.750000
  0.120603   0.437767   0.316765   0.289136   0.397509   1.094868   6.015203   0.250000   0.750000
  0.125628   0.439220   0.318762   0.294638   0.427736   0.845948   5.663092   0.250000   0.750000
  0.130653   0.440701   0.320911   0.298889   0.456193   0.606659   5.303814   0.250000   0.750000
  0.135678   0.442203   0.323204   0.301937   0.482845   0.389863   4.941045   0.250000   0.750000
  0.140704   0.443720   0.325631   0.303897   0.507678   0.173195   4.577892   0.250000   0.750000
  0.145729   0.445247   0.328182   0.304767   0.530682  -0.030888   4.217233   0.250000   0.750000
  0.150754   0.446779   0.330848   0.304612   0.551874  -0.221932   3.861324   0.250000   0.750000
  0.155779   0.448309   0.333621   0.303497   0.571277  -0.399608   3.512133   0.250000   0.750000
  0.160804   0.449835   0.336492   0.301489   0.588925  -0.563749   3.134830   0.250000   0.750000
  0.165829   0.451350   0.339451   0.298656   0.604678  -0.714320   2.804751   0.250000   0.750000
  0.170854   0.452850   0.342490   0.295066   0.618772  -0.851404   2.485337   0.250000   0.750000
  0.175879   0.454333   0.345599   0.290788   0.631261  -0.975186   2.177483   0.250000   0.750000
  0.180905   0.455794   0.348772   0.285887   0.642205  -1.085958   1.881825   0.250000   0.750000
  0.185930   0.457231   0.351999   0.280430   0.651661  -1.184019   1.599008   0.250000   0.750000
  0.190955   0.458640   0.355274   0.274480   0.659696  -1.269799   1.329335   0.250000   0.750000
  0.195980   0.460019   0.358589   0.268099   0.666376  -1.343753   1.073041   0.250000   0.750000
  0.201005   0.461367   0.361937   0.261347   0.671768  -1.406377   0.830240   0.250000   0.750000
  0.206030   0.462680   0.365313   0.254280   0.675940  -1.458199   0.600946   0.250000   0.750000
  0.211055   0.463958   0.368709   0.246952   0.678959  -1.499769   0.385086   0.250000   0.750000
  0.216080   0.465199   0.372121   0.239416   0.680895  -1.531657   0.182511   0.250000   0.750000
  0.221106   0.466402   0.375543   0.231718   0.681812  -1.554444  -0.007032   0.250000   0.750000
  0.226131   0.467566   0.378969   0.223907   0.681776  -1.568704  -0.183730   0.250000   0.750000
  0.231156   0.468691   0.382395   0.216024   0.680853  -1.575027  -0.347937   0.250000   0.750000
  0.236181   0.469777   0.385817   0.208110   0.679105  -1.573991  -0.500002   0.250000   0.750000
  0.241206   0.470823   0.389229   0.200200   0.676592  -1.566169  -0.640305   0.250000   0.750000
  0.246231   0.471829   0.392629   0.192330   0.673375  -1.552121  -0.769249   0.250000   0.750000
  0.251256   0.472795   0.396013   0.184531   0.669509  -1.532393  -0.887255   0.250000   0.750000
  0.256281   0.473722   0.399377   0.176831   0.665051  -1.507516  -0.994759   0.250000   0.750000
  0.261307   0.474611   0.402720   0.169254   0.660051  -1.477996  -1.092222   0.250000   0.750000
  0.266332   0.475462   0.406036   0.161827   0.654563  -1.444339  -1.180054   0.250000   0.750000
  0.271357   0.476275   0.409326   0.154569   0.648633  -1.407011  -1.258727   0.250000   0.750000
  0.276382   0.477052   0.412585   0.147499   0.642308  -1.366463  -1.328689   0.250000   0.750000
  0.281407   0.477793   0.415813   0.140632   0.635631  -1.323123  -1.390388   0.250000   0.750000
  0.286432   0.478499   0.419007   0.133984   0.628645  -1.277398  -1.444265   0.250000   0.750000
  0.291457   0.479173   0.422166   0.127565   0.621387  -1.229670  -1.490753   0.250000   0.750000
  0.296482   0.479814   0.425288   0.121386   0.613896  -1.180298  -1.530275   0.250000   0.750000
  0.301508   0.480424   0.428373   0.115454   0.606205  -1.129611  -1.563254   0.250000   0.750000
  0.306533   0.481004   0.431420   0.109777   0.598350  -1.077944  -1.590077   0.250000   0.750000
  0.311558   0.481556   0.434426   0.104361   0.590359  -1.025579  -1.611144   0.250000   0.750000
  0.316583   0.482080   0.437393   0.099207   0.582263  -0.972789  -1.626832   0.250000   0.750000
  0.321608   0.482579   0.440319   0.094319   0.574089  -0.919823  -1.637506   0.250000   0.750000
  0.326633   0.483053   0.443204   0.089697   0.565860  -0.866913  -1.643516   0.250000   0.750000
  0.331658   0.483503   0.446047   0.085340   0.557601  -0.814271  -1.645200   0.250000   0.750000
  0.336683   0.483932   0.448849   0.081249   0.549334  -0.762090  -1.642879   0.250000   0.750000
  0.341709   0.484340   0.451610   0.077418   0.541077  -0.710535  -1.636862   0.250000   0.750000
  0.346734   0.484729   0.454329   0.073848   0.532852  -0.659786  -1.627442   0.250000   0.750000
  0.351759   0.485101   0.457006   0.070533   0.524674  -0.609975  -1.614900   0.250000   0.750000
  0.356784   0.485455   0.459643   0.067467   0.516559  -0.561232  -1.599500   0.250000   0.750000
  0.361809   0.485794   0.462239   0.064647   0.508522  -0.513670  -1.581494   0.250000   0.750000
  0.366834   0.486119   0.464794   0.062066   0.500575  -0.467391  -1.561119   0.250000   0.750000
  0.371859   0.486431   0.467309   0.059717   0.492730  -0.422483  -1.538598   0.250000   0.750000
  0.376884   0.486731   0.469785   0.057594   0.484999  -0.379025  -1.514144   0.250000   0.750000
  0.381910   0.487020   0.472223   0.055689   0.477389  -0.308031  -1.487947   0.250000   0.750000
  0.386935   0.487300   0.474622   0.054142   0.469912  -0.266116  -1.460203   0.250000   0.750000
  0.391960   0.487572   0.476983   0.052804   0.462574  -0.225433  -1.431079   0.250000   0.750000
  0.396985   0.487838   0.479307   0.051672   0.455383  -0.185992  -1.400736   0.250000   0.750000
  0.402010   0.488097   0.481596   0.050737   0.448344  -0.147792  -1.369323   0.250000   0.750000
  0.407035   0.488352   0.483849   0.049994   0.441463  -0.110819  -1.336977   0.250000   0.750000
  0.412060   0.488603   0.486067   0.049437   0.434745  -0.075054  -1.303824   0.250000   0.750000
  0.417085   0.488852   0.488252   0.049060   0.428193  -0.040466  -1.269981   0.250000   0.750000
  0.422111   0.489098   0.490404   0.048857   0.421810  -0.007010  -1.235547   0.250000   0.750000
  0.427136   0.489344   0.492523   0.048822   0.415602   0.025346  -1.200630   0.250000   0.750000
  0.432161   0.489589   0.494612   0.048949   0.409569   0.056662  -1.165311   0.250000   0.750000
  0.437186   0.489835   0.496670   0.049234   0.403713   0.086997  -1.129668   0.250000   0.750000
  0.442211   0.490083   0.498698   0.049671   0.398036   0.116416  -1.093767   0.250000   0.750000
  0.447236   0.490332   0.500699   0.050256   0.392540   0.144990  -1.057670   0.250000   0.750000
  0.452261   0.490585   0.502671   0.050985   0.387225   0.172791  -1.021428   0.250000   0.750000
  0.457286   0.490841   0.504617   0.051853   0.382093   0.199897  -0.985086   0.250000   0.750000
  0.462312   0.491101   0.506537   0.052857   0.377142   0.288258  -0.948674   0.250000   0.750000
  0.467337   0.491367   0.508432   0.054306   0.372375   0.315109  -0.912236   0.250000   0.750000
  0.472362   0.491640   0.510304   0.055889   0.367791   0.341988  -0.875788   0.250000   0.750000
  0.477387   0.491921   0.512152   0.057608   0.363390   0.368987  -0.839348   0.250000   0.750000
  0.482412   0.492210   0.513978   0.059462   0.359172   0.396194  -0.802927   0.250000   0.750000
  0.487437   0.492509   0.515783   0.061453   0.355137   0.423697  -0.766530   0.250000   0.750000
  0.492462   0.492818   0.517567   0.063582   0.351286   0.451577  -0.730158   0.250000   0.750000
  0.497487   0.493137   0.519332   0.065851   0.347617   0.479911  -0.693806   0.250000   0.750000
  0.502513   0.493468   0.521080   0.068263   0.344129   0.508771  -0.657459   0.250000   0.750000
  0.507538   0.493811   0.522809   0.070820   0.340826   0.538201  -0.621119   0.250000   0.750000
  0.512563   0.494167   0.524521   0.073524   0.337705   0.568249  -0.575629   0.250000   0.750000
  0.517588   0.494537   0.526218   0.076380   0.334812   0.598942  -0.540573   0.250000   0.750000
  0.522613   0.494921   0.527901   0.079389   0.332096   0.630289  -0.505335   0.250000   0.750000
  0.527638   0.495319   0.529570   0.082557   0.329556   0.662278  -0.469898   0.250000   0.750000
  0.532663   0.495734   0.531226   0.085885   0.327195   0.694874  -0.434245   0.250000   0.750000
  0.537688   0.496166   0.532870   0.089376   0.325013   0.728017  -0.398352   0.250000   0.750000
  0.542714   0.496615   0.534503   0.093035   0.323011   0.761626  -0.362190   0.250000   0.750000
  0.547739   0.497083   0.536126   0.096862   0.321191   0.795570  -0.325749   0.250000   0.750000
  0.552764   0.497569   0.537740   0.100860   0.319554   0.829707  -0.288997   0.250000   0.750000
  0.557789   0.498076   0.539346   0.105029   0.318102   0.863853  -0.251909   0.250000   0.750000
  0.562814   0.498604   0.540945   0.109370   0.316836   0.897795  -0.214459   0.250000   0.750000
  0.567839   0.499154   0.542537   0.113882   0.315758   0.931280  -0.176623   0.250000   0.750000
  0.572864   0.499726   0.544123   0.118561   0.314871   0.964025  -0.138378   0.250000   0.750000
  0.577889   0.500322   0.545706   0.123406   0.314175   0.995710  -0.099702   0.250000   0.750000
  0.582915   0.500942   0.547285   0.128410   0.313674   1.025990  -0.060568   0.250000   0.750000
  0.587940   0.501587   0.548861   0.133566   0.313370   1.054471  -0.020975   0.250000   0.750000
  0.592965   0.502258   0.550436   0.138864   0.313265   1.080750   0.019098   0.250000   0.750000
  0.597990   0.502956   0.552010   0.144295   0.313361   1.104395   0.059661   0.250000   0.750000
  0.603015   0.503681   0.553584   0.149845   0.313660   1.124954   0.100721   0.250000   0.750000
  0.608040   0.504434   0.555161   0.155498   0.314167   1.141962   0.142278   0.250000   0.750000
  0.613065   0.505215   0.556739   0.161236   0.314881   1.154944   0.184328   0.250000   0.750000
  0.618090   0.506026   0.558322   0.167040   0.315808   1.163427   0.226862   0.250000   0.750000
  0.623116   0.506865   0.559909   0.172887   0.316948   1.166942   0.269873   0.250000   0.750000
  0.628141   0.507734   0.561501   0.178751   0.318304   1.165033   0.313320   0.250000   0.750000
  0.633166   0.508632   0.563101   0.184605   0.319878   1.157268   0.357183   0.250000   0.750000
  0.638191   0.509560   0.564708   0.190420   0.321673   1.143244   0.401423   0.250000   0.750000
  0.643216   0.510517   0.566325   0.196165   0.323690   1.122594   0.445996   0.250000   0.750000
  0.648241   0.511502   0.567951   0.201806   0.325932   1.094998   0.490846   0.250000   0.750000
  0.653266   0.512516   0.569589   0.207309   0.328398   1.060188   0.535909   0.250000   0.750000
  0.658291   0.513558   0.571239   0.212636   0.331091   1.017952   0.581112   0.250000   0.750000
  0.663317   0.514627   0.572903   0.217752   0.334012   0.968136   0.626379   0.250000   0.750000
  0.668342   0.515721   0.574582   0.222617   0.337159   0.910683   0.671594   0.250000   0.750000
  0.673367   0.516840   0.576276   0.227193   0.340534   0.845581   0.716660   0.250000   0.750000
  0.678392   0.517981   0.577987   0.231442   0.344135   0.792901   0.761455   0.250000   0.750000
  0.683417   0.519144   0.579716   0.235427   0.347962   0.709442   0.805845   0.250000   0.750000
  0.688442   0.520327   0.581465   0.238992   0.352011   0.619139   0.849679   0.250000   0.750000
  0.693467   0.521528   0.583234   0.242103   0.356281   0.522266   0.892795   0.250000   0.750000
  0.698492   0.522745   0.585024   0.244727   0.360767   0.419175   0.935010   0.250000   0.750000
  0.703518   0.523975   0.586837   0.246834   0.365466   0.310267   0.976134   0.250000   0.750000
  0.708543   0.525215   0.588674   0.248393   0.370371   0.196081   1.015932   0.250000   0.750000
  0.713568   0.526463   0.590535   0.249378   0.375476   0.077153   1.054174   0.250000   0.750000
  0.718593   0.527717   0.592422   0.249766   0.380774  -0.045899   1.090600   0.250000   0.750000
  0.723618   0.528972   0.594335   0.249535   0.386254  -0.172405   1.124929   0.250000   0.750000
  0.728643   0.530226   0.596276   0.248669   0.391907  -0.301644   1.156851   0.250000   0.750000
  0.733668   0.531475   0.598245   0.247153   0.397720  -0.432855   1.186034   0.250000   0.750000
  0.738693   0.532717   0.600244   0.244978   0.403680  -0.565241   1.212117   0.250000   0.750000
  0.743719   0.533948   0.602273   0.242137   0.409772  -0.698001   1.234712   0.250000   0.750000
  0.748744   0.535165   0.604332   0.238630   0.415976  -0.830227   1.253389   0.250000   0.750000
  0.753769   0.536364   0.606422   0.234458   0.422274  -0.961072   1.267700   0.250000   0.750000
  0.758794   0.537542   0.608544   0.229629   0.428645  -1.089647   1.277159   0.250000   0.750000
  0.763819   0.538696   0.610698   0.224153   0.435062  -1.215052   1.281248   0.250000   0.750000
  0.768844   0.539823   0.612884   0.218048   0.441501  -1.336376   1.279416   0.250000   0.750000
  0.773869   0.540918   0.615103   0.211332   0.447930  -1.452706   1.271077   0.250000   0.750000
  0.778894   0.541980   0.617354   0.204032   0.454317  -1.563125   1.255618   0.250000   0.750000
  0.783920   0.543006   0.619637   0.196176   0.460628  -1.666739   1.232394   0.250000   0.750000
  0.788945   0.543991   0.621952   0.187801   0.466820  -1.762593   1.200748   0.250000   0.750000
  0.793970   0.544935   0.624297   0.178944   0.472854  -1.833228   1.159997   0.250000   0.750000
  0.798995   0.545834   0.626674   0.169732   0.478683  -1.914113   1.109451   0.250000   0.750000
  0.804020   0.546687   0.629079   0.160113   0.484258  -1.984187   1.048423   0.250000   0.750000
  0.809045   0.547492   0.631512   0.150143   0.489526  -2.042635   0.976240   0.250000   0.750000
  0.814070   0.548246   0.633972   0.139879   0.494432  -2.088669   0.892258   0.250000   0.750000
  0.819095   0.548949   0.636457   0.129383   0.498916  -2.121537   0.795881   0.250000   0.750000
  0.824121   0.549599   0.638964   0.118720   0.502916  -2.140536   0.686556   0.250000   0.750000
  0.829146   0.550196   0.641491   0.107964   0.506366  -2.145011   0.563889   0.250000   0.750000
  0.834171   0.550739   0.644036   0.097185   0.509199  -2.134395   0.427536   0.250000   0.750000
  0.839196   0.551227   0.646595   0.086460   0.511348  -2.108211   0.277316   0.250000   0.750000
  0.844221   0.551661   0.649164   0.075866   0.512741  -2.066088   0.113215   0.250000   0.750000
  0.849246   0.552043   0.651741   0.065484   0.513310  -2.007789  -0.064584   0.250000   0.750000
  0.854271   0.552372   0.654320   0.055395   0.512985  -1.933227  -0.255680   0.250000   0.750000
  0.859296   0.552650   0.656898   0.045681   0.511701  -1.842486  -0.459429   0.250000   0.750000
  0.864322   0.552880   0.659470   0.036420   0.509392  -1.735816  -0.674976   0.250000   0.750000
  0.869347   0.553063   0.662029   0.027698   0.506000  -1.613740  -0.901059   0.250000   0.750000
  0.874372   0.553202   0.664572   0.019589   0.501472  -1.476933  -1.136278   0.250000   0.750000
  0.879397   0.553300   0.667092   0.012167   0.495762  -1.326316  -1.378924   0.250000   0.750000
  0.884422   0.553361   0.669583   0.005502   0.488833  -1.163037  -1.627034   0.250000   0.750000
  0.889447   0.553389   0.672039  -0.000342   0.480657  -0.988459  -1.878424   0.250000   0.750000
  0.894472   0.553387   0.674455  -0.005309   0.471218  -0.804156  -2.130719   0.250000   0.750000
  0.899497   0.553361   0.676823  -0.009350   0.460511  -0.611883  -2.381402   0.250000   0.750000
  0.904523   0.553314   0.679137  -0.012425   0.448542  -0.413513  -2.627916   0.250000   0.750000
  0.909548   0.553251   0.681391  -0.014503   0.435337  -0.211165  -2.867515   0.250000   0.750000
  0.914573   0.553178   0.683579  -0.015564   0.420928  -0.006917  -3.097645   0.250000   0.750000
  0.919598   0.553100   0.685694  -0.015599   0.405362   0.197075  -3.315787   0.250000   0.750000
  0.924623   0.553022   0.687731  -0.014609   0.388700   0.396559  -3.519577   0.250000   0.750000
  0.929648   0.552948   0.689684  -0.012616   0.371014   0.593918  -3.706861   0.250000   0.750000
  0.934673   0.552885   0.691548  -0.009631   0.352387   0.784761  -3.875739   0.250000   0.750000
  0.939698   0.552837   0.693319  -0.005688   0.332912   0.967210  -4.024607   0.250000   0.750000
  0.944724   0.552808   0.694992  -0.000827   0.312684   1.139589  -4.152208   0.250000   0.750000
  0.949749   0.552804   0.696563   0.004900   0.291819   1.300314  -4.257546   0.250000   0.750000
  0.954774   0.552828   0.698030   0.011434   0.270425   1.448128  -4.340058   0.250000   0.750000
  0.959799   0.552886   0.699389   0.018711   0.248616   1.581967  -4.399491   0.250000   0.750000
  0.964824   0.552980   0.700638   0.026660   0.226509   1.701006  -4.435922   0.250000   0.750000
  0.969849   0.553114   0.701776   0.035207   0.204218   1.804657  -4.449736   0.250000   0.750000
  0.974874   0.553291   0.702802   0.044276   0.181859   1.892563  -4.441593   0.250000   0.750000
  0.979899   0.553513   0.703716   0.053786   0.159540   1.964587  -4.412402   0.250000   0.750000
  0.984925   0.553784   0.704518   0.063660   0.137363   2.020809  -4.363270   0.250000   0.750000
  0.989950   0.554103   0.705208   0.073815   0.115437   2.061458  -4.295504   0.250000   0.750000
  0.994975   0.554474   0.705788   0.084173   0.093852   2.086970  -4.210522   0.250000   0.750000
  1.000000   0.554897   0.706260   0.094660   0.072695   2.097907  -4.109847   0.250000   0.750000