  0.000000   0.500000   0.300000   0.000000   0.000000  -0.499042 -13.984601   0.500000   0.375000
  0.005025   0.500000   0.300000  -0.002508  -0.070273   0.237456 -10.054556   0.500000   0.375000
  0.010050   0.499987   0.299647  -0.001314  -0.120797   0.826521  -6.664973   0.500000   0.375000
  0.015075   0.499981   0.299040   0.002839  -0.154288   1.286616  -3.758336   0.500000   0.375000
  0.020101   0.499995   0.298264   0.009305  -0.173178   1.634400  -1.282015   0.500000   0.375000
  0.025126   0.500042   0.297394   0.017518  -0.179620   1.884624   0.810212   0.500000   0.375000
  0.030151   0.500130   0.296492   0.026988  -0.175548   2.050726   2.561681   0.500000   0.375000
  0.035176   0.500265   0.295609   0.037293  -0.162676   2.144656   4.011082   0.500000   0.375000
  0.040201   0.500453   0.294792   0.048070  -0.142520   2.177093   5.193374   0.500000   0.375000
  0.045226   0.500694   0.294076   0.059010  -0.116424   2.157565   6.140119   0.500000   0.375000
  0.050251   0.500991   0.293491   0.069852  -0.085570   2.094553   6.879774   0.500000   0.375000
  0.055276   0.501342   0.293061   0.080377  -0.050999   1.995594   7.437976   0.500000   0.375000
  0.060302   0.501746   0.292805   0.090407  -0.013615   1.867341   7.837859   0.500000   0.375000
  0.065327   0.502200   0.292736   0.099790   0.025770   1.715755   8.099976   0.500000   0.375000
  0.070352   0.502702   0.292866   0.108412   0.066472   1.546024   8.243023   0.500000   0.375000
  0.075377   0.503246   0.293200   0.116181   0.107893   1.362728   8.283658   0.500000   0.375000
  0.080402   0.503830   0.293742   0.123028   0.149519   1.169879   8.236783   0.500000   0.375000
  0.085427   0.504448   0.294493   0.128907   0.190909   0.970981   8.115703   0.500000   0.375000
  0.090452   0.505096   0.295452   0.133786   0.231690   0.769076   7.932279   0.500000   0.375000
  0.095477   0.505768   0.296617   0.137651   0.271550   0.573359   7.697060   0.500000   0.375000
  0.100503   0.506460   0.297982   0.140533   0.310235   0.373132   7.419348   0.500000   0.375000
  0.105528   0.507167   0.299540   0.142408   0.347517   0.176820   7.107544   0.500000   0.375000
  0.110553   0.507882   0.301287   0.143296   0.383233  -0.013984   6.768914   0.500000   0.375000
  0.115578   0.508602   0.303212   0.143226   0.417247  -0.197916   6.409899   0.500000   0.375000
  0.120603   0.509322   0.305309   0.142231   0.449456  -0.373846   6.036151   0.500000   0.375000
  0.125628   0.510037   0.307568   0.140353   0.479788  -0.540855   5.652608   0.500000   0.375000
  0.130653   0.510742   0.309979   0.137635   0.508192  -0.698213   5.263568   0.500000   0.375000
  0.135678   0.511433   0.312532   0.134126   0.534642  -0.845359   4.872756   0.500000   0.375000
  0.140704   0.512108   0.315219   0.129878   0.559132  -0.981904   4.483296   0.500000   0.375000
  0.145729   0.512760   0.318029   0.124944   0.581661  -1.107508   4.098092   0.500000   0.375000
  0.150754   0.513388   0.320952   0.119378   0.602254  -1.222033   3.719394   0.500000   0.375000
  0.155779   0.513988   0.323978   0.113238   0.620944  -1.325413   3.349161   0.500000   0.375000
  0.160804   0.514557   0.327098   0.106577   0.637773  -1.417669   2.954549   0.500000   0.375000
  0.165829   0.515093   0.330303   0.099454   0.652620  -1.498904   2.606745   0.500000   0.375000
  0.170854   0.515592   0.333583   0.091922   0.665719  -1.569287   2.271266   0.500000   0.375000
  0.175879   0.516054   0.336928   0.084036   0.677132  -1.629044   1.948962   0.500000   0.375000
  0.180905   0.516477   0.340331   0.075848   0.686927  -1.678463   1.640417   0.500000   0.375000
  0.185930   0.516858   0.343783   0.067414   0.695170  -1.717844   1.346225   0.500000   0.375000
  0.190955   0.517196   0.347276   0.058782   0.701935  -1.747556   1.066632   0.500000   0.375000
  0.195980   0.517492   0.350803   0.050000   0.707295  -1.767987   0.801808   0.500000   0.375000
  0.201005   0.517743   0.354358   0.041116   0.711324  -1.779550   0.551805   0.500000   0.375000
  0.206030   0.517950   0.357932   0.032174   0.714097  -1.782677   0.316572   0.500000   0.375000
  0.211055   0.518111   0.361520   0.023216   0.715688  -1.777816   0.095968   0.500000   0.375000
  0.216080   0.518228   0.365117   0.014283   0.716170  -1.765429  -0.110224   0.500000   0.375000
  0.221106   0.518300   0.368716   0.005410   0.715616  -1.745979  -0.302327   0.500000   0.375000
  0.226131   0.518327   0.372312  -0.003364   0.714097  -1.719947  -0.480594   0.500000   0.375000
  0.231156   0.518310   0.375900  -0.012007   0.711682  -1.687804  -0.645451   0.500000   0.375000
  0.236181   0.518250   0.379477  -0.020488   0.708438  -1.650025  -0.797314   0.500000   0.375000
  0.241206   0.518147   0.383036  -0.028779   0.704432  -1.607081  -0.936633   0.500000   0.375000
  0.246231   0.518002   0.386576  -0.036855   0.699725  -1.559439  -1.063879   0.500000   0.375000
  0.251256   0.517817   0.390092  -0.044691   0.694379  -1.507556  -1.179539   0.500000   0.375000
  0.256281   0.517592   0.393582  -0.052267   0.688452  -1.451884  -1.284114   0.500000   0.375000
  0.261307   0.517330   0.397042  -0.059564   0.681998  -1.392850  -1.378132   0.500000   0.375000
  0.266332   0.517030   0.400469  -0.066563   0.675073  -1.330906  -1.462065   0.500000   0.375000
  0.271357   0.516696   0.403861  -0.073251   0.667726  -1.266455  -1.536446   0.500000   0.375000
  0.276382   0.516328   0.407216  -0.079615   0.660006  -1.199900  -1.601786   0.500000   0.375000
  0.281407   0.515928   0.410533  -0.085644   0.651957  -1.131626  -1.658589   0.500000   0.375000
  0.286432   0.515497   0.413809  -0.091330   0.643622  -1.062005  -1.707353   0.500000   0.375000
  0.291457   0.515038   0.417043  -0.096667   0.635043  -0.991393  -1.748567   0.500000   0.375000
  0.296482   0.514553   0.420234  -0.101649   0.626256  -0.920129  -1.782707   0.500000   0.375000
  0.301508   0.514042   0.423382  -0.106273   0.617296  -0.848520  -1.810245   0.500000   0.375000
  0.306533   0.513508   0.426484  -0.110537   0.608200  -0.776902  -1.831619   0.500000   0.375000
  0.311558   0.512952   0.429540  -0.114441   0.598996  -0.705547  -1.847274   0.500000   0.375000
  0.316583   0.512377   0.432550  -0.117986   0.589713  -0.634726  -1.857632   0.500000   0.375000
  0.321608   0.511784   0.435513  -0.121176   0.580379  -0.564694  -1.863099   0.500000   0.375000
  0.326633   0.511176   0.438430  -0.124014   0.571017  -0.495688  -1.864065   0.500000   0.375000
  0.331658   0.510552   0.441299  -0.126504   0.561650  -0.427926  -1.860904   0.500000   0.375000
  0.336683   0.509917   0.444121  -0.128655   0.552299  -0.361613  -1.853973   0.500000   0.375000
  0.341709   0.509270   0.446897  -0.130472   0.542981  -0.296923  -1.843610   0.500000   0.375000
  0.346734   0.508614   0.449626  -0.131964   0.533716  -0.234053  -1.830140   0.500000   0.375000
  0.351759   0.507951   0.452308  -0.133140   0.524520  -0.173146  -1.813867   0.500000   0.375000
  0.356784   0.507282   0.454943  -0.134010   0.515405  -0.114342  -1.795081   0.500000   0.375000
  0.361809   0.506609   0.457533  -0.134585   0.506385  -0.057768  -1.774054   0.500000   0.375000
  0.366834   0.505933   0.460078  -0.134875   0.497470  -0.003534  -1.751039   0.500000   0.375000
  0.371859   0.505255   0.462578  -0.134893   0.488671   0.072982  -1.726277   0.500000   0.375000
  0.376884   0.504577   0.465033  -0.134526   0.479997   0.123607  -1.699988   0.500000   0.375000
  0.381910   0.503901   0.467446  -0.133905   0.471453   0.171977  -1.672373   0.500000   0.375000
  0.386935   0.503228   0.469815  -0.133041   0.463049   0.218037  -1.643634   0.500000   0.375000
  0.391960   0.502559   0.472141  -0.131945   0.454790   0.261777  -1.613940   0.500000   0.375000
  0.396985   0.501896   0.474427  -0.130630   0.446680   0.303188  -1.583450   0.500000   0.375000
  0.402010   0.501240   0.476671  -0.129106   0.438723   0.342276  -1.552308   0.500000   0.375000
  0.407035   0.500591   0.478876  -0.127386   0.430923   0.379060  -1.520646   0.500000   0.375000
  0.412060   0.499951   0.481041  -0.125482   0.423281   0.413566  -1.488578   0.500000   0.375000
  0.417085   0.499321   0.483168  -0.123403   0.415801   0.445836  -1.456207   0.500000   0.375000
  0.422111   0.498700   0.485258  -0.121163   0.408482   0.475925  -1.423614   0.500000   0.375000
  0.427136   0.498092   0.487311  -0.118771   0.401329   0.503881  -1.390888   0.500000   0.375000
  0.432161   0.497495   0.489327  -0.116239   0.394340   0.529778  -1.358083   0.500000   0.375000
  0.437186   0.496911   0.491309  -0.113577   0.387515   0.613947  -1.325251   0.500000   0.375000
  0.442211   0.496340   0.493256  -0.110492   0.380856   0.636893  -1.292429   0.500000   0.375000
  0.447236   0.495785   0.495170  -0.107291   0.374361   0.658495  -1.259643   0.500000   0.375000
  0.452261   0.495246   0.497051  -0.103983   0.368032   0.678860  -1.226908   0.500000   0.375000
  0.457286   0.494723   0.498901  -0.100571   0.361866   0.698096  -1.194227   0.500000   0.375000
  0.462312   0.494218   0.500719  -0.097063   0.355864   0.716320  -1.161588   0.500000   0.375000
  0.467337   0.493730   0.502508  -0.093463   0.350027   0.733639  -1.128986   0.500000   0.375000
  0.472362   0.493260   0.504266  -0.089777   0.344354   0.750172  -1.096390   0.500000   0.375000
  0.477387   0.492809   0.505997  -0.086007   0.338845   0.766035  -1.063764   0.500000   0.375000
  0.482412   0.492377   0.507699  -0.082158   0.333499   0.781337  -1.031064   0.500000   0.375000
  0.487437   0.491964   0.509375  -0.078231   0.328318   0.796184  -0.998237   0.500000   0.375000
  0.492462   0.491571   0.511025  -0.074231   0.323302   0.810674  -0.965225   0.500000   0.375000
  0.497487   0.491198   0.512650  -0.070157   0.318452   0.824897  -0.931959   0.500000   0.375000
  0.502513   0.490845   0.514250  -0.066011   0.313768   0.838932  -0.898362   0.500000   0.375000
  0.507538   0.490514   0.515827  -0.061795   0.309254   0.852838  -0.864366   0.500000   0.375000
  0.512563   0.490203   0.517381  -0.057510   0.304910   0.866665  -0.829882   0.500000   0.375000
  0.517588   0.489914   0.518913  -0.053155   0.300740   0.880440  -0.794822   0.500000   0.375000
  0.522613   0.489647   0.520424  -0.048731   0.296746   0.894172  -0.759093   0.500000   0.375000
  0.527638   0.489402   0.521915  -0.044238   0.292931   0.907846  -0.722601   0.500000   0.375000
  0.532663   0.489180   0.523387  -0.039676   0.289300   0.921421  -0.685249   0.500000   0.375000
  0.537688   0.488980   0.524841  -0.035045   0.285857   0.934830  -0.646940   0.500000   0.375000
  0.542714   0.488804   0.526278  -0.030347   0.282606   0.947978  -0.607567   0.500000   0.375000
  0.547739   0.488652   0.527698  -0.025583   0.279552   0.960733  -0.567051   0.500000   0.375000
  0.552764   0.488523   0.529103  -0.020756   0.276703   0.972941  -0.525287   0.500000   0.375000
  0.557789   0.488419   0.530493  -0.015867   0.274063   0.984412  -0.482183   0.500000   0.375000
  0.562814   0.488339   0.531870  -0.010920   0.271641   0.994924  -0.437652   0.500000   0.375000
  0.567839   0.488284   0.533235  -0.005921   0.269441   1.004224  -0.391609   0.500000   0.375000
  0.572864   0.488255   0.534589  -0.000874   0.267473   1.012029  -0.343978   0.500000   0.375000
  0.577889   0.488250   0.535933   0.004211   0.265745   1.018026  -0.294689   0.500000   0.375000
  0.582915   0.488271   0.537269   0.009328   0.264264   1.021878  -0.243669   0.500000   0.375000
  0.587940   0.488318   0.538597   0.014463   0.263039   1.023221  -0.190888   0.500000   0.375000
  0.592965   0.488391   0.539919   0.019604   0.262080   1.021674  -0.136293   0.500000   0.375000
  0.597990   0.488489   0.541236   0.024738   0.261395   1.016842  -0.079855   0.500000   0.375000
  0.603015   0.488614   0.542549   0.029848   0.260994   1.008320  -0.021556   0.500000   0.375000
  0.608040   0.488764   0.543861   0.034915   0.260886   0.995698   0.038607   0.500000   0.375000
  0.613065   0.488939   0.545172   0.039918   0.261080   0.978570   0.100622   0.500000   0.375000
  0.618090   0.489140   0.546484   0.044835   0.261585   0.956539   0.164464   0.500000   0.375000
  0.623116   0.489365   0.547798   0.049643   0.262412   0.929221   0.230103   0.500000   0.375000
  0.628141   0.489615   0.549117   0.054312   0.263568   0.896269   0.297452   0.500000   0.375000
  0.633166   0.489887   0.550441   0.058816   0.265063   0.857356   0.366446   0.500000   0.375000
  0.638191   0.490183   0.551773   0.063124   0.266904   0.812196   0.436991   0.500000   0.375000
  0.643216   0.490500   0.553114   0.067206   0.269100   0.760551   0.508970   0.500000   0.375000
  0.648241   0.490838   0.554467   0.071027   0.271658   0.702234   0.582252   0.500000   0.375000
  0.653266   0.491195   0.555832   0.074556   0.274584   0.637116   0.656683   0.500000   0.375000
  0.658291   0.491569   0.557212   0.077758   0.277883   0.565134   0.732090   0.500000   0.375000
  0.663317   0.491960   0.558608   0.080598   0.281563   0.486274   0.808297   0.500000   0.375000
  0.668342   0.492365   0.560023   0.083041   0.285625   0.400641   0.885060   0.500000   0.375000
  0.673367   0.492783   0.561458   0.085055   0.290072   0.308369   0.962163   0.500000   0.375000
  0.678392   0.493210   0.562916   0.086604   0.294907   0.209679   1.039354   0.500000   0.375000
  0.683417   0.493645   0.564398   0.087658   0.300130   0.104869   1.116362   0.500000   0.375000
  0.688442   0.494086   0.565906   0.088185   0.305739  -0.005691   1.192894   0.500000   0.375000
  0.693467   0.494529   0.567442   0.088156   0.311734  -0.121557   1.268640   0.500000   0.375000
  0.698492   0.494972   0.569009   0.087545   0.318109  -0.242217   1.364020   0.500000   0.375000
  0.703518   0.495412   0.570608   0.086328   0.324964  -0.367117   1.433462   0.500000   0.375000
  0.708543   0.495846   0.572241   0.084483   0.332167  -0.495564   1.501477   0.500000   0.375000
  0.713568   0.496270   0.573910   0.081993   0.339712  -0.626881   1.567646   0.500000   0.375000
  0.718593   0.496682   0.575617   0.078843   0.347590  -0.760313   1.631519   0.500000   0.375000
  0.723618   0.497078   0.577363   0.075022   0.355788  -0.895055   1.692624   0.500000   0.375000
  0.728643   0.497455   0.579151   0.070525   0.364293  -1.030256   1.750471   0.500000   0.375000
  0.733668   0.497810   0.580982   0.065348   0.373090  -1.165022   1.804548   0.500000   0.375000
  0.738693   0.498138   0.582857   0.059494   0.382157  -1.298422   1.854322   0.500000   0.375000
  0.743719   0.498437   0.584777   0.052968   0.391477  -1.415228   1.899244   0.500000   0.375000
  0.748744   0.498703   0.586744   0.045856   0.401021  -1.545666   1.938713   0.500000   0.375000
  0.753769   0.498934   0.588760   0.038089   0.410763  -1.671408   1.972134   0.500000   0.375000
  0.758794   0.499125   0.590824   0.029690   0.420673  -1.791428   1.998873   0.500000   0.375000
  0.763819   0.499274   0.592938   0.020688   0.430717  -1.904667   2.018273   0.500000   0.375000
  0.768844   0.499378   0.595102   0.011117   0.440859  -2.010039   2.029648   0.500000   0.375000
  0.773869   0.499434   0.597317   0.001017   0.451058  -2.106430   2.032291   0.500000   0.375000
  0.778894   0.499439   0.599584  -0.009568   0.461270  -2.192698   2.025468   0.500000   0.375000
  0.783920   0.499391   0.601902  -0.020588   0.471450  -2.267693   2.008424   0.500000   0.375000
  0.788945   0.499288   0.604271  -0.031983   0.481543  -2.330193   1.980398   0.500000   0.375000
  0.793970   0.499127   0.606691  -0.043693   0.491494  -2.370017   1.940611   0.500000   0.375000
  0.798995   0.498907   0.609161  -0.055602   0.501246  -2.405801   1.888288   0.500000   0.375000
  0.804020   0.498628   0.611679  -0.067691   0.510734  -2.425220   1.822664   0.500000   0.375000
  0.809045   0.498288   0.614246  -0.079878   0.519893  -2.427092   1.742996   0.500000   0.375000
  0.814070   0.497886   0.616858  -0.092074   0.528652  -2.410257   1.648586   0.500000   0.375000
  0.819095   0.497424   0.619515  -0.104186   0.536936  -2.373596   1.538790   0.500000   0.375000
  0.824121   0.496900   0.622213  -0.116115   0.544670  -2.316042   1.413022   0.500000   0.375000
  0.829146   0.496317   0.624950  -0.127753   0.551770  -2.236653   1.270880   0.500000   0.375000
  0.834171   0.495675   0.627723  -0.138993   0.558157  -2.134580   1.112021   0.500000   0.375000
  0.839196   0.494976   0.630528  -0.149719   0.563744  -2.009141   0.936287   0.500000   0.375000
  0.844221   0.494224   0.633361  -0.159815   0.568449  -1.859847   0.743713   0.500000   0.375000
  0.849246   0.493421   0.636217  -0.169161   0.572186  -1.686448   0.534554   0.500000   0.375000
  0.854271   0.492571   0.639092  -0.177635   0.574873  -1.488968   0.309314   0.500000   0.375000
  0.859296   0.491678   0.641981  -0.185117   0.576427  -1.267746   0.068768   0.500000   0.375000
  0.864322   0.490748   0.644878  -0.191489   0.576773  -1.023418  -0.186071   0.500000   0.375000
  0.869347   0.489786   0.647776  -0.196631   0.575838  -0.757154  -0.453725   0.500000   0.375000
  0.874372   0.488797   0.650670  -0.200436   0.573558  -0.470374  -0.732573   0.500000   0.375000
  0.879397   0.487790   0.653552  -0.202800   0.569876  -0.164959  -1.020637   0.500000   0.375000
  0.884422   0.486771   0.656416  -0.203629   0.564748   0.156805  -1.315659   0.500000   0.375000
  0.889447   0.485748   0.659254  -0.202841   0.558136   0.492236  -1.615129   0.500000   0.375000
  0.894472   0.484729   0.662058  -0.200367   0.550020   0.833134  -1.916322   0.500000   0.375000
  0.899497   0.483722   0.664822  -0.196181   0.540391   1.187413  -2.216352   0.500000   0.375000
  0.904523   0.482736   0.667538  -0.190213   0.529252   1.545323  -2.512290   0.500000   0.375000
  0.909548   0.481780   0.670198  -0.182447   0.516627   1.902922  -2.800984   0.500000   0.375000
  0.914573   0.480863   0.672794  -0.172885   0.502552   2.256390  -3.079502   0.500000   0.375000
  0.919598   0.479994   0.675319  -0.161547   0.487078   2.601817  -3.344951   0.500000   0.375000
  0.924623   0.479183   0.677767  -0.148473   0.470269   2.935366  -3.594606   0.500000   0.375000
  0.929648   0.478437   0.680130  -0.133723   0.452207   3.253359  -3.825978   0.500000   0.375000
  0.934673   0.477765   0.682402  -0.117374   0.432981   3.552360  -4.036860   0.500000   0.375000
  0.939698   0.477175   0.684578  -0.099524   0.412696   3.829245  -4.225379   0.500000   0.375000
  0.944724   0.476675   0.686652  -0.080278   0.391459   4.081320  -4.390054   0.500000   0.375000
  0.949749   0.476271   0.688619  -0.059769   0.369399   4.306152  -4.529686   0.500000   0.375000
  0.954774   0.475971   0.690475  -0.038131   0.346637   4.501928  -4.643574   0.500000   0.375000
  0.959799   0.475779   0.692217  -0.015509   0.323303   4.667256  -4.731364   0.500000   0.375000
  0.964824   0.475701   0.693842   0.007944   0.299528   4.801220  -4.793076   0.500000   0.375000
  0.969849   0.475741   0.695347   0.032070   0.275443   4.903371  -4.829074   0.500000   0.375000
  0.974874   0.475902   0.696731   0.056710   0.251177   4.973711  -4.840041   0.500000   0.375000
  0.979899   0.476187   0.697993   0.081703   0.226856   5.012658  -4.826940   0.500000   0.375000
  0.984925   0.476598   0.699133   0.106896   0.202596   5.021007  -4.790965   0.500000   0.375000
  0.989950   0.477135   0.700151   0.132127   0.178521   4.999886  -4.733528   0.500000   0.375000
  0.994975   0.477799   0.701048   0.157251   0.154735   4.950723  -4.656183   0.500000   0.375000
  1.000000   0.478589   0.701826   0.182129   0.131338   4.875178  -4.560603   0.500000   0.375000