  0.000000   0.500000   0.300000   0.000000   0.000000  -0.244601 -15.378246   0.500000   1.000000
  0.005025   0.500000   0.300000  -0.001229  -0.077276   0.459683 -11.311445   0.500000   1.000000
  0.010050   0.499994   0.299612   0.001081  -0.134116   1.018854  -7.794122   0.500000   1.000000
  0.015075   0.499999   0.298938   0.006201  -0.173281   1.451220  -4.768233   0.500000   1.000000
  0.020101   0.500030   0.298067   0.013494  -0.197246   1.773285  -2.180627   0.500000   1.000000
  0.025126   0.500098   0.297076   0.022405  -0.208204   1.999674   0.015339   0.500000   1.000000
  0.030151   0.500211   0.296029   0.032453  -0.208127   2.143689   1.863466   0.500000   1.000000
  0.035176   0.500374   0.294984   0.043226  -0.198763   2.217162   3.402857   0.500000   1.000000
  0.040201   0.500591   0.293985   0.054367  -0.181664   2.230659   4.668864   0.500000   1.000000
  0.045226   0.500864   0.293072   0.065576  -0.158203   2.193604   5.693414   0.500000   1.000000
  0.050251   0.501194   0.292277   0.076599  -0.129593   2.114381   6.505313   0.500000   1.000000
  0.055276   0.501579   0.291626   0.087223  -0.096904   2.000438   7.130522   0.500000   1.000000
  0.060302   0.502017   0.291139   0.097278  -0.061066   1.858340   7.592495   0.500000   1.000000
  0.065327   0.502506   0.290832   0.106616  -0.022914   1.693978   7.912050   0.500000   1.000000
  0.070352   0.503042   0.290717   0.115128   0.016844   1.512464   8.108168   0.500000   1.000000
  0.075377   0.503620   0.290801   0.122728   0.057588   1.318312   8.197764   0.500000   1.000000
  0.080402   0.504237   0.291091   0.129353   0.098782   1.115474   8.195984   0.500000   1.000000
  0.085427   0.504887   0.291587   0.134958   0.139967   0.907395   8.116362   0.500000   1.000000
  0.090452   0.505565   0.292291   0.139518   0.180751   0.697065   7.970974   0.500000   1.000000
  0.095477   0.506266   0.293199   0.143020   0.220805   0.492982   7.770572   0.500000   1.000000
  0.100503   0.506985   0.294309   0.145498   0.259860   0.285697   7.524659   0.500000   1.000000
  0.105528   0.507716   0.295614   0.146934   0.297672   0.082951   7.241803   0.500000   1.000000
  0.110553   0.508454   0.297110   0.147351   0.334062  -0.113704   6.929449   0.500000   1.000000
  0.115578   0.509195   0.298789   0.146779   0.368882  -0.302937   6.594200   0.500000   1.000000
  0.120603   0.509932   0.300642   0.145257   0.402018  -0.483648   6.241862   0.500000   1.000000
  0.125628   0.510662   0.302663   0.142827   0.433383  -0.654947   5.877519   0.500000   1.000000
  0.130653   0.511380   0.304840   0.139535   0.462918  -0.816129   5.505606   0.500000   1.000000
  0.135678   0.512081   0.307166   0.135434   0.490584  -0.966655   5.129977   0.500000   1.000000
  0.140704   0.512762   0.309632   0.130576   0.516367  -1.106160   4.753884   0.500000   1.000000
  0.145729   0.513418   0.312227   0.125018   0.540255  -1.234319   4.380342   0.500000   1.000000
  0.150754   0.514046   0.314942   0.118815   0.562266  -1.351013   4.011714   0.500000   1.000000
  0.155779   0.514643   0.317767   0.112026   0.582425  -1.456191   3.650065   0.500000   1.000000
  0.160804   0.515206   0.320694   0.104709   0.600767  -1.549891   3.297124   0.500000   1.000000
  0.165829   0.515732   0.323713   0.096921   0.617335  -1.632225   2.910452   0.500000   1.000000
  0.170854   0.516219   0.326815   0.088719   0.631960  -1.703376   2.580221   0.500000   1.000000
  0.175879   0.516665   0.329990   0.080159   0.644926  -1.763581   2.262012   0.500000   1.000000
  0.180905   0.517068   0.333232   0.071296   0.656294  -1.813139   1.956495   0.500000   1.000000
  0.185930   0.517426   0.336530   0.062185   0.666126  -1.852358   1.664346   0.500000   1.000000
  0.190955   0.517739   0.339877   0.052876   0.674489  -1.881616   1.385888   0.500000   1.000000
  0.195980   0.518005   0.343266   0.043421   0.681453  -1.901311   1.121368   0.500000   1.000000
  0.201005   0.518223   0.346690   0.033867   0.687088  -1.911864   0.870909   0.500000   1.000000
  0.206030   0.518393   0.350143   0.024260   0.691464  -1.913715   0.634529   0.500000   1.000000
  0.211055   0.518515   0.353618   0.014644   0.694653  -1.907321   0.412152   0.500000   1.000000
  0.216080   0.518588   0.357108   0.005059   0.696724  -1.893151   0.203623   0.500000   1.000000
  0.221106   0.518614   0.360610  -0.004456   0.697747  -1.871676   0.008683   0.500000   1.000000
  0.226131   0.518591   0.364116  -0.013861   0.697791  -1.843386  -0.172866   0.500000   1.000000
  0.231156   0.518522   0.367623  -0.023124   0.696922  -1.808762  -0.341391   0.500000   1.000000
  0.236181   0.518406   0.371125  -0.032213   0.695207  -1.768286  -0.497258   0.500000   1.000000
  0.241206   0.518244   0.374618  -0.041098   0.692708  -1.722439  -0.640862   0.500000   1.000000
  0.246231   0.518037   0.378099  -0.049754   0.689488  -1.671697  -0.772625   0.500000   1.000000
  0.251256   0.517787   0.381564  -0.058154   0.685605  -1.616527  -0.892987   0.500000   1.000000
  0.256281   0.517495   0.385009  -0.066277   0.681118  -1.557391  -1.002403   0.500000   1.000000
  0.261307   0.517162   0.388432  -0.074104   0.676080  -1.494724  -1.101357   0.500000   1.000000
  0.266332   0.516790   0.391829  -0.081615   0.670546  -1.428993  -1.190277   0.500000   1.000000
  0.271357   0.516379   0.395199  -0.088796   0.664565  -1.360610  -1.269657   0.500000   1.000000
  0.276382   0.515933   0.398538  -0.095633   0.658185  -1.289988  -1.339968   0.500000   1.000000
  0.281407   0.515453   0.401846  -0.102115   0.651451  -1.217525  -1.401678   0.500000   1.000000
  0.286432   0.514940   0.405119  -0.108233   0.644408  -1.143606  -1.455248   0.500000   1.000000
  0.291457   0.514396   0.408357  -0.113980   0.637095  -1.068596  -1.501132   0.500000   1.000000
  0.296482   0.513823   0.411559  -0.119350   0.629552  -0.992848  -1.539777   0.500000   1.000000
  0.301508   0.513223   0.414723  -0.124340   0.621813  -0.916680  -1.571622   0.500000   1.000000
  0.306533   0.512598   0.417848  -0.128946   0.613916  -0.840441  -1.597077   0.500000   1.000000
  0.311558   0.511950   0.420932  -0.133169   0.605890  -0.764416  -1.616559   0.500000   1.000000
  0.316583   0.511281   0.423977  -0.137011   0.597767  -0.688888  -1.630465   0.500000   1.000000
  0.321608   0.510593   0.426981  -0.140472   0.589574  -0.614123  -1.639179   0.500000   1.000000
  0.326633   0.509887   0.429943  -0.143558   0.581337  -0.540369  -1.643068   0.500000   1.000000
  0.331658   0.509165   0.432865  -0.146274   0.573081  -0.467860  -1.642488   0.500000   1.000000
  0.336683   0.508430   0.435744  -0.148625   0.564827  -0.396810  -1.637777   0.500000   1.000000
  0.341709   0.507683   0.438583  -0.150619   0.556596  -0.327402  -1.629257   0.500000   1.000000
  0.346734   0.506926   0.441380  -0.152264   0.548409  -0.259849  -1.617241   0.500000   1.000000
  0.351759   0.506161   0.444136  -0.153570   0.540282  -0.194303  -1.602022   0.500000   1.000000
  0.356784   0.505390   0.446851  -0.154546   0.532232  -0.130913  -1.583879   0.500000   1.000000
  0.361809   0.504613   0.449525  -0.155204   0.524273  -0.069817  -1.563078   0.500000   1.000000
  0.366834   0.503833   0.452160  -0.155555   0.516418  -0.011135  -1.539870   0.500000   1.000000
  0.371859   0.503052   0.454755  -0.155611   0.508681   0.070221  -1.514490   0.500000   1.000000
  0.376884   0.502270   0.457311  -0.155258   0.501070   0.125158  -1.487161   0.500000   1.000000
  0.381910   0.501489   0.459829  -0.154629   0.493596   0.177751  -1.458087   0.500000   1.000000
  0.386935   0.500712   0.462310  -0.153736   0.486269   0.227935  -1.427474   0.500000   1.000000
  0.391960   0.499940   0.464753  -0.152590   0.479096   0.275696  -1.395501   0.500000   1.000000
  0.396985   0.499173   0.467161  -0.151205   0.472084   0.321020  -1.362338   0.500000   1.000000
  0.402010   0.498413   0.469533  -0.149592   0.465238   0.363909  -1.328142   0.500000   1.000000
  0.407035   0.497661   0.471871  -0.147763   0.458564   0.404377  -1.293062   0.500000   1.000000
  0.412060   0.496919   0.474175  -0.145731   0.452066   0.442448  -1.257231   0.500000   1.000000
  0.417085   0.496187   0.476446  -0.143508   0.445749   0.478161  -1.220775   0.500000   1.000000
  0.422111   0.495465   0.478687  -0.141105   0.439613   0.511571  -1.183799   0.500000   1.000000
  0.427136   0.494756   0.480896  -0.138534   0.433664   0.542722  -1.146422   0.500000   1.000000
  0.432161   0.494060   0.483075  -0.135807   0.427904   0.571690  -1.108730   0.500000   1.000000
  0.437186   0.493378   0.485225  -0.132934   0.422332   0.658913  -1.070808   0.500000   1.000000
  0.442211   0.492710   0.487347  -0.129623   0.416951   0.684689  -1.032731   0.500000   1.000000
  0.447236   0.492058   0.489443  -0.126183   0.411762   0.709004  -0.994566   0.500000   1.000000
  0.452261   0.491424   0.491512  -0.122620   0.406764   0.731964  -0.956371   0.500000   1.000000
  0.457286   0.490808   0.493556  -0.118942   0.401959   0.753684  -0.918196   0.500000   1.000000
  0.462312   0.490210   0.495576  -0.115154   0.397344   0.774284  -0.880077   0.500000   1.000000
  0.467337   0.489632   0.497573  -0.111263   0.392921   0.793876  -0.842066   0.500000   1.000000
  0.472362   0.489073   0.499547  -0.107274   0.388690   0.812586  -0.804183   0.500000   1.000000
  0.477387   0.488534   0.501500  -0.103190   0.384649   0.830532  -0.766453   0.500000   1.000000
  0.482412   0.488015   0.503433  -0.099017   0.380797   0.847833  -0.728891   0.500000   1.000000
  0.487437   0.487517   0.505347  -0.094757   0.377135   0.864602  -0.691508   0.500000   1.000000
  0.492462   0.487041   0.507242  -0.090412   0.373660   0.880943  -0.654312   0.500000   1.000000
  0.497487   0.486587   0.509119  -0.085985   0.370372   0.896954  -0.617304   0.500000   1.000000
  0.502513   0.486155   0.510981  -0.081477   0.367269   0.912724  -0.580471   0.500000   1.000000
  0.507538   0.485745   0.512826  -0.076891   0.364353   0.928317  -0.543823   0.500000   1.000000
  0.512563   0.485359   0.514657  -0.072226   0.361620   0.943791  -0.507340   0.500000   1.000000
  0.517588   0.484996   0.516474  -0.067483   0.359071   0.959185  -0.471008   0.500000   1.000000
  0.522613   0.484657   0.518279  -0.062663   0.356704   0.974513  -0.434810   0.500000   1.000000
  0.527638   0.484342   0.520071  -0.057767   0.354519   0.989767  -0.398725   0.500000   1.000000
  0.532663   0.484052   0.521853  -0.052793   0.352515   1.004915  -0.362732   0.500000   1.000000
  0.537688   0.483787   0.523624  -0.047743   0.350692   1.019895  -0.326807   0.500000   1.000000
  0.542714   0.483547   0.525387  -0.042617   0.349050   1.034621  -0.290916   0.500000   1.000000
  0.547739   0.483332   0.527141  -0.037418   0.347588   1.048964  -0.255049   0.500000   1.000000
  0.552764   0.483144   0.528887  -0.032147   0.346306   1.062775  -0.219171   0.500000   1.000000
  0.557789   0.482983   0.530627  -0.026807   0.345205   1.075867  -0.183255   0.500000   1.000000
  0.562814   0.482848   0.532362  -0.021401   0.344284   1.088020  -0.147274   0.500000   1.000000
  0.567839   0.482741   0.534092  -0.015933   0.343544   1.098984  -0.111202   0.500000   1.000000
  0.572864   0.482661   0.535818  -0.010411   0.342985   1.108473  -0.075014   0.500000   1.000000
  0.577889   0.482608   0.537542  -0.004841   0.342608   1.116175  -0.038686   0.500000   1.000000
  0.582915   0.482584   0.539264   0.000769   0.342414   1.121747  -0.002189   0.500000   1.000000
  0.587940   0.482588   0.540984   0.006406   0.342403   1.124820   0.034482   0.500000   1.000000
  0.592965   0.482620   0.542705   0.012058   0.342576   1.125008   0.071351   0.500000   1.000000
  0.597990   0.482681   0.544426   0.017711   0.342935   1.121907   0.108432   0.500000   1.000000
  0.603015   0.482770   0.546150   0.023349   0.343480   1.115102   0.145734   0.500000   1.000000
  0.608040   0.482887   0.547876   0.028952   0.344212   1.104172   0.183264   0.500000   1.000000
  0.613065   0.483032   0.549605   0.034501   0.345133   1.088698   0.221024   0.500000   1.000000
  0.618090   0.483206   0.551340   0.039971   0.346244   1.068268   0.259010   0.500000   1.000000
  0.623116   0.483407   0.553080   0.045341   0.347545   1.042483   0.297222   0.500000   1.000000
  0.628141   0.483635   0.554826   0.050579   0.349039   1.010980   0.335630   0.500000   1.000000
  0.633166   0.483889   0.556580   0.055659   0.350725   0.973412   0.374220   0.500000   1.000000
  0.638191   0.484168   0.558343   0.060551   0.352606   0.929479   0.412965   0.500000   1.000000
  0.643216   0.484473   0.560114   0.065221   0.354681   0.878921   0.451831   0.500000   1.000000
  0.648241   0.484800   0.561897   0.069638   0.356952   0.821534   0.490776   0.500000   1.000000
  0.653266   0.485150   0.563690   0.073766   0.359418   0.757173   0.529748   0.500000   1.000000
  0.658291   0.485521   0.565496   0.077571   0.362080   0.685753   0.568688   0.500000   1.000000
  0.663317   0.485911   0.567316   0.081017   0.364938   0.607246   0.607535   0.500000   1.000000
  0.668342   0.486318   0.569150   0.084069   0.367991   0.521741   0.646192   0.500000   1.000000
  0.673367   0.486740   0.570999   0.086691   0.371238   0.429356   0.684578   0.500000   1.000000
  0.678392   0.487176   0.572865   0.088848   0.374678   0.330300   0.722589   0.500000   1.000000
  0.683417   0.487622   0.574747   0.090508   0.378309   0.224860   0.760112   0.500000   1.000000
  0.688442   0.488077   0.576648   0.091638   0.382128   0.113395   0.797017   0.500000   1.000000
  0.693467   0.488538   0.578569   0.092208   0.386133  -0.003657   0.833160   0.500000   1.000000
  0.698492   0.489001   0.580509   0.092189   0.390320  -0.125788   0.868384   0.500000   1.000000
  0.703518   0.489464   0.582471   0.091557   0.394685  -0.252449   0.902518   0.500000   1.000000
  0.708543   0.489925   0.584454   0.090288   0.399220  -0.382945   0.935355   0.500000   1.000000
  0.713568   0.490378   0.586460   0.088364   0.403920  -0.516599   0.966688   0.500000   1.000000
  0.718593   0.490822   0.588490   0.085768   0.408777  -0.652650   0.996281   0.500000   1.000000
  0.723618   0.491253   0.590544   0.082489   0.413784  -0.790287   1.023879   0.500000   1.000000
  0.728643   0.491668   0.592623   0.078517   0.418929  -0.928650   1.049198   0.500000   1.000000
  0.733668   0.492062   0.594728   0.073851   0.424201  -1.066834   1.071932   0.500000   1.000000
  0.738693   0.492433   0.596860   0.068490   0.429587  -1.203895   1.091745   0.500000   1.000000
  0.743719   0.492778   0.599019   0.062439   0.435075  -1.324896   1.108278   0.500000   1.000000
  0.748744   0.493091   0.601205   0.055782   0.440644  -1.459373   1.121128   0.500000   1.000000
  0.753769   0.493372   0.603420   0.048448   0.446277  -1.589356   1.129875   0.500000   1.000000
  0.758794   0.493615   0.605662   0.040462   0.451955  -1.713798   1.134059   0.500000   1.000000
  0.763819   0.493818   0.607933   0.031850   0.457654  -1.831619   1.133189   0.500000   1.000000
  0.768844   0.493978   0.610233   0.022646   0.463348  -1.941711   1.126742   0.500000   1.000000
  0.773869   0.494092   0.612561   0.012889   0.469010  -2.042934   1.114160   0.500000   1.000000
  0.778894   0.494157   0.614918   0.002623   0.474608  -2.134124   1.094858   0.500000   1.000000
  0.783920   0.494170   0.617303  -0.008103   0.480111  -2.214106   1.068216   0.500000   1.000000
  0.788945   0.494130   0.619716  -0.019229   0.485479  -2.281631   1.033606   0.500000   1.000000
  0.793970   0.494033   0.622155  -0.030694   0.490673  -2.326725   0.990370   0.500000   1.000000
  0.798995   0.493879   0.624621  -0.042386   0.495649  -2.367488   0.937845   0.500000   1.000000
  0.804020   0.493666   0.627112  -0.054282   0.500362  -2.391853   0.875368   0.500000   1.000000
  0.809045   0.493393   0.629626  -0.066301   0.504761  -2.398612   0.802290   0.500000   1.000000
  0.814070   0.493060   0.632162  -0.078354   0.508792  -2.386579   0.717989   0.500000   1.000000
  0.819095   0.492666   0.634719  -0.090347   0.512400  -2.354608   0.621890   0.500000   1.000000
  0.824121   0.492212   0.637294  -0.102181   0.515526  -2.301607   0.513457   0.500000   1.000000
  0.829146   0.491698   0.639885  -0.113747   0.518106  -2.226609   0.392311   0.500000   1.000000
  0.834171   0.491127   0.642488  -0.124935   0.520077  -2.128741   0.258121   0.500000   1.000000
  0.839196   0.490499   0.645102  -0.135632   0.521374  -2.007297   0.110713   0.500000   1.000000
  0.844221   0.489818   0.647722  -0.145719   0.521931  -1.861771  -0.049926   0.500000   1.000000
  0.849246   0.489085   0.650344  -0.155074   0.521680  -1.691891  -0.223614   0.500000   1.000000
  0.854271   0.488306   0.652966  -0.163576   0.520556  -1.497666  -0.409960   0.500000   1.000000
  0.859296   0.487484   0.655582  -0.171102   0.518496  -1.279421  -0.608337   0.500000   1.000000
  0.864322   0.486624   0.658188  -0.177532   0.515439  -1.037781  -0.817911   0.500000   1.000000
  0.869347   0.485732   0.660778  -0.182747   0.511329  -0.773909  -1.037453   0.500000   1.000000
  0.874372   0.484814   0.663347  -0.186636   0.506115  -0.489220  -1.265603   0.500000   1.000000
  0.879397   0.483876   0.665890  -0.189094   0.499756  -0.185596  -1.500696   0.500000   1.000000
  0.884422   0.482926   0.668402  -0.190027   0.492215   0.134672  -1.740827   0.500000   1.000000
  0.889447   0.481971   0.670875  -0.189350   0.483467   0.468896  -1.983871   0.500000   1.000000
  0.894472   0.481019   0.673304  -0.186994   0.473498   0.809241  -2.227524   0.500000   1.000000
  0.899497   0.480080   0.675684  -0.182928   0.462305   1.162757  -2.469340   0.500000   1.000000
  0.904523   0.479160   0.678007  -0.177084   0.449894   1.520157  -2.706838   0.500000   1.000000
  0.909548   0.478270   0.680268  -0.169445   0.436292   1.877476  -2.937358   0.500000   1.000000
  0.914573   0.477419   0.682460  -0.160011   0.421532   2.230868  -3.158422   0.500000   1.000000
  0.919598   0.476615   0.684579  -0.148800   0.405661   2.576392  -3.367594   0.500000   1.000000
  0.924623   0.475867   0.686617  -0.135854   0.388739   2.910183  -3.562586   0.500000   1.000000
  0.929648   0.475185   0.688570  -0.121230   0.370837   3.228532  -3.741319   0.500000   1.000000
  0.934673   0.474575   0.690434  -0.105007   0.352037   3.527973  -3.901959   0.500000   1.000000
  0.939698   0.474048   0.692203  -0.087279   0.332429   3.805356  -4.042965   0.500000   1.000000
  0.944724   0.473609   0.693874  -0.068153   0.312109   4.057956  -4.163133   0.500000   1.000000
  0.949749   0.473267   0.695442  -0.047762   0.291189   4.283316  -4.261515   0.500000   1.000000
  0.954774   0.473027   0.696905  -0.026238   0.269775   4.479603  -4.337582   0.500000   1.000000
  0.959799   0.472895   0.698261  -0.003728   0.247979   4.645403  -4.391110   0.500000   1.000000
  0.964824   0.472876   0.699507   0.019615   0.225914   4.779782  -4.422193   0.500000   1.000000
  0.969849   0.472975   0.700642   0.043633   0.203692   4.882281  -4.431227   0.500000   1.000000
  0.974874   0.473194   0.701666   0.068167   0.181425   4.952889  -4.418874   0.500000   1.000000
  0.979899   0.473536   0.702577   0.093055   0.159220   4.992017  -4.386036   0.500000   1.000000
  0.984925   0.474004   0.703378   0.118145   0.137176   5.000457  -4.333809   0.500000   1.000000
  0.989950   0.474598   0.704067   0.143272   0.115399   4.979335  -4.263481   0.500000   1.000000
  0.994975   0.475318   0.704647   0.168293   0.093975   4.930078  -4.176449   0.500000   1.000000
  1.000000   0.476163   0.705119   0.193067   0.072988   4.854352  -4.074208   0.500000   1.000000