  0.000000   0.539018   0.303843   0.000000   0.000000   0.659793 -12.908382   0.625000   0.250000
  0.005025   0.539018   0.303843   0.003315  -0.064865   0.990349  -9.142868   0.625000   0.250000
  0.010050   0.539035   0.303517   0.008292  -0.110808   1.231662  -5.902386   0.625000   0.250000
  0.015075   0.539076   0.302960   0.014481  -0.140467   1.395853  -3.130678   0.625000   0.250000
  0.020101   0.539149   0.302254   0.021497  -0.156202   1.493786  -0.776298   0.625000   0.250000
  0.025126   0.539257   0.301469   0.029003  -0.160103   1.535115   1.205957   0.625000   0.250000
  0.030151   0.539403   0.300665   0.036717  -0.154043   1.528519   2.858408   0.625000   0.250000
  0.035176   0.539587   0.299891   0.044398  -0.139679   1.481702   4.218836   0.625000   0.250000
  0.040201   0.539810   0.299189   0.051843  -0.118480   1.401512   5.321361   0.625000   0.250000
  0.045226   0.540071   0.298594   0.058886  -0.091740   1.294020   6.196770   0.625000   0.250000
  0.050251   0.540367   0.298133   0.065388  -0.060601   1.164600   6.872811   0.625000   0.250000
  0.055276   0.540695   0.297828   0.071240  -0.026065   1.017992   7.374462   0.625000   0.250000
  0.060302   0.541054   0.297697   0.076357   0.010999   0.858335   7.724245   0.625000   0.250000
  0.065327   0.541437   0.297752   0.080670   0.049813   0.689352   7.942177   0.625000   0.250000
  0.070352   0.541843   0.298003   0.084134   0.089723   0.514209   8.046432   0.625000   0.250000
  0.075377   0.542265   0.298453   0.086718   0.130156   0.335688   8.053197   0.625000   0.250000
  0.080402   0.542701   0.299107   0.088405   0.170623   0.156197   7.976942   0.625000   0.250000
  0.085427   0.543145   0.299965   0.089190   0.210707  -0.017559   7.830574   0.625000   0.250000
  0.090452   0.543594   0.301024   0.089101   0.250056  -0.192847   7.625588   0.625000   0.250000
  0.095477   0.544041   0.302280   0.088132   0.288375  -0.363686   7.372199   0.625000   0.250000
  0.100503   0.544484   0.303730   0.086304   0.325427  -0.528834   7.079398   0.625000   0.250000
  0.105528   0.544918   0.305365   0.083647   0.361001  -0.687162   6.755310   0.625000   0.250000
  0.110553   0.545338   0.307179   0.080194   0.394947  -0.837830   6.406940   0.625000   0.250000
  0.115578   0.545741   0.309163   0.075984   0.427142  -0.980133   6.040491   0.625000   0.250000
  0.120603   0.546123   0.311310   0.071059   0.457495  -1.113515   5.661399   0.625000   0.250000
  0.125628   0.546480   0.313609   0.065463   0.485944  -1.237551   5.274403   0.625000   0.250000
  0.130653   0.546809   0.316051   0.059245   0.512447  -1.351934   4.883621   0.625000   0.250000
  0.135678   0.547107   0.318626   0.052451   0.536988  -1.456457   4.492611   0.625000   0.250000
  0.140704   0.547370   0.321325   0.045131   0.559568  -1.551024   4.104348   0.625000   0.250000
  0.145729   0.547597   0.324136   0.037337   0.580192  -1.635559   3.721598   0.625000   0.250000
  0.150754   0.547785   0.327052   0.029118   0.598893  -1.710116   3.346484   0.625000   0.250000
  0.155779   0.547931   0.330061   0.020525   0.615709  -1.774790   2.980851   0.625000   0.250000
  0.160804   0.548034   0.333155   0.011607   0.630688  -1.829725   2.591067   0.625000   0.250000
  0.165829   0.548093   0.336324   0.002412   0.643708  -1.875113   2.249551   0.625000   0.250000
  0.170854   0.548105   0.339559  -0.007010   0.655012  -1.911186   1.921083   0.625000   0.250000
  0.175879   0.548069   0.342851  -0.016614   0.664665  -1.938207   1.606435   0.625000   0.250000
  0.180905   0.547986   0.346191  -0.026355   0.672739  -1.956473   1.306121   0.625000   0.250000
  0.185930   0.547853   0.349572  -0.036186   0.679303  -1.966293   1.020669   0.625000   0.250000
  0.190955   0.547672   0.352985  -0.046067   0.684431  -1.968008   0.750266   0.625000   0.250000
  0.195980   0.547440   0.356424  -0.055956   0.688201  -1.961974   0.495029   0.625000   0.250000
  0.201005   0.547159   0.359883  -0.065815   0.690689  -1.948559   0.254963   0.625000   0.250000
  0.206030   0.546828   0.363353  -0.075607   0.691970  -1.928141   0.029971   0.625000   0.250000
  0.211055   0.546448   0.366830  -0.085296   0.692121  -1.901107  -0.180128   0.625000   0.250000
  0.216080   0.546020   0.370308  -0.094849   0.691216  -1.867851  -0.375587   0.625000   0.250000
  0.221106   0.545543   0.373782  -0.104237   0.689328  -1.828761  -0.556760   0.625000   0.250000
  0.226131   0.545019   0.377246  -0.113426   0.686530  -1.784254  -0.723937   0.625000   0.250000
  0.231156   0.544449   0.380696  -0.122392   0.682892  -1.734723  -0.877568   0.625000   0.250000
  0.236181   0.543834   0.384128  -0.131109   0.678483  -1.680567  -1.018099   0.625000   0.250000
  0.241206   0.543175   0.387537  -0.139554   0.673367  -1.622184  -1.146002   0.625000   0.250000
  0.246231   0.542474   0.390921  -0.147705   0.667608  -1.559968  -1.261771   0.625000   0.250000
  0.251256   0.541732   0.394275  -0.155544   0.661268  -1.494309  -1.365917   0.625000   0.250000
  0.256281   0.540950   0.397598  -0.163053   0.654404  -1.425591  -1.458961   0.625000   0.250000
  0.261307   0.540131   0.400887  -0.170218   0.647071  -1.354177  -1.541449   0.625000   0.250000
  0.266332   0.539275   0.404139  -0.177023   0.639325  -1.280467  -1.613878   0.625000   0.250000
  0.271357   0.538386   0.407351  -0.183457   0.631216  -1.204809  -1.676797   0.625000   0.250000
  0.276382   0.537464   0.410523  -0.189511   0.622790  -1.127556  -1.730736   0.625000   0.250000
  0.281407   0.536512   0.413653  -0.195177   0.614093  -1.049053  -1.776218   0.625000   0.250000
  0.286432   0.535531   0.416739  -0.200449   0.605167  -0.969631  -1.813759   0.625000   0.250000
  0.291457   0.534524   0.419780  -0.205321   0.596053  -0.889616  -1.843867   0.625000   0.250000
  0.296482   0.533492   0.422775  -0.209791   0.586788  -0.809318  -1.867037   0.625000   0.250000
  0.301508   0.532438   0.425724  -0.213859   0.577404  -0.729020  -1.883755   0.625000   0.250000
  0.306533   0.531363   0.428625  -0.217522   0.567938  -0.649045  -1.894486   0.625000   0.250000
  0.311558   0.530270   0.431479  -0.220784   0.558418  -0.569650  -1.899689   0.625000   0.250000
  0.316583   0.529160   0.434285  -0.223646   0.548872  -0.491100  -1.899806   0.625000   0.250000
  0.321608   0.528037   0.437043  -0.226114   0.539326  -0.413642  -1.895261   0.625000   0.250000
  0.326633   0.526900   0.439754  -0.228193   0.529802  -0.337515  -1.886465   0.625000   0.250000
  0.331658   0.525754   0.442416  -0.229889   0.520323  -0.262940  -1.873810   0.625000   0.250000
  0.336683   0.524599   0.445030  -0.231210   0.510907  -0.190128  -1.857671   0.625000   0.250000
  0.341709   0.523437   0.447598  -0.232166   0.501570  -0.119260  -1.838404   0.625000   0.250000
  0.346734   0.522270   0.450119  -0.232765   0.492332  -0.050547  -1.816355   0.625000   0.250000
  0.351759   0.521100   0.452593  -0.233019   0.483205   0.015856  -1.791847   0.625000   0.250000
  0.356784   0.519929   0.455021  -0.232939   0.474201   0.079796  -1.765183   0.625000   0.250000
  0.361809   0.518759   0.457404  -0.232538   0.465331   0.141131  -1.736653   0.625000   0.250000
  0.366834   0.517590   0.459742  -0.231829   0.456604   0.199734  -1.706528   0.625000   0.250000
  0.371859   0.516425   0.462036  -0.230825   0.448029   0.280268  -1.675059   0.625000   0.250000
  0.376884   0.515265   0.464288  -0.229417   0.439612   0.334399  -1.642482   0.625000   0.250000
  0.381910   0.514112   0.466497  -0.227736   0.431357   0.385826  -1.609009   0.625000   0.250000
  0.386935   0.512968   0.468665  -0.225797   0.423271   0.434476  -1.574853   0.625000   0.250000
  0.391960   0.511833   0.470792  -0.223614   0.415358   0.480322  -1.540190   0.625000   0.250000
  0.396985   0.510710   0.472879  -0.221201   0.407618   0.523343  -1.505187   0.625000   0.250000
  0.402010   0.509598   0.474927  -0.218571   0.400055   0.563530  -1.469991   0.625000   0.250000
  0.407035   0.508500   0.476937  -0.215739   0.392668   0.600886  -1.434736   0.625000   0.250000
  0.412060   0.507416   0.478911  -0.212720   0.385458   0.635429  -1.399535   0.625000   0.250000
  0.417085   0.506347   0.480848  -0.209527   0.378426   0.667191  -1.364487   0.625000   0.250000
  0.422111   0.505294   0.482749  -0.206173   0.371568   0.696217  -1.329668   0.625000   0.250000
  0.427136   0.504258   0.484617  -0.202675   0.364886   0.722550  -1.295159   0.625000   0.250000
  0.432161   0.503239   0.486450  -0.199044   0.358378   0.801916  -1.261001   0.625000   0.250000
  0.437186   0.502239   0.488251  -0.195014   0.352042   0.823863  -1.227230   0.625000   0.250000
  0.442211   0.501259   0.490020  -0.190874   0.345875   0.843757  -1.193865   0.625000   0.250000
  0.447236   0.500300   0.491758  -0.186635   0.339876   0.861695  -1.160912   0.625000   0.250000
  0.452261   0.499362   0.493466  -0.182305   0.334042   0.877778  -1.128359   0.625000   0.250000
  0.457286   0.498446   0.495144  -0.177894   0.328372   0.892117  -1.096183   0.625000   0.250000
  0.462312   0.497552   0.496795  -0.173410   0.322863   0.904827  -1.064341   0.625000   0.250000
  0.467337   0.496681   0.498417  -0.168863   0.317514   0.916018  -1.032793   0.625000   0.250000
  0.472362   0.495832   0.500013  -0.164260   0.312325   0.925809  -1.001470   0.625000   0.250000
  0.477387   0.495007   0.501582  -0.159608   0.307292   0.934315  -0.970296   0.625000   0.250000
  0.482412   0.494205   0.503126  -0.154913   0.302416   0.941649  -0.939185   0.625000   0.250000
  0.487437   0.493426   0.504646  -0.150181   0.297697   0.947918  -0.908040   0.625000   0.250000
  0.492462   0.492672   0.506142  -0.145418   0.293134   0.953221  -0.876753   0.625000   0.250000
  0.497487   0.491941   0.507615  -0.140628   0.288728   0.957650  -0.845208   0.625000   0.250000
  0.502513   0.491234   0.509066  -0.135815   0.284480   0.961285  -0.813276   0.625000   0.250000
  0.507538   0.490552   0.510496  -0.130984   0.280394   0.964188  -0.780837   0.625000   0.250000
  0.512563   0.489893   0.511905  -0.126139   0.276470   0.966411  -0.747749   0.625000   0.250000
  0.517588   0.489260   0.513294  -0.121283   0.272713   0.967984  -0.713871   0.625000   0.250000
  0.522613   0.488650   0.514664  -0.116419   0.269125   0.968918  -0.679057   0.625000   0.250000
  0.527638   0.488065   0.516017  -0.111550   0.265713   0.969203  -0.643160   0.625000   0.250000
  0.532663   0.487505   0.517352  -0.106680   0.262481   0.968803  -0.606034   0.625000   0.250000
  0.537688   0.486968   0.518671  -0.101812   0.259436   0.967658  -0.567530   0.625000   0.250000
  0.542714   0.486457   0.519975  -0.096948   0.256583   0.965681  -0.527496   0.625000   0.250000
  0.547739   0.485970   0.521264  -0.092096   0.253933   0.962756  -0.485808   0.625000   0.250000
  0.552764   0.485507   0.522540  -0.087258   0.251492   0.958742  -0.442321   0.625000   0.250000
  0.557789   0.485068   0.523804  -0.082440   0.249269   0.953466  -0.396908   0.625000   0.250000
  0.562814   0.484654   0.525056  -0.077649   0.247274   0.946729  -0.349449   0.625000   0.250000
  0.567839   0.484264   0.526299  -0.072892   0.245519   0.938305  -0.299834   0.625000   0.250000
  0.572864   0.483898   0.527533  -0.068177   0.244012   0.927943  -0.247966   0.625000   0.250000
  0.577889   0.483555   0.528759  -0.063514   0.242766   0.915367  -0.193762   0.625000   0.250000
  0.582915   0.483236   0.529979  -0.058913   0.241792   0.900277  -0.137140   0.625000   0.250000
  0.587940   0.482940   0.531194  -0.054389   0.241103   0.882367  -0.078074   0.625000   0.250000
  0.592965   0.482666   0.532405  -0.049955   0.240711   0.861307  -0.016517   0.625000   0.250000
  0.597990   0.482415   0.533615  -0.045627   0.240628   0.836763   0.047544   0.625000   0.250000
  0.603015   0.482186   0.534824  -0.041423   0.240866   0.808395   0.114103   0.625000   0.250000
  0.608040   0.481978   0.536035  -0.037360   0.241440   0.775869   0.183133   0.625000   0.250000
  0.613065   0.481790   0.537248  -0.033462   0.242360   0.738856   0.254582   0.625000   0.250000
  0.618090   0.481622   0.538466  -0.029749   0.243639   0.697044   0.328376   0.625000   0.250000
  0.623116   0.481473   0.539690  -0.026246   0.245290   0.650132   0.404436   0.625000   0.250000
  0.628141   0.481341   0.540923  -0.022979   0.247322   0.597877   0.482606   0.625000   0.250000
  0.633166   0.481225   0.542166  -0.019974   0.249747   0.540040   0.562757   0.625000   0.250000
  0.638191   0.481125   0.543420  -0.017261   0.252575   0.476438   0.644719   0.625000   0.250000
  0.643216   0.481038   0.544690  -0.014867   0.255815   0.406930   0.728297   0.625000   0.250000
  0.648241   0.480963   0.545975  -0.012822   0.259474   0.331431   0.813274   0.625000   0.250000
  0.653266   0.480899   0.547279  -0.011156   0.263561   0.249914   0.899408   0.625000   0.250000
  0.658291   0.480843   0.548603  -0.009901   0.268081   0.162413   0.986436   0.625000   0.250000
  0.663317   0.480793   0.549951  -0.009084   0.273038   0.069009   1.074092   0.625000   0.250000
  0.668342   0.480748   0.551323  -0.008737   0.278436  -0.030091   1.162032   0.625000   0.250000
  0.673367   0.480704   0.552722  -0.008889   0.284275  -0.134667   1.249949   0.625000   0.250000
  0.678392   0.480659   0.554150  -0.009565   0.290556  -0.244412   1.337499   0.625000   0.250000
  0.683417   0.480611   0.555610  -0.010794   0.297277  -0.358947   1.424317   0.625000   0.250000
  0.688442   0.480557   0.557104  -0.012597   0.304434  -0.477824   1.510024   0.625000   0.250000
  0.693467   0.480493   0.558634  -0.014998   0.312022  -0.600528   1.594224   0.625000   0.250000
  0.698492   0.480418   0.560202  -0.018016   0.320033  -0.726480   1.676505   0.625000   0.250000
  0.703518   0.480327   0.561810  -0.021667   0.328459  -0.855067   1.756456   0.625000   0.250000
  0.708543   0.480219   0.563461  -0.025964   0.337285  -0.985532   1.833601   0.625000   0.250000
  0.713568   0.480088   0.565156  -0.030916   0.346499  -1.117148   1.907500   0.625000   0.250000
  0.718593   0.479933   0.566897  -0.036530   0.356084  -1.249106   1.977684   0.625000   0.250000
  0.723618   0.479749   0.568686  -0.042807   0.366022  -1.380552   2.071573   0.625000   0.250000
  0.728643   0.479534   0.570526  -0.049744   0.376432  -1.510582   2.127647   0.625000   0.250000
  0.733668   0.479284   0.572417  -0.057335   0.387123  -1.638251   2.179125   0.625000   0.250000
  0.738693   0.478996   0.574362  -0.065567   0.398073  -1.762574   2.225411   0.625000   0.250000
  0.743719   0.478666   0.576363  -0.074426   0.409258  -1.882550   2.265907   0.625000   0.250000
  0.748744   0.478293   0.578420  -0.083885   0.420644  -1.997063   2.299971   0.625000   0.250000
  0.753769   0.477871   0.580533  -0.093921   0.432202  -2.105039   2.326976   0.625000   0.250000
  0.758794   0.477399   0.582705  -0.104498   0.443895  -2.205340   2.346265   0.625000   0.250000
  0.763819   0.476874   0.584936  -0.115580   0.455685  -2.286083   2.357166   0.625000   0.250000
  0.768844   0.476293   0.587226  -0.127068   0.467530  -2.369612   2.358986   0.625000   0.250000
  0.773869   0.475655   0.589575  -0.138975   0.479383  -2.441550   2.351017   0.625000   0.250000
  0.778894   0.474956   0.591984  -0.151244   0.491197  -2.500644   2.332534   0.625000   0.250000
  0.783920   0.474196   0.594453  -0.163812   0.502921  -2.538717   2.302791   0.625000   0.250000
  0.788945   0.473373   0.596980  -0.176569   0.514492  -2.569694   2.261052   0.625000   0.250000
  0.793970   0.472486   0.599565  -0.189482   0.525854  -2.583667   2.206563   0.625000   0.250000
  0.798995   0.471534   0.602208  -0.202465   0.536942  -2.579294   2.138578   0.625000   0.250000
  0.804020   0.470516   0.604906  -0.215426   0.547688  -2.555233   2.056368   0.625000   0.250000
  0.809045   0.469434   0.607658  -0.228266   0.558022  -2.510148   1.959235   0.625000   0.250000
  0.814070   0.468287   0.610462  -0.240879   0.567867  -2.442736   1.846525   0.625000   0.250000
  0.819095   0.467076   0.613315  -0.253154   0.577145  -2.351753   1.717650   0.625000   0.250000
  0.824121   0.465804   0.616216  -0.264974   0.585778  -2.236014   1.572078   0.625000   0.250000
  0.829146   0.464472   0.619160  -0.276210   0.593678  -2.094533   1.409483   0.625000   0.250000
  0.834171   0.463084   0.622143  -0.286735   0.600761  -1.926418   1.229590   0.625000   0.250000
  0.839196   0.461644   0.625162  -0.296415   0.606939  -1.731009   1.032320   0.625000   0.250000
  0.844221   0.460154   0.628212  -0.305114   0.612127  -1.507903   0.817798   0.625000   0.250000
  0.849246   0.458621   0.631288  -0.312691   0.616236  -1.257002   0.586374   0.625000   0.250000
  0.854271   0.457050   0.634384  -0.319007   0.619183  -0.978565   0.338656   0.625000   0.250000
  0.859296   0.455447   0.637495  -0.323924   0.620885  -0.673253   0.075531   0.625000   0.250000
  0.864322   0.453819   0.640616  -0.327308   0.621264  -0.349348  -0.201873   0.625000   0.250000
  0.869347   0.452174   0.643738  -0.329064   0.620250   0.007205  -0.491945   0.625000   0.250000
  0.874372   0.450520   0.646855  -0.329028   0.617778   0.385746  -0.792932   0.625000   0.250000
  0.879397   0.448867   0.649959  -0.327089   0.613793   0.783703  -1.102724   0.625000   0.250000
  0.884422   0.447223   0.653043  -0.323151   0.608252   1.198012  -1.418923   0.625000   0.250000
  0.889447   0.445599   0.656100  -0.317131   0.601122   1.625142  -1.738880   0.625000   0.250000
  0.894472   0.444006   0.659120  -0.308965   0.592384   2.061141  -2.059733   0.625000   0.250000
  0.899497   0.442453   0.662097  -0.298607   0.582034   2.501703  -2.378463   0.625000   0.250000
  0.904523   0.440953   0.665022  -0.286034   0.570080   2.942339  -2.692022   0.625000   0.250000
  0.909548   0.439515   0.667887  -0.271249   0.556552   3.378105  -2.997133   0.625000   0.250000
  0.914573   0.438152   0.670684  -0.254274   0.541492   3.804258  -3.290766   0.625000   0.250000
  0.919598   0.436874   0.673405  -0.235157   0.524956   4.216001  -3.569940   0.625000   0.250000
  0.924623   0.435693   0.676043  -0.213972   0.507017   4.608686  -3.831860   0.625000   0.250000
  0.929648   0.434618   0.678590  -0.190813   0.487762   4.977917  -4.073983   0.625000   0.250000
  0.934673   0.433659   0.681041  -0.165799   0.467290   5.319657  -4.294068   0.625000   0.250000
  0.939698   0.432826   0.683390  -0.139068   0.445712   5.630305  -4.490225   0.625000   0.250000
  0.944724   0.432127   0.685630  -0.110770   0.423144   5.906832  -4.660980   0.625000   0.250000
  0.949749   0.431570   0.687756  -0.081088   0.399723   6.146591  -4.805151   0.625000   0.250000
  0.954774   0.431163   0.689765  -0.050202   0.375577   6.347718  -4.922077   0.625000   0.250000
  0.959799   0.430910   0.691652  -0.018304   0.350844   6.508895  -5.011458   0.625000   0.250000
  0.964824   0.430818   0.693415   0.014403   0.325661   6.629411  -5.073380   0.625000   0.250000
  0.969849   0.430891   0.695051   0.047716   0.300167   6.709140  -5.108288   0.625000   0.250000
  0.974874   0.431130   0.696560   0.081429   0.274498   6.748510  -5.116950   0.625000   0.250000
  0.979899   0.431540   0.697939   0.115340   0.248785   6.748457  -5.100425   0.625000   0.250000
  0.984925   0.432119   0.699189   0.149258   0.223151   6.710359  -5.060004   0.625000   0.250000
  0.989950   0.432869   0.700311   0.182978   0.197724   6.636010  -4.997204   0.625000   0.250000
  0.994975   0.433789   0.701304   0.216324   0.172613   6.527523  -4.913683   0.625000   0.250000
  1.000000   0.434876   0.702172   0.249124   0.147922   6.387279  -4.811214   0.625000   0.250000