  0.000000   0.539018   0.303843   0.000000   0.000000   0.829316 -15.752843   0.625000   0.625000
  0.005025   0.539018   0.303843   0.004167  -0.079158   1.139651 -11.660787   0.625000   0.625000
  0.010050   0.539039   0.303445   0.009894  -0.137753   1.362214  -8.117975   0.625000   0.625000
  0.015075   0.539089   0.302753   0.016739  -0.178546   1.509023  -5.066603   0.625000   0.625000
  0.020101   0.539173   0.301856   0.024324  -0.204011   1.590847  -2.453721   0.625000   0.625000
  0.025126   0.539295   0.300830   0.032318  -0.216341   1.617259  -0.232868   0.625000   0.625000
  0.030151   0.539457   0.299743   0.040444  -0.217511   1.596853   1.639613   0.625000   0.625000
  0.035176   0.539661   0.298650   0.048468  -0.209272   1.537255   3.202704   0.625000   0.625000
  0.040201   0.539904   0.297599   0.056193  -0.193179   1.445242   4.491655   0.625000   0.625000
  0.045226   0.540187   0.296628   0.063455  -0.170608   1.326819   5.538313   0.625000   0.625000
  0.050251   0.540505   0.295771   0.070123  -0.142778   1.187297   6.371418   0.625000   0.625000
  0.055276   0.540858   0.295053   0.076089  -0.110762   1.031359   7.016882   0.625000   0.625000
  0.060302   0.541240   0.294497   0.081273  -0.075495   0.863086   7.498127   0.625000   0.625000
  0.065327   0.541649   0.294117   0.085610  -0.037817   0.686158   7.835938   0.625000   0.625000
  0.070352   0.542079   0.293927   0.089057   0.001559   0.503690   8.049286   0.625000   0.625000
  0.075377   0.542526   0.293935   0.091589   0.042007   0.318421   8.155080   0.625000   0.625000
  0.080402   0.542987   0.294146   0.093189   0.082986   0.132720   8.168465   0.625000   0.625000
  0.085427   0.543455   0.294563   0.093856   0.124032  -0.047185   8.102985   0.625000   0.625000
  0.090452   0.543926   0.295186   0.093618   0.164750  -0.227725   7.970730   0.625000   0.625000
  0.095477   0.544397   0.296014   0.092474   0.204803  -0.403384   7.782468   0.625000   0.625000
  0.100503   0.544862   0.297044   0.090447   0.243918  -0.572954   7.547727   0.625000   0.625000
  0.105528   0.545316   0.298269   0.087568   0.281845  -0.735326   7.275096   0.625000   0.625000
  0.110553   0.545756   0.299686   0.083873   0.318402  -0.889690   6.972050   0.625000   0.625000
  0.115578   0.546178   0.301286   0.079402   0.353437  -1.035362   6.645220   0.625000   0.625000
  0.120603   0.546577   0.303062   0.074199   0.386829  -1.171808   6.300445   0.625000   0.625000
  0.125628   0.546949   0.305005   0.068311   0.418489  -1.298620   5.942839   0.625000   0.625000
  0.130653   0.547293   0.307108   0.061785   0.448352  -1.415510   5.576872   0.625000   0.625000
  0.135678   0.547603   0.309361   0.054672   0.476375  -1.522287   5.206430   0.625000   0.625000
  0.140704   0.547878   0.311756   0.047021   0.502543  -1.618870   4.834801   0.625000   0.625000
  0.145729   0.548114   0.314281   0.038887   0.526838  -1.705194   4.465031   0.625000   0.625000
  0.150754   0.548310   0.316928   0.030318   0.549274  -1.781326   4.099517   0.625000   0.625000
  0.155779   0.548462   0.319688   0.021367   0.569875  -1.847371   3.740357   0.625000   0.625000
  0.160804   0.548569   0.322552   0.012084   0.588670  -1.903484   3.354694   0.625000   0.625000
  0.165829   0.548630   0.325510   0.002519   0.605527  -1.949866   3.014214   0.625000   0.625000
  0.170854   0.548643   0.328553  -0.007279   0.620674  -1.986755   2.684336   0.625000   0.625000
  0.175879   0.548606   0.331672  -0.017263   0.634162  -2.014422   2.366028   0.625000   0.625000
  0.180905   0.548519   0.334859  -0.027387   0.646054  -2.033171   2.059987   0.625000   0.625000
  0.185930   0.548382   0.338105  -0.037604   0.656405  -2.043317   1.766913   0.625000   0.625000
  0.190955   0.548193   0.341404  -0.047872   0.665284  -2.045206   1.487156   0.625000   0.625000
  0.195980   0.547952   0.344747  -0.058149   0.672757  -2.039198   1.220984   0.625000   0.625000
  0.201005   0.547660   0.348127  -0.068396   0.678893  -2.025666   0.968546   0.625000   0.625000
  0.206030   0.547316   0.351539  -0.078575   0.683760  -2.004993   0.729879   0.625000   0.625000
  0.211055   0.546922   0.354975  -0.088650   0.687427  -1.977569   0.504929   0.625000   0.625000
  0.216080   0.546476   0.358429  -0.098587   0.689964  -1.943793   0.293563   0.625000   0.625000
  0.221106   0.545981   0.361897  -0.108357   0.691440  -1.904056   0.095538   0.625000   0.625000
  0.226131   0.545436   0.365371  -0.117925   0.691920  -1.858778  -0.089322   0.625000   0.625000
  0.231156   0.544844   0.368848  -0.127265   0.691471  -1.808356  -0.261370   0.625000   0.625000
  0.236181   0.544204   0.372323  -0.136352   0.690158  -1.753192  -0.420953   0.625000   0.625000
  0.241206   0.543519   0.375791  -0.145162   0.688042  -1.693689  -0.568450   0.625000   0.625000
  0.246231   0.542789   0.379248  -0.153672   0.685186  -1.630244  -0.704270   0.625000   0.625000
  0.251256   0.542017   0.382691  -0.161864   0.681647  -1.563250  -0.828837   0.625000   0.625000
  0.256281   0.541204   0.386117  -0.169720   0.677482  -1.493096  -0.942592   0.625000   0.625000
  0.261307   0.540351   0.389522  -0.177224   0.672745  -1.420148  -1.046008   0.625000   0.625000
  0.266332   0.539460   0.392902  -0.184360   0.667489  -1.344811  -1.139498   0.625000   0.625000
  0.271357   0.538534   0.396256  -0.191118   0.661763  -1.267438  -1.223545   0.625000   0.625000
  0.276382   0.537574   0.399582  -0.197487   0.655614  -1.188385  -1.298609   0.625000   0.625000
  0.281407   0.536581   0.402876  -0.203458   0.649089  -1.108001  -1.365147   0.625000   0.625000
  0.286432   0.535559   0.406138  -0.209026   0.642229  -1.026626  -1.423610   0.625000   0.625000
  0.291457   0.534508   0.409365  -0.214185   0.635075  -0.944586  -1.474442   0.625000   0.625000
  0.296482   0.533432   0.412556  -0.218932   0.627666  -0.862200  -1.518079   0.625000   0.625000
  0.301508   0.532332   0.415711  -0.223265   0.620036  -0.779755  -1.554955   0.625000   0.625000
  0.306533   0.531210   0.418827  -0.227183   0.612223  -0.697579  -1.585466   0.625000   0.625000
  0.311558   0.530068   0.421903  -0.230689   0.604256  -0.615936  -1.610023   0.625000   0.625000
  0.316583   0.528909   0.424939  -0.233784   0.596165  -0.535095  -1.629015   0.625000   0.625000
  0.321608   0.527734   0.427935  -0.236472   0.587979  -0.455311  -1.642817   0.625000   0.625000
  0.326633   0.526546   0.430890  -0.238760   0.579724  -0.376826  -1.651790   0.625000   0.625000
  0.331658   0.525346   0.433803  -0.240654   0.571424  -0.299869  -1.656279   0.625000   0.625000
  0.336683   0.524137   0.436674  -0.242161   0.563101  -0.224656  -1.656618   0.625000   0.625000
  0.341709   0.522920   0.439504  -0.243290   0.554775  -0.151374  -1.653122   0.625000   0.625000
  0.346734   0.521697   0.442292  -0.244051   0.546468  -0.080240  -1.646094   0.625000   0.625000
  0.351759   0.520471   0.445038  -0.244454   0.538197  -0.011414  -1.635821   0.625000   0.625000
  0.356784   0.519243   0.447743  -0.244511   0.529977   0.054944  -1.622577   0.625000   0.625000
  0.361809   0.518014   0.450406  -0.244235   0.521823   0.118688  -1.606619   0.625000   0.625000
  0.366834   0.516787   0.453028  -0.243639   0.513750   0.179684  -1.588192   0.625000   0.625000
  0.371859   0.515562   0.455609  -0.242736   0.505769   0.262893  -1.567524   0.625000   0.625000
  0.376884   0.514343   0.458151  -0.241415   0.497892   0.319397  -1.544833   0.625000   0.625000
  0.381910   0.513129   0.460653  -0.239809   0.490128   0.373175  -1.520315   0.625000   0.625000
  0.386935   0.511924   0.463116  -0.237934   0.482488   0.424147  -1.494170   0.625000   0.625000
  0.391960   0.510729   0.465541  -0.235803   0.474980   0.472285  -1.466570   0.625000   0.625000
  0.396985   0.509544   0.467928  -0.233430   0.467611   0.517562  -1.437678   0.625000   0.625000
  0.402010   0.508371   0.470277  -0.230829   0.460386   0.559968  -1.407646   0.625000   0.625000
  0.407035   0.507211   0.472591  -0.228015   0.453313   0.599504  -1.376614   0.625000   0.625000
  0.412060   0.506065   0.474869  -0.225003   0.446396   0.636185  -1.344711   0.625000   0.625000
  0.417085   0.504934   0.477112  -0.221806   0.439638   0.670040  -1.312055   0.625000   0.625000
  0.422111   0.503820   0.479321  -0.218438   0.433044   0.701117  -1.278745   0.625000   0.625000
  0.427136   0.502722   0.481497  -0.214915   0.426618   0.729453  -1.244892   0.625000   0.625000
  0.432161   0.501642   0.483641  -0.211249   0.420363   0.810831  -1.210577   0.625000   0.625000
  0.437186   0.500580   0.485754  -0.207175   0.414280   0.834693  -1.175876   0.625000   0.625000
  0.442211   0.499539   0.487835  -0.202981   0.408371   0.856458  -1.140858   0.625000   0.625000
  0.447236   0.498519   0.489887  -0.198677   0.402638   0.876223  -1.105582   0.625000   0.625000
  0.452261   0.497521   0.491911  -0.194274   0.397082   0.894090  -1.070099   0.625000   0.625000
  0.457286   0.496545   0.493906  -0.189781   0.391705   0.910172  -1.034454   0.625000   0.625000
  0.462312   0.495591   0.495875  -0.185207   0.386506   0.924587  -0.998673   0.625000   0.625000
  0.467337   0.494660   0.497817  -0.180561   0.381488   0.937446  -0.962800   0.625000   0.625000
  0.472362   0.493753   0.499734  -0.175850   0.376650   0.948871  -0.926849   0.625000   0.625000
  0.477387   0.492869   0.501626  -0.171082   0.371992   0.958981  -0.890835   0.625000   0.625000
  0.482412   0.492010   0.503496  -0.166263   0.367516   0.967891  -0.854767   0.625000   0.625000
  0.487437   0.491174   0.505343  -0.161399   0.363221   0.975713  -0.818648   0.625000   0.625000
  0.492462   0.490363   0.507168  -0.156496   0.359107   0.982550  -0.782475   0.625000   0.625000
  0.497487   0.489577   0.508972  -0.151559   0.355175   0.988497  -0.746242   0.625000   0.625000
  0.502513   0.488815   0.510757  -0.146591   0.351424   0.993638  -0.709928   0.625000   0.625000
  0.507538   0.488078   0.512523  -0.141598   0.347857   0.998041  -0.673534   0.625000   0.625000
  0.512563   0.487367   0.514271  -0.136583   0.344472   1.001760  -0.637031   0.625000   0.625000
  0.517588   0.486681   0.516002  -0.131549   0.341271   1.004830  -0.600397   0.625000   0.625000
  0.522613   0.486020   0.517717  -0.126500   0.338254   1.007267  -0.563605   0.625000   0.625000
  0.527638   0.485384   0.519417  -0.121438   0.335422   1.009063  -0.526626   0.625000   0.625000
  0.532663   0.484774   0.521102  -0.116368   0.332776   1.010188  -0.489430   0.625000   0.625000
  0.537688   0.484189   0.522774  -0.111291   0.330316   1.010583  -0.451985   0.625000   0.625000
  0.542714   0.483630   0.524435  -0.106212   0.328045   1.010165  -0.414249   0.625000   0.625000
  0.547739   0.483096   0.526083  -0.101136   0.325963   1.008820  -0.376202   0.625000   0.625000
  0.552764   0.482588   0.527721  -0.096067   0.324073   1.006408  -0.337804   0.625000   0.625000
  0.557789   0.482105   0.529350  -0.091010   0.322375   1.002758  -0.299019   0.625000   0.625000
  0.562814   0.481648   0.530969  -0.085971   0.320873   0.997672  -0.259813   0.625000   0.625000
  0.567839   0.481216   0.532582  -0.080957   0.319567   0.990921  -0.220154   0.625000   0.625000
  0.572864   0.480809   0.534188  -0.075978   0.318461   0.982254  -0.180012   0.625000   0.625000
  0.577889   0.480427   0.535788  -0.071042   0.317556   0.971392  -0.139357   0.625000   0.625000
  0.582915   0.480070   0.537384  -0.066160   0.316856   0.958032  -0.098155   0.625000   0.625000
  0.587940   0.479737   0.538976  -0.061346   0.316363   0.941863  -0.056401   0.625000   0.625000
  0.592965   0.479429   0.540566  -0.056613   0.316079   0.922550  -0.014067   0.625000   0.625000
  0.597990   0.479145   0.542154  -0.051977   0.316009   0.899752   0.040446   0.625000   0.625000
  0.603015   0.478884   0.543742  -0.047456   0.316212   0.873121   0.082104   0.625000   0.625000
  0.608040   0.478645   0.545331  -0.043068   0.316624   0.842314   0.124563   0.625000   0.625000
  0.613065   0.478429   0.546922  -0.038836   0.317250   0.806993   0.167808   0.625000   0.625000
  0.618090   0.478234   0.548516  -0.034781   0.318094   0.766835   0.211815   0.625000   0.625000
  0.623116   0.478059   0.550115  -0.030927   0.319158   0.721528   0.256566   0.625000   0.625000
  0.628141   0.477903   0.551719  -0.027301   0.320447   0.670815   0.302008   0.625000   0.625000
  0.633166   0.477766   0.553329  -0.023930   0.321965   0.614448   0.348108   0.625000   0.625000
  0.638191   0.477646   0.554947  -0.020842   0.323714   0.552227   0.394816   0.625000   0.625000
  0.643216   0.477541   0.556574  -0.018068   0.325698   0.484000   0.442076   0.625000   0.625000
  0.648241   0.477450   0.558210  -0.015635   0.327920   0.409668   0.489820   0.625000   0.625000
  0.653266   0.477372   0.559858  -0.013577   0.330381   0.329192   0.537972   0.625000   0.625000
  0.658291   0.477304   0.561518  -0.011923   0.333084   0.242591   0.586447   0.625000   0.625000
  0.663317   0.477244   0.563192  -0.010703   0.336032   0.149936   0.635156   0.625000   0.625000
  0.668342   0.477190   0.564881  -0.009950   0.339223   0.051421   0.683972   0.625000   0.625000
  0.673367   0.477140   0.566585  -0.009692   0.342660  -0.052745   0.732783   0.625000   0.625000
  0.678392   0.477091   0.568307  -0.009957   0.346343  -0.162262   0.781457   0.625000   0.625000
  0.683417   0.477041   0.570048  -0.010772   0.350269  -0.276762   0.829845   0.625000   0.625000
  0.688442   0.476987   0.571808  -0.012163   0.354439  -0.395803   0.877785   0.625000   0.625000
  0.693467   0.476926   0.573589  -0.014152   0.358850  -0.518876   0.925100   0.625000   0.625000
  0.698492   0.476855   0.575392  -0.016759   0.363499  -0.645406   0.971595   0.625000   0.625000
  0.703518   0.476771   0.577219  -0.020003   0.368382  -0.774781   1.017068   0.625000   0.625000
  0.708543   0.476670   0.579070  -0.023896   0.373493  -0.906246   1.061267   0.625000   0.625000
  0.713568   0.476550   0.580947  -0.028450   0.378826  -1.039073   1.103952   0.625000   0.625000
  0.718593   0.476407   0.582851  -0.033671   0.384373  -1.172452   1.144849   0.625000   0.625000
  0.723618   0.476238   0.584782  -0.039563   0.390126  -1.305521   1.183661   0.625000   0.625000
  0.728643   0.476039   0.586742  -0.046123   0.396074  -1.437373   1.220069   0.625000   0.625000
  0.733668   0.475807   0.588733  -0.053346   0.402205  -1.567057   1.253725   0.625000   0.625000
  0.738693   0.475539   0.590754  -0.061220   0.408505  -1.693577   1.284254   0.625000   0.625000
  0.743719   0.475231   0.592807  -0.069732   0.414959  -1.815923   1.311259   0.625000   0.625000
  0.748744   0.474881   0.594892  -0.078857   0.421548  -1.932969   1.334291   0.625000   0.625000
  0.753769   0.474485   0.597010  -0.088570   0.428253  -2.043627   1.352892   0.625000   0.625000
  0.758794   0.474040   0.599162  -0.098840   0.435052  -2.146747   1.366562   0.625000   0.625000
  0.763819   0.473543   0.601348  -0.109627   0.441919  -2.230603   1.374769   0.625000   0.625000
  0.768844   0.472992   0.603569  -0.120836   0.448827  -2.317147   1.376947   0.625000   0.625000
  0.773869   0.472385   0.605824  -0.132480   0.455746  -2.392199   1.372498   0.625000   0.625000
  0.778894   0.471719   0.608115  -0.144500   0.462643  -2.454487   1.360794   0.625000   0.625000
  0.783920   0.470993   0.610440  -0.156837   0.469482  -2.495971   1.341172   0.625000   0.625000
  0.788945   0.470205   0.612799  -0.169379   0.476221  -2.530223   1.312962   0.625000   0.625000
  0.793970   0.469354   0.615192  -0.182093   0.482819  -2.547504   1.275461   0.625000   0.625000
  0.798995   0.468439   0.617618  -0.194894   0.489228  -2.546455   1.227964   0.625000   0.625000
  0.804020   0.467459   0.620077  -0.207690   0.495399  -2.525715   1.169764   0.625000   0.625000
  0.809045   0.466416   0.622566  -0.220382   0.501277  -2.483931   1.100166   0.625000   0.625000
  0.814070   0.465308   0.625085  -0.232864   0.506805  -2.419781   1.018506   0.625000   0.625000
  0.819095   0.464138   0.627631  -0.245023   0.511923  -2.332004   0.924164   0.625000   0.625000
  0.824121   0.462907   0.630204  -0.256744   0.516568  -2.219398   0.816563   0.625000   0.625000
  0.829146   0.461617   0.632800  -0.267896   0.520671  -2.080958   0.695284   0.625000   0.625000
  0.834171   0.460270   0.635417  -0.278353   0.524165  -1.915778   0.559956   0.625000   0.625000
  0.839196   0.458872   0.638050  -0.287980   0.526979  -1.723181   0.410371   0.625000   0.625000
  0.844221   0.457425   0.640699  -0.296639   0.529041  -1.502751   0.246487   0.625000   0.625000
  0.849246   0.455934   0.643357  -0.304190   0.530280  -1.254377   0.068460   0.625000   0.625000
  0.854271   0.454405   0.646022  -0.310493   0.530624  -0.978305  -0.123336   0.625000   0.625000
  0.859296   0.452845   0.648688  -0.315409   0.530004  -0.675186  -0.328282   0.625000   0.625000
  0.864322   0.451260   0.651352  -0.318803   0.528354  -0.353006  -0.545546   0.625000   0.625000
  0.869347   0.449658   0.654007  -0.320577   0.525612   0.001655  -0.773885   0.625000   0.625000
  0.874372   0.448047   0.656648  -0.320568   0.521724   0.378502  -1.011916   0.625000   0.625000
  0.879397   0.446436   0.659270  -0.318667   0.516639   0.774966  -1.257938   0.625000   0.625000
  0.884422   0.444835   0.661866  -0.314772   0.510318   1.187978  -1.509996   0.625000   0.625000
  0.889447   0.443253   0.664430  -0.308803   0.502730   1.614003  -1.765902   0.625000   0.625000
  0.894472   0.441701   0.666956  -0.300692   0.493856   2.049083  -2.023273   0.625000   0.625000
  0.899497   0.440190   0.669438  -0.290396   0.483689   2.488902  -2.279574   0.625000   0.625000
  0.904523   0.438731   0.671869  -0.277886   0.472232   2.928960  -2.532226   0.625000   0.625000
  0.909548   0.437335   0.674242  -0.263168   0.459508   3.364297  -2.778450   0.625000   0.625000
  0.914573   0.436012   0.676551  -0.246263   0.445546   3.790158  -3.015651   0.625000   0.625000
  0.919598   0.434775   0.678790  -0.227217   0.430392   4.201728  -3.241266   0.625000   0.625000
  0.924623   0.433633   0.680953  -0.206104   0.414105   4.594340  -3.452879   0.625000   0.625000
  0.929648   0.432597   0.683033  -0.183017   0.396754   4.963583  -3.648277   0.625000   0.625000
  0.934673   0.431678   0.685027  -0.158075   0.378422   5.305400  -3.825500   0.625000   0.625000
  0.939698   0.430883   0.686929  -0.131415   0.359199   5.616174  -3.982881   0.625000   0.625000
  0.944724   0.430223   0.688734  -0.103189   0.339181   5.892857  -4.119100   0.625000   0.625000
  0.949749   0.429704   0.690438  -0.073577   0.318482   6.132790  -4.233095   0.625000   0.625000
  0.954774   0.429334   0.692039  -0.042760   0.297211   6.334093  -4.324238   0.625000   0.625000
  0.959799   0.429120   0.693532  -0.010931   0.275482   6.495434  -4.392218   0.625000   0.625000
  0.964824   0.429065   0.694917   0.021709   0.253411   6.616093  -4.437054   0.625000   0.625000
  0.969849   0.429174   0.696190   0.054955   0.231114   6.695936  -4.459076   0.625000   0.625000
  0.974874   0.429450   0.697351   0.088602   0.208708   6.735383  -4.458900   0.625000   0.625000
  0.979899   0.429895   0.698400   0.122447   0.186302   6.735363  -4.437389   0.625000   0.625000
  0.984925   0.430511   0.699336   0.156299   0.163999   6.697254  -4.395615   0.625000   0.625000
  0.989950   0.431296   0.700161   0.189953   0.141911   6.622847  -4.334851   0.625000   0.625000
  0.994975   0.432250   0.700874   0.223232   0.120129   6.514254  -4.256491   0.625000   0.625000
  1.000000   0.433372   0.701477   0.255966   0.098740   6.373858  -4.162038   0.625000   0.625000