  0.000000   0.576537   0.315224   0.000000   0.000000   2.012307 -15.638063   0.750000   0.500000
  0.005025   0.576537   0.315224   0.010112  -0.078581   1.923365 -11.638708   0.750000   0.500000
  0.010050   0.576588   0.314829   0.019777  -0.137066   1.803393  -8.174038   0.750000   0.500000
  0.015075   0.576687   0.314140   0.028839  -0.178140   1.658267  -5.187900   0.750000   0.500000
  0.020101   0.576832   0.313245   0.037173  -0.204215   1.493139  -2.628846   0.750000   0.500000
  0.025126   0.577019   0.312219   0.044676  -0.217425   1.312647  -0.451736   0.750000   0.500000
  0.030151   0.577243   0.311126   0.051272  -0.219695   1.120770   1.385865   0.750000   0.500000
  0.035176   0.577501   0.310022   0.056904  -0.212731   0.921019   2.921851   0.750000   0.500000
  0.040201   0.577787   0.308953   0.061532  -0.198048   0.716451   4.190495   0.750000   0.500000
  0.045226   0.578096   0.307958   0.065132  -0.176991   0.509723   5.222766   0.750000   0.500000
  0.050251   0.578424   0.307069   0.067694  -0.150747   0.303125   6.046620   0.750000   0.500000
  0.055276   0.578764   0.306311   0.069217  -0.120362   0.098626   6.687266   0.750000   0.500000
  0.060302   0.579112   0.305706   0.069713  -0.086752  -0.102137   7.167499   0.750000   0.500000
  0.065327   0.579462   0.305270   0.069200  -0.050736  -0.297659   7.507544   0.750000   0.500000
  0.070352   0.579810   0.305015   0.067704  -0.013010  -0.486794   7.725873   0.750000   0.500000
  0.075377   0.580150   0.304950   0.065258   0.025812  -0.666688   7.838954   0.750000   0.500000
  0.080402   0.580478   0.305080   0.061908   0.065203  -0.840105   7.861542   0.750000   0.500000
  0.085427   0.580789   0.305407   0.057686   0.104707  -1.004661   7.806831   0.750000   0.500000
  0.090452   0.581079   0.305934   0.052638   0.143937  -1.159849   7.686607   0.750000   0.500000
  0.095477   0.581343   0.306657   0.046809   0.182562  -1.305285   7.511370   0.750000   0.500000
  0.100503   0.581578   0.307574   0.040249   0.220314  -1.440721   7.290414   0.750000   0.500000
  0.105528   0.581781   0.308682   0.033009   0.256948  -1.565921   7.032117   0.750000   0.500000
  0.110553   0.581947   0.309973   0.025141   0.292285  -1.680817   6.743777   0.750000   0.500000
  0.115578   0.582073   0.311441   0.016694   0.326172  -1.785382   6.431872   0.750000   0.500000
  0.120603   0.582157   0.313080   0.007723   0.358492  -1.879654   6.102104   0.750000   0.500000
  0.125628   0.582196   0.314882  -0.001722   0.389155  -1.963724   5.759474   0.750000   0.500000
  0.130653   0.582187   0.316837  -0.011590   0.418097  -2.037728   5.408354   0.750000   0.500000
  0.135678   0.582129   0.318938  -0.021830   0.445274  -2.101842   5.052547   0.750000   0.500000
  0.140704   0.582019   0.321176  -0.032393   0.470668  -2.156285   4.695274   0.750000   0.500000
  0.145729   0.581856   0.323541  -0.043229   0.494262  -2.201271   4.339517   0.750000   0.500000
  0.150754   0.581639   0.326025  -0.054290   0.516068  -2.237073   3.987631   0.750000   0.500000
  0.155779   0.581366   0.328618  -0.065531   0.536106  -2.263971   3.641674   0.750000   0.500000
  0.160804   0.581037   0.331312  -0.076908   0.554405  -2.282260   3.268742   0.750000   0.500000
  0.165829   0.580650   0.334098  -0.088376   0.570830  -2.292251   2.940520   0.750000   0.500000
  0.170854   0.580206   0.336966  -0.099895   0.585607  -2.294262   2.622402   0.750000   0.500000
  0.175879   0.579704   0.339909  -0.111424   0.598784  -2.288620   2.315345   0.750000   0.500000
  0.180905   0.579144   0.342919  -0.122926   0.610421  -2.275658   2.020041   0.750000   0.500000
  0.185930   0.578527   0.345986  -0.134361   0.620572  -2.255717   1.737183   0.750000   0.500000
  0.190955   0.577851   0.349104  -0.145696   0.629301  -2.229139   1.467121   0.750000   0.500000
  0.195980   0.577119   0.352267  -0.156898   0.636673  -2.196267   1.210128   0.750000   0.500000
  0.201005   0.576331   0.355466  -0.167934   0.642754  -2.157447   0.966356   0.750000   0.500000
  0.206030   0.575487   0.358696  -0.178775   0.647610  -2.113026   0.735851   0.750000   0.500000
  0.211055   0.574589   0.361950  -0.189393   0.651308  -2.063347   0.518566   0.750000   0.500000
  0.216080   0.573637   0.365223  -0.199761   0.653914  -2.008757   0.314377   0.750000   0.500000
  0.221106   0.572633   0.368509  -0.209857   0.655494  -1.949585   0.123055   0.750000   0.500000
  0.226131   0.571578   0.371803  -0.219654   0.656112  -1.886198  -0.055570   0.750000   0.500000
  0.231156   0.570475   0.375100  -0.229132   0.655833  -1.818922  -0.221835   0.750000   0.500000
  0.236181   0.569323   0.378396  -0.238272   0.654718  -1.748095  -0.376077   0.750000   0.500000
  0.241206   0.568126   0.381686  -0.247056   0.652828  -1.674049  -0.518663   0.750000   0.500000
  0.246231   0.566885   0.384966  -0.255469   0.650222  -1.597115  -0.649987   0.750000   0.500000
  0.251256   0.565601   0.388234  -0.263494   0.646956  -1.517620  -0.770463   0.750000   0.500000
  0.256281   0.564277   0.391485  -0.271120   0.643084  -1.435886  -0.880520   0.750000   0.500000
  0.261307   0.562914   0.394717  -0.278337   0.638659  -1.352214  -0.980616   0.750000   0.500000
  0.266332   0.561515   0.397926  -0.285132   0.633731  -1.266953  -1.071156   0.750000   0.500000
  0.271357   0.560083   0.401110  -0.291498   0.628349  -1.180394  -1.152610   0.750000   0.500000
  0.276382   0.558618   0.404268  -0.297430   0.622557  -1.092840  -1.225426   0.750000   0.500000
  0.281407   0.557123   0.407396  -0.302921   0.616399  -1.004590  -1.290051   0.750000   0.500000
  0.286432   0.555601   0.410494  -0.307969   0.609916  -0.915936  -1.346926   0.750000   0.500000
  0.291457   0.554054   0.413558  -0.312572   0.603148  -0.827161  -1.396485   0.750000   0.500000
  0.296482   0.552483   0.416589  -0.316728   0.596131  -0.738545  -1.439153   0.750000   0.500000
  0.301508   0.550891   0.419585  -0.320440   0.588898  -0.650340  -1.475354   0.750000   0.500000
  0.306533   0.549281   0.422545  -0.323708   0.581484  -0.562845  -1.505477   0.750000   0.500000
  0.311558   0.547654   0.425467  -0.326536   0.573919  -0.476298  -1.529923   0.750000   0.500000
  0.316583   0.546013   0.428351  -0.328930   0.566231  -0.390943  -1.549072   0.750000   0.500000
  0.321608   0.544360   0.431196  -0.330894   0.558447  -0.307018  -1.563290   0.750000   0.500000
  0.326633   0.542698   0.434002  -0.332437   0.550591  -0.224750  -1.572930   0.750000   0.500000
  0.331658   0.541027   0.436769  -0.333567   0.542687  -0.144356  -1.578330   0.750000   0.500000
  0.336683   0.539351   0.439496  -0.334292   0.534756  -0.066042  -1.579814   0.750000   0.500000
  0.341709   0.537671   0.442183  -0.334624   0.526816   0.010011  -1.577689   0.750000   0.500000
  0.346734   0.535989   0.444831  -0.334574   0.518888   0.083587  -1.572251   0.750000   0.500000
  0.351759   0.534308   0.447438  -0.334154   0.510988   0.154531  -1.563778   0.750000   0.500000
  0.356784   0.532629   0.450006  -0.333377   0.503130   0.222682  -1.552535   0.750000   0.500000
  0.361809   0.530954   0.452534  -0.332258   0.495328   0.287891  -1.538772   0.750000   0.500000
  0.366834   0.529284   0.455023  -0.330811   0.487596   0.350025  -1.522724   0.750000   0.500000
  0.371859   0.527622   0.457473  -0.329052   0.479944   0.432331  -1.504612   0.750000   0.500000
  0.376884   0.525968   0.459885  -0.326880   0.472384   0.489161  -1.484643   0.750000   0.500000
  0.381910   0.524326   0.462259  -0.324421   0.464922   0.542889  -1.463005   0.750000   0.500000
  0.386935   0.522695   0.464595  -0.321693   0.457570   0.593430  -1.439887   0.750000   0.500000
  0.391960   0.521079   0.466895  -0.318711   0.450335   0.640747  -1.415451   0.750000   0.500000
  0.396985   0.519477   0.469158  -0.315492   0.443222   0.684807  -1.389850   0.750000   0.500000
  0.402010   0.517892   0.471385  -0.312051   0.436238   0.725592  -1.363226   0.750000   0.500000
  0.407035   0.516324   0.473577  -0.308404   0.429388   0.763098  -1.335707   0.750000   0.500000
  0.412060   0.514774   0.475735  -0.304570   0.422676   0.797336  -1.307410   0.750000   0.500000
  0.417085   0.513244   0.477859  -0.300563   0.416106   0.828331  -1.278440   0.750000   0.500000
  0.422111   0.511733   0.479950  -0.296400   0.409681   0.856124  -1.248886   0.750000   0.500000
  0.427136   0.510244   0.482009  -0.292098   0.403405   0.880755  -1.218842   0.750000   0.500000
  0.432161   0.508776   0.484036  -0.287672   0.397280   0.902290  -1.188375   0.750000   0.500000
  0.437186   0.507330   0.486032  -0.283138   0.391309   0.973678  -1.157549   0.750000   0.500000
  0.442211   0.505908   0.487998  -0.278246   0.385492   0.989756  -1.126416   0.750000   0.500000
  0.447236   0.504509   0.489935  -0.273272   0.379832   1.003347  -1.095020   0.750000   0.500000
  0.452261   0.503136   0.491844  -0.268230   0.374329   1.014551  -1.063396   0.750000   0.500000
  0.457286   0.501788   0.493725  -0.263132   0.368986   1.023475  -1.031571   0.750000   0.500000
  0.462312   0.500466   0.495580  -0.257988   0.363801   1.030233  -0.999554   0.750000   0.500000
  0.467337   0.499169   0.497408  -0.252811   0.358778   1.034936  -0.967371   0.750000   0.500000
  0.472362   0.497899   0.499211  -0.247611   0.353917   1.037704  -0.935016   0.750000   0.500000
  0.477387   0.496655   0.500989  -0.242396   0.349219   1.038653  -0.902486   0.750000   0.500000
  0.482412   0.495437   0.502744  -0.237177   0.344684   1.037896  -0.869770   0.750000   0.500000
  0.487437   0.494245   0.504476  -0.231962   0.340313   1.035543  -0.836849   0.750000   0.500000
  0.492462   0.493079   0.506186  -0.226758   0.336108   1.031697  -0.803703   0.750000   0.500000
  0.497487   0.491940   0.507875  -0.221574   0.332070   1.026452  -0.770301   0.750000   0.500000
  0.502513   0.490826   0.509544  -0.216415   0.328198   1.019889  -0.736605   0.750000   0.500000
  0.507538   0.489739   0.511193  -0.211290   0.324497   1.012083  -0.702590   0.750000   0.500000
  0.512563   0.488677   0.512824  -0.206204   0.320966   1.003089  -0.668207   0.750000   0.500000
  0.517588   0.487641   0.514436  -0.201164   0.317608   0.992944  -0.633413   0.750000   0.500000
  0.522613   0.486630   0.516032  -0.196174   0.314426   0.981670  -0.598158   0.750000   0.500000
  0.527638   0.485644   0.517612  -0.191241   0.311420   0.969269  -0.562393   0.750000   0.500000
  0.532663   0.484683   0.519177  -0.186370   0.308594   0.955718  -0.526065   0.750000   0.500000
  0.537688   0.483747   0.520728  -0.181568   0.305950   0.940975  -0.489122   0.750000   0.500000
  0.542714   0.482834   0.522266  -0.176839   0.303492   0.924969  -0.451501   0.750000   0.500000
  0.547739   0.481946   0.523791  -0.172191   0.301223   0.907616  -0.413164   0.750000   0.500000
  0.552764   0.481080   0.525304  -0.167630   0.299147   0.888798  -0.374050   0.750000   0.500000
  0.557789   0.480238   0.526808  -0.163164   0.297267   0.868376  -0.334106   0.750000   0.500000
  0.562814   0.479418   0.528301  -0.158800   0.295589   0.846186  -0.293284   0.750000   0.500000
  0.567839   0.478620   0.529787  -0.154548   0.294115   0.822046  -0.251534   0.750000   0.500000
  0.572864   0.477844   0.531265  -0.150417   0.292851   0.795750  -0.208813   0.750000   0.500000
  0.577889   0.477088   0.532736  -0.146419   0.291802   0.767076  -0.165080   0.750000   0.500000
  0.582915   0.476352   0.534203  -0.142563   0.290972   0.735779  -0.120291   0.750000   0.500000
  0.587940   0.475635   0.535665  -0.138866   0.290367   0.701622  -0.074434   0.750000   0.500000
  0.592965   0.474938   0.537124  -0.135340   0.289993   0.664341  -0.027475   0.750000   0.500000
  0.597990   0.474257   0.538581  -0.132002   0.289855   0.623676   0.020602   0.750000   0.500000
  0.603015   0.473594   0.540038  -0.128868   0.289959   0.579365   0.069809   0.750000   0.500000
  0.608040   0.472947   0.541495  -0.125957   0.290310   0.531156   0.120146   0.750000   0.500000
  0.613065   0.472314   0.542954  -0.123288   0.290913   0.478805   0.171606   0.750000   0.500000
  0.618090   0.471694   0.544415  -0.120882   0.291776   0.422090   0.224173   0.750000   0.500000
  0.623116   0.471087   0.545882  -0.118760   0.292902   0.360795   0.277832   0.750000   0.500000
  0.628141   0.470490   0.547354  -0.116947   0.294298   0.294775   0.332523   0.750000   0.500000
  0.633166   0.469902   0.548833  -0.115466   0.295969   0.223882   0.388209   0.750000   0.500000
  0.638191   0.469322   0.550320  -0.114341   0.297920   0.148020   0.444829   0.750000   0.500000
  0.643216   0.468747   0.551817  -0.113597   0.300155   0.067139   0.502311   0.750000   0.500000
  0.648241   0.468177   0.553325  -0.113260   0.302679  -0.018761   0.560568   0.750000   0.500000
  0.653266   0.467607   0.554846  -0.113354   0.305496  -0.109625   0.635892   0.750000   0.500000
  0.658291   0.467038   0.556381  -0.113905   0.308692  -0.205339   0.692588   0.750000   0.500000
  0.663317   0.466465   0.557933  -0.114937   0.312173  -0.305751   0.750042   0.750000   0.500000
  0.668342   0.465888   0.559501  -0.116473   0.315942  -0.410582   0.808058   0.750000   0.500000
  0.673367   0.465303   0.561089  -0.118537   0.320002  -0.519551   0.866469   0.750000   0.500000
  0.678392   0.464707   0.562697  -0.121147   0.324356  -0.632295   0.925077   0.750000   0.500000
  0.683417   0.464098   0.564327  -0.124325   0.329005  -0.748382   0.983672   0.750000   0.500000
  0.688442   0.463473   0.565980  -0.128085   0.333948  -0.867321   1.042027   0.750000   0.500000
  0.693467   0.462830   0.567658  -0.132444   0.339184  -0.988555   1.099899   0.750000   0.500000
  0.698492   0.462164   0.569363  -0.137411   0.344711  -1.111469   1.157028   0.750000   0.500000
  0.703518   0.461474   0.571095  -0.142997   0.350526  -1.235417   1.213149   0.750000   0.500000
  0.708543   0.460755   0.572857  -0.149205   0.356622  -1.359617   1.267939   0.750000   0.500000
  0.713568   0.460005   0.574649  -0.156037   0.362993  -1.483311   1.321094   0.750000   0.500000
  0.718593   0.459221   0.576473  -0.163491   0.369632  -1.605668   1.372276   0.750000   0.500000
  0.723618   0.458400   0.578330  -0.171559   0.376528  -1.725805   1.421122   0.750000   0.500000
  0.728643   0.457538   0.580222  -0.180232   0.383669  -1.842791   1.467250   0.750000   0.500000
  0.733668   0.456632   0.582150  -0.189492   0.391042  -1.955653   1.510248   0.750000   0.500000
  0.738693   0.455680   0.584115  -0.199319   0.398631  -2.063371   1.549679   0.750000   0.500000
  0.743719   0.454678   0.586119  -0.209689   0.406419  -2.164901   1.585087   0.750000   0.500000
  0.748744   0.453624   0.588161  -0.220568   0.414384  -2.259091   1.615962   0.750000   0.500000
  0.753769   0.452516   0.590243  -0.231920   0.422505  -2.344813   1.641787   0.750000   0.500000
  0.758794   0.451350   0.592366  -0.243703   0.430755  -2.420867   1.662007   0.750000   0.500000
  0.763819   0.450126   0.594531  -0.255867   0.439106  -2.486014   1.676036   0.750000   0.500000
  0.768844   0.448840   0.596737  -0.268360   0.447528  -2.538966   1.683253   0.750000   0.500000
  0.773869   0.447492   0.598986  -0.281118   0.455987  -2.574107   1.683011   0.750000   0.500000
  0.778894   0.446079   0.601277  -0.294053   0.464444  -2.592896   1.674631   0.750000   0.500000
  0.783920   0.444601   0.603612  -0.307085   0.472860  -2.603393   1.657404   0.750000   0.500000
  0.788945   0.443058   0.605988  -0.320167   0.481189  -2.595804   1.630613   0.750000   0.500000
  0.793970   0.441449   0.608406  -0.333211   0.489383  -2.568703   1.593513   0.750000   0.500000
  0.798995   0.439775   0.610865  -0.346118   0.497390  -2.520640   1.545358   0.750000   0.500000
  0.804020   0.438036   0.613364  -0.358785   0.505156  -2.450165   1.485404   0.750000   0.500000
  0.809045   0.436233   0.615903  -0.371097   0.512620  -2.355852   1.412923   0.750000   0.500000
  0.814070   0.434368   0.618479  -0.382935   0.519720  -2.236319   1.327219   0.750000   0.500000
  0.819095   0.432444   0.621090  -0.394172   0.526389  -2.090264   1.227648   0.750000   0.500000
  0.824121   0.430463   0.623736  -0.404678   0.532559  -1.916461   1.113610   0.750000   0.500000
  0.829146   0.428429   0.626412  -0.414308   0.538155  -1.713954   0.984677   0.750000   0.500000
  0.834171   0.426347   0.629116  -0.422921   0.543103  -1.489876   0.840468   0.750000   0.500000
  0.839196   0.424222   0.631845  -0.430407   0.547326  -1.226381   0.680778   0.750000   0.500000
  0.844221   0.422059   0.634596  -0.436570   0.550747  -0.932646   0.505578   0.750000   0.500000
  0.849246   0.419865   0.637363  -0.441257   0.553288  -0.608786   0.315046   0.750000   0.500000
  0.854271   0.417648   0.640143  -0.444316   0.554871  -0.255346   0.109590   0.750000   0.500000
  0.859296   0.415415   0.642932  -0.445599   0.555422   0.126655  -0.110122   0.750000   0.500000
  0.864322   0.413176   0.645723  -0.444962   0.554868   0.535767  -0.343200   0.750000   0.500000
  0.869347   0.410940   0.648511  -0.442270   0.553144   0.969726  -0.588318   0.750000   0.500000
  0.874372   0.408717   0.651291  -0.437397   0.550187   1.425954  -0.844005   0.750000   0.500000
  0.879397   0.406520   0.654056  -0.430232   0.545946   1.901218  -1.108454   0.750000   0.500000
  0.884422   0.404358   0.656799  -0.420678   0.540376   2.391735  -1.379591   0.750000   0.500000
  0.889447   0.402244   0.659514  -0.408660   0.533444   2.893208  -1.655095   0.750000   0.500000
  0.894472   0.400190   0.662195  -0.394121   0.525127   3.400889  -1.932440   0.750000   0.500000
  0.899497   0.398210   0.664834  -0.377032   0.515416   3.909661  -2.208941   0.750000   0.500000
  0.904523   0.396315   0.667424  -0.357382   0.504314   4.414243  -2.481862   0.750000   0.500000
  0.909548   0.394519   0.669958  -0.335200   0.491843   4.908879  -2.748256   0.750000   0.500000
  0.914573   0.392835   0.672430  -0.310533   0.478033   5.388107  -3.005370   0.750000   0.500000
  0.919598   0.391274   0.674832  -0.283458   0.462931   5.846453  -3.250482   0.750000   0.500000
  0.924623   0.389850   0.677158  -0.254080   0.446597   6.278676  -3.481027   0.750000   0.500000
  0.929648   0.388573   0.679402  -0.222529   0.429105   6.679884  -3.694648   0.750000   0.500000
  0.934673   0.387455   0.681559  -0.188963   0.410539   7.045645  -3.889255   0.750000   0.500000
  0.939698   0.386505   0.683622  -0.153558   0.390996   7.372083  -4.063066   0.750000   0.500000
  0.944724   0.385733   0.685587  -0.116506   0.370575   7.656008  -4.214665   0.750000   0.500000
  0.949749   0.385148   0.687449  -0.078035   0.349396   7.894731  -4.342900   0.750000   0.500000
  0.954774   0.384756   0.689205  -0.038364   0.327573   8.086468  -4.447085   0.750000   0.500000
  0.959799   0.384563   0.690851   0.002271   0.305227   8.230085  -4.526862   0.750000   0.500000
  0.964824   0.384575   0.692384   0.043627   0.282479   8.325158  -4.582225   0.750000   0.500000
  0.969849   0.384794   0.693804   0.085461   0.259453   8.371941  -4.613493   0.750000   0.500000
  0.974874   0.385223   0.695108   0.127530   0.236271   8.371316  -4.621286   0.750000   0.500000
  0.979899   0.385864   0.696295   0.169596   0.213049   8.324738  -4.606491   0.750000   0.500000
  0.984925   0.386716   0.697366   0.211436   0.189896   8.234146  -4.570213   0.750000   0.500000
  0.989950   0.387779   0.698320   0.252812   0.166931   8.101965  -4.513767   0.750000   0.500000
  0.994975   0.389049   0.699159   0.293525   0.144249   7.930929  -4.438603   0.750000   0.500000
  1.000000   0.390524   0.699884   0.333378   0.121945   7.724065  -4.346286   0.750000   0.500000