  0.000000   0.611114   0.333706   0.000000   0.000000   3.309760 -16.990835   0.875000   0.750000
  0.005025   0.611114   0.333706   0.016632  -0.085379   2.825020 -12.997284   0.875000   0.750000
  0.010050   0.611198   0.333277   0.030827  -0.150690   2.363657  -9.523915   0.875000   0.750000
  0.015075   0.611352   0.332520   0.042705  -0.198548   1.925749  -6.516736   0.875000   0.750000
  0.020101   0.611567   0.331522   0.052383  -0.231301   1.511141  -3.926220   0.875000   0.750000
  0.025126   0.611830   0.330360   0.059977  -0.251030   1.119814  -1.708961   0.875000   0.750000
  0.030151   0.612132   0.329098   0.065604  -0.259618   0.751380   0.175953   0.875000   0.750000
  0.035176   0.612461   0.327794   0.069380  -0.258734   0.405453   1.765058   0.875000   0.750000
  0.040201   0.612810   0.326493   0.071417  -0.249864   0.081569   3.091425   0.875000   0.750000
  0.045226   0.613169   0.325238   0.071827  -0.234330  -0.220793   4.184963   0.875000   0.750000
  0.050251   0.613530   0.324060   0.070717  -0.213300  -0.502207   5.072693   0.875000   0.750000
  0.055276   0.613885   0.322989   0.068194  -0.187810  -0.763282   5.779006   0.875000   0.750000
  0.060302   0.614228   0.322045   0.064358  -0.158765  -1.004710   6.325995   0.875000   0.750000
  0.065327   0.614551   0.321247   0.059309  -0.126977  -1.227051   6.733236   0.875000   0.750000
  0.070352   0.614849   0.320609   0.053143  -0.093142  -1.431831   7.018676   0.875000   0.750000
  0.075377   0.615116   0.320141   0.045948  -0.057873  -1.618034   7.198319   0.875000   0.750000
  0.080402   0.615347   0.319850   0.037817  -0.021702  -1.787244   7.286524   0.875000   0.750000
  0.085427   0.615537   0.319741   0.028837   0.014913  -1.940149   7.296150   0.875000   0.750000
  0.090452   0.615682   0.319816   0.019087   0.051576  -2.077427   7.238702   0.875000   0.750000
  0.095477   0.615778   0.320075   0.008648   0.087951  -2.199753   7.124446   0.875000   0.750000
  0.100503   0.615822   0.320517  -0.002408   0.123758  -2.307807   6.962498   0.875000   0.750000
  0.105528   0.615809   0.321139  -0.014004   0.158745  -2.402193   6.761058   0.875000   0.750000
  0.110553   0.615739   0.321937  -0.026075   0.192719  -2.483567   6.527319   0.875000   0.750000
  0.115578   0.615608   0.322905  -0.038555   0.225519  -2.552545   6.267670   0.875000   0.750000
  0.120603   0.615414   0.324038  -0.051382   0.257014  -2.609726   5.987750   0.875000   0.750000
  0.125628   0.615156   0.325330  -0.064496   0.287102  -2.655691   5.692521   0.875000   0.750000
  0.130653   0.614832   0.326772  -0.077841   0.315707  -2.691000   5.386335   0.875000   0.750000
  0.135678   0.614441   0.328359  -0.091363   0.342773  -2.716196   5.072995   0.875000   0.750000
  0.140704   0.613982   0.330082  -0.105015   0.368270  -2.731807   4.755742   0.875000   0.750000
  0.145729   0.613454   0.331932  -0.118742   0.392168  -2.738329   4.437571   0.875000   0.750000
  0.150754   0.612857   0.333903  -0.132502   0.414467  -2.736255   4.120879   0.875000   0.750000
  0.155779   0.612192   0.335985  -0.146252   0.435174  -2.726054   3.807776   0.875000   0.750000
  0.160804   0.611457   0.338172  -0.159950   0.454308  -2.708178   3.463656   0.875000   0.750000
  0.165829   0.610653   0.340455  -0.173559   0.471713  -2.683063   3.163896   0.875000   0.750000
  0.170854   0.609781   0.342825  -0.187041   0.487612  -2.651130   2.872084   0.875000   0.750000
  0.175879   0.608841   0.345276  -0.200363   0.502044  -2.612783   2.589250   0.875000   0.750000
  0.180905   0.607834   0.347799  -0.213495   0.515057  -2.568406   2.316167   0.875000   0.750000
  0.185930   0.606761   0.350387  -0.226401   0.526696  -2.518394   2.053599   0.875000   0.750000
  0.190955   0.605623   0.353034  -0.239056   0.537016  -2.463106   1.801982   0.875000   0.750000
  0.195980   0.604422   0.355732  -0.251433   0.546070  -2.402897   1.561674   0.875000   0.750000
  0.201005   0.603159   0.358476  -0.263508   0.553918  -2.338114   1.332909   0.875000   0.750000
  0.206030   0.601835   0.361260  -0.275257   0.560616  -2.269092   1.115816   0.875000   0.750000
  0.211055   0.600451   0.364077  -0.286659   0.566223  -2.196159   0.910434   0.875000   0.750000
  0.216080   0.599011   0.366922  -0.297695   0.570798  -2.119634   0.716722   0.875000   0.750000
  0.221106   0.597515   0.369791  -0.308348   0.574400  -2.039813   0.534532   0.875000   0.750000
  0.226131   0.595965   0.372677  -0.318598   0.577086  -1.957036   0.363773   0.875000   0.750000
  0.231156   0.594364   0.375577  -0.328432   0.578914  -1.871586   0.204189   0.875000   0.750000
  0.236181   0.592714   0.378486  -0.337837   0.579940  -1.783759   0.055521   0.875000   0.750000
  0.241206   0.591016   0.381400  -0.346800   0.580219  -1.693845  -0.082523   0.875000   0.750000
  0.246231   0.589274   0.384316  -0.355312   0.579804  -1.602130  -0.210263   0.875000   0.750000
  0.251256   0.587488   0.387230  -0.363362   0.578748  -1.508894  -0.328043   0.875000   0.750000
  0.256281   0.585662   0.390138  -0.370945   0.577099  -1.414416  -0.436222   0.875000   0.750000
  0.261307   0.583798   0.393038  -0.378053   0.574907  -1.318950  -0.535193   0.875000   0.750000
  0.266332   0.581898   0.395927  -0.384681   0.572217  -1.222803  -0.625295   0.875000   0.750000
  0.271357   0.579965   0.398803  -0.390826   0.569075  -1.126222  -0.706936   0.875000   0.750000
  0.276382   0.578001   0.401662  -0.396485   0.565523  -1.029470  -0.780508   0.875000   0.750000
  0.281407   0.576009   0.404504  -0.401658   0.561601  -0.932802  -0.846398   0.875000   0.750000
  0.286432   0.573991   0.407326  -0.406345   0.557348  -0.836473  -0.904995   0.875000   0.750000
  0.291457   0.571949   0.410127  -0.410549   0.552800  -0.740730  -0.956681   0.875000   0.750000
  0.296482   0.569886   0.412904  -0.414271   0.547993  -0.645817  -1.001834   0.875000   0.750000
  0.301508   0.567804   0.415659  -0.417517   0.542958  -0.551952  -1.040830   0.875000   0.750000
  0.306533   0.565706   0.418387  -0.420290   0.537727  -0.459407  -1.074014   0.875000   0.750000
  0.311558   0.563594   0.421089  -0.422599   0.532331  -0.368387  -1.101747   0.875000   0.750000
  0.316583   0.561470   0.423764  -0.424450   0.526794  -0.279111  -1.124371   0.875000   0.750000
  0.321608   0.559337   0.426411  -0.425853   0.521144  -0.191789  -1.142217   0.875000   0.750000
  0.326633   0.557197   0.429030  -0.426816   0.515405  -0.106626  -1.155602   0.875000   0.750000
  0.331658   0.555053   0.431620  -0.427352   0.509598  -0.023815  -1.164834   0.875000   0.750000
  0.336683   0.552905   0.434181  -0.427472   0.503745   0.056458  -1.170209   0.875000   0.750000
  0.341709   0.550757   0.436712  -0.427188   0.497863   0.134033  -1.172010   0.875000   0.750000
  0.346734   0.548610   0.439214  -0.426514   0.491974   0.208714  -1.170505   0.875000   0.750000
  0.351759   0.546467   0.441686  -0.425466   0.486092   0.280362  -1.165953   0.875000   0.750000
  0.356784   0.544329   0.444129  -0.424057   0.480233   0.348835  -1.158599   0.875000   0.750000
  0.361809   0.542198   0.446542  -0.422304   0.474411   0.414002  -1.148678   0.875000   0.750000
  0.366834   0.540076   0.448926  -0.420224   0.468639   0.475745  -1.136408   0.875000   0.750000
  0.371859   0.537964   0.451281  -0.417833   0.462928   0.554483  -1.122000   0.875000   0.750000
  0.376884   0.535865   0.453607  -0.415047   0.457290   0.610067  -1.105650   0.875000   0.750000
  0.381910   0.533779   0.455905  -0.411980   0.451733   0.662203  -1.087539   0.875000   0.750000
  0.386935   0.531708   0.458175  -0.408653   0.446269   0.710816  -1.067848   0.875000   0.750000
  0.391960   0.529655   0.460418  -0.405081   0.440903   0.755883  -1.046736   0.875000   0.750000
  0.396985   0.527619   0.462633  -0.401283   0.435643   0.797382  -1.024356   0.875000   0.750000
  0.402010   0.525603   0.464823  -0.397276   0.430495   0.835307  -1.000848   0.875000   0.750000
  0.407035   0.523607   0.466986  -0.393078   0.425466   0.869666  -0.976343   0.875000   0.750000
  0.412060   0.521631   0.469124  -0.388708   0.420560   0.900481  -0.950963   0.875000   0.750000
  0.417085   0.519678   0.471237  -0.384184   0.415781   0.927790  -0.924820   0.875000   0.750000
  0.422111   0.517747   0.473327  -0.379520   0.411133   0.951644  -0.898010   0.875000   0.750000
  0.427136   0.515840   0.475393  -0.374738   0.406621   0.972097  -0.870636   0.875000   0.750000
  0.432161   0.513957   0.477436  -0.369854   0.402246   0.989227  -0.842780   0.875000   0.750000
  0.437186   0.512099   0.479457  -0.364883   0.398011   1.003117  -0.814517   0.875000   0.750000
  0.442211   0.510265   0.481457  -0.359842   0.393918   1.013863  -0.785915   0.875000   0.750000
  0.447236   0.508457   0.483437  -0.354747   0.389969   1.067039  -0.757037   0.875000   0.750000
  0.452261   0.506674   0.485396  -0.349386   0.386165   1.071915  -0.727934   0.875000   0.750000
  0.457286   0.504919   0.487337  -0.343999   0.382507   1.074242  -0.698655   0.875000   0.750000
  0.462312   0.503190   0.489259  -0.338600   0.378995   1.074133  -0.669233   0.875000   0.750000
  0.467337   0.501488   0.491164  -0.333203   0.375632   1.071706  -0.639714   0.875000   0.750000
  0.472362   0.499814   0.493051  -0.327817   0.372418   1.067081  -0.610120   0.875000   0.750000
  0.477387   0.498166   0.494923  -0.322455   0.369352   1.060373  -0.580472   0.875000   0.750000
  0.482412   0.496546   0.496779  -0.317127   0.366435   1.051698  -0.550788   0.875000   0.750000
  0.487437   0.494953   0.498620  -0.311842   0.363667   1.041164  -0.521080   0.875000   0.750000
  0.492462   0.493386   0.500447  -0.306610   0.361049   1.028876  -0.491354   0.875000   0.750000
  0.497487   0.491845   0.502262  -0.301440   0.358580   1.014927  -0.461614   0.875000   0.750000
  0.502513   0.490330   0.504064  -0.296339   0.356260   0.999397  -0.431851   0.875000   0.750000
  0.507538   0.488841   0.505854  -0.291317   0.354090   0.982366  -0.402074   0.875000   0.750000
  0.512563   0.487377   0.507633  -0.286381   0.352069   0.963887  -0.364179   0.875000   0.750000
  0.517588   0.485938   0.509403  -0.281537   0.350239   0.944003  -0.335509   0.875000   0.750000
  0.522613   0.484523   0.511163  -0.276794   0.348553   0.922741  -0.306678   0.875000   0.750000
  0.527638   0.483132   0.512914  -0.272157   0.347012   0.900107  -0.277676   0.875000   0.750000
  0.532663   0.481765   0.514658  -0.267634   0.345617   0.876091  -0.248491   0.875000   0.750000
  0.537688   0.480420   0.516395  -0.263231   0.344368   0.850662  -0.219109   0.875000   0.750000
  0.542714   0.479097   0.518125  -0.258956   0.343267   0.823763  -0.189508   0.875000   0.750000
  0.547739   0.477795   0.519850  -0.254816   0.342315   0.795335  -0.159684   0.875000   0.750000
  0.552764   0.476515   0.521570  -0.250820   0.341512   0.765281  -0.129612   0.875000   0.750000
  0.557789   0.475255   0.523286  -0.246974   0.340861   0.733491  -0.099275   0.875000   0.750000
  0.562814   0.474014   0.524999  -0.243289   0.340362   0.699835  -0.068653   0.875000   0.750000
  0.567839   0.472791   0.526710  -0.239772   0.340017   0.664168  -0.037727   0.875000   0.750000
  0.572864   0.471586   0.528418  -0.236434   0.339828   0.626329  -0.006480   0.875000   0.750000
  0.577889   0.470398   0.530126  -0.233287   0.339795   0.586144   0.025105   0.875000   0.750000
  0.582915   0.469226   0.531834  -0.230341   0.339921   0.543420   0.057051   0.875000   0.750000
  0.587940   0.468068   0.533542  -0.227611   0.340208   0.497985   0.089358   0.875000   0.750000
  0.592965   0.466924   0.535251  -0.225108   0.340657   0.449635   0.122044   0.875000   0.750000
  0.597990   0.465793   0.536963  -0.222849   0.341270   0.398179   0.155119   0.875000   0.750000
  0.603015   0.464673   0.538678  -0.220848   0.342050   0.343427   0.188589   0.875000   0.750000
  0.608040   0.463564   0.540397  -0.219122   0.342997   0.285202   0.222457   0.875000   0.750000
  0.613065   0.462463   0.542120  -0.217689   0.344115   0.223339   0.256720   0.875000   0.750000
  0.618090   0.461369   0.543850  -0.216567   0.345405   0.157695   0.291374   0.875000   0.750000
  0.623116   0.460280   0.545586  -0.215774   0.346870   0.088135   0.326415   0.875000   0.750000
  0.628141   0.459196   0.547329  -0.215331   0.348510   0.014596   0.361814   0.875000   0.750000
  0.633166   0.458114   0.549080  -0.215258   0.350328  -0.062990   0.397556   0.875000   0.750000
  0.638191   0.457032   0.550840  -0.215574   0.352326  -0.144641   0.433614   0.875000   0.750000
  0.643216   0.455949   0.552611  -0.216301   0.354505  -0.230330   0.469952   0.875000   0.750000
  0.648241   0.454862   0.554392  -0.217459   0.356866  -0.319985   0.506531   0.875000   0.750000
  0.653266   0.453769   0.556185  -0.219067   0.359412  -0.413482   0.543299   0.875000   0.750000
  0.658291   0.452669   0.557991  -0.221144   0.362142  -0.510643   0.580199   0.875000   0.750000
  0.663317   0.451557   0.559811  -0.223711   0.365058  -0.611256   0.617171   0.875000   0.750000
  0.668342   0.450433   0.561646  -0.226782   0.368159  -0.714990   0.654122   0.875000   0.750000
  0.673367   0.449293   0.563496  -0.230375   0.371446  -0.821515   0.690973   0.875000   0.750000
  0.678392   0.448136   0.565362  -0.234503   0.374918  -0.930424   0.727623   0.875000   0.750000
  0.683417   0.446957   0.567246  -0.239179   0.378574  -1.041251   0.763962   0.875000   0.750000
  0.688442   0.445755   0.569149  -0.244411   0.382413  -1.153472   0.799864   0.875000   0.750000
  0.693467   0.444527   0.571070  -0.250207   0.386433  -1.266503   0.835189   0.875000   0.750000
  0.698492   0.443270   0.573012  -0.256571   0.390629  -1.379708   0.869782   0.875000   0.750000
  0.703518   0.441980   0.574975  -0.263506   0.395001  -1.492418   0.903480   0.875000   0.750000
  0.708543   0.440656   0.576960  -0.271005   0.399541  -1.603840   0.936078   0.875000   0.750000
  0.713568   0.439295   0.578968  -0.279065   0.404245  -1.713202   0.967373   0.875000   0.750000
  0.718593   0.437892   0.580999  -0.287673   0.409106  -1.819658   0.997136   0.875000   0.750000
  0.723618   0.436447   0.583055  -0.296817   0.414116  -1.922314   1.025115   0.875000   0.750000
  0.728643   0.434955   0.585136  -0.306477   0.419268  -2.020229   1.051033   0.875000   0.750000
  0.733668   0.433415   0.587243  -0.316628   0.424549  -2.112412   1.074586   0.875000   0.750000
  0.738693   0.431824   0.589376  -0.327243   0.429949  -2.197830   1.095447   0.875000   0.750000
  0.743719   0.430179   0.591537  -0.338290   0.435455  -2.275416   1.113259   0.875000   0.750000
  0.748744   0.428479   0.593725  -0.349724   0.441049  -2.344007   1.127626   0.875000   0.750000
  0.753769   0.426722   0.595942  -0.361502   0.446715  -2.399875   1.138131   0.875000   0.750000
  0.758794   0.424906   0.598186  -0.373562   0.452434  -2.447584   1.144320   0.875000   0.750000
  0.763819   0.423028   0.600460  -0.385861   0.458184  -2.482548   1.145706   0.875000   0.750000
  0.768844   0.421089   0.602762  -0.398335   0.463941  -2.503457   1.141769   0.875000   0.750000
  0.773869   0.419088   0.605093  -0.410915   0.469679  -2.508959   1.131957   0.875000   0.750000
  0.778894   0.417023   0.607454  -0.423523   0.475367  -2.493341   1.115683   0.875000   0.750000
  0.783920   0.414894   0.609843  -0.436054   0.480974  -2.464803   1.092332   0.875000   0.750000
  0.788945   0.412703   0.612260  -0.448440   0.486463  -2.424730   1.061273   0.875000   0.750000
  0.793970   0.410450   0.614704  -0.460624   0.491796  -2.353766   1.021849   0.875000   0.750000
  0.798995   0.408135   0.617175  -0.472452   0.496931  -2.260112   0.973391   0.875000   0.750000
  0.804020   0.405761   0.619673  -0.483809   0.501822  -2.142300   0.915231   0.875000   0.750000
  0.809045   0.403330   0.622194  -0.494574   0.506421  -1.998899   0.846710   0.875000   0.750000
  0.814070   0.400845   0.624739  -0.504619   0.510676  -1.828548   0.767195   0.875000   0.750000
  0.819095   0.398309   0.627305  -0.513807   0.514531  -1.629989   0.676094   0.875000   0.750000
  0.824121   0.395727   0.629891  -0.521999   0.517929  -1.402062   0.572853   0.875000   0.750000
  0.829146   0.393104   0.632494  -0.529045   0.520808  -1.143941   0.457066   0.875000   0.750000
  0.834171   0.390445   0.635111  -0.534793   0.523105  -0.854912   0.328372   0.875000   0.750000
  0.839196   0.387758   0.637739  -0.539089   0.524755  -0.534603   0.186563   0.875000   0.750000
  0.844221   0.385049   0.640376  -0.541775   0.525692  -0.183006   0.031587   0.875000   0.750000
  0.849246   0.382326   0.643018  -0.542695   0.525851   0.199469  -0.136422   0.875000   0.750000
  0.854271   0.379599   0.645660  -0.541693   0.525165   0.611938  -0.317123   0.875000   0.750000
  0.859296   0.376877   0.648299  -0.538618   0.523572   1.052991  -0.509945   0.875000   0.750000
  0.864322   0.374170   0.650931  -0.533325   0.521009   1.520753  -0.714114   0.875000   0.750000
  0.869347   0.371490   0.653549  -0.525683   0.517420   2.012457  -0.928468   0.875000   0.750000
  0.874372   0.368849   0.656149  -0.515571   0.512755   2.525025  -1.151711   0.875000   0.750000
  0.879397   0.366258   0.658725  -0.502883   0.506968   3.054684  -1.382248   0.875000   0.750000
  0.884422   0.363731   0.661273  -0.487533   0.500022   3.597090  -1.618241   0.875000   0.750000
  0.889447   0.361281   0.663786  -0.469457   0.491890   4.147382  -1.857633   0.875000   0.750000
  0.894472   0.358922   0.666257  -0.448617   0.482555   4.700256  -2.098181   0.875000   0.750000
  0.899497   0.356668   0.668682  -0.424998   0.472012   5.250058  -2.337498   0.875000   0.750000
  0.904523   0.354532   0.671054  -0.398611   0.460264   5.791011  -2.573153   0.875000   0.750000
  0.909548   0.352529   0.673367  -0.369511   0.447334   6.316886  -2.802530   0.875000   0.750000
  0.914573   0.350672   0.675615  -0.337769   0.433251   6.821832  -3.023185   0.875000   0.750000
  0.919598   0.348975   0.677792  -0.303489   0.418060   7.300048  -3.232701   0.875000   0.750000
  0.924623   0.347450   0.679893  -0.266807   0.401815   7.746037  -3.428806   0.875000   0.750000
  0.929648   0.346109   0.681912  -0.227883   0.384585   8.154739  -3.609417   0.875000   0.750000
  0.934673   0.344964   0.683845  -0.186905   0.366448   8.521635  -3.772692   0.875000   0.750000
  0.939698   0.344025   0.685686  -0.144084   0.347490   8.842848  -3.917064   0.875000   0.750000
  0.944724   0.343300   0.687433  -0.099640   0.327803   9.115267  -4.041297   0.875000   0.750000
  0.949749   0.342800   0.689080  -0.053836   0.307496   9.336366  -4.144401   0.875000   0.750000
  0.954774   0.342529   0.690625  -0.006920   0.286670   9.504588  -4.225796   0.875000   0.750000
  0.959799   0.342494   0.692065   0.040840   0.265435   9.619093  -4.285200   0.875000   0.750000
  0.964824   0.342700   0.693399   0.089176   0.243902   9.679802  -4.322647   0.875000   0.750000
  0.969849   0.343148   0.694625   0.137817   0.222181   9.687359  -4.338464   0.875000   0.750000
  0.974874   0.343840   0.695741   0.186496   0.200380   9.643070  -4.333247   0.875000   0.750000
  0.979899   0.344777   0.696748   0.234952   0.178606   9.548838  -4.307829   0.875000   0.750000
  0.984925   0.345958   0.697646   0.282945   0.156955   9.407055  -4.263237   0.875000   0.750000
  0.989950   0.347380   0.698435   0.330215   0.135532   9.220636  -4.200693   0.875000   0.750000
  0.994975   0.349040   0.699116   0.376549   0.114423   8.992775  -4.121529   0.875000   0.750000
  1.000000   0.350932   0.699691   0.421738   0.093713   8.726960  -4.027179   0.875000   0.750000