  0.000000   0.576537   0.315224   0.000000   0.000000   2.190591 -16.509980   0.750000   0.875000
  0.005025   0.576537   0.315224   0.011008  -0.082963   2.080962 -12.437482   0.750000   0.875000
  0.010050   0.576592   0.314807   0.021465  -0.145461   1.941817  -8.904033   0.750000   0.875000
  0.015075   0.576700   0.314076   0.031222  -0.190204   1.778925  -5.853235   0.750000   0.875000
  0.020101   0.576857   0.313120   0.040163  -0.219622   1.597341  -3.233392   0.750000   0.875000
  0.025126   0.577059   0.312017   0.048190  -0.235870   1.401620  -0.999174   0.750000   0.875000
  0.030151   0.577301   0.310831   0.055233  -0.240891   1.195652   0.892076   0.750000   0.875000
  0.035176   0.577579   0.309621   0.061241  -0.236408   0.982868   2.478446   0.750000   0.875000
  0.040201   0.577886   0.308433   0.066180  -0.223954   0.766253   3.794390   0.750000   0.875000
  0.045226   0.578219   0.307308   0.070030  -0.204887   0.548394   4.871050   0.750000   0.875000
  0.050251   0.578571   0.306278   0.072786  -0.180410   0.331518   5.736544   0.750000   0.875000
  0.055276   0.578937   0.305371   0.074452  -0.151584   0.117533   6.416233   0.750000   0.875000
  0.060302   0.579311   0.304610   0.075043  -0.119336  -0.091981   6.933064   0.750000   0.875000
  0.065327   0.579688   0.304010   0.074580  -0.084497  -0.295569   7.307382   0.750000   0.875000
  0.070352   0.580063   0.303585   0.073095  -0.047778  -0.492132   7.557797   0.750000   0.875000
  0.075377   0.580430   0.303345   0.070622  -0.009800  -0.679316   7.700895   0.750000   0.875000
  0.080402   0.580785   0.303296   0.067209   0.028897  -0.859031   7.751546   0.750000   0.875000
  0.085427   0.581123   0.303441   0.062892   0.067849  -1.029380   7.723053   0.750000   0.875000
  0.090452   0.581439   0.303782   0.057719   0.106657  -1.189891   7.627302   0.750000   0.875000
  0.095477   0.581729   0.304318   0.051740   0.144984  -1.340213   7.474891   0.750000   0.875000
  0.100503   0.581989   0.305047   0.045004   0.182553  -1.480131   7.275208   0.750000   0.875000
  0.105528   0.582215   0.305964   0.037567   0.219111  -1.609434   7.036710   0.750000   0.875000
  0.110553   0.582404   0.307065   0.029479   0.254470  -1.728082   6.766781   0.750000   0.875000
  0.115578   0.582552   0.308344   0.020796   0.288474  -1.836074   6.471975   0.750000   0.875000
  0.120603   0.582656   0.309793   0.011569   0.320995  -1.933470   6.158070   0.750000   0.875000
  0.125628   0.582714   0.311406   0.001854   0.351940  -2.020379   5.830135   0.750000   0.875000
  0.130653   0.582724   0.313175  -0.008299   0.381236  -2.096959   5.492609   0.750000   0.875000
  0.135678   0.582682   0.315091  -0.018836   0.408836  -2.163400   5.149359   0.750000   0.875000
  0.140704   0.582587   0.317145  -0.029709   0.434717  -2.219940   4.803666   0.750000   0.875000
  0.145729   0.582438   0.319330  -0.040864   0.458855  -2.266806   4.458568   0.750000   0.875000
  0.150754   0.582233   0.321636  -0.052255   0.481260  -2.304283   4.116473   0.750000   0.875000
  0.155779   0.581970   0.324054  -0.063834   0.501945  -2.332664   3.779493   0.750000   0.875000
  0.160804   0.581649   0.326576  -0.075556   0.520937  -2.352256   3.412575   0.750000   0.875000
  0.165829   0.581270   0.329194  -0.087376   0.538085  -2.363377   3.091962   0.750000   0.875000
  0.170854   0.580831   0.331898  -0.099252   0.553622  -2.366355   2.780777   0.750000   0.875000
  0.175879   0.580332   0.334680  -0.111143   0.567596  -2.361526   2.480022   0.750000   0.875000
  0.180905   0.579773   0.337533  -0.123012   0.580060  -2.349228   2.190430   0.750000   0.875000
  0.185930   0.579155   0.340447  -0.134817   0.591067  -2.329810   1.912734   0.750000   0.875000
  0.190955   0.578478   0.343417  -0.146524   0.600679  -2.303618   1.647324   0.750000   0.875000
  0.195980   0.577741   0.346436  -0.158100   0.608956  -2.271003   1.394511   0.750000   0.875000
  0.201005   0.576947   0.349496  -0.169511   0.615964  -2.232315   1.154481   0.750000   0.875000
  0.206030   0.576095   0.352591  -0.180729   0.621765  -2.187902   0.927315   0.750000   0.875000
  0.211055   0.575187   0.355715  -0.191723   0.626425  -2.138116   0.713000   0.750000   0.875000
  0.216080   0.574224   0.358863  -0.202467   0.630008  -2.083303   0.511443   0.750000   0.875000
  0.221106   0.573206   0.362030  -0.212938   0.632578  -2.023799   0.322445   0.750000   0.875000
  0.226131   0.572136   0.365208  -0.223107   0.634198  -1.959972   0.145865   0.750000   0.875000
  0.231156   0.571015   0.368395  -0.232956   0.634931  -1.892152  -0.018606   0.750000   0.875000
  0.236181   0.569844   0.371586  -0.242464   0.634838  -1.820679  -0.171278   0.750000   0.875000
  0.241206   0.568626   0.374776  -0.251613   0.633977  -1.745889  -0.312492   0.750000   0.875000
  0.246231   0.567361   0.377962  -0.260386   0.632407  -1.668115  -0.442618   0.750000   0.875000
  0.251256   0.566053   0.381139  -0.268769   0.630183  -1.587686  -0.562047   0.750000   0.875000
  0.256281   0.564702   0.384306  -0.276747   0.627359  -1.504929  -0.671185   0.750000   0.875000
  0.261307   0.563312   0.387459  -0.284310   0.623985  -1.420146  -0.770470   0.750000   0.875000
  0.266332   0.561883   0.390595  -0.291447   0.620114  -1.333690  -0.860286   0.750000   0.875000
  0.271357   0.560418   0.393711  -0.298148   0.615791  -1.245854  -0.941083   0.750000   0.875000
  0.276382   0.558920   0.396805  -0.304409   0.611062  -1.156945  -1.013294   0.750000   0.875000
  0.281407   0.557390   0.399876  -0.310223   0.605970  -1.067266  -1.077345   0.750000   0.875000
  0.286432   0.555832   0.402921  -0.315586   0.600556  -0.977109  -1.133664   0.750000   0.875000
  0.291457   0.554246   0.405938  -0.320496   0.594860  -0.886765  -1.182668   0.750000   0.875000
  0.296482   0.552635   0.408928  -0.324952   0.588917  -0.796515  -1.224770   0.750000   0.875000
  0.301508   0.551002   0.411888  -0.328955   0.582761  -0.706615  -1.260381   0.750000   0.875000
  0.306533   0.549349   0.414816  -0.332506   0.576428  -0.617370  -1.289877   0.750000   0.875000
  0.311558   0.547678   0.417712  -0.335608   0.569946  -0.529018  -1.313649   0.750000   0.875000
  0.316583   0.545992   0.420576  -0.338266   0.563345  -0.441811  -1.332068   0.750000   0.875000
  0.321608   0.544292   0.423407  -0.340486   0.556651  -0.355989  -1.345492   0.750000   0.875000
  0.326633   0.542581   0.426204  -0.342275   0.549890  -0.271784  -1.354265   0.750000   0.875000
  0.331658   0.540861   0.428968  -0.343641   0.543085  -0.189417  -1.358720   0.750000   0.875000
  0.336683   0.539134   0.431697  -0.344593   0.536257  -0.109099  -1.359175   0.750000   0.875000
  0.341709   0.537402   0.434392  -0.345141   0.529426  -0.031015  -1.355935   0.750000   0.875000
  0.346734   0.535668   0.437052  -0.345297   0.522613   0.044616  -1.349291   0.750000   0.875000
  0.351759   0.533933   0.439678  -0.345073   0.515832   0.117631  -1.339521   0.750000   0.875000
  0.356784   0.532199   0.442270  -0.344482   0.509101   0.187868  -1.326889   0.750000   0.875000
  0.361809   0.530468   0.444829  -0.343538   0.502434   0.255173  -1.311646   0.750000   0.875000
  0.366834   0.528742   0.447353  -0.342255   0.495843   0.319407  -1.294029   0.750000   0.875000
  0.371859   0.527022   0.449845  -0.340650   0.489340   0.404126  -1.274261   0.750000   0.875000
  0.376884   0.525310   0.452304  -0.338620   0.482937   0.463081  -1.252555   0.750000   0.875000
  0.381910   0.523608   0.454731  -0.336292   0.476642   0.518933  -1.229105   0.750000   0.875000
  0.386935   0.521918   0.457126  -0.333684   0.470465   0.571595  -1.200052   0.750000   0.875000
  0.391960   0.520242   0.459490  -0.330812   0.464435   0.621026  -1.174122   0.750000   0.875000
  0.396985   0.518579   0.461824  -0.327692   0.458535   0.667191  -1.146949   0.750000   0.875000
  0.402010   0.516933   0.464128  -0.324339   0.452772   0.710069  -1.118687   0.750000   0.875000
  0.407035   0.515303   0.466403  -0.320771   0.447150   0.749655  -1.089476   0.750000   0.875000
  0.412060   0.513691   0.468650  -0.317004   0.441676   0.785957  -1.059449   0.750000   0.875000
  0.417085   0.512098   0.470870  -0.313054   0.436352   0.818999  -1.028725   0.750000   0.875000
  0.422111   0.510525   0.473063  -0.308938   0.431182   0.848822  -0.997411   0.750000   0.875000
  0.427136   0.508972   0.475230  -0.304673   0.426170   0.875463  -0.965619   0.750000   0.875000
  0.432161   0.507441   0.477371  -0.300274   0.421317   0.898991  -0.933437   0.750000   0.875000
  0.437186   0.505932   0.479488  -0.295756   0.416627   0.972407  -0.900947   0.750000   0.875000
  0.442211   0.504446   0.481582  -0.290870   0.412100   0.990443  -0.868225   0.750000   0.875000
  0.447236   0.502985   0.483653  -0.285893   0.407737   1.005973  -0.835338   0.750000   0.875000
  0.452261   0.501548   0.485701  -0.280838   0.403539   1.019100  -0.802346   0.750000   0.875000
  0.457286   0.500137   0.487729  -0.275717   0.399507   1.029932  -0.769300   0.750000   0.875000
  0.462312   0.498751   0.489737  -0.270540   0.395641   1.038584  -0.736239   0.750000   0.875000
  0.467337   0.497391   0.491725  -0.265321   0.391941   1.045169  -0.703215   0.750000   0.875000
  0.472362   0.496058   0.493695  -0.260069   0.388408   1.049808  -0.670252   0.750000   0.875000
  0.477387   0.494751   0.495647  -0.254794   0.385040   1.052620  -0.637378   0.750000   0.875000
  0.482412   0.493471   0.497581  -0.249505   0.381837   1.053722  -0.604611   0.750000   0.875000
  0.487437   0.492217   0.499500  -0.244210   0.378799   1.053226  -0.571968   0.750000   0.875000
  0.492462   0.490990   0.501404  -0.238917   0.375925   1.051238  -0.539458   0.750000   0.875000
  0.497487   0.489790   0.503293  -0.233635   0.373214   1.047855  -0.507087   0.750000   0.875000
  0.502513   0.488615   0.505168  -0.228368   0.370665   1.043163  -0.474850   0.750000   0.875000
  0.507538   0.487468   0.507031  -0.223126   0.368279   1.037237  -0.442756   0.750000   0.875000
  0.512563   0.486347   0.508882  -0.217914   0.366054   1.030136  -0.410792   0.750000   0.875000
  0.517588   0.485252   0.510721  -0.212738   0.363990   1.021902  -0.378950   0.750000   0.875000
  0.522613   0.484183   0.512550  -0.207603   0.362086   1.012560  -0.347216   0.750000   0.875000
  0.527638   0.483139   0.514369  -0.202515   0.360341   1.002113  -0.315574   0.750000   0.875000
  0.532663   0.482122   0.516180  -0.197479   0.358755   0.990543  -0.284008   0.750000   0.875000
  0.537688   0.481129   0.517983  -0.192502   0.357328   0.977808  -0.252497   0.750000   0.875000
  0.542714   0.480162   0.519779  -0.187587   0.356059   0.963840  -0.221014   0.750000   0.875000
  0.547739   0.479219   0.521568  -0.182744   0.354948   0.948557  -0.189549   0.750000   0.875000
  0.552764   0.478301   0.523352  -0.177977   0.353996   0.931839  -0.158073   0.750000   0.875000
  0.557789   0.477407   0.525131  -0.173295   0.353202   0.913549  -0.126561   0.750000   0.875000
  0.562814   0.476536   0.526905  -0.168704   0.352566   0.893524  -0.094991   0.750000   0.875000
  0.567839   0.475688   0.528677  -0.164214   0.352088   0.871577  -0.063337   0.750000   0.875000
  0.572864   0.474863   0.530446  -0.159835   0.351770   0.847502  -0.031576   0.750000   0.875000
  0.577889   0.474060   0.532214  -0.155576   0.351611   0.821073   0.000313   0.750000   0.875000
  0.582915   0.473278   0.533981  -0.151449   0.351613   0.792041   0.032359   0.750000   0.875000
  0.587940   0.472517   0.535748  -0.147469   0.351776   0.760163   0.064567   0.750000   0.875000
  0.592965   0.471776   0.537516  -0.143649   0.352100   0.725169   0.096962   0.750000   0.875000
  0.597990   0.471054   0.539285  -0.140005   0.352587   0.686790   0.129559   0.750000   0.875000
  0.603015   0.470350   0.541057  -0.136554   0.353238   0.644758   0.162369   0.750000   0.875000
  0.608040   0.469664   0.542832  -0.133314   0.354054   0.598809   0.195401   0.750000   0.875000
  0.613065   0.468994   0.544611  -0.130305   0.355036   0.548691   0.228660   0.750000   0.875000
  0.618090   0.468339   0.546395  -0.127548   0.356185   0.494167   0.262147   0.750000   0.875000
  0.623116   0.467698   0.548185  -0.125065   0.357503   0.435012   0.295865   0.750000   0.875000
  0.628141   0.467070   0.549982  -0.122879   0.358989   0.371066   0.329792   0.750000   0.875000
  0.633166   0.466452   0.551785  -0.121014   0.360647   0.302167   0.363921   0.750000   0.875000
  0.638191   0.465844   0.553598  -0.119496   0.362475   0.228205   0.398230   0.750000   0.875000
  0.643216   0.465244   0.555419  -0.118349   0.364476   0.149116   0.432694   0.750000   0.875000
  0.648241   0.464649   0.557251  -0.117600   0.366651   0.064886   0.467279   0.750000   0.875000
  0.653266   0.464058   0.559093  -0.117274   0.368999  -0.024445   0.501943   0.750000   0.875000
  0.658291   0.463469   0.560947  -0.117396   0.371521  -0.118777   0.536636   0.750000   0.875000
  0.663317   0.462879   0.562815  -0.117993   0.374218  -0.217972   0.571307   0.750000   0.875000
  0.668342   0.462286   0.564695  -0.119089   0.377089  -0.321763   0.605874   0.750000   0.875000
  0.673367   0.461688   0.566590  -0.120706   0.380133  -0.429884   0.640264   0.750000   0.875000
  0.678392   0.461081   0.568500  -0.122866   0.383351  -0.541978   0.674387   0.750000   0.875000
  0.683417   0.460464   0.570426  -0.125589   0.386740  -0.657628   0.708142   0.750000   0.875000
  0.688442   0.459833   0.572370  -0.128894   0.390298  -0.776347   0.741414   0.750000   0.875000
  0.693467   0.459185   0.574331  -0.132795   0.394024  -0.897588   0.774072   0.750000   0.875000
  0.698492   0.458518   0.576311  -0.137305   0.397913  -1.020741   0.805971   0.750000   0.875000
  0.703518   0.457827   0.578311  -0.142436   0.401964  -1.145163   0.836958   0.750000   0.875000
  0.708543   0.457112   0.580331  -0.148190   0.406170  -1.270073   0.866838   0.750000   0.875000
  0.713568   0.456367   0.582372  -0.154572   0.410526  -1.394715   0.895421   0.750000   0.875000
  0.718593   0.455590   0.584435  -0.161581   0.415025  -1.518256   0.922487   0.750000   0.875000
  0.723618   0.454778   0.586520  -0.169210   0.419661  -1.639809   0.947794   0.750000   0.875000
  0.728643   0.453928   0.588629  -0.177450   0.424423  -1.758439   0.971076   0.750000   0.875000
  0.733668   0.453036   0.590762  -0.186286   0.429303  -1.873167   0.992041   0.750000   0.875000
  0.738693   0.452100   0.592919  -0.195699   0.434288  -1.982963   1.010372   0.750000   0.875000
  0.743719   0.451117   0.595102  -0.205665   0.439366  -2.086776   1.025723   0.750000   0.875000
  0.748744   0.450083   0.597309  -0.216151   0.444520  -2.183443   1.037711   0.750000   0.875000
  0.753769   0.448997   0.599543  -0.227123   0.449735  -2.271821   1.045928   0.750000   0.875000
  0.758794   0.447856   0.601803  -0.238539   0.454991  -2.350701   1.049933   0.750000   0.875000
  0.763819   0.446657   0.604089  -0.250351   0.460267  -2.418826   1.049252   0.750000   0.875000
  0.768844   0.445399   0.606402  -0.262506   0.465539  -2.474896   1.043375   0.750000   0.875000
  0.773869   0.444080   0.608742  -0.274942   0.470782  -2.513438   1.031762   0.750000   0.875000
  0.778894   0.442699   0.611107  -0.287572   0.475967  -2.535704   1.013841   0.750000   0.875000
  0.783920   0.441253   0.613499  -0.300316   0.481062  -2.549580   0.989008   0.750000   0.875000
  0.788945   0.439744   0.615917  -0.313128   0.486032  -2.545451   0.956647   0.750000   0.875000
  0.793970   0.438171   0.618359  -0.325919   0.490839  -2.521873   0.916114   0.750000   0.875000
  0.798995   0.436533   0.620826  -0.338591   0.495443  -2.477377   0.866755   0.750000   0.875000
  0.804020   0.434831   0.623315  -0.351040   0.499798  -2.410495   0.807916   0.750000   0.875000
  0.809045   0.433068   0.625827  -0.363153   0.503858  -2.319780   0.738954   0.750000   0.875000
  0.814070   0.431243   0.628359  -0.374810   0.507571  -2.203833   0.659250   0.750000   0.875000
  0.819095   0.429359   0.630909  -0.385884   0.510884  -2.061332   0.568228   0.750000   0.875000
  0.824121   0.427420   0.633477  -0.396244   0.513740  -1.891035   0.465351   0.750000   0.875000
  0.829146   0.425429   0.636058  -0.405747   0.516078  -1.691965   0.350226   0.750000   0.875000
  0.834171   0.423390   0.638652  -0.414249   0.517838  -1.470928   0.222509   0.750000   0.875000
  0.839196   0.421308   0.641254  -0.421640   0.518956  -1.210746   0.082004   0.750000   0.875000
  0.844221   0.419189   0.643862  -0.427724   0.519368  -0.920198  -0.071327   0.750000   0.875000
  0.849246   0.417040   0.646471  -0.432348   0.519010  -0.599386  -0.237340   0.750000   0.875000
  0.854271   0.414868   0.649079  -0.435360   0.517817  -0.248840  -0.415686   0.750000   0.875000
  0.859296   0.412680   0.651681  -0.436611   0.515728   0.130433  -0.605786   0.750000   0.875000
  0.864322   0.410485   0.654273  -0.435955   0.512684   0.536989  -0.806863   0.750000   0.875000
  0.869347   0.408295   0.656850  -0.433257   0.508629   0.968577  -1.017758   0.750000   0.875000
  0.874372   0.406118   0.659406  -0.428390   0.503515   1.422623  -1.237180   0.750000   0.875000
  0.879397   0.403965   0.661936  -0.421241   0.497298   1.895899  -1.463542   0.750000   0.875000
  0.884422   0.401848   0.664435  -0.411714   0.489944   2.384621  -1.695021   0.750000   0.875000
  0.889447   0.399779   0.666897  -0.399731   0.481426   2.884494  -1.929581   0.750000   0.875000
  0.894472   0.397771   0.669316  -0.385237   0.471730   3.390764  -2.165001   0.750000   0.875000
  0.899497   0.395835   0.671686  -0.368198   0.460851   3.898311  -2.398924   0.750000   0.875000
  0.904523   0.393984   0.674002  -0.348605   0.448794   4.401843  -2.628955   0.750000   0.875000
  0.909548   0.392233   0.676258  -0.326486   0.435584   4.895597  -2.852514   0.750000   0.875000
  0.914573   0.390592   0.678446  -0.301886   0.421250   5.374096  -3.067197   0.750000   0.875000
  0.919598   0.389075   0.680563  -0.274881   0.405837   5.831855  -3.270635   0.750000   0.875000
  0.924623   0.387694   0.682603  -0.245576   0.389402   6.263616  -3.460597   0.750000   0.875000
  0.929648   0.386460   0.684559  -0.214101   0.372013   6.664472  -3.635049   0.750000   0.875000
  0.934673   0.385384   0.686429  -0.180612   0.353746   7.029975  -3.792192   0.750000   0.875000
  0.939698   0.384476   0.688206  -0.145286   0.334691   7.356232  -3.930507   0.750000   0.875000
  0.944724   0.383746   0.689888  -0.108314   0.314936   7.640038  -4.048799   0.750000   0.875000
  0.949749   0.383202   0.691471  -0.069923   0.294591   7.878689  -4.146118   0.750000   0.875000
  0.954774   0.382851   0.692951  -0.030332   0.273756   8.070385  -4.221922   0.750000   0.875000
  0.959799   0.382698   0.694327   0.010221   0.252541   8.213980  -4.275962   0.750000   0.875000
  0.964824   0.382749   0.695596   0.051497   0.231055   8.309040  -4.308298   0.750000   0.875000
  0.969849   0.383008   0.696757   0.093249   0.209405   8.355807  -4.319284   0.750000   0.875000
  0.974874   0.383477   0.697809   0.135237   0.187701   8.355156  -4.309533   0.750000   0.875000
  0.979899   0.384156   0.698752   0.177222   0.166046   8.308535  -4.279894   0.750000   0.875000
  0.984925   0.385047   0.699587   0.218981   0.144535   8.217878  -4.231404   0.750000   0.875000
  0.989950   0.386147   0.700313   0.260276   0.123272   8.085605  -4.165291   0.750000   0.875000
  0.994975   0.387455   0.700933   0.300906   0.102341   7.914449  -4.082888   0.750000   0.875000
  1.000000   0.388967   0.701447   0.340676   0.081825   7.707436  -3.985630   0.750000   0.875000