  0.000000   0.641421   0.358579   0.000000   0.000000   4.380685 -17.724704   1.000000   0.875000
  0.005025   0.641421   0.358579   0.022013  -0.089067   3.549011 -13.844459   1.000000   0.875000
  0.010050   0.641532   0.358131   0.039847  -0.158635   2.788483 -10.457860   1.000000   0.875000
  0.015075   0.641732   0.357334   0.053859  -0.211186   2.094098  -7.514243   1.000000   0.875000
  0.020101   0.642003   0.356273   0.064384  -0.248952   1.461057  -4.967078   1.000000   0.875000
  0.025126   0.642326   0.355022   0.071726  -0.273912   0.885260  -2.775624   1.000000   0.875000
  0.030151   0.642686   0.353645   0.076174  -0.287859   0.362497  -0.901386   1.000000   0.875000
  0.035176   0.643069   0.352199   0.077996  -0.292389  -0.111030   0.690017   1.000000   0.875000
  0.040201   0.643461   0.350730   0.077438  -0.288922  -0.538864   2.029734   1.000000   0.875000
  0.045226   0.643850   0.349278   0.074730  -0.278722  -0.924309   3.145955   1.000000   0.875000
  0.050251   0.644226   0.347877   0.070085  -0.262914  -1.270442   4.064175   1.000000   0.875000
  0.055276   0.644578   0.346556   0.063701  -0.242491  -1.580128   4.807428   1.000000   0.875000
  0.060302   0.644898   0.345337   0.055760  -0.218329  -1.856092   5.396611   1.000000   0.875000
  0.065327   0.645178   0.344240   0.046433  -0.191211  -2.104245   5.850221   1.000000   0.875000
  0.070352   0.645412   0.343279   0.035859  -0.161814  -2.319810   6.185275   1.000000   0.875000
  0.075377   0.645592   0.342466   0.024202  -0.130733  -2.508550   6.416954   1.000000   0.875000
  0.080402   0.645713   0.341809   0.011596  -0.098488  -2.672458   6.558894   1.000000   0.875000
  0.085427   0.645772   0.341315  -0.001833  -0.065529  -2.813385   6.623327   1.000000   0.875000
  0.090452   0.645763   0.340985  -0.015970  -0.032247  -2.933051   6.621209   1.000000   0.875000
  0.095477   0.645682   0.340823  -0.030709   0.001025  -3.033051   6.562336   1.000000   0.875000
  0.100503   0.645528   0.340828  -0.045953   0.034007  -3.114880   6.455429   1.000000   0.875000
  0.105528   0.645297   0.340999  -0.061605   0.066445  -3.179874   6.308320   1.000000   0.875000
  0.110553   0.644987   0.341333  -0.077584   0.098145  -3.229325   6.127920   1.000000   0.875000
  0.115578   0.644598   0.341826  -0.093811   0.128938  -3.264412   5.920373   1.000000   0.875000
  0.120603   0.644126   0.342474  -0.110215   0.158687  -3.286227   5.691116   1.000000   0.875000
  0.125628   0.643572   0.343272  -0.126728   0.187285  -3.295783   5.444944   1.000000   0.875000
  0.130653   0.642936   0.344213  -0.143290   0.214646  -3.294016   5.186079   1.000000   0.875000
  0.135678   0.642216   0.345291  -0.159842   0.240706  -3.281796   4.918219   1.000000   0.875000
  0.140704   0.641412   0.346501  -0.176336   0.265425  -3.259926   4.644539   1.000000   0.875000
  0.145729   0.640526   0.347835  -0.192717   0.288764  -3.229161   4.367959   1.000000   0.875000
  0.150754   0.639558   0.349286  -0.208944   0.310713  -3.190192   4.090853   1.000000   0.875000
  0.155779   0.638508   0.350847  -0.224975   0.331269  -3.143666   3.815312   1.000000   0.875000
  0.160804   0.637377   0.352512  -0.240772   0.350441  -3.090184   3.502932   1.000000   0.875000
  0.165829   0.636167   0.354273  -0.256300   0.368044  -3.030306   3.236849   1.000000   0.875000
  0.170854   0.634879   0.356122  -0.271527   0.384309  -2.964555   2.976704   1.000000   0.875000
  0.175879   0.633515   0.358053  -0.286424   0.399267  -2.893423   2.723559   1.000000   0.875000
  0.180905   0.632075   0.360060  -0.300966   0.412955  -2.817352   2.478234   1.000000   0.875000
  0.185930   0.630563   0.362135  -0.315123   0.425409  -2.736805   2.241526   1.000000   0.875000
  0.190955   0.628980   0.364273  -0.328876   0.436672  -2.652176   2.013929   1.000000   0.875000
  0.195980   0.627327   0.366467  -0.342203   0.446792  -2.563850   1.795857   1.000000   0.875000
  0.201005   0.625607   0.368712  -0.355086   0.455816  -2.472195   1.587603   1.000000   0.875000
  0.206030   0.623823   0.371003  -0.367509   0.463794  -2.377560   1.389360   1.000000   0.875000
  0.211055   0.621976   0.373333  -0.379456   0.470776  -2.280278   1.201228   1.000000   0.875000
  0.216080   0.620070   0.375699  -0.390915   0.476812  -2.180670   1.023231   1.000000   0.875000
  0.221106   0.618105   0.378095  -0.401875   0.481955  -2.079024   0.855291   1.000000   0.875000
  0.226131   0.616085   0.380517  -0.412322   0.486252  -1.975679   0.697376   1.000000   0.875000
  0.231156   0.614014   0.382961  -0.422250   0.489757  -1.870903   0.549299   1.000000   0.875000
  0.236181   0.611892   0.385422  -0.431651   0.492517  -1.764976   0.410866   1.000000   0.875000
  0.241206   0.609723   0.387897  -0.440520   0.494581  -1.658171   0.281849   1.000000   0.875000
  0.246231   0.607509   0.390382  -0.448852   0.495998  -1.550754   0.161990   1.000000   0.875000
  0.251256   0.605254   0.392874  -0.456645   0.496812  -1.442986   0.051009   1.000000   0.875000
  0.256281   0.602959   0.395371  -0.463896   0.497068  -1.335121  -0.051394   1.000000   0.875000
  0.261307   0.600627   0.397869  -0.470606   0.496810  -1.227386  -0.145553   1.000000   0.875000
  0.266332   0.598263   0.400366  -0.476774   0.496078  -1.120070  -0.231752   1.000000   0.875000
  0.271357   0.595867   0.402858  -0.482402   0.494914  -1.013390  -0.310344   1.000000   0.875000
  0.276382   0.593443   0.405345  -0.487494   0.493354  -0.907580  -0.381665   1.000000   0.875000
  0.281407   0.590993   0.407824  -0.492055   0.491437  -0.802869  -0.446056   1.000000   0.875000
  0.286432   0.588521   0.410294  -0.496089   0.489195  -0.699481  -0.503852   1.000000   0.875000
  0.291457   0.586028   0.412752  -0.499604   0.486663  -0.597634  -0.555392   1.000000   0.875000
  0.296482   0.583517   0.415198  -0.502607   0.483872  -0.497540  -0.601006   1.000000   0.875000
  0.301508   0.580991   0.417629  -0.505108   0.480852  -0.399385  -0.641030   1.000000   0.875000
  0.306533   0.578453   0.420046  -0.507115   0.477631  -0.303408  -0.675767   1.000000   0.875000
  0.311558   0.575905   0.422446  -0.508640   0.474235  -0.209782  -0.705539   1.000000   0.875000
  0.316583   0.573349   0.424829  -0.509694   0.470689  -0.118690  -0.730651   1.000000   0.875000
  0.321608   0.570788   0.427194  -0.510290   0.467018  -0.030307  -0.751398   1.000000   0.875000
  0.326633   0.568223   0.429541  -0.510443   0.463242   0.055199  -0.768066   1.000000   0.875000
  0.331658   0.565658   0.431869  -0.510165   0.459383   0.137672  -0.780931   1.000000   0.875000
  0.336683   0.563095   0.434177  -0.509473   0.455458   0.216963  -0.790258   1.000000   0.875000
  0.341709   0.560534   0.436466  -0.508383   0.451487   0.292953  -0.796303   1.000000   0.875000
  0.346734   0.557980   0.438735  -0.506911   0.447485   0.365482  -0.799306   1.000000   0.875000
  0.351759   0.555432   0.440983  -0.505074   0.443469   0.434455  -0.799503   1.000000   0.875000
  0.356784   0.552894   0.443212  -0.502891   0.439451   0.499768  -0.797116   1.000000   0.875000
  0.361809   0.550367   0.445420  -0.500380   0.435446   0.561334  -0.792356   1.000000   0.875000
  0.366834   0.547853   0.447608  -0.497559   0.431464   0.619075  -0.785423   1.000000   0.875000
  0.371859   0.545353   0.449776  -0.494448   0.427517   0.689820  -0.776507   1.000000   0.875000
  0.376884   0.542868   0.451925  -0.490982   0.423615   0.740473  -0.765785   1.000000   0.875000
  0.381910   0.540400   0.454054  -0.487260   0.419767   0.787343  -0.753426   1.000000   0.875000
  0.386935   0.537952   0.456163  -0.483304   0.415981   0.830396  -0.735595   1.000000   0.875000
  0.391960   0.535523   0.458253  -0.479131   0.412284   0.869641  -0.720860   1.000000   0.875000
  0.396985   0.533116   0.460325  -0.474761   0.408662   0.905093  -0.704909   1.000000   0.875000
  0.402010   0.530730   0.462379  -0.470213   0.405120   0.936779  -0.687872   1.000000   0.875000
  0.407035   0.528367   0.464414  -0.465506   0.401663   0.964740  -0.669870   1.000000   0.875000
  0.412060   0.526028   0.466433  -0.460658   0.398297   0.989028  -0.651014   1.000000   0.875000
  0.417085   0.523713   0.468434  -0.455688   0.395026   1.009710  -0.631407   1.000000   0.875000
  0.422111   0.521423   0.470420  -0.450613   0.391852   1.026865  -0.611138   1.000000   0.875000
  0.427136   0.519159   0.472389  -0.445453   0.388781   1.040573  -0.590302   1.000000   0.875000
  0.432161   0.516920   0.474342  -0.440224   0.385815   1.050936  -0.568973   1.000000   0.875000
  0.437186   0.514708   0.476281  -0.434943   0.382956   1.058058  -0.547222   1.000000   0.875000
  0.442211   0.512522   0.478205  -0.429627   0.380206   1.062052  -0.525112   1.000000   0.875000
  0.447236   0.510364   0.480116  -0.424290   0.377567   1.063037  -0.502699   1.000000   0.875000
  0.452261   0.508232   0.482013  -0.418948   0.375041   1.061136  -0.480035   1.000000   0.875000
  0.457286   0.506126   0.483898  -0.413616   0.372629   1.056478  -0.457161   1.000000   0.875000
  0.462312   0.504047   0.485771  -0.408306   0.370332   1.084136  -0.434111   1.000000   0.875000
  0.467337   0.501996   0.487631  -0.402858   0.368150   1.074074  -0.410925   1.000000   0.875000
  0.472362   0.499971   0.489481  -0.397461   0.366085   1.061807  -0.387626   1.000000   0.875000
  0.477387   0.497974   0.491321  -0.392125   0.364137   1.047454  -0.364234   1.000000   0.875000
  0.482412   0.496004   0.493151  -0.386862   0.362307   1.031126  -0.340765   1.000000   0.875000
  0.487437   0.494060   0.494971  -0.381681   0.360595   1.012930  -0.317230   1.000000   0.875000
  0.492462   0.492142   0.496783  -0.376591   0.359001   0.992963  -0.293637   1.000000   0.875000
  0.497487   0.490249   0.498587  -0.371601   0.357525   0.971315  -0.269990   1.000000   0.875000
  0.502513   0.488382   0.500384  -0.366719   0.356168   0.948058  -0.246281   1.000000   0.875000
  0.507538   0.486539   0.502174  -0.361955   0.354931   0.923268  -0.222518   1.000000   0.875000
  0.512563   0.484720   0.503958  -0.357316   0.353813   0.896992  -0.198689   1.000000   0.875000
  0.517588   0.482925   0.505735  -0.352808   0.352814   0.869268  -0.174783   1.000000   0.875000
  0.522613   0.481152   0.507508  -0.348440   0.351936   0.840117  -0.150789   1.000000   0.875000
  0.527638   0.479401   0.509277  -0.344219   0.351178   0.809545  -0.126691   1.000000   0.875000
  0.532663   0.477671   0.511041  -0.340151   0.350541   0.777541  -0.102474   1.000000   0.875000
  0.537688   0.475962   0.512803  -0.336244   0.350027   0.744076  -0.078120   1.000000   0.875000
  0.542714   0.474272   0.514562  -0.332504   0.349634   0.709097  -0.053603   1.000000   0.875000
  0.547739   0.472601   0.516319  -0.328941   0.349365   0.672557  -0.028915   1.000000   0.875000
  0.552764   0.470948   0.518075  -0.325561   0.349219   0.634369  -0.004029   1.000000   0.875000
  0.557789   0.469312   0.519829  -0.322373   0.349199   0.594441   0.021075   1.000000   0.875000
  0.562814   0.467692   0.521584  -0.319386   0.349305   0.552665   0.046418   1.000000   0.875000
  0.567839   0.466087   0.523339  -0.316609   0.349538   0.508921   0.072022   1.000000   0.875000
  0.572864   0.464496   0.525096  -0.314052   0.349900   0.463079   0.097905   1.000000   0.875000
  0.577889   0.462918   0.526854  -0.311725   0.350392   0.415000   0.124087   1.000000   0.875000
  0.582915   0.461352   0.528615  -0.309639   0.351016   0.364532   0.150591   1.000000   0.875000
  0.587940   0.459796   0.530379  -0.307807   0.351772   0.311550   0.177420   1.000000   0.875000
  0.592965   0.458249   0.532147  -0.306242   0.352664   0.255901   0.204594   1.000000   0.875000
  0.597990   0.456710   0.533919  -0.304956   0.353692   0.197446   0.232123   1.000000   0.875000
  0.603015   0.455178   0.535696  -0.303964   0.354858   0.136057   0.260017   1.000000   0.875000
  0.608040   0.453650   0.537479  -0.303280   0.356165   0.071617   0.288278   1.000000   0.875000
  0.613065   0.452126   0.539269  -0.302920   0.357614   0.004028   0.316909   1.000000   0.875000
  0.618090   0.450604   0.541066  -0.302900   0.359206  -0.066786   0.345907   1.000000   0.875000
  0.623116   0.449082   0.542871  -0.303236   0.360945  -0.140891   0.375270   1.000000   0.875000
  0.628141   0.447558   0.544685  -0.303944   0.362830  -0.218275   0.404973   1.000000   0.875000
  0.633166   0.446031   0.546508  -0.305040   0.364865  -0.298938   0.435005   1.000000   0.875000
  0.638191   0.444498   0.548342  -0.306543   0.367051  -0.382825   0.465342   1.000000   0.875000
  0.643216   0.442957   0.550186  -0.308466   0.369390  -0.469840   0.495955   1.000000   0.875000
  0.648241   0.441407   0.552042  -0.310827   0.371882  -0.559842   0.526806   1.000000   0.875000
  0.653266   0.439845   0.553911  -0.313640   0.374529  -0.652640   0.557851   1.000000   0.875000
  0.658291   0.438269   0.555793  -0.316920   0.377332  -0.747993   0.589039   1.000000   0.875000
  0.663317   0.436677   0.557690  -0.320679   0.380293  -0.845630   0.620314   1.000000   0.875000
  0.668342   0.435065   0.559601  -0.324929   0.383410  -0.945161   0.651592   1.000000   0.875000
  0.673367   0.433432   0.561527  -0.329678   0.386684  -1.046206   0.682801   1.000000   0.875000
  0.678392   0.431776   0.563470  -0.334935   0.390115  -1.148309   0.713847   1.000000   0.875000
  0.683417   0.430093   0.565431  -0.340705   0.393702  -1.250959   0.744629   1.000000   0.875000
  0.688442   0.428381   0.567409  -0.346992   0.397444  -1.353591   0.775029   1.000000   0.875000
  0.693467   0.426637   0.569406  -0.353793   0.401338  -1.455588   0.804918   1.000000   0.875000
  0.698492   0.424859   0.571423  -0.361108   0.405383  -1.556279   0.834150   1.000000   0.875000
  0.703518   0.423044   0.573460  -0.368930   0.409576  -1.654964   0.862570   1.000000   0.875000
  0.708543   0.421190   0.575518  -0.377246   0.413910  -1.750830   0.889986   1.000000   0.875000
  0.713568   0.419295   0.577598  -0.386044   0.418382  -1.843078   0.916207   1.000000   0.875000
  0.718593   0.417355   0.579701  -0.395305   0.422986  -1.930844   0.941013   1.000000   0.875000
  0.723618   0.415369   0.581826  -0.405008   0.427715  -2.013214   0.964165   1.000000   0.875000
  0.728643   0.413333   0.583976  -0.415124   0.432560  -2.089229   0.985399   1.000000   0.875000
  0.733668   0.411247   0.586149  -0.425622   0.437511  -2.164547   1.004423   1.000000   0.875000
  0.738693   0.409109   0.588348  -0.436499   0.442559  -2.224068   1.020923   1.000000   0.875000
  0.743719   0.406915   0.590572  -0.447677   0.447690  -2.274133   1.034554   1.000000   0.875000
  0.748744   0.404665   0.592822  -0.459105   0.452888  -2.313583   1.044936   1.000000   0.875000
  0.753769   0.402358   0.595097  -0.470731   0.458139  -2.341244   1.051666   1.000000   0.875000
  0.758794   0.399993   0.597399  -0.482495   0.463424  -2.355889   1.054303   1.000000   0.875000
  0.763819   0.397568   0.599728  -0.494334   0.468722  -2.356243   1.052377   1.000000   0.875000
  0.768844   0.395084   0.602084  -0.506174   0.474010  -2.340992   1.045381   1.000000   0.875000
  0.773869   0.392541   0.604465  -0.517937   0.479263  -2.308782   1.032778   1.000000   0.875000
  0.778894   0.389938   0.606874  -0.529539   0.484453  -2.256804   1.014000   1.000000   0.875000
  0.783920   0.387277   0.609309  -0.540882   0.489549  -2.186940   0.988443   1.000000   0.875000
  0.788945   0.384559   0.611769  -0.551871   0.494516  -2.095809   0.955497   1.000000   0.875000
  0.793970   0.381785   0.614253  -0.562402   0.499317  -1.981974   0.914517   1.000000   0.875000
  0.798995   0.378959   0.616763  -0.572362   0.503913  -1.844024   0.864852   1.000000   0.875000
  0.804020   0.376083   0.619295  -0.581628   0.508259  -1.680584   0.805849   1.000000   0.875000
  0.809045   0.373161   0.621849  -0.590073   0.512308  -1.490344   0.736866   1.000000   0.875000
  0.814070   0.370195   0.624423  -0.597562   0.516011  -1.272090   0.657283   1.000000   0.875000
  0.819095   0.367193   0.627016  -0.603954   0.519314  -1.024746   0.566521   1.000000   0.875000
  0.824121   0.364157   0.629626  -0.609105   0.522161  -0.747356   0.464039   1.000000   0.875000
  0.829146   0.361097   0.632250  -0.612860   0.524493  -0.439370   0.349443   1.000000   0.875000
  0.834171   0.358017   0.634886  -0.615068   0.526249  -0.100354   0.222379   1.000000   0.875000
  0.839196   0.354926   0.637530  -0.615572   0.527366   0.269733   0.082644   1.000000   0.875000
  0.844221   0.351833   0.640180  -0.614217   0.527781   0.670530  -0.069810   1.000000   0.875000
  0.849246   0.348746   0.642832  -0.610847   0.527431   1.101222  -0.234852   1.000000   0.875000
  0.854271   0.345677   0.645482  -0.605314   0.526250   1.560487  -0.412144   1.000000   0.875000
  0.859296   0.342635   0.648127  -0.597472   0.524179   2.046452  -0.601127   1.000000   0.875000
  0.864322   0.339632   0.650761  -0.587187   0.521158   2.556767  -0.801040   1.000000   0.875000
  0.869347   0.336682   0.653380  -0.574339   0.517133   3.088157  -1.010744   1.000000   0.875000
  0.874372   0.333796   0.655979  -0.558821   0.512054   3.637061  -1.228969   1.000000   0.875000
  0.879397   0.330988   0.658552  -0.540545   0.505878   4.199227  -1.454153   1.000000   0.875000
  0.884422   0.328271   0.661094  -0.519444   0.498571   4.769863  -1.684494   1.000000   0.875000
  0.889447   0.325661   0.663599  -0.495475   0.490107   5.343697  -1.917978   1.000000   0.875000
  0.894472   0.323171   0.666062  -0.468623   0.480469   5.915064  -2.152410   1.000000   0.875000
  0.899497   0.320817   0.668476  -0.438900   0.469653   6.478016  -2.385454   1.000000   0.875000
  0.904523   0.318611   0.670837  -0.406341   0.457664   7.026559  -2.614735   1.000000   0.875000
  0.909548   0.316569   0.673137  -0.371033   0.444525   7.554324  -2.837693   1.000000   0.875000
  0.914573   0.314704   0.675370  -0.333072   0.430265   8.055410  -3.051940   1.000000   0.875000
  0.919598   0.313031   0.677532  -0.292594   0.414929   8.524058  -3.255119   1.000000   0.875000
  0.924623   0.311560   0.679617  -0.249761   0.398572   8.954900  -3.445012   1.000000   0.875000
  0.929648   0.310305   0.681620  -0.204762   0.381261   9.343087  -3.619588   1.000000   0.875000
  0.934673   0.309276   0.683536  -0.157813   0.363073   9.684391  -3.777056   1.000000   0.875000
  0.939698   0.308483   0.685360  -0.109149   0.344093   9.975292  -3.915892   1.000000   0.875000
  0.944724   0.307935   0.687090  -0.059013   0.324412  10.213085  -4.034901   1.000000   0.875000
  0.949749   0.307638   0.688720  -0.007693   0.304136  10.395713  -4.133125   1.000000   0.875000
  0.954774   0.307600   0.690248   0.044546   0.283367  10.522099  -4.210010   1.000000   0.875000
  0.959799   0.307823   0.691672   0.097419   0.262212  10.591903  -4.265297   1.000000   0.875000
  0.964824   0.308313   0.692990   0.150644   0.240779  10.605554  -4.299031   1.000000   0.875000
  0.969849   0.309070   0.694200   0.203937   0.219176  10.564190  -4.311548   1.000000   0.875000
  0.974874   0.310095   0.695301   0.257022   0.197511  10.469597  -4.303446   1.000000   0.875000
  0.979899   0.311386   0.696294   0.309631   0.175886  10.324129  -4.275555   1.000000   0.875000
  0.984925   0.312943   0.697178   0.361520   0.154397  10.130586  -4.228892   1.000000   0.875000
  0.989950   0.314759   0.697953   0.412427   0.133147   9.892283  -4.164667   1.000000   0.875000
  0.994975   0.316832   0.698623   0.462135   0.112219   9.612744  -4.084196   1.000000   0.875000
  1.000000   0.319154   0.699186   0.510439   0.091696   9.295756  -3.988894   1.000000   0.875000