  0.000000   0.405721   0.323616   0.000000   0.000000  -3.174975 -11.278122   0.187500   0.187500
  0.005025   0.405721   0.323616  -0.015954  -0.056673  -1.463813  -7.838206   0.187500   0.187500
  0.010050   0.405641   0.323331  -0.023310  -0.096060  -0.039321  -4.884274   0.187500   0.187500
  0.015075   0.405524   0.322849  -0.023507  -0.120603   1.132221  -2.363922   0.187500   0.187500
  0.020101   0.405406   0.322242  -0.017817  -0.132484   2.081400  -0.229259   0.187500   0.187500
  0.025126   0.405316   0.321577  -0.007358  -0.133636   2.835211   1.561811   0.187500   0.187500
  0.030151   0.405279   0.320905   0.006889  -0.125788   3.418519   3.048653   0.187500   0.187500
  0.035176   0.405314   0.320273   0.024067  -0.110469   3.853465   4.266402   0.187500   0.187500
  0.040201   0.405435   0.319718   0.043431  -0.089030   4.159916   5.246774   0.187500   0.187500
  0.045226   0.405653   0.319271   0.064334  -0.062665   4.355672   6.018375   0.187500   0.187500
  0.050251   0.405976   0.318956   0.086222  -0.032423   4.456654   6.606971   0.187500   0.187500
  0.055276   0.406409   0.318793   0.108616   0.000778   4.477077   7.035746   0.187500   0.187500
  0.060302   0.406955   0.318797   0.131118   0.036139   4.429596   7.325583   0.187500   0.187500
  0.065327   0.407614   0.318978   0.153377   0.072950   4.325494   7.495054   0.187500   0.187500
  0.070352   0.408385   0.319345   0.175112   0.110613   4.174763   7.560986   0.187500   0.187500
  0.075377   0.409265   0.319901   0.196091   0.148607   3.986245   7.538365   0.187500   0.187500
  0.080402   0.410250   0.320647   0.216121   0.186487   3.767743   7.440576   0.187500   0.187500
  0.085427   0.411336   0.321584   0.235054   0.223876   3.526117   7.279549   0.187500   0.187500
  0.090452   0.412517   0.322709   0.252773   0.260456   3.267380   7.065900   0.187500   0.187500
  0.095477   0.413788   0.324018   0.269192   0.295962   2.996777   6.809051   0.187500   0.187500
  0.100503   0.415140   0.325506   0.284253   0.330184   2.718806   6.517285   0.187500   0.187500
  0.105528   0.416569   0.327165   0.297915   0.362934   2.437516   6.198090   0.187500   0.187500
  0.110553   0.418066   0.328989   0.310164   0.394079   2.156228   5.857901   0.187500   0.187500
  0.115578   0.419624   0.330969   0.320999   0.423515   1.877816   5.502414   0.187500   0.187500
  0.120603   0.421237   0.333097   0.330435   0.451165   1.604709   5.136609   0.187500   0.187500
  0.125628   0.422898   0.335364   0.338499   0.476976   1.338932   4.764826   0.187500   0.187500
  0.130653   0.424599   0.337761   0.345227   0.500919   1.082155   4.390824   0.187500   0.187500
  0.135678   0.426334   0.340278   0.350665   0.522983   0.835728   4.017844   0.187500   0.187500
  0.140704   0.428096   0.342907   0.354865   0.543177   0.600671   3.648586   0.187500   0.187500
  0.145729   0.429879   0.345636   0.357883   0.561511   0.377900   3.285565   0.187500   0.187500
  0.150754   0.431678   0.348458   0.359782   0.578021   0.181858   2.930692   0.187500   0.187500
  0.155779   0.433486   0.351362   0.360696   0.592748  -0.014857   2.585626   0.187500   0.187500
  0.160804   0.435298   0.354341   0.360622   0.605740  -0.198022   2.214860   0.187500   0.187500
  0.165829   0.437110   0.357385   0.359626   0.616870  -0.367552   1.894082   0.187500   0.187500
  0.170854   0.438917   0.360484   0.357780   0.626388  -0.523489   1.586239   0.187500   0.187500
  0.175879   0.440715   0.363632   0.355149   0.634359  -0.665986   1.292002   0.187500   0.187500
  0.180905   0.442500   0.366820   0.351802   0.640852  -0.795314   1.011802   0.187500   0.187500
  0.185930   0.444268   0.370041   0.347805   0.645937  -0.911741   0.746086   0.187500   0.187500
  0.190955   0.446016   0.373286   0.343224   0.649686  -1.015687   0.494985   0.187500   0.187500
  0.195980   0.447740   0.376551   0.338120   0.652173  -1.107592   0.258569   0.187500   0.187500
  0.201005   0.449439   0.379828   0.332554   0.653472  -1.187943   0.036803   0.187500   0.187500
  0.206030   0.451110   0.383112   0.326585   0.653657  -1.257258  -0.170437   0.187500   0.187500
  0.211055   0.452752   0.386397   0.320267   0.652801  -1.316081  -0.363356   0.187500   0.187500
  0.216080   0.454361   0.389677   0.313654   0.650975  -1.364972  -0.542222   0.187500   0.187500
  0.221106   0.455937   0.392949   0.306794   0.648250  -1.404511  -0.707393   0.187500   0.187500
  0.226131   0.457479   0.396206   0.299736   0.644695  -1.435257  -0.859171   0.187500   0.187500
  0.231156   0.458985   0.399446   0.292524   0.640378  -1.457796  -0.998003   0.187500   0.187500
  0.236181   0.460455   0.402664   0.285198   0.635363  -1.472699  -1.124329   0.187500   0.187500
  0.241206   0.461888   0.405856   0.277798   0.629713  -1.480529  -1.238615   0.187500   0.187500
  0.246231   0.463284   0.409021   0.270358   0.623489  -1.481839  -1.341346   0.187500   0.187500
  0.251256   0.464643   0.412154   0.262912   0.616749  -1.477165  -1.433021   0.187500   0.187500
  0.256281   0.465964   0.415253   0.255489   0.609548  -1.467027  -1.514148   0.187500   0.187500
  0.261307   0.467248   0.418316   0.248116   0.601938  -1.451926  -1.585257   0.187500   0.187500
  0.266332   0.468495   0.421341   0.240820   0.593972  -1.432347  -1.646832   0.187500   0.187500
  0.271357   0.469705   0.424326   0.233623   0.585696  -1.408751  -1.699407   0.187500   0.187500
  0.276382   0.470879   0.427269   0.226544   0.577157  -1.381577  -1.743495   0.187500   0.187500
  0.281407   0.472017   0.430169   0.219601   0.568396  -1.351242  -1.779603   0.187500   0.187500
  0.286432   0.473121   0.433025   0.212811   0.559453  -1.318139  -1.808234   0.187500   0.187500
  0.291457   0.474190   0.435837   0.206188   0.550367  -1.282641  -1.829878   0.187500   0.187500
  0.296482   0.475226   0.438602   0.199742   0.541172  -1.245098  -1.845018   0.187500   0.187500
  0.301508   0.476230   0.441322   0.193484   0.531899  -1.205826  -1.854126   0.187500   0.187500
  0.306533   0.477202   0.443995   0.187425   0.522582  -1.165149  -1.857655   0.187500   0.187500
  0.311558   0.478144   0.446621   0.181570   0.513247  -1.123341  -1.856054   0.187500   0.187500
  0.316583   0.479056   0.449200   0.175925   0.503920  -1.080665  -1.849753   0.187500   0.187500
  0.321608   0.479940   0.451732   0.170495   0.494625  -1.048648  -1.839170   0.187500   0.187500
  0.326633   0.480797   0.454218   0.165226   0.485384  -1.004625  -1.824706   0.187500   0.187500
  0.331658   0.481627   0.456657   0.160177   0.476214  -0.960465  -1.806747   0.187500   0.187500
  0.336683   0.482432   0.459050   0.155351   0.467136  -0.916353  -1.785663   0.187500   0.187500
  0.341709   0.483213   0.461398   0.150746   0.458161  -0.872451  -1.761806   0.187500   0.187500
  0.346734   0.483971   0.463700   0.146361   0.449308  -0.828930  -1.735520   0.187500   0.187500
  0.351759   0.484706   0.465958   0.142196   0.440587  -0.785921  -1.707124   0.187500   0.187500
  0.356784   0.485421   0.468172   0.138247   0.432008  -0.743550  -1.676923   0.187500   0.187500
  0.361809   0.486115   0.470342   0.134510   0.423582  -0.701930  -1.645204   0.187500   0.187500
  0.366834   0.486791   0.472471   0.130983   0.415315  -0.661162  -1.612238   0.187500   0.187500
  0.371859   0.487449   0.474558   0.127661   0.407213  -0.621335  -1.578280   0.187500   0.187500
  0.376884   0.488091   0.476604   0.124539   0.399282  -0.582530  -1.543564   0.187500   0.187500
  0.381910   0.488717   0.478611   0.121611   0.391524  -0.517369  -1.508304   0.187500   0.187500
  0.386935   0.489328   0.480578   0.119011   0.383945  -0.479329  -1.472714   0.187500   0.187500
  0.391960   0.489926   0.482508   0.116603   0.376545  -0.443864  -1.436971   0.187500   0.187500
  0.396985   0.490512   0.484400   0.114372   0.369324  -0.407464  -1.401241   0.187500   0.187500
  0.402010   0.491087   0.486256   0.112325   0.362283  -0.371928  -1.365672   0.187500   0.187500
  0.407035   0.491651   0.488076   0.110456   0.355420  -0.337250  -1.330395   0.187500   0.187500
  0.412060   0.492206   0.489862   0.108761   0.348735  -0.303419  -1.295520   0.187500   0.187500
  0.417085   0.492753   0.491614   0.107236   0.342225  -0.270414  -1.261144   0.187500   0.187500
  0.422111   0.493292   0.493334   0.105877   0.335887  -0.238199  -1.227334   0.187500   0.187500
  0.427136   0.493824   0.495022   0.104680   0.329719  -0.206754  -1.194162   0.187500   0.187500
  0.432161   0.494350   0.496679   0.103641   0.323719  -0.176028  -1.161662   0.187500   0.187500
  0.437186   0.494870   0.498306   0.102757   0.317881  -0.145976  -1.129856   0.187500   0.187500
  0.442211   0.495387   0.499903   0.102023   0.312204  -0.116543  -1.098749   0.187500   0.187500
  0.447236   0.495899   0.501472   0.101438   0.306682  -0.087672  -1.068328   0.187500   0.187500
  0.452261   0.496409   0.503013   0.100997   0.301314  -0.059301  -1.038561   0.187500   0.187500
  0.457286   0.496917   0.504527   0.100699   0.296095  -0.031366  -1.009404   0.187500   0.187500
  0.462312   0.497423   0.506015   0.100541   0.291022  -0.003794  -0.980785   0.187500   0.187500
  0.467337   0.497928   0.507478   0.100522   0.286094   0.023471  -0.952638   0.187500   0.187500
  0.472362   0.498433   0.508915   0.100640   0.281307   0.050503  -0.924861   0.187500   0.187500
  0.477387   0.498939   0.510329   0.100894   0.276659   0.146673  -0.897344   0.187500   0.187500
  0.482412   0.499446   0.511719   0.101631   0.272150   0.174246  -0.869966   0.187500   0.187500
  0.487437   0.499957   0.513087   0.102507   0.267778   0.202290  -0.842588   0.187500   0.187500
  0.492462   0.500472   0.514432   0.103523   0.263544   0.230867  -0.815063   0.187500   0.187500
  0.497487   0.500992   0.515757   0.104683   0.259449   0.260036  -0.787232   0.187500   0.187500
  0.502513   0.501518   0.517061   0.105990   0.255492   0.289851  -0.758920   0.187500   0.187500
  0.507538   0.502051   0.518344   0.107447   0.251679   0.320338  -0.729962   0.187500   0.187500
  0.512563   0.502591   0.519609   0.109056   0.248011   0.351529  -0.700169   0.187500   0.187500
  0.517588   0.503139   0.520855   0.110823   0.244492   0.383434  -0.669354   0.187500   0.187500
  0.522613   0.503695   0.522084   0.112750   0.241129   0.416049  -0.637325   0.187500   0.187500
  0.527638   0.504262   0.523296   0.114840   0.237926   0.449346  -0.603889   0.187500   0.187500
  0.532663   0.504839   0.524491   0.117098   0.234892   0.483277  -0.568855   0.187500   0.187500
  0.537688   0.505427   0.525672   0.119527   0.232033   0.517770  -0.532034   0.187500   0.187500
  0.542714   0.506028   0.526838   0.122129   0.229359   0.552735  -0.493234   0.187500   0.187500
  0.547739   0.506642   0.527990   0.124907   0.226881   0.588028  -0.452293   0.187500   0.187500
  0.552764   0.507270   0.529130   0.127861   0.224608   0.623501  -0.409037   0.187500   0.187500
  0.557789   0.507912   0.530259   0.130994   0.222552   0.658966  -0.363309   0.187500   0.187500
  0.562814   0.508570   0.531377   0.134306   0.220727   0.694202  -0.314968   0.187500   0.187500
  0.567839   0.509245   0.532486   0.137794   0.219144   0.728959  -0.263886   0.187500   0.187500
  0.572864   0.509938   0.533588   0.141457   0.217818   0.762952  -0.209957   0.187500   0.187500
  0.577889   0.510648   0.534682   0.145291   0.216763   0.795867  -0.153092   0.187500   0.187500
  0.582915   0.511379   0.535772   0.149291   0.215994   0.827366  -0.093213   0.187500   0.187500
  0.587940   0.512129   0.536857   0.153449   0.215525   0.857067  -0.030302   0.187500   0.187500
  0.592965   0.512900   0.537940   0.157755   0.215373   0.884582   0.035670   0.187500   0.187500
  0.597990   0.513693   0.539022   0.162200   0.215552   0.909498   0.104693   0.187500   0.187500
  0.603015   0.514508   0.540105   0.166771   0.216078   0.931390   0.176730   0.187500   0.187500
  0.608040   0.515346   0.541191   0.171451   0.216966   0.949820   0.251715   0.187500   0.187500
  0.613065   0.516207   0.542281   0.176224   0.218231   0.964350   0.329552   0.187500   0.187500
  0.618090   0.517093   0.543378   0.181069   0.219887   0.974546   0.410117   0.187500   0.187500
  0.623116   0.518003   0.544483   0.185968   0.221948   0.979986   0.493274   0.187500   0.187500
  0.628141   0.518937   0.545599   0.190892   0.224427   0.980263   0.578805   0.187500   0.187500
  0.633166   0.519897   0.546726   0.195818   0.227336   0.975002   0.666514   0.187500   0.187500
  0.638191   0.520881   0.547869   0.200717   0.230685   0.963860   0.756163   0.187500   0.187500
  0.643216   0.521889   0.549028   0.205561   0.234485   0.946536   0.847484   0.187500   0.187500
  0.648241   0.522922   0.550206   0.210317   0.238743   0.922777   0.940186   0.187500   0.187500
  0.653266   0.523979   0.551406   0.214954   0.243468   0.912829   1.033953   0.187500   0.187500
  0.658291   0.525059   0.552629   0.219541   0.248663   0.872311   1.128446   0.187500   0.187500
  0.663317   0.526163   0.553879   0.223925   0.254335   0.825288   1.223325   0.187500   0.187500
  0.668342   0.527288   0.555157   0.228072   0.260482   0.771751   1.318172   0.187500   0.187500
  0.673367   0.528434   0.556466   0.231950   0.267106   0.711735   1.412611   0.187500   0.187500
  0.678392   0.529599   0.557808   0.235527   0.274204   0.645360   1.506231   0.187500   0.187500
  0.683417   0.530783   0.559186   0.238770   0.281773   0.572821   1.598607   0.187500   0.187500
  0.688442   0.531983   0.560602   0.241648   0.289806   0.494385   1.689301   0.187500   0.187500
  0.693467   0.533197   0.562058   0.244132   0.298295   0.410394   1.777865   0.187500   0.187500
  0.698492   0.534424   0.563557   0.246195   0.307228   0.321257   1.863839   0.187500   0.187500
  0.703518   0.535661   0.565101   0.247809   0.316596   0.227429   1.946775   0.187500   0.187500
  0.708543   0.536906   0.566692   0.248952   0.326379   0.129485   2.026160   0.187500   0.187500
  0.713568   0.538157   0.568332   0.249603   0.336560   0.027996   2.101528   0.187500   0.187500
  0.718593   0.539412   0.570023   0.249743   0.347120  -0.076399   2.172388   0.187500   0.187500
  0.723618   0.540667   0.571768   0.249359   0.358037  -0.183017   2.238239   0.187500   0.187500
  0.728643   0.541920   0.573567   0.248440   0.369284  -0.291140   2.298570   0.187500   0.187500
  0.733668   0.543168   0.575423   0.246977   0.380834  -0.400018   2.383991   0.187500   0.187500
  0.738693   0.544409   0.577336   0.244967   0.392814  -0.508879   2.425784   0.187500   0.187500
  0.743719   0.545640   0.579310   0.242409   0.405006  -0.616954   2.461201   0.187500   0.187500
  0.748744   0.546858   0.581346   0.239309   0.417373  -0.723395   2.489596   0.187500   0.187500
  0.753769   0.548061   0.583443   0.235674   0.429883  -0.827416   2.510339   0.187500   0.187500
  0.758794   0.549245   0.585603   0.231516   0.442498  -0.928208   2.522781   0.187500   0.187500
  0.763819   0.550409   0.587827   0.226852   0.455175  -1.024965   2.526257   0.187500   0.187500
  0.768844   0.551548   0.590114   0.221701   0.467869  -1.116888   2.520093   0.187500   0.187500
  0.773869   0.552663   0.592465   0.216089   0.480533  -1.203194   2.503600   0.187500   0.187500
  0.778894   0.553748   0.594880   0.210043   0.493113  -1.283115   2.476076   0.187500   0.187500
  0.783920   0.554804   0.597358   0.203594   0.505558  -1.355920   2.436801   0.187500   0.187500
  0.788945   0.555827   0.599898   0.196781   0.517803  -1.403555   2.385073   0.187500   0.187500
  0.793970   0.556816   0.602500   0.189728   0.529788  -1.463293   2.320169   0.187500   0.187500
  0.798995   0.557769   0.605163   0.182375   0.541447  -1.513417   2.241380   0.187500   0.187500
  0.804020   0.558686   0.607883   0.174770   0.552710  -1.553361   2.148016   0.187500   0.187500
  0.809045   0.559564   0.610661   0.166964   0.563503  -1.582602   2.039418   0.187500   0.187500
  0.814070   0.560403   0.613492   0.159011   0.573752  -1.600669   1.914978   0.187500   0.187500
  0.819095   0.561202   0.616375   0.150968   0.583374  -1.607157   1.774154   0.187500   0.187500
  0.824121   0.561961   0.619307   0.142891   0.592291  -1.601726   1.616461   0.187500   0.187500
  0.829146   0.562679   0.622284   0.134842   0.600414  -1.584125   1.441629   0.187500   0.187500
  0.834171   0.563356   0.625301   0.126882   0.607658  -1.554198   1.249437   0.187500   0.187500
  0.839196   0.563994   0.628354   0.119072   0.613937  -1.511892   1.039865   0.187500   0.187500
  0.844221   0.564592   0.631439   0.111475   0.619162  -1.457275   0.813098   0.187500   0.187500
  0.849246   0.565152   0.634551   0.104152   0.623248  -1.390547   0.569552   0.187500   0.187500
  0.854271   0.565676   0.637682   0.097164   0.626110  -1.312047   0.309902   0.187500   0.187500
  0.859296   0.566164   0.640829   0.090571   0.627667  -1.222268   0.035106   0.187500   0.187500
  0.864322   0.566619   0.643983   0.084428   0.627843  -1.121836  -0.253640   0.187500   0.187500
  0.869347   0.567043   0.647138   0.078791   0.626569  -1.011601  -0.554645   0.187500   0.187500
  0.874372   0.567439   0.650287   0.073708   0.623782  -0.892512  -0.866086   0.187500   0.187500
  0.879397   0.567810   0.653421   0.069223   0.619430  -0.765689  -1.185780   0.187500   0.187500
  0.884422   0.568158   0.656534   0.065375   0.613471  -0.632395  -1.511257   0.187500   0.187500
  0.889447   0.568486   0.659617   0.062197   0.605877  -0.494018  -1.839801   0.187500   0.187500
  0.894472   0.568799   0.662661   0.059715   0.596632  -0.352050  -2.168487   0.187500   0.187500
  0.899497   0.569099   0.665659   0.057946   0.585735  -0.208060  -2.494243   0.187500   0.187500
  0.904523   0.569390   0.668603   0.056900   0.573199  -0.063637  -2.813969   0.187500   0.187500
  0.909548   0.569676   0.671483   0.056580   0.559059   0.079530  -3.124351   0.187500   0.187500
  0.914573   0.569960   0.674293   0.056980   0.543359   0.219858  -3.422329   0.187500   0.187500
  0.919598   0.570247   0.677023   0.058085   0.526162   0.355792  -3.704905   0.187500   0.187500
  0.924623   0.570538   0.679667   0.059873   0.507545   0.485863  -3.969277   0.187500   0.187500
  0.929648   0.570839   0.682217   0.062314   0.487599   0.608693  -4.212905   0.187500   0.187500
  0.934673   0.571152   0.684668   0.065373   0.466429   0.723060  -4.433568   0.187500   0.187500
  0.939698   0.571481   0.687011   0.069006   0.444151   0.827992  -4.629401   0.187500   0.187500
  0.944724   0.571828   0.689244   0.073168   0.420883   0.922638  -4.798967   0.187500   0.187500
  0.949749   0.572195   0.691359   0.077804   0.396769   1.006280  -4.941132   0.187500   0.187500
  0.954774   0.572586   0.693352   0.082860   0.371939   1.078453  -5.055287   0.187500   0.187500
  0.959799   0.573003   0.695221   0.088280   0.346537   1.138863  -5.141195   0.187500   0.187500
  0.964824   0.573446   0.696963   0.094002   0.320702   1.187400  -5.199007   0.187500   0.187500
  0.969849   0.573919   0.698574   0.099969   0.294577   1.224127  -5.229235   0.187500   0.187500
  0.974874   0.574421   0.700055   0.106120   0.268300   1.249263  -5.232720   0.187500   0.187500
  0.979899   0.574954   0.701403   0.112398   0.242006   1.263167  -5.210592   0.187500   0.187500
  0.984925   0.575519   0.702619   0.118747   0.215817   1.266320  -5.164212   0.187500   0.187500
  0.989950   0.576116   0.703704   0.125110   0.189867   1.259300  -5.095169   0.187500   0.187500
  0.994975   0.576745   0.704658   0.131438   0.164264   1.242771  -5.005186   0.187500   0.187500
  1.000000   0.577405   0.705483   0.137683   0.139113   1.217457  -4.896102   0.187500   0.187500