  0.000000   0.405721   0.323616   0.000000   0.000000  -3.149843 -12.634169   0.187500   0.312500
  0.005025   0.405721   0.323616  -0.015828  -0.063487  -1.443692  -9.024400   0.187500   0.312500
  0.010050   0.405641   0.323297  -0.023083  -0.108834  -0.023857  -5.914062   0.187500   0.312500
  0.015075   0.405525   0.322750  -0.023202  -0.138552   1.143360  -3.249845   0.187500   0.312500
  0.020101   0.405409   0.322054  -0.017456  -0.154886   2.088525  -0.982980   0.187500   0.312500
  0.025126   0.405321   0.321275  -0.006961  -0.159826   2.838615   0.929375   0.187500   0.312500
  0.030151   0.405286   0.320472   0.007303  -0.155156   3.418474   2.527359   0.187500   0.312500
  0.035176   0.405323   0.319693   0.024481  -0.142456   3.850227   3.846809   0.187500   0.312500
  0.040201   0.405446   0.318977   0.043828  -0.123125   4.153726   4.920101   0.187500   0.312500
  0.045226   0.405666   0.318358   0.064701  -0.098402   4.346757   5.776452   0.187500   0.312500
  0.050251   0.405991   0.317864   0.086543  -0.069375   4.445226   6.442208   0.187500   0.312500
  0.055276   0.406426   0.317515   0.108880  -0.037003   4.463339   6.941091   0.187500   0.312500
  0.060302   0.406973   0.317329   0.131313  -0.002117   4.413736   7.294501   0.187500   0.312500
  0.065327   0.407633   0.317318   0.153492   0.034538   4.307692   7.521455   0.187500   0.312500
  0.070352   0.408404   0.317492   0.175138   0.072333   4.155190   7.639236   0.187500   0.312500
  0.075377   0.409285   0.317855   0.196018   0.110720   3.965064   7.663242   0.187500   0.312500
  0.080402   0.410270   0.318412   0.215943   0.149228   3.745107   7.607241   0.187500   0.312500
  0.085427   0.411355   0.319162   0.234762   0.187454   3.502174   7.483524   0.187500   0.312500
  0.090452   0.412534   0.320104   0.252360   0.225059   3.242269   7.303042   0.187500   0.312500
  0.095477   0.413802   0.321235   0.268653   0.261757   2.970633   7.075529   0.187500   0.312500
  0.100503   0.415153   0.322550   0.283583   0.297318   2.691758   6.809564   0.187500   0.312500
  0.105528   0.416578   0.324044   0.297109   0.331537   2.409688   6.512897   0.187500   0.312500
  0.110553   0.418071   0.325710   0.309218   0.364264   2.127738   6.192218   0.187500   0.312500
  0.115578   0.419625   0.327541   0.319910   0.395380   1.848780   5.853460   0.187500   0.312500
  0.120603   0.421232   0.329527   0.329200   0.424793   1.575237   5.501821   0.187500   0.312500
  0.125628   0.422886   0.331662   0.337115   0.452440   1.309130   5.141842   0.187500   0.312500
  0.130653   0.424580   0.333935   0.343694   0.478278   1.052126   4.777470   0.187500   0.312500
  0.135678   0.426307   0.336339   0.348981   0.502285   0.805571   4.412121   0.187500   0.312500
  0.140704   0.428061   0.338863   0.353029   0.524460   0.570481   4.048657   0.187500   0.312500
  0.145729   0.429835   0.341499   0.355896   0.544804   0.347770   3.689738   0.187500   0.312500
  0.150754   0.431624   0.344236   0.357644   0.563345   0.151786   3.337416   0.187500   0.312500
  0.155779   0.433421   0.347067   0.358406   0.580116  -0.044692   2.993475   0.187500   0.312500
  0.160804   0.435222   0.349982   0.358182   0.595158  -0.227538   2.623905   0.187500   0.312500
  0.165829   0.437022   0.352973   0.357038   0.608343  -0.396670   2.301789   0.187500   0.312500
  0.170854   0.438816   0.356030   0.355045   0.619910  -0.552134   1.991525   0.187500   0.312500
  0.175879   0.440600   0.359145   0.352271   0.629917  -0.694085   1.693872   0.187500   0.312500
  0.180905   0.442370   0.362311   0.348782   0.638430  -0.822799   1.409348   0.187500   0.312500
  0.185930   0.444123   0.365519   0.344648   0.645512  -0.938547   1.138479   0.187500   0.312500
  0.190955   0.445855   0.368763   0.339931   0.651233  -1.041751   0.881467   0.187500   0.312500
  0.195980   0.447563   0.372035   0.334697   0.655663  -1.132857   0.638447   0.187500   0.312500
  0.201005   0.449245   0.375330   0.329004   0.658871  -1.212354   0.409446   0.187500   0.312500
  0.206030   0.450898   0.378641   0.322912   0.660928  -1.280763   0.194394   0.187500   0.312500
  0.211055   0.452521   0.381962   0.316476   0.661905  -1.338633  -0.006861   0.187500   0.312500
  0.216080   0.454111   0.385288   0.309750   0.661871  -1.386528  -0.194542   0.187500   0.312500
  0.221106   0.455668   0.388614   0.302781   0.660893  -1.425030  -0.368965   0.187500   0.312500
  0.226131   0.457189   0.391935   0.295620   0.659039  -1.454703  -0.530389   0.187500   0.312500
  0.231156   0.458675   0.395247   0.288310   0.656374  -1.476136  -0.679224   0.187500   0.312500
  0.236181   0.460124   0.398545   0.280893   0.652961  -1.489904  -0.815877   0.187500   0.312500
  0.241206   0.461535   0.401826   0.273406   0.648861  -1.496574  -0.940782   0.187500   0.312500
  0.246231   0.462909   0.405087   0.265886   0.644133  -1.496702  -1.054394   0.187500   0.312500
  0.251256   0.464245   0.408324   0.258365   0.638835  -1.490829  -1.157183   0.187500   0.312500
  0.256281   0.465543   0.411534   0.250873   0.633020  -1.479477  -1.249632   0.187500   0.312500
  0.261307   0.466804   0.414715   0.243437   0.626740  -1.463150  -1.332245   0.187500   0.312500
  0.266332   0.468027   0.417865   0.236085   0.620045  -1.442338  -1.405479   0.187500   0.312500
  0.271357   0.469214   0.420981   0.228837   0.612982  -1.417505  -1.469845   0.187500   0.312500
  0.276382   0.470364   0.424061   0.221714   0.605596  -1.389092  -1.525833   0.187500   0.312500
  0.281407   0.471478   0.427104   0.214734   0.597929  -1.357519  -1.573927   0.187500   0.312500
  0.286432   0.472557   0.430109   0.207913   0.590020  -1.323184  -1.614606   0.187500   0.312500
  0.291457   0.473602   0.433073   0.201264   0.581907  -1.286461  -1.648338   0.187500   0.312500
  0.296482   0.474613   0.435997   0.194799   0.573624  -1.247702  -1.675581   0.187500   0.312500
  0.301508   0.475592   0.438880   0.188528   0.565202  -1.207228  -1.696789   0.187500   0.312500
  0.306533   0.476539   0.441721   0.182462   0.556676  -1.165364  -1.712385   0.187500   0.312500
  0.311558   0.477456   0.444518   0.176606   0.548071  -1.122386  -1.722795   0.187500   0.312500
  0.316583   0.478344   0.447272   0.170966   0.539414  -1.078559  -1.728426   0.187500   0.312500
  0.321608   0.479203   0.449983   0.165546   0.530729  -1.034130  -1.729670   0.187500   0.312500
  0.326633   0.480035   0.452649   0.160350   0.522037  -0.989323  -1.726904   0.187500   0.312500
  0.331658   0.480840   0.455273   0.155378   0.513360  -0.944345  -1.720486   0.187500   0.312500
  0.336683   0.481621   0.457852   0.150633   0.504714  -0.899387  -1.710763   0.187500   0.312500
  0.341709   0.482378   0.460389   0.146113   0.496116  -0.854610  -1.698059   0.187500   0.312500
  0.346734   0.483113   0.462882   0.141818   0.487583  -0.810192  -1.682690   0.187500   0.312500
  0.351759   0.483825   0.465332   0.137747   0.479128  -0.766263  -1.664950   0.187500   0.312500
  0.356784   0.484517   0.467740   0.133897   0.470761  -0.722954  -1.645117   0.187500   0.312500
  0.361809   0.485190   0.470105   0.130264   0.462495  -0.680377  -1.623453   0.187500   0.312500
  0.366834   0.485845   0.472429   0.126845   0.454337  -0.638636  -1.600204   0.187500   0.312500
  0.371859   0.486482   0.474712   0.123636   0.446296  -0.597823  -1.575599   0.187500   0.312500
  0.376884   0.487103   0.476955   0.120632   0.438378  -0.567187  -1.549851   0.187500   0.312500
  0.381910   0.487710   0.479158   0.117781   0.430589  -0.500592  -1.523152   0.187500   0.312500
  0.386935   0.488302   0.481322   0.115265   0.422935  -0.461264  -1.495692   0.187500   0.312500
  0.391960   0.488881   0.483447   0.112948   0.415419  -0.422800  -1.467632   0.187500   0.312500
  0.396985   0.489448   0.485535   0.110823   0.408044  -0.385213  -1.439122   0.187500   0.312500
  0.402010   0.490005   0.487585   0.108887   0.400813  -0.348506  -1.410295   0.187500   0.312500
  0.407035   0.490552   0.489599   0.107136   0.393726  -0.312675  -1.381271   0.187500   0.312500
  0.412060   0.491091   0.491578   0.105565   0.386785  -0.277706  -1.352154   0.187500   0.312500
  0.417085   0.491621   0.493521   0.104169   0.379990  -0.243575  -1.323033   0.187500   0.312500
  0.422111   0.492145   0.495431   0.102945   0.373341  -0.210248  -1.293977   0.187500   0.312500
  0.427136   0.492662   0.497307   0.101889   0.366839  -0.177700  -1.265060   0.187500   0.312500
  0.432161   0.493174   0.499151   0.100996   0.360482  -0.145880  -1.236321   0.187500   0.312500
  0.437186   0.493682   0.500962   0.100263   0.354269  -0.114740  -1.207795   0.187500   0.312500
  0.442211   0.494185   0.502742   0.099686   0.348200  -0.084224  -1.179502   0.187500   0.312500
  0.447236   0.494686   0.504492   0.099263   0.342273  -0.054273  -1.151449   0.187500   0.312500
  0.452261   0.495185   0.506212   0.098990   0.336487  -0.024823  -1.123630   0.187500   0.312500
  0.457286   0.495682   0.507903   0.098865   0.330841   0.004194  -1.096028   0.187500   0.312500
  0.462312   0.496179   0.509565   0.098887   0.325332   0.032851  -1.068607   0.187500   0.312500
  0.467337   0.496676   0.511200   0.099052   0.319962   0.061207  -1.041339   0.187500   0.312500
  0.472362   0.497174   0.512808   0.099359   0.314730   0.089340  -1.014164   0.187500   0.312500
  0.477387   0.497673   0.514390   0.099808   0.309633   0.187003  -0.987022   0.187500   0.312500
  0.482412   0.498175   0.515945   0.100748   0.304674   0.215738  -0.959839   0.187500   0.312500
  0.487437   0.498681   0.517476   0.101832   0.299850   0.244968  -0.932533   0.187500   0.312500
  0.492462   0.499193   0.518983   0.103063   0.295165   0.274764  -0.905015   0.187500   0.312500
  0.497487   0.499711   0.520466   0.104444   0.290617   0.305184  -0.877185   0.187500   0.312500
  0.502513   0.500236   0.521927   0.105977   0.286208   0.336291  -0.848932   0.187500   0.312500
  0.507538   0.500768   0.523365   0.107667   0.281942   0.368114  -0.820154   0.187500   0.312500
  0.512563   0.501309   0.524782   0.109517   0.277821   0.400691  -0.790727   0.187500   0.312500
  0.517588   0.501860   0.526178   0.111531   0.273848   0.434039  -0.760529   0.187500   0.312500
  0.522613   0.502420   0.527554   0.113712   0.270026   0.468156  -0.729432   0.187500   0.312500
  0.527638   0.502991   0.528911   0.116064   0.266360   0.503023  -0.697305   0.187500   0.312500
  0.532663   0.503575   0.530249   0.118592   0.262857   0.538596  -0.664019   0.187500   0.312500
  0.537688   0.504170   0.531570   0.121298   0.259520   0.574810  -0.629439   0.187500   0.312500
  0.542714   0.504780   0.532875   0.124187   0.256356   0.611578  -0.593427   0.187500   0.312500
  0.547739   0.505404   0.534163   0.127260   0.253374   0.648763  -0.555868   0.187500   0.312500
  0.552764   0.506044   0.535436   0.130520   0.250581   0.686219  -0.516628   0.187500   0.312500
  0.557789   0.506700   0.536695   0.133969   0.247985   0.723761  -0.475586   0.187500   0.312500
  0.562814   0.507373   0.537941   0.137606   0.245595   0.761172  -0.432625   0.187500   0.312500
  0.567839   0.508064   0.539175   0.141430   0.243421   0.798199  -0.387638   0.187500   0.312500
  0.572864   0.508775   0.540399   0.145441   0.241473   0.834556  -0.340525   0.187500   0.312500
  0.577889   0.509506   0.541612   0.149635   0.239762   0.869924  -0.291198   0.187500   0.312500
  0.582915   0.510258   0.542817   0.154007   0.238299   0.903960  -0.239568   0.187500   0.312500
  0.587940   0.511032   0.544015   0.158550   0.237095   0.936269  -0.185594   0.187500   0.312500
  0.592965   0.511828   0.545206   0.163254   0.236162   0.966449  -0.129216   0.187500   0.312500
  0.597990   0.512649   0.546393   0.168111   0.235513   0.994071  -0.070401   0.187500   0.312500
  0.603015   0.513493   0.547576   0.173106   0.235159   1.018685  -0.009134   0.187500   0.312500
  0.608040   0.514363   0.548758   0.178225   0.235113   1.039828   0.054581   0.187500   0.312500
  0.613065   0.515259   0.549939   0.183450   0.235388   1.057030   0.120723   0.187500   0.312500
  0.618090   0.516181   0.551122   0.188762   0.235994   1.067568   0.189248   0.187500   0.312500
  0.623116   0.517129   0.552308   0.194127   0.236945   1.075528   0.260107   0.187500   0.312500
  0.628141   0.518105   0.553499   0.199532   0.238252   1.078151   0.333182   0.187500   0.312500
  0.633166   0.519108   0.554696   0.204949   0.239927   1.075013   0.408379   0.187500   0.312500
  0.638191   0.520137   0.555902   0.210351   0.241979   1.065716   0.485566   0.187500   0.312500
  0.643216   0.521195   0.557118   0.215707   0.244419   1.049902   0.564588   0.187500   0.312500
  0.648241   0.522278   0.558346   0.220982   0.247256   1.027259   0.645265   0.187500   0.312500
  0.653266   0.523389   0.559588   0.226144   0.250498   1.019021   0.727394   0.187500   0.312500
  0.658291   0.524525   0.560847   0.231265   0.254153   0.978511   0.810751   0.187500   0.312500
  0.663317   0.525688   0.562124   0.236183   0.258228   0.930917   0.895106   0.187500   0.312500
  0.668342   0.526874   0.563422   0.240861   0.262726   0.876162   0.980151   0.187500   0.312500
  0.673367   0.528085   0.564742   0.245264   0.267651   0.814220   1.065612   0.187500   0.312500
  0.678392   0.529317   0.566087   0.249355   0.273006   0.745146   1.151175   0.187500   0.312500
  0.683417   0.530570   0.567459   0.253099   0.278791   0.669078   1.236505   0.187500   0.312500
  0.688442   0.531842   0.568860   0.256461   0.285004   0.586229   1.321247   0.187500   0.312500
  0.693467   0.533131   0.570292   0.259407   0.291643   0.496891   1.405025   0.187500   0.312500
  0.698492   0.534434   0.571758   0.261904   0.298704   0.401431   1.487446   0.187500   0.312500
  0.703518   0.535751   0.573259   0.263922   0.306180   0.300264   1.568112   0.187500   0.312500
  0.708543   0.537077   0.574797   0.265431   0.314059   0.193937   1.646558   0.187500   0.312500
  0.713568   0.538411   0.576376   0.266405   0.322333   0.082997   1.746513   0.187500   0.312500
  0.718593   0.539749   0.577995   0.266822   0.331109  -0.031931   1.814747   0.187500   0.312500
  0.723618   0.541090   0.579659   0.266662   0.340229  -0.150172   1.879893   0.187500   0.312500
  0.728643   0.542430   0.581369   0.265907   0.349675  -0.271007   1.941396   0.187500   0.312500
  0.733668   0.543766   0.583126   0.264545   0.359431  -0.393676   1.998682   0.187500   0.312500
  0.738693   0.545096   0.584932   0.262567   0.369474  -0.517391   2.051161   0.187500   0.312500
  0.743719   0.546415   0.586789   0.259967   0.379783  -0.641358   2.098235   0.187500   0.312500
  0.748744   0.547722   0.588697   0.256744   0.390327  -0.764691   2.139258   0.187500   0.312500
  0.753769   0.549012   0.590659   0.252901   0.401076  -0.886564   2.173592   0.187500   0.312500
  0.758794   0.550282   0.592674   0.248446   0.411999  -1.006115   2.200572   0.187500   0.312500
  0.763819   0.551531   0.594745   0.243391   0.423057  -1.122478   2.219509   0.187500   0.312500
  0.768844   0.552754   0.596870   0.237750   0.434210  -1.234788   2.229695   0.187500   0.312500
  0.773869   0.553949   0.599052   0.231545   0.445414  -1.342181   2.230401   0.187500   0.312500
  0.778894   0.555112   0.601290   0.224801   0.456622  -1.443802   2.220881   0.187500   0.312500
  0.783920   0.556242   0.603585   0.217544   0.467784  -1.538825   2.200369   0.187500   0.312500
  0.788945   0.557335   0.605936   0.209812   0.478841  -1.606907   2.168099   0.187500   0.312500
  0.793970   0.558390   0.608342   0.201737   0.489735  -1.689922   2.123295   0.187500   0.312500
  0.798995   0.559403   0.610803   0.193245   0.500405  -1.763429   2.065184   0.187500   0.312500
  0.804020   0.560374   0.613318   0.184384   0.510782  -1.826714   1.993012   0.187500   0.312500
  0.809045   0.561301   0.615884   0.175205   0.520797  -1.879096   1.906050   0.187500   0.312500
  0.814070   0.562181   0.618501   0.165762   0.530375  -1.919929   1.803619   0.187500   0.312500
  0.819095   0.563014   0.621167   0.156115   0.539438  -1.948614   1.685101   0.187500   0.312500
  0.824121   0.563799   0.623878   0.146321   0.547908  -1.964612   1.549939   0.187500   0.312500
  0.829146   0.564534   0.626631   0.136449   0.555696  -1.967443   1.397771   0.187500   0.312500
  0.834171   0.565220   0.629423   0.126562   0.562720  -1.956719   1.228294   0.187500   0.312500
  0.839196   0.565856   0.632251   0.116730   0.568892  -1.932142   1.041402   0.187500   0.312500
  0.844221   0.566442   0.635110   0.107021   0.574125  -1.893525   0.837183   0.187500   0.312500
  0.849246   0.566980   0.637995   0.097506   0.578332  -1.840805   0.615957   0.187500   0.312500
  0.854271   0.567470   0.640901   0.088256   0.581427  -1.774062   0.378297   0.187500   0.312500
  0.859296   0.567913   0.643822   0.079341   0.583328  -1.693529   0.125056   0.187500   0.312500
  0.864322   0.568312   0.646754   0.070829   0.583957  -1.599586  -0.142672   0.187500   0.312500
  0.869347   0.568668   0.649689   0.062791   0.583240  -1.492848  -0.423318   0.187500   0.312500
  0.874372   0.568984   0.652619   0.055290   0.581113  -1.374058  -0.715164   0.187500   0.312500
  0.879397   0.569262   0.655540   0.048385   0.577519  -1.244161  -1.016137   0.187500   0.312500
  0.884422   0.569505   0.658442   0.042133   0.572413  -1.104281  -1.323877   0.187500   0.312500
  0.889447   0.569716   0.661318   0.036584   0.565760  -0.955713  -1.635772   0.187500   0.312500
  0.894472   0.569900   0.664161   0.031782   0.557541  -0.799906  -1.948996   0.187500   0.312500
  0.899497   0.570060   0.666963   0.027762   0.547747  -0.638442  -2.260564   0.187500   0.312500
  0.904523   0.570199   0.669716   0.024553   0.536385  -0.472972  -2.567456   0.187500   0.312500
  0.909548   0.570323   0.672411   0.022177   0.523484  -0.305325  -2.866428   0.187500   0.312500
  0.914573   0.570434   0.675041   0.020643   0.509080  -0.137266  -3.154471   0.187500   0.312500
  0.919598   0.570538   0.677599   0.019953   0.493229   0.029409  -3.428625   0.187500   0.312500
  0.924623   0.570638   0.680078   0.020101   0.476000   0.192937  -3.686108   0.187500   0.312500
  0.929648   0.570739   0.682470   0.021070   0.457477   0.350766  -3.924386   0.187500   0.312500
  0.934673   0.570845   0.684769   0.022833   0.437757   0.503099  -4.141223   0.187500   0.312500
  0.939698   0.570960   0.686968   0.025361   0.416948   0.647592  -4.334726   0.187500   0.312500
  0.944724   0.571087   0.689064   0.028616   0.395161   0.782982  -4.503414   0.187500   0.312500
  0.949749   0.571231   0.691050   0.032550   0.372532   0.908098  -4.646092   0.187500   0.312500
  0.954774   0.571395   0.692922   0.037113   0.349185   1.022053  -4.762083   0.187500   0.312500
  0.959799   0.571581   0.694676   0.042249   0.325256   1.124129  -4.851064   0.187500   0.312500
  0.964824   0.571794   0.696311   0.047898   0.300879   1.213809  -4.913097   0.187500   0.312500
  0.969849   0.572034   0.697823   0.053997   0.276191   1.290771  -4.948595   0.187500   0.312500
  0.974874   0.572306   0.699210   0.060483   0.251324   1.354881  -4.958299   0.187500   0.312500
  0.979899   0.572609   0.700473   0.067292   0.226408   1.406179  -4.943232   0.187500   0.312500
  0.984925   0.572948   0.701611   0.074359   0.201564   1.444869  -4.904652   0.187500   0.312500
  0.989950   0.573321   0.702624   0.081619   0.176918   1.471271  -4.844041   0.187500   0.312500
  0.994975   0.573731   0.703513   0.089013   0.152577   1.485855  -4.763019   0.187500   0.312500
  1.000000   0.574179   0.704280   0.096479   0.128642   1.489181  -4.663327   0.187500   0.312500