  0.000000   0.405721   0.323616   0.000000   0.000000  -3.049312 -14.271125   0.187500   0.812500
  0.005025   0.405721   0.323616  -0.015323  -0.071712  -1.363210 -10.480650   0.187500   0.812500
  0.010050   0.405644   0.323256  -0.022173  -0.124378   0.037998  -7.202297   0.187500   0.812500
  0.015075   0.405533   0.322631  -0.021982  -0.160569   1.187919  -4.381987   0.187500   0.812500
  0.020101   0.405422   0.321824  -0.016012  -0.182593   2.117027  -1.970203   0.187500   0.812500
  0.025126   0.405342   0.320906  -0.005373  -0.192493   2.852229   0.076516   0.187500   0.812500
  0.030151   0.405315   0.319939   0.008959  -0.192109   3.418293   1.798979   0.187500   0.812500
  0.035176   0.405360   0.318973   0.026136  -0.183069   3.837275   3.233622   0.187500   0.812500
  0.040201   0.405491   0.318054   0.045418  -0.166820   4.128967   4.413385   0.187500   0.812500
  0.045226   0.405719   0.317215   0.066166  -0.144643   4.311095   5.368018   0.187500   0.812500
  0.050251   0.406052   0.316488   0.087830  -0.117668   4.399516   6.124366   0.187500   0.812500
  0.055276   0.406493   0.315897   0.109937  -0.086894   4.408384   6.706619   0.187500   0.812500
  0.060302   0.407046   0.315460   0.132094  -0.053186   4.350294   7.136637   0.187500   0.812500
  0.065327   0.407709   0.315193   0.153954  -0.017324   4.236486   7.433820   0.187500   0.812500
  0.070352   0.408483   0.315106   0.175242   0.020030   4.076901   7.615859   0.187500   0.812500
  0.075377   0.409364   0.315207   0.195729   0.058300   3.880339   7.698520   0.187500   0.812500
  0.080402   0.410347   0.315500   0.215227   0.096985   3.654563   7.695920   0.187500   0.812500
  0.085427   0.411429   0.315987   0.233592   0.135657   3.406400   7.620674   0.187500   0.812500
  0.090452   0.412602   0.316669   0.250709   0.173951   3.141826   7.484040   0.187500   0.812500
  0.095477   0.413862   0.317543   0.266496   0.211558   2.866059   7.296043   0.187500   0.812500
  0.100503   0.415202   0.318606   0.280901   0.248228   2.583567   7.065540   0.187500   0.812500
  0.105528   0.416613   0.319854   0.293884   0.283733   2.298377   6.800521   0.187500   0.812500
  0.110553   0.418090   0.321279   0.305433   0.317905   2.013782   6.507930   0.187500   0.812500
  0.115578   0.419625   0.322877   0.315552   0.350608   1.732637   6.193923   0.187500   0.812500
  0.120603   0.421210   0.324639   0.324259   0.381732   1.457348   5.863915   0.187500   0.812500
  0.125628   0.422840   0.326557   0.331582   0.411198   1.189922   5.522649   0.187500   0.812500
  0.130653   0.424506   0.328623   0.337561   0.438950   0.932009   5.174262   0.187500   0.812500
  0.135678   0.426202   0.330829   0.342245   0.464950   0.684941   4.822350   0.187500   0.812500
  0.140704   0.427922   0.333166   0.345687   0.489187   0.449722   4.469947   0.187500   0.812500
  0.145729   0.429659   0.335624   0.347947   0.511649   0.227249   4.119870   0.187500   0.812500
  0.150754   0.431408   0.338195   0.349089   0.532351   0.031497   3.774323   0.187500   0.812500
  0.155779   0.433162   0.340870   0.349247   0.551317  -0.164032   3.435235   0.187500   0.812500
  0.160804   0.434917   0.343640   0.348423   0.568579  -0.345601   3.066271   0.187500   0.812500
  0.165829   0.436668   0.346497   0.346686   0.583987  -0.513142   2.745710   0.187500   0.812500
  0.170854   0.438410   0.349432   0.344108   0.597784  -0.666713   2.435462   0.187500   0.812500
  0.175879   0.440139   0.352436   0.340757   0.610023  -0.806483   2.136407   0.187500   0.812500
  0.180905   0.441852   0.355502   0.336704   0.620760  -0.932739   1.849170   0.187500   0.812500
  0.185930   0.443544   0.358621   0.332017   0.630052  -1.045770   1.574384   0.187500   0.812500
  0.190955   0.445212   0.361787   0.326762   0.637964  -1.146009   1.312354   0.187500   0.812500
  0.195980   0.446854   0.364993   0.321003   0.644558  -1.233917   1.063310   0.187500   0.812500
  0.201005   0.448467   0.368232   0.314803   0.649901  -1.309996   0.827370   0.187500   0.812500
  0.206030   0.450049   0.371497   0.308220   0.654059  -1.374784   0.604552   0.187500   0.812500
  0.211055   0.451598   0.374784   0.301312   0.657097  -1.428843   0.394789   0.187500   0.812500
  0.216080   0.453112   0.378086   0.294132   0.659081  -1.472751   0.197938   0.187500   0.812500
  0.221106   0.454590   0.381399   0.286730   0.660075  -1.507105   0.013758   0.187500   0.812500
  0.226131   0.456031   0.384715   0.279157   0.660144  -1.532486  -0.157931   0.187500   0.812500
  0.231156   0.457434   0.388033   0.271456   0.659351  -1.549496  -0.317469   0.187500   0.812500
  0.236181   0.458798   0.391346   0.263670   0.657756  -1.558726  -0.465196   0.187500   0.812500
  0.241206   0.460123   0.394651   0.255837   0.655418  -1.560756  -0.601478   0.187500   0.812500
  0.246231   0.461408   0.397945   0.247994   0.652396  -1.556158  -0.726706   0.187500   0.812500
  0.251256   0.462654   0.401223   0.240175   0.648744  -1.545485  -0.841289   0.187500   0.812500
  0.256281   0.463861   0.404483   0.232409   0.644516  -1.529276  -0.945647   0.187500   0.812500
  0.261307   0.465029   0.407722   0.224722   0.639764  -1.508046  -1.040231   0.187500   0.812500
  0.266332   0.466159   0.410937   0.217145   0.634536  -1.482302  -1.125437   0.187500   0.812500
  0.271357   0.467250   0.414126   0.209696   0.628881  -1.452518  -1.201723   0.187500   0.812500
  0.276382   0.468304   0.417286   0.202397   0.622842  -1.419149  -1.269527   0.187500   0.812500
  0.281407   0.469321   0.420415   0.195266   0.616463  -1.382627  -1.329283   0.187500   0.812500
  0.286432   0.470302   0.423513   0.188318   0.609783  -1.343362  -1.381418   0.187500   0.812500
  0.291457   0.471248   0.426577   0.181568   0.602842  -1.301739  -1.426355   0.187500   0.812500
  0.296482   0.472160   0.429607   0.175027   0.595674  -1.258120  -1.464506   0.187500   0.812500
  0.301508   0.473040   0.432600   0.168703   0.588314  -1.212836  -1.496282   0.187500   0.812500
  0.306533   0.473888   0.435557   0.162609   0.580795  -1.166223  -1.522060   0.187500   0.812500
  0.311558   0.474705   0.438475   0.156748   0.573147  -1.118566  -1.542229   0.187500   0.812500
  0.316583   0.475493   0.441355   0.151128   0.565397  -1.070138  -1.557156   0.187500   0.812500
  0.321608   0.476252   0.444196   0.145750   0.557572  -1.021193  -1.567197   0.187500   0.812500
  0.326633   0.476984   0.446998   0.140619   0.549697  -0.971964  -1.572694   0.187500   0.812500
  0.331658   0.477691   0.449760   0.135735   0.541794  -0.922665  -1.573975   0.187500   0.812500
  0.336683   0.478373   0.452483   0.131098   0.533885  -0.873490  -1.571355   0.187500   0.812500
  0.341709   0.479032   0.455166   0.126708   0.525987  -0.824610  -1.565132   0.187500   0.812500
  0.346734   0.479669   0.457809   0.122564   0.518123  -0.776205  -1.555595   0.187500   0.812500
  0.351759   0.480285   0.460413   0.118664   0.510306  -0.728413  -1.543016   0.187500   0.812500
  0.356784   0.480881   0.462977   0.115004   0.502552  -0.681366  -1.527654   0.187500   0.812500
  0.361809   0.481459   0.465503   0.111580   0.494876  -0.635182  -1.509755   0.187500   0.812500
  0.366834   0.482020   0.467989   0.108388   0.487289  -0.589968  -1.489550   0.187500   0.812500
  0.371859   0.482564   0.470438   0.105423   0.479804  -0.545817  -1.467258   0.187500   0.812500
  0.376884   0.483094   0.472849   0.102681   0.472431  -0.502812  -1.443084   0.187500   0.812500
  0.381910   0.483610   0.475223   0.100154   0.465178  -0.433016  -1.417217   0.187500   0.812500
  0.386935   0.484113   0.477561   0.097978   0.458057  -0.390996  -1.389847   0.187500   0.812500
  0.391960   0.484606   0.479863   0.096013   0.451073  -0.349933  -1.361138   0.187500   0.812500
  0.396985   0.485088   0.482129   0.094254   0.444233  -0.309842  -1.331247   0.187500   0.812500
  0.402010   0.485562   0.484362   0.092698   0.437543  -0.270728  -1.300320   0.187500   0.812500
  0.407035   0.486028   0.486560   0.091337   0.431009  -0.232588  -1.268491   0.187500   0.812500
  0.412060   0.486486   0.488726   0.090168   0.424635  -0.195407  -1.235884   0.187500   0.812500
  0.417085   0.486940   0.490860   0.089186   0.418425  -0.159163  -1.202613   0.187500   0.812500
  0.422111   0.487388   0.492963   0.088386   0.412381  -0.123819  -1.168774   0.187500   0.812500
  0.427136   0.487832   0.495035   0.087764   0.406507  -0.089351  -1.134476   0.187500   0.812500
  0.432161   0.488273   0.497078   0.087315   0.400807  -0.055708  -1.099795   0.187500   0.812500
  0.437186   0.488712   0.499092   0.087035   0.395280  -0.022838  -1.064808   0.187500   0.812500
  0.442211   0.489149   0.501078   0.086921   0.389930   0.009315  -1.029583   0.187500   0.812500
  0.447236   0.489586   0.503037   0.086967   0.384756   0.040814  -0.994177   0.187500   0.812500
  0.452261   0.490023   0.504971   0.087173   0.379760   0.071726  -0.958642   0.187500   0.812500
  0.457286   0.490461   0.506879   0.087533   0.374943   0.102119  -0.915632   0.187500   0.812500
  0.462312   0.490901   0.508764   0.088046   0.370341   0.132072  -0.880953   0.187500   0.812500
  0.467337   0.491343   0.510625   0.088710   0.365914   0.161647  -0.846179   0.187500   0.812500
  0.472362   0.491789   0.512463   0.089522   0.361662   0.190925  -0.811334   0.187500   0.812500
  0.477387   0.492239   0.514281   0.090482   0.357585   0.289934  -0.776437   0.187500   0.812500
  0.482412   0.492694   0.516077   0.091938   0.353684   0.319691  -0.741506   0.187500   0.812500
  0.487437   0.493156   0.517855   0.093545   0.349958   0.349889  -0.706551   0.187500   0.812500
  0.492462   0.493626   0.519613   0.095303   0.346407   0.380598  -0.671575   0.187500   0.812500
  0.497487   0.494105   0.521354   0.097216   0.343032   0.411887  -0.636580   0.187500   0.812500
  0.502513   0.494593   0.523078   0.099286   0.339833   0.443821  -0.601553   0.187500   0.812500
  0.507538   0.495092   0.524786   0.101516   0.336810   0.476435  -0.566501   0.187500   0.812500
  0.512563   0.495602   0.526478   0.103910   0.333964   0.509773  -0.531403   0.187500   0.812500
  0.517588   0.496124   0.528156   0.106472   0.331293   0.543856  -0.496245   0.187500   0.812500
  0.522613   0.496659   0.529821   0.109204   0.328800   0.578691  -0.461006   0.187500   0.812500
  0.527638   0.497208   0.531473   0.112112   0.326483   0.614260  -0.425667   0.187500   0.812500
  0.532663   0.497771   0.533114   0.115199   0.324344   0.650528  -0.390203   0.187500   0.812500
  0.537688   0.498350   0.534744   0.118468   0.322383   0.687432  -0.354589   0.187500   0.812500
  0.542714   0.498946   0.536364   0.121923   0.320601   0.724891  -0.318791   0.187500   0.812500
  0.547739   0.499558   0.537975   0.125566   0.318999   0.762771  -0.282797   0.187500   0.812500
  0.552764   0.500189   0.539578   0.129399   0.317578   0.800929  -0.246571   0.187500   0.812500
  0.557789   0.500840   0.541174   0.133423   0.316339   0.839182  -0.210086   0.187500   0.812500
  0.562814   0.501510   0.542763   0.137640   0.315283   0.877314  -0.173315   0.187500   0.812500
  0.567839   0.502202   0.544348   0.142049   0.314413   0.915073  -0.136230   0.187500   0.812500
  0.572864   0.502915   0.545928   0.146647   0.313728   0.952170  -0.098806   0.187500   0.812500
  0.577889   0.503652   0.547504   0.151431   0.313231   0.988285  -0.061021   0.187500   0.812500
  0.582915   0.504413   0.549078   0.156399   0.312925   1.023070  -0.022845   0.187500   0.812500
  0.587940   0.505199   0.550651   0.161540   0.312810   1.056121   0.015724   0.187500   0.812500
  0.592965   0.506011   0.552223   0.166847   0.312889   1.087031   0.054708   0.187500   0.812500
  0.597990   0.506850   0.553795   0.172309   0.313164   1.115359   0.094120   0.187500   0.812500
  0.603015   0.507715   0.555369   0.177914   0.313637   1.140642   0.133966   0.187500   0.812500
  0.608040   0.508609   0.556945   0.183645   0.314310   1.162403   0.174249   0.187500   0.812500
  0.613065   0.509532   0.558524   0.189486   0.315186   1.180154   0.214965   0.187500   0.812500
  0.618090   0.510484   0.560108   0.195417   0.316266   1.193405   0.256107   0.187500   0.812500
  0.623116   0.511467   0.561697   0.201415   0.317553   1.201671   0.297668   0.187500   0.812500
  0.628141   0.512479   0.563293   0.207453   0.319049   1.204475   0.339610   0.187500   0.812500
  0.633166   0.513521   0.564896   0.213506   0.320755   1.201364   0.381914   0.187500   0.812500
  0.638191   0.514594   0.566508   0.219542   0.322674   1.191915   0.424543   0.187500   0.812500
  0.643216   0.515697   0.568130   0.225532   0.324808   1.175738   0.467454   0.187500   0.812500
  0.648241   0.516830   0.569762   0.231440   0.327157   1.152488   0.510593   0.187500   0.812500
  0.653266   0.517993   0.571406   0.237231   0.329723   1.143451   0.553899   0.187500   0.812500
  0.658291   0.519186   0.573063   0.242977   0.332506   1.101769   0.597299   0.187500   0.812500
  0.663317   0.520407   0.574734   0.248514   0.335508   1.052656   0.640721   0.187500   0.812500
  0.668342   0.521656   0.576420   0.253804   0.338727   0.996009   0.684052   0.187500   0.812500
  0.673367   0.522931   0.578122   0.258809   0.342165   0.931768   0.727197   0.187500   0.812500
  0.678392   0.524231   0.579841   0.263491   0.345819   0.859961   0.770036   0.187500   0.812500
  0.683417   0.525555   0.581579   0.267812   0.349688   0.780697   0.812439   0.187500   0.812500
  0.688442   0.526901   0.583336   0.271735   0.353771   0.694165   0.854260   0.187500   0.812500
  0.693467   0.528267   0.585114   0.275224   0.358064   0.600635   0.895337   0.187500   0.812500
  0.698492   0.529650   0.586913   0.278242   0.362563   0.500451   0.935493   0.187500   0.812500
  0.703518   0.531048   0.588735   0.280757   0.367264   0.394012   0.974540   0.187500   0.812500
  0.708543   0.532459   0.590581   0.282737   0.372162   0.281853   1.012249   0.187500   0.812500
  0.713568   0.533880   0.592451   0.284153   0.377248   0.164510   1.048393   0.187500   0.812500
  0.718593   0.535308   0.594347   0.284980   0.382516   0.042600   1.082717   0.187500   0.812500
  0.723618   0.536740   0.596269   0.285194   0.387957  -0.083206   1.114942   0.187500   0.812500
  0.728643   0.538173   0.598218   0.284776   0.393559  -0.212187   1.144765   0.187500   0.812500
  0.733668   0.539604   0.600196   0.283710   0.399312  -0.343582   1.171857   0.187500   0.812500
  0.738693   0.541029   0.602202   0.281983   0.405201  -0.476594   1.195861   0.187500   0.812500
  0.743719   0.542447   0.604239   0.279588   0.411211  -0.610424   1.216396   0.187500   0.812500
  0.748744   0.543851   0.606305   0.276520   0.417323  -0.744166   1.233035   0.187500   0.812500
  0.753769   0.545241   0.608402   0.272781   0.423519  -0.876980   1.245335   0.187500   0.812500
  0.758794   0.546612   0.610531   0.268374   0.429777  -1.007984   1.252816   0.187500   0.812500
  0.763819   0.547960   0.612690   0.263309   0.436073  -1.136290   1.254964   0.187500   0.812500
  0.768844   0.549283   0.614881   0.257599   0.442379  -1.261003   1.251233   0.187500   0.812500
  0.773869   0.550578   0.617104   0.251263   0.448666  -1.381231   1.241044   0.187500   0.812500
  0.778894   0.551840   0.619359   0.244322   0.454902  -1.496081   1.223789   0.187500   0.812500
  0.783920   0.553068   0.621645   0.236803   0.461053  -1.604693   1.198826   0.187500   0.812500
  0.788945   0.554258   0.623962   0.228739   0.467077  -1.685944   1.165508   0.187500   0.812500
  0.793970   0.555408   0.626309   0.220267   0.472934  -1.783236   1.123157   0.187500   0.812500
  0.798995   0.556515   0.628686   0.211306   0.478578  -1.871215   1.071089   0.187500   0.812500
  0.804020   0.557576   0.631090   0.201904   0.483960  -1.949102   1.008625   0.187500   0.812500
  0.809045   0.558591   0.633522   0.192109   0.489028  -2.016147   0.935098   0.187500   0.812500
  0.814070   0.559556   0.635980   0.181978   0.493727  -2.071626   0.849873   0.187500   0.812500
  0.819095   0.560471   0.638461   0.171568   0.497998  -2.114853   0.752361   0.187500   0.812500
  0.824121   0.561333   0.640964   0.160939   0.501779  -2.145197   0.642017   0.187500   0.812500
  0.829146   0.562142   0.643485   0.150159   0.505005  -2.162065   0.518458   0.187500   0.812500
  0.834171   0.562896   0.646023   0.139295   0.507611  -2.164957   0.381348   0.187500   0.812500
  0.839196   0.563596   0.648574   0.128416   0.509527  -2.153451   0.230514   0.187500   0.812500
  0.844221   0.564242   0.651134   0.117595   0.510685  -2.127229   0.065954   0.187500   0.812500
  0.849246   0.564833   0.653700   0.106906   0.511017  -2.086087  -0.112143   0.187500   0.812500
  0.854271   0.565370   0.656268   0.096423   0.510453  -2.029958  -0.303366   0.187500   0.812500
  0.859296   0.565854   0.658833   0.086223   0.508929  -1.958928  -0.507062   0.187500   0.812500
  0.864322   0.566288   0.661391   0.076377   0.506380  -1.873228  -0.722370   0.187500   0.812500
  0.869347   0.566671   0.663935   0.066964   0.502750  -1.773324  -0.948022   0.187500   0.812500
  0.874372   0.567008   0.666462   0.058053   0.497986  -1.659816  -1.182612   0.187500   0.812500
  0.879397   0.567300   0.668964   0.049713   0.492044  -1.533520  -1.424428   0.187500   0.812500
  0.884422   0.567549   0.671437   0.042007   0.484886  -1.395441  -1.671508   0.187500   0.812500
  0.889447   0.567761   0.673873   0.034994   0.476487  -1.246775  -1.921667   0.187500   0.812500
  0.894472   0.567936   0.676268   0.028729   0.466830  -1.088892  -2.172535   0.187500   0.812500
  0.899497   0.568081   0.678613   0.023258   0.455913  -0.923320  -2.421600   0.187500   0.812500
  0.904523   0.568198   0.680905   0.018617   0.443742  -0.751685  -2.666312   0.187500   0.812500
  0.909548   0.568291   0.683135   0.014840   0.430344  -0.575822  -2.903940   0.187500   0.812500
  0.914573   0.568366   0.685297   0.011946   0.415752  -0.397531  -3.131940   0.187500   0.812500
  0.919598   0.568426   0.687386   0.009949   0.400014  -0.218676  -3.347809   0.187500   0.812500
  0.924623   0.568476   0.689396   0.008850   0.383191  -0.041115  -3.549203   0.187500   0.812500
  0.929648   0.568520   0.691322   0.008643   0.365356   0.132173  -3.733984   0.187500   0.812500
  0.934673   0.568564   0.693158   0.009308   0.346593   0.301842  -3.900273   0.187500   0.812500
  0.939698   0.568610   0.694899   0.010824   0.326994   0.465081  -4.046486   0.187500   0.812500
  0.944724   0.568665   0.696543   0.013162   0.306657   0.620433  -4.171389   0.187500   0.812500
  0.949749   0.568731   0.698084   0.016279   0.285695   0.766511  -4.274007   0.187500   0.812500
  0.954774   0.568813   0.699519   0.020131   0.264219   0.902210  -4.353796   0.187500   0.812500
  0.959799   0.568914   0.700847   0.024665   0.242341   1.026591  -4.410525   0.187500   0.812500
  0.964824   0.569038   0.702065   0.029823   0.220178   1.138910  -4.444288   0.187500   0.812500
  0.969849   0.569188   0.703171   0.035546   0.197845   1.238626  -4.455488   0.187500   0.812500
  0.974874   0.569366   0.704165   0.041771   0.175456   1.325392  -4.444801   0.187500   0.812500
  0.979899   0.569576   0.705047   0.048431   0.153121   1.399043  -4.413150   0.187500   0.812500
  0.984925   0.569820   0.705817   0.055462   0.130941   1.459602  -4.361652   0.187500   0.812500
  0.989950   0.570098   0.706475   0.062797   0.109024   1.507204  -4.291627   0.187500   0.812500
  0.994975   0.570414   0.707022   0.070370   0.087458   1.542168  -4.204500   0.187500   0.812500
  1.000000   0.570768   0.707462   0.078120   0.066331   1.564916  -4.101801   0.187500   0.812500