  0.000000   0.405721   0.323616   0.000000   0.000000  -3.024180 -14.191535   0.187500   0.937500
  0.005025   0.405721   0.323616  -0.015197  -0.071312  -1.343089 -10.413135   0.187500   0.937500
  0.010050   0.405645   0.323258  -0.021946  -0.123638   0.053462  -7.145856   0.187500   0.937500
  0.015075   0.405534   0.322636  -0.021677  -0.159546   1.199058  -4.335689   0.187500   0.937500
  0.020101   0.405425   0.321834  -0.015650  -0.181338   2.124152  -1.933179   0.187500   0.937500
  0.025126   0.405347   0.320923  -0.004977  -0.191052   2.855632   0.105077   0.187500   0.937500
  0.030151   0.405322   0.319963   0.009373  -0.190524   3.418247   1.819831   0.187500   0.937500
  0.035176   0.405369   0.319006   0.026550  -0.181379   3.834038   3.247468   0.187500   0.937500
  0.040201   0.405502   0.318094   0.045816  -0.165061   4.122777   4.420879   0.187500   0.937500
  0.045226   0.405732   0.317265   0.066533  -0.142846   4.302180   5.369768   0.187500   0.937500
  0.050251   0.406067   0.316547   0.088151  -0.115863   4.388088   6.120937   0.187500   0.937500
  0.055276   0.406510   0.315965   0.110201  -0.085105   4.394645   6.698538   0.187500   0.937500
  0.060302   0.407064   0.315537   0.132289  -0.051438   4.334434   7.124391   0.187500   0.937500
  0.065327   0.407728   0.315279   0.154069  -0.015638   4.218684   7.417866   0.187500   0.937500
  0.070352   0.408503   0.315200   0.175268   0.021637   4.057328   7.596618   0.187500   0.937500
  0.075377   0.409383   0.315309   0.195656   0.059810   3.859158   7.676385   0.187500   0.937500
  0.080402   0.410367   0.315609   0.215049   0.098384   3.631928   7.671253   0.187500   0.937500
  0.085427   0.411447   0.316104   0.233299   0.136932   3.382456   7.593814   0.187500   0.937500
  0.090452   0.412619   0.316792   0.250296   0.175091   3.116716   7.455300   0.187500   0.937500
  0.095477   0.413877   0.317672   0.265957   0.212553   2.839916   7.265713   0.187500   0.937500
  0.100503   0.415214   0.318740   0.280231   0.249071   2.556520   7.033888   0.187500   0.937500
  0.105528   0.416622   0.319992   0.293077   0.284416   2.270549   6.767799   0.187500   0.937500
  0.110553   0.418095   0.321421   0.304487   0.318424   1.985293   6.474367   0.187500   0.937500
  0.115578   0.419625   0.323021   0.314463   0.350958   1.703601   6.159734   0.187500   0.937500
  0.120603   0.421205   0.324784   0.323023   0.381911   1.427876   5.829298   0.187500   0.937500
  0.125628   0.422828   0.326704   0.330199   0.411203   1.160120   5.487786   0.187500   0.937500
  0.130653   0.424487   0.328770   0.336028   0.438779   0.901979   5.139324   0.187500   0.937500
  0.135678   0.426176   0.330975   0.340561   0.464604   0.654784   4.787493   0.187500   0.937500
  0.140704   0.427888   0.333310   0.343851   0.488666   0.419532   4.435316   0.187500   0.937500
  0.145729   0.429615   0.335765   0.345960   0.510954   0.197119   4.085598   0.187500   0.937500
  0.150754   0.431354   0.338333   0.346950   0.531484   0.001425   3.740535   0.187500   0.937500
  0.155779   0.433097   0.341004   0.346957   0.550280  -0.193867   3.402044   0.187500   0.937500
  0.160804   0.434841   0.343769   0.345983   0.567375  -0.375117   3.030540   0.187500   0.937500
  0.165829   0.436579   0.346620   0.344098   0.582604  -0.542260   2.710862   0.187500   0.937500
  0.170854   0.438308   0.349547   0.341373   0.596226  -0.695358   2.401571   0.187500   0.937500
  0.175879   0.440024   0.352543   0.337879   0.608294  -0.834582   2.103539   0.187500   0.937500
  0.180905   0.441722   0.355601   0.333685   0.618866  -0.960224   1.817387   0.187500   0.937500
  0.185930   0.443399   0.358711   0.328859   0.627998  -1.072576   1.543742   0.187500   0.937500
  0.190955   0.445051   0.361866   0.323470   0.635756  -1.172073   1.282902   0.187500   0.937500
  0.195980   0.446677   0.365061   0.317580   0.642202  -1.259182   1.035094   0.187500   0.937500
  0.201005   0.448273   0.368288   0.311253   0.647404  -1.334407   0.800430   0.187500   0.937500
  0.206030   0.449837   0.371541   0.304547   0.651426  -1.398290   0.578926   0.187500   0.937500
  0.211055   0.451367   0.374815   0.297521   0.654335  -1.451395   0.370509   0.187500   0.937500
  0.216080   0.452862   0.378103   0.290228   0.656197  -1.494307   0.175033   0.187500   0.937500
  0.221106   0.454321   0.381401   0.282717   0.657076  -1.527624  -0.007746   0.187500   0.937500
  0.226131   0.455741   0.384702   0.275041   0.657038  -1.551932  -0.178012   0.187500   0.937500
  0.231156   0.457123   0.388004   0.267242   0.656143  -1.567836  -0.336109   0.187500   0.937500
  0.236181   0.458466   0.391301   0.259364   0.654454  -1.575931  -0.482378   0.187500   0.937500
  0.241206   0.459770   0.394590   0.251445   0.652030  -1.576802  -0.617188   0.187500   0.937500
  0.246231   0.461033   0.397866   0.243522   0.648929  -1.571021  -0.740934   0.187500   0.937500
  0.251256   0.462257   0.401127   0.235627   0.645206  -1.559149  -0.854025   0.187500   0.937500
  0.256281   0.463441   0.404369   0.227792   0.640914  -1.541726  -0.956887   0.187500   0.937500
  0.261307   0.464586   0.407591   0.220044   0.636105  -1.519271  -1.049970   0.187500   0.937500
  0.266332   0.465691   0.410787   0.212409   0.630829  -1.492293  -1.133673   0.187500   0.937500
  0.271357   0.466759   0.413957   0.204911   0.625132  -1.461272  -1.208458   0.187500   0.937500
  0.276382   0.467789   0.417098   0.197568   0.619059  -1.426663  -1.274763   0.187500   0.937500
  0.281407   0.468781   0.420209   0.190399   0.612654  -1.388904  -1.333023   0.187500   0.937500
  0.286432   0.469738   0.423288   0.183420   0.605955  -1.348406  -1.381635   0.187500   0.937500
  0.291457   0.470660   0.426332   0.176644   0.599013  -1.305558  -1.425214   0.187500   0.937500
  0.296482   0.471547   0.429343   0.170083   0.591851  -1.260724  -1.462019   0.187500   0.937500
  0.301508   0.472402   0.432317   0.163747   0.584503  -1.214238  -1.492459   0.187500   0.937500
  0.306533   0.473225   0.435254   0.157645   0.577003  -1.166438  -1.516914   0.187500   0.937500
  0.311558   0.474017   0.438154   0.151784   0.569381  -1.117611  -1.535774   0.187500   0.937500
  0.316583   0.474780   0.441015   0.146168   0.561663  -1.068033  -1.549408   0.187500   0.937500
  0.321608   0.475514   0.443837   0.140801   0.553878  -1.017959  -1.558173   0.187500   0.937500
  0.326633   0.476222   0.446620   0.135686   0.546048  -0.967625  -1.562410   0.187500   0.937500
  0.331658   0.476904   0.449364   0.130824   0.538197  -0.917245  -1.562451   0.187500   0.937500
  0.336683   0.477561   0.452069   0.126215   0.530345  -0.867016  -1.558609   0.187500   0.937500
  0.341709   0.478196   0.454734   0.121857   0.522512  -0.817110  -1.551185   0.187500   0.937500
  0.346734   0.478808   0.457360   0.117751   0.514717  -0.767709  -1.540469   0.187500   0.937500
  0.351759   0.479400   0.459946   0.113893   0.506976  -0.718951  -1.526734   0.187500   0.937500
  0.356784   0.479972   0.462494   0.110280   0.499304  -0.670969  -1.510240   0.187500   0.937500
  0.361809   0.480526   0.465003   0.106909   0.491716  -0.623884  -1.491233   0.187500   0.937500
  0.366834   0.481063   0.467474   0.103774   0.484222  -0.577801  -1.469945   0.187500   0.937500
  0.371859   0.481585   0.469907   0.100870   0.476836  -0.532815  -1.446597   0.187500   0.937500
  0.376884   0.482092   0.472303   0.098193   0.469566  -0.489011  -1.421394   0.187500   0.937500
  0.381910   0.482585   0.474663   0.095735   0.462423  -0.418342  -1.394526   0.187500   0.937500
  0.386935   0.483066   0.476987   0.093633   0.455415  -0.375586  -1.366183   0.187500   0.937500
  0.391960   0.483537   0.479275   0.091746   0.448550  -0.333821  -1.336532   0.187500   0.937500
  0.396985   0.483998   0.481529   0.090068   0.441834  -0.293063  -1.305728   0.187500   0.937500
  0.402010   0.484450   0.483749   0.088596   0.435273  -0.253316  -1.273919   0.187500   0.937500
  0.407035   0.484895   0.485937   0.087323   0.428871  -0.214576  -1.241239   0.187500   0.937500
  0.412060   0.485334   0.488092   0.086244   0.422634  -0.176830  -1.207813   0.187500   0.937500
  0.417085   0.485768   0.490216   0.085356   0.416565  -0.140054  -1.173755   0.187500   0.937500
  0.422111   0.486197   0.492309   0.084652   0.410665  -0.104212  -1.139162   0.187500   0.937500
  0.427136   0.486622   0.494373   0.084128   0.404941  -0.069280  -1.104142   0.187500   0.937500
  0.432161   0.487045   0.496408   0.083780   0.399393  -0.035204  -1.068773   0.187500   0.937500
  0.437186   0.487466   0.498415   0.083603   0.394022  -0.001933  -1.033132   0.187500   0.937500
  0.442211   0.487886   0.500395   0.083594   0.388831   0.030590  -0.997285   0.187500   0.937500
  0.447236   0.488306   0.502348   0.083747   0.383819   0.062429  -0.961293   0.187500   0.937500
  0.452261   0.488727   0.504277   0.084061   0.378989   0.093649  -0.925205   0.187500   0.937500
  0.457286   0.489149   0.506181   0.084532   0.374340   0.124323  -0.889068   0.187500   0.937500
  0.462312   0.489574   0.508063   0.085156   0.369871   0.154530  -0.852908   0.187500   0.937500
  0.467337   0.490002   0.509922   0.085933   0.365585   0.184331  -0.816772   0.187500   0.937500
  0.472362   0.490434   0.511759   0.086859   0.361481   0.213809  -0.780675   0.187500   0.937500
  0.477387   0.490870   0.513575   0.087934   0.357558   0.313029  -0.744634   0.187500   0.937500
  0.482412   0.491312   0.515372   0.089507   0.353816   0.342939  -0.708660   0.187500   0.937500
  0.487437   0.491762   0.517150   0.091230   0.350255   0.373266  -0.672761   0.187500   0.937500
  0.492462   0.492220   0.518910   0.093105   0.346875   0.404085  -0.636937   0.187500   0.937500
  0.497487   0.492688   0.520653   0.095136   0.343674   0.435463  -0.601184   0.187500   0.937500
  0.502513   0.493166   0.522380   0.097325   0.340653   0.467468  -0.565487   0.187500   0.937500
  0.507538   0.493655   0.524092   0.099674   0.337811   0.500136  -0.529849   0.187500   0.937500
  0.512563   0.494156   0.525789   0.102187   0.335149   0.533512  -0.494248   0.187500   0.937500
  0.517588   0.494670   0.527473   0.104868   0.332665   0.567618  -0.458666   0.187500   0.937500
  0.522613   0.495197   0.529145   0.107720   0.330360   0.602462  -0.423080   0.187500   0.937500
  0.527638   0.495738   0.530805   0.110747   0.328234   0.638030  -0.387468   0.187500   0.937500
  0.532663   0.496294   0.532455   0.113954   0.326287   0.674284  -0.351804   0.187500   0.937500
  0.537688   0.496867   0.534094   0.117342   0.324519   0.711165  -0.316062   0.187500   0.937500
  0.542714   0.497457   0.535725   0.120916   0.322931   0.748592  -0.280206   0.187500   0.937500
  0.547739   0.498064   0.537348   0.124678   0.321523   0.786431  -0.244223   0.187500   0.937500
  0.552764   0.498691   0.538964   0.128630   0.320296   0.824542  -0.208075   0.187500   0.937500
  0.557789   0.499337   0.540573   0.132773   0.319250   0.862742  -0.171736   0.187500   0.937500
  0.562814   0.500004   0.542177   0.137108   0.318387   0.900814  -0.135176   0.187500   0.937500
  0.567839   0.500693   0.543777   0.141635   0.317708   0.938508  -0.098369   0.187500   0.937500
  0.572864   0.501405   0.545374   0.146351   0.317213   0.975536  -0.061290   0.187500   0.937500
  0.577889   0.502141   0.546968   0.151253   0.316905   1.011577  -0.023915   0.187500   0.937500
  0.582915   0.502901   0.548560   0.156337   0.316785   1.046282   0.013784   0.187500   0.937500
  0.587940   0.503686   0.550152   0.161595   0.316855   1.079248   0.051809   0.187500   0.937500
  0.592965   0.504498   0.551744   0.167018   0.317115   1.110068   0.090184   0.187500   0.937500
  0.597990   0.505338   0.553338   0.172596   0.317568   1.138298   0.128919   0.187500   0.937500
  0.603015   0.506205   0.554934   0.178316   0.318216   1.163477   0.168021   0.187500   0.937500
  0.608040   0.507101   0.556533   0.184162   0.319060   1.185125   0.207490   0.187500   0.937500
  0.613065   0.508026   0.558136   0.190118   0.320103   1.202754   0.247325   0.187500   0.937500
  0.618090   0.508982   0.559745   0.196161   0.321346   1.215871   0.287517   0.187500   0.937500
  0.623116   0.509968   0.561360   0.202272   0.322791   1.223991   0.328058   0.187500   0.937500
  0.628141   0.510984   0.562982   0.208423   0.324439   1.226635   0.368910   0.187500   0.937500
  0.633166   0.512031   0.564612   0.214587   0.326293   1.223348   0.410054   0.187500   0.937500
  0.638191   0.513110   0.566252   0.220734   0.328353   1.213705   0.451453   0.187500   0.937500
  0.643216   0.514219   0.567902   0.226833   0.330622   1.197313   0.493063   0.187500   0.937500
  0.648241   0.515359   0.569563   0.232849   0.333100   1.173828   0.534832   0.187500   0.937500
  0.653266   0.516529   0.571237   0.238748   0.335787   1.164434   0.576698   0.187500   0.937500
  0.658291   0.517728   0.572924   0.244599   0.338685   1.122486   0.618590   0.187500   0.937500
  0.663317   0.518958   0.574626   0.250241   0.341794   1.073078   0.660435   0.187500   0.937500
  0.668342   0.520215   0.576344   0.255633   0.345113   1.016106   0.702122   0.187500   0.937500
  0.673367   0.521500   0.578078   0.260739   0.348641   0.951507   0.743558   0.187500   0.937500
  0.678392   0.522810   0.579830   0.265520   0.352377   0.879310   0.784625   0.187500   0.937500
  0.683417   0.524144   0.581601   0.269939   0.356320   0.799623   0.825194   0.187500   0.937500
  0.688442   0.525501   0.583391   0.273957   0.360467   0.712635   0.865120   0.187500   0.937500
  0.693467   0.526877   0.585203   0.277538   0.364814   0.618613   0.904247   0.187500   0.937500
  0.698492   0.528272   0.587036   0.280646   0.369358   0.517904   0.942398   0.187500   0.937500
  0.703518   0.529683   0.588892   0.283249   0.374094   0.410906   0.979389   0.187500   0.937500
  0.708543   0.531106   0.590772   0.285314   0.379016   0.298155   1.014994   0.187500   0.937500
  0.713568   0.532540   0.592676   0.286813   0.384116   0.180187   1.048990   0.187500   0.937500
  0.718593   0.533981   0.594607   0.287718   0.389387   0.057622   1.081125   0.187500   0.937500
  0.723618   0.535427   0.596563   0.288008   0.394820  -0.068870   1.111126   0.187500   0.937500
  0.728643   0.536874   0.598547   0.287661   0.400403  -0.198565   1.138692   0.187500   0.937500
  0.733668   0.538319   0.600559   0.286664   0.406125  -0.330700   1.163500   0.187500   0.937500
  0.738693   0.539760   0.602600   0.285002   0.411972  -0.464477   1.185197   0.187500   0.937500
  0.743719   0.541192   0.604671   0.282667   0.417929  -0.599094   1.203407   0.187500   0.937500
  0.748744   0.542613   0.606771   0.279657   0.423976  -0.733642   1.217708   0.187500   0.937500
  0.753769   0.544018   0.608901   0.275970   0.430095  -0.867279   1.227663   0.187500   0.937500
  0.758794   0.545405   0.611062   0.271612   0.436264  -0.999121   1.232796   0.187500   0.937500
  0.763819   0.546770   0.613255   0.266592   0.442458  -1.128275   1.232600   0.187500   0.937500
  0.768844   0.548109   0.615478   0.260922   0.448652  -1.253845   1.226534   0.187500   0.937500
  0.773869   0.549420   0.617733   0.254622   0.454816  -1.374934   1.214025   0.187500   0.937500
  0.778894   0.550700   0.620018   0.247713   0.460916  -1.490648   1.194471   0.187500   0.937500
  0.783920   0.551945   0.622335   0.240221   0.466920  -1.600123   1.167237   0.187500   0.937500
  0.788945   0.553152   0.624681   0.232180   0.472785  -1.682295   1.131683   0.187500   0.937500
  0.793970   0.554319   0.627057   0.223726   0.478472  -1.780426   1.087137   0.187500   0.937500
  0.798995   0.555443   0.629461   0.214780   0.483934  -1.869233   1.032924   0.187500   0.937500
  0.804020   0.556522   0.631893   0.205387   0.489125  -1.947938   0.968372   0.187500   0.937500
  0.809045   0.557554   0.634351   0.195598   0.493991  -2.015784   0.892822   0.187500   0.937500
  0.814070   0.558537   0.636833   0.185469   0.498477  -2.072044   0.805649   0.187500   0.937500
  0.819095   0.559469   0.639338   0.175057   0.502526  -2.116030   0.706272   0.187500   0.937500
  0.824121   0.560349   0.641863   0.164422   0.506075  -2.147108   0.594157   0.187500   0.937500
  0.829146   0.561175   0.644406   0.153633   0.509061  -2.164680   0.468930   0.187500   0.937500
  0.834171   0.561947   0.646964   0.142755   0.511418  -2.168244   0.330268   0.187500   0.937500
  0.839196   0.562664   0.649534   0.131860   0.513077  -2.157377   0.178007   0.187500   0.937500
  0.844221   0.563327   0.652113   0.121019   0.513972  -2.131755   0.012157   0.187500   0.937500
  0.849246   0.563935   0.654695   0.110307   0.514033  -2.091175  -0.167080   0.187500   0.937500
  0.854271   0.564489   0.657278   0.099799   0.513193  -2.035566  -0.359283   0.187500   0.937500
  0.859296   0.564991   0.659857   0.089570   0.511388  -1.965013  -0.563788   0.187500   0.937500
  0.864322   0.565441   0.662427   0.079694   0.508554  -1.879745  -0.779721   0.187500   0.937500
  0.869347   0.565842   0.664983   0.070248   0.504636  -1.780226  -1.005805   0.187500   0.937500
  0.874372   0.566195   0.667519   0.061303   0.499582  -1.667058  -1.240625   0.187500   0.937500
  0.879397   0.566503   0.670029   0.052926   0.493348  -1.541055  -1.482462   0.187500   0.937500
  0.884422   0.566769   0.672508   0.045182   0.485898  -1.403223  -1.729346   0.187500   0.937500
  0.889447   0.566996   0.674950   0.038131   0.477208  -1.254758  -1.979089   0.187500   0.937500
  0.894472   0.567187   0.677348   0.031825   0.467263  -1.097033  -2.229320   0.187500   0.937500
  0.899497   0.567347   0.679696   0.026313   0.456061  -0.931577  -2.477526   0.187500   0.937500
  0.904523   0.567479   0.681988   0.021631   0.443609  -0.760018  -2.721162   0.187500   0.937500
  0.909548   0.567588   0.684217   0.017812   0.429935  -0.584196  -2.957501   0.187500   0.937500
  0.914573   0.567678   0.686377   0.014876   0.415074  -0.405911  -3.184009   0.187500   0.937500
  0.919598   0.567752   0.688463   0.012836   0.399074  -0.227032  -3.398195   0.187500   0.937500
  0.924623   0.567817   0.690468   0.011696   0.381998  -0.049422  -3.597727   0.187500   0.937500
  0.929648   0.567876   0.692388   0.011447   0.363920   0.124036  -3.780482   0.187500   0.937500
  0.934673   0.567933   0.694217   0.012070   0.344923   0.293770  -3.944601   0.187500   0.937500
  0.939698   0.567994   0.695950   0.013547   0.325101   0.457094  -4.088517   0.187500   0.937500
  0.944724   0.568062   0.697584   0.015844   0.304552   0.612544  -4.211016   0.187500   0.937500
  0.949749   0.568141   0.699114   0.018922   0.283392   0.758730  -4.311145   0.187500   0.937500
  0.954774   0.568237   0.700538   0.022735   0.261728   0.894544  -4.388380   0.187500   0.937500
  0.959799   0.568351   0.701853   0.027230   0.239677   1.019042  -4.442511   0.187500   0.937500
  0.964824   0.568488   0.703058   0.032350   0.217353   1.131477  -4.473653   0.187500   0.937500
  0.969849   0.568650   0.704150   0.038036   0.194873   1.231307  -4.482226   0.187500   0.937500
  0.974874   0.568841   0.705129   0.044223   0.172350   1.318180  -4.468926   0.187500   0.937500
  0.979899   0.569064   0.705995   0.050847   0.149893   1.391933  -4.434692   0.187500   0.937500
  0.984925   0.569319   0.706749   0.057843   0.127605   1.452583  -4.380657   0.187500   0.937500
  0.989950   0.569610   0.707390   0.065142   0.105592   1.500268  -4.308156   0.187500   0.937500
  0.994975   0.569937   0.707921   0.072681   0.083943   1.535305  -4.218624   0.187500   0.937500
  1.000000   0.570302   0.708342   0.080396   0.062745   1.558115  -4.113603   0.187500   0.937500