  0.000000   0.558057   0.308612   0.000000   0.000000   1.540614 -16.218800   0.687500   0.812500
  0.005025   0.558057   0.308612   0.007742  -0.081499   1.635670 -12.124752   0.687500   0.812500
  0.010050   0.558096   0.308202   0.015961  -0.142426   1.672659  -8.576188   0.687500   0.812500
  0.015075   0.558176   0.307487   0.024366  -0.185522   1.660420  -5.515867   0.687500   0.812500
  0.020101   0.558299   0.306554   0.032711  -0.213244   1.606809  -2.891337   0.687500   0.812500
  0.025126   0.558463   0.305483   0.040785  -0.227773   1.518845  -0.656592   0.687500   0.812500
  0.030151   0.558668   0.304338   0.048418  -0.231073   1.402724   1.231630   0.687500   0.812500
  0.035176   0.558911   0.303177   0.055466  -0.224884   1.263937   2.811957   0.687500   0.812500
  0.040201   0.559190   0.302047   0.061818  -0.210754   1.107327   4.119327   0.687500   0.812500
  0.045226   0.559501   0.300988   0.067382  -0.190054   0.937158   5.185308   0.687500   0.812500
  0.050251   0.559839   0.300033   0.072091  -0.163998   0.757169   6.038399   0.687500   0.812500
  0.055276   0.560201   0.299209   0.075896  -0.133655   0.570628   6.704296   0.687500   0.812500
  0.060302   0.560583   0.298537   0.078764  -0.099959   0.380341   7.206240   0.687500   0.812500
  0.065327   0.560979   0.298035   0.080675  -0.063748   0.188854   7.564844   0.687500   0.812500
  0.070352   0.561384   0.297715   0.081624  -0.025735  -0.001748   7.798942   0.687500   0.812500
  0.075377   0.561794   0.297585   0.081615   0.013455  -0.189642   7.925322   0.687500   0.812500
  0.080402   0.562204   0.297653   0.080662   0.053280  -0.370538   7.959026   0.687500   0.812500
  0.085427   0.562610   0.297921   0.078800   0.093274  -0.548426   7.913510   0.687500   0.812500
  0.090452   0.563006   0.298389   0.076045   0.133039  -0.719613   7.800788   0.687500   0.812500
  0.095477   0.563388   0.299058   0.072429   0.172238  -0.883195   7.631570   0.687500   0.812500
  0.100503   0.563752   0.299923   0.067990   0.210595  -1.038470   7.415335   0.687500   0.812500
  0.105528   0.564093   0.300982   0.062771   0.247857  -1.184788   7.160626   0.687500   0.812500
  0.110553   0.564409   0.302227   0.056818   0.283839  -1.321729   6.874888   0.687500   0.812500
  0.115578   0.564694   0.303653   0.050176   0.318385  -1.448960   6.564732   0.687500   0.812500
  0.120603   0.564946   0.305253   0.042895   0.351373  -1.566248   6.235977   0.687500   0.812500
  0.125628   0.565162   0.307019   0.035025   0.382709  -1.673449   5.893729   0.687500   0.812500
  0.130653   0.565338   0.308942   0.026616   0.412325  -1.770502   5.542452   0.687500   0.812500
  0.135678   0.565472   0.311014   0.017719   0.440176  -1.857409   5.186031   0.687500   0.812500
  0.140704   0.565561   0.313226   0.008383   0.466241  -1.934251   4.827760   0.687500   0.812500
  0.145729   0.565603   0.315569  -0.001336   0.490500  -2.001112   4.470687   0.687500   0.812500
  0.150754   0.565596   0.318034  -0.011392   0.512965  -2.058168   4.117222   0.687500   0.812500
  0.155779   0.565539   0.320612  -0.021734   0.533654  -2.105619   3.769474   0.687500   0.812500
  0.160804   0.565430   0.323293  -0.032315   0.552596  -2.143696   3.393801   0.687500   0.812500
  0.165829   0.565267   0.326070  -0.043087   0.569650  -2.172658   3.063553   0.687500   0.812500
  0.170854   0.565051   0.328933  -0.054005   0.585044  -2.192788   2.743318   0.687500   0.812500
  0.175879   0.564780   0.331872  -0.065023   0.598829  -2.204388   2.434084   0.687500   0.812500
  0.180905   0.564453   0.334882  -0.076103   0.611063  -2.207778   2.136570   0.687500   0.812500
  0.185930   0.564070   0.337953  -0.087197   0.621799  -2.203288   1.851495   0.687500   0.812500
  0.190955   0.563632   0.341077  -0.098268   0.631103  -2.191263   1.579230   0.687500   0.812500
  0.195980   0.563138   0.344249  -0.109279   0.639039  -2.172056   1.320066   0.687500   0.812500
  0.201005   0.562589   0.347460  -0.120194   0.645672  -2.146026   1.074174   0.687500   0.812500
  0.206030   0.561985   0.350704  -0.130978   0.651070  -2.113537   0.841613   0.687500   0.812500
  0.211055   0.561327   0.353976  -0.141598   0.655299  -2.074958   0.622353   0.687500   0.812500
  0.216080   0.560616   0.357269  -0.152025   0.658426  -2.030660   0.416279   0.687500   0.812500
  0.221106   0.559851   0.360578  -0.162231   0.660518  -1.981003   0.223173   0.687500   0.812500
  0.226131   0.559036   0.363897  -0.172185   0.661640  -1.926380   0.042876   0.687500   0.812500
  0.231156   0.558171   0.367222  -0.181865   0.661855  -1.867153  -0.124940   0.687500   0.812500
  0.236181   0.557257   0.370548  -0.191248   0.661227  -1.803690  -0.280604   0.687500   0.812500
  0.241206   0.556296   0.373870  -0.200311   0.659817  -1.736361  -0.424476   0.687500   0.812500
  0.246231   0.555290   0.377186  -0.209037   0.657684  -1.665528  -0.556945   0.687500   0.812500
  0.251256   0.554239   0.380491  -0.217406   0.654886  -1.591552  -0.678417   0.687500   0.812500
  0.256281   0.553147   0.383782  -0.225403   0.651477  -1.514790  -0.789315   0.687500   0.812500
  0.261307   0.552014   0.387056  -0.233017   0.647510  -1.435576  -0.890095   0.687500   0.812500
  0.266332   0.550843   0.390310  -0.240231   0.643037  -1.354287  -0.981156   0.687500   0.812500
  0.271357   0.549636   0.393541  -0.247036   0.638107  -1.271248  -1.062963   0.687500   0.812500
  0.276382   0.548394   0.396747  -0.253424   0.632765  -1.186791  -1.135962   0.687500   0.812500
  0.281407   0.547121   0.399927  -0.259388   0.627057  -1.101242  -1.200595   0.687500   0.812500
  0.286432   0.545817   0.403078  -0.264921   0.621024  -1.014917  -1.257303   0.687500   0.812500
  0.291457   0.544486   0.406199  -0.270021   0.614706  -0.928128  -1.306515   0.687500   0.812500
  0.296482   0.543129   0.409287  -0.274685   0.608141  -0.841175  -1.348656   0.687500   0.812500
  0.301508   0.541749   0.412344  -0.278913   0.601362  -0.754331  -1.384148   0.687500   0.812500
  0.306533   0.540347   0.415366  -0.282703   0.594407  -0.667915  -1.413380   0.687500   0.812500
  0.311558   0.538927   0.418353  -0.286060   0.587305  -0.582181  -1.436752   0.687500   0.812500
  0.316583   0.537489   0.421304  -0.288985   0.580085  -0.497391  -1.454643   0.687500   0.812500
  0.321608   0.536037   0.424219  -0.291484   0.572776  -0.413796  -1.467423   0.687500   0.812500
  0.326633   0.534572   0.427097  -0.293564   0.565402  -0.331636  -1.475443   0.687500   0.812500
  0.331658   0.533097   0.429938  -0.295230   0.557988  -0.251138  -1.479045   0.687500   0.812500
  0.336683   0.531614   0.432742  -0.296492   0.550555  -0.172520  -1.478555   0.687500   0.812500
  0.341709   0.530124   0.435509  -0.297359   0.543124  -0.095970  -1.474283   0.687500   0.812500
  0.346734   0.528629   0.438238  -0.297842   0.535716  -0.021710  -1.466529   0.687500   0.812500
  0.351759   0.527133   0.440930  -0.297951   0.528347   0.050095  -1.455577   0.687500   0.812500
  0.356784   0.525635   0.443585  -0.297699   0.521032   0.119280  -1.441697   0.687500   0.812500
  0.361809   0.524140   0.446203  -0.297100   0.513788   0.185692  -1.425145   0.687500   0.812500
  0.366834   0.522647   0.448785  -0.296166   0.506627   0.249191  -1.406162   0.687500   0.812500
  0.371859   0.521158   0.451331  -0.294914   0.499561   0.334301  -1.384980   0.687500   0.812500
  0.376884   0.519676   0.453841  -0.293234   0.492601   0.392915  -1.361812   0.687500   0.812500
  0.381910   0.518203   0.456317  -0.291260   0.485757   0.448604  -1.336857   0.687500   0.812500
  0.386935   0.516739   0.458758  -0.289005   0.479039   0.501282  -1.310316   0.687500   0.812500
  0.391960   0.515287   0.461165  -0.286486   0.472455   0.550912  -1.282362   0.687500   0.812500
  0.396985   0.513847   0.463539  -0.283718   0.466011   0.597460  -1.253161   0.687500   0.812500
  0.402010   0.512422   0.465881  -0.280716   0.459714   0.640908  -1.222868   0.687500   0.812500
  0.407035   0.511011   0.468191  -0.277495   0.453569   0.681251  -1.191626   0.687500   0.812500
  0.412060   0.509617   0.470470  -0.274072   0.447581   0.718499  -1.159569   0.687500   0.812500
  0.417085   0.508239   0.472719  -0.270462   0.441754   0.752676  -1.126819   0.687500   0.812500
  0.422111   0.506880   0.474940  -0.266679   0.436090   0.783825  -1.093481   0.687500   0.812500
  0.427136   0.505540   0.477131  -0.262740   0.430596   0.811982  -1.059672   0.687500   0.812500
  0.432161   0.504220   0.479295  -0.258660   0.425271   0.889987  -1.025477   0.687500   0.812500
  0.437186   0.502920   0.481432  -0.254187   0.420118   0.913042  -0.990982   0.687500   0.812500
  0.442211   0.501643   0.483543  -0.249599   0.415138   0.933708  -0.956261   0.687500   0.812500
  0.447236   0.500388   0.485629  -0.244908   0.410333   0.952082  -0.921384   0.687500   0.812500
  0.452261   0.499158   0.487691  -0.240123   0.405703   0.968265  -0.886408   0.687500   0.812500
  0.457286   0.497951   0.489729  -0.235258   0.401249   0.982368  -0.845123   0.687500   0.812500
  0.462312   0.496769   0.491746  -0.230320   0.397001   0.994509  -0.810927   0.687500   0.812500
  0.467337   0.495611   0.493741  -0.225323   0.392926   1.004799  -0.776710   0.687500   0.812500
  0.472362   0.494479   0.495716  -0.220274   0.389023   1.013363  -0.742498   0.687500   0.812500
  0.477387   0.493372   0.497670  -0.215182   0.385292   1.020320  -0.708322   0.687500   0.812500
  0.482412   0.492291   0.499606  -0.210055   0.381733   1.025786  -0.674206   0.687500   0.812500
  0.487437   0.491235   0.501525  -0.204900   0.378345   1.029874  -0.640166   0.687500   0.812500
  0.492462   0.490206   0.503426  -0.199725   0.375128   1.032690  -0.606216   0.687500   0.812500
  0.497487   0.489202   0.505311  -0.194536   0.372082   1.034332  -0.572364   0.687500   0.812500
  0.502513   0.488224   0.507181  -0.189337   0.369205   1.034886  -0.538605   0.687500   0.812500
  0.507538   0.487273   0.509036  -0.184137   0.366499   1.034424  -0.504953   0.687500   0.812500
  0.512563   0.486348   0.510878  -0.178939   0.363961   1.033005  -0.471396   0.687500   0.812500
  0.517588   0.485448   0.512707  -0.173748   0.361593   1.030667  -0.437926   0.687500   0.812500
  0.522613   0.484575   0.514524  -0.168569   0.359392   1.027432  -0.404531   0.687500   0.812500
  0.527638   0.483728   0.516330  -0.163406   0.357359   1.023299  -0.371197   0.687500   0.812500
  0.532663   0.482907   0.518125  -0.158264   0.355494   1.018243  -0.337908   0.687500   0.812500
  0.537688   0.482112   0.519912  -0.153147   0.353796   1.012215  -0.304644   0.687500   0.812500
  0.542714   0.481342   0.521690  -0.148060   0.352265   1.005141  -0.271380   0.687500   0.812500
  0.547739   0.480598   0.523460  -0.143009   0.350901   0.996921  -0.238106   0.687500   0.812500
  0.552764   0.479880   0.525223  -0.138000   0.349705   0.987427  -0.204793   0.687500   0.812500
  0.557789   0.479186   0.526981  -0.133038   0.348676   0.976502  -0.171417   0.687500   0.812500
  0.562814   0.478518   0.528733  -0.128131   0.347814   0.963967  -0.137956   0.687500   0.812500
  0.567839   0.477874   0.530481  -0.123287   0.347121   0.949613  -0.104386   0.687500   0.812500
  0.572864   0.477254   0.532225  -0.118515   0.346597   0.933209  -0.070684   0.687500   0.812500
  0.577889   0.476659   0.533966  -0.113826   0.346241   0.914502  -0.036828   0.687500   0.812500
  0.582915   0.476087   0.535707  -0.109229   0.346056   0.893216  -0.002790   0.687500   0.812500
  0.587940   0.475538   0.537446  -0.104741   0.346042   0.869070   0.031434   0.687500   0.812500
  0.592965   0.475011   0.539184  -0.100374   0.346200   0.841762   0.065869   0.687500   0.812500
  0.597990   0.474507   0.540924  -0.096144   0.346531   0.810983   0.100528   0.687500   0.812500
  0.603015   0.474024   0.542665  -0.092069   0.347036   0.776424   0.135423   0.687500   0.812500
  0.608040   0.473561   0.544409  -0.088167   0.347717   0.737780   0.170562   0.687500   0.812500
  0.613065   0.473118   0.546157  -0.084460   0.348574   0.694752   0.205948   0.687500   0.812500
  0.618090   0.472694   0.547908  -0.080969   0.349609   0.647061   0.241583   0.687500   0.812500
  0.623116   0.472287   0.549665  -0.077717   0.350823   0.594434   0.277467   0.687500   0.812500
  0.628141   0.471896   0.551428  -0.074730   0.352217   0.536661   0.313577   0.687500   0.812500
  0.633166   0.471521   0.553198  -0.072033   0.353793   0.473536   0.349904   0.687500   0.812500
  0.638191   0.471159   0.554976  -0.069653   0.355551   0.404903   0.386427   0.687500   0.812500
  0.643216   0.470809   0.556763  -0.067619   0.357493   0.330652   0.423115   0.687500   0.812500
  0.648241   0.470469   0.558559  -0.065957   0.359619   0.250726   0.459935   0.687500   0.812500
  0.653266   0.470138   0.560366  -0.064697   0.361930   0.165124   0.496841   0.687500   0.812500
  0.658291   0.469813   0.562185  -0.063868   0.364427   0.073906   0.533782   0.687500   0.812500
  0.663317   0.469492   0.564016  -0.063496   0.367110  -0.022823   0.570703   0.687500   0.812500
  0.668342   0.469172   0.565861  -0.063611   0.369978  -0.124834   0.607519   0.687500   0.812500
  0.673367   0.468853   0.567720  -0.064238   0.373030  -0.231887   0.644155   0.687500   0.812500
  0.678392   0.468530   0.569595  -0.065403   0.376267  -0.343654   0.680517   0.687500   0.812500
  0.683417   0.468201   0.571485  -0.067130   0.379687  -0.459740   0.716500   0.687500   0.812500
  0.688442   0.467864   0.573393  -0.069440   0.383287  -0.579679   0.751985   0.687500   0.812500
  0.693467   0.467515   0.575319  -0.072353   0.387066  -0.702941   0.786837   0.687500   0.812500
  0.698492   0.467152   0.577264  -0.075886   0.391020  -0.828932   0.820909   0.687500   0.812500
  0.703518   0.466770   0.579230  -0.080052   0.395146  -0.957020   0.854040   0.687500   0.812500
  0.708543   0.466368   0.581215  -0.084861   0.399437  -1.086436   0.886033   0.687500   0.812500
  0.713568   0.465941   0.583222  -0.090320   0.403890  -1.216434   0.916691   0.687500   0.812500
  0.718593   0.465488   0.585252  -0.096433   0.408496  -1.346188   0.945790   0.687500   0.812500
  0.723618   0.465003   0.587305  -0.103197   0.413249  -1.474821   0.973083   0.687500   0.812500
  0.728643   0.464484   0.589381  -0.110608   0.418138  -1.601408   0.998298   0.687500   0.812500
  0.733668   0.463929   0.591482  -0.118655   0.423155  -1.724977   1.021139   0.687500   0.812500
  0.738693   0.463332   0.593609  -0.127323   0.428286  -1.844513   1.041281   0.687500   0.812500
  0.743719   0.462692   0.595761  -0.136594   0.433519  -1.958979   1.058375   0.687500   0.812500
  0.748744   0.462006   0.597940  -0.146438   0.438838  -2.067224   1.072028   0.687500   0.812500
  0.753769   0.461270   0.600145  -0.156826   0.444225  -2.168128   1.081829   0.687500   0.812500
  0.758794   0.460482   0.602377  -0.167720   0.449661  -2.260503   1.087330   0.687500   0.812500
  0.763819   0.459639   0.604637  -0.179080   0.455125  -2.343120   1.088049   0.687500   0.812500
  0.768844   0.458740   0.606924  -0.190854   0.460592  -2.414706   1.083471   0.687500   0.812500
  0.773869   0.457780   0.609238  -0.202988   0.466037  -2.465804   1.073050   0.687500   0.812500
  0.778894   0.456760   0.611580  -0.215378   0.471429  -2.507608   1.056205   0.687500   0.812500
  0.783920   0.455678   0.613949  -0.227981   0.476737  -2.540722   1.032327   0.687500   0.812500
  0.788945   0.454532   0.616345  -0.240749   0.481925  -2.556943   1.000792   0.687500   0.812500
  0.793970   0.453323   0.618767  -0.253597   0.486954  -2.554874   0.960949   0.687500   0.812500
  0.798995   0.452048   0.621214  -0.266436   0.491782  -2.533088   0.912137   0.687500   0.812500
  0.804020   0.450709   0.623685  -0.279164   0.496366  -2.490157   0.853696   0.687500   0.812500
  0.809045   0.449307   0.626179  -0.291677   0.500656  -2.424667   0.784976   0.687500   0.812500
  0.814070   0.447841   0.628695  -0.303861   0.504600  -2.335243   0.705351   0.687500   0.812500
  0.819095   0.446314   0.631230  -0.315596   0.508145  -2.220577   0.614241   0.687500   0.812500
  0.824121   0.444728   0.633784  -0.326756   0.511232  -2.079433   0.511101   0.687500   0.812500
  0.829146   0.443086   0.636353  -0.337206   0.513800  -1.910805   0.395536   0.687500   0.812500
  0.834171   0.441391   0.638935  -0.346807   0.515788  -1.713790   0.267196   0.687500   0.812500
  0.839196   0.439649   0.641527  -0.355419   0.517130  -1.487747   0.125885   0.687500   0.812500
  0.844221   0.437863   0.644126  -0.362895   0.517763  -1.232324  -0.028439   0.687500   0.812500
  0.849246   0.436039   0.646727  -0.369088   0.517620  -0.954963  -0.195629   0.687500   0.812500
  0.854271   0.434185   0.649328  -0.373886   0.516637  -0.639892  -0.375335   0.687500   0.812500
  0.859296   0.432306   0.651924  -0.377102   0.514751  -0.296762  -0.566974   0.687500   0.812500
  0.864322   0.430410   0.654512  -0.378593   0.511901   0.073200  -0.769763   0.687500   0.812500
  0.869347   0.428508   0.657084  -0.378225   0.508033   0.468011  -0.982534   0.687500   0.812500
  0.874372   0.426607   0.659637  -0.375874   0.503096   0.885377  -1.203984   0.687500   0.812500
  0.879397   0.424719   0.662165  -0.371425   0.497046   1.322387  -1.432514   0.687500   0.812500
  0.884422   0.422852   0.664662  -0.364780   0.489848   1.775598  -1.666287   0.687500   0.812500
  0.889447   0.421019   0.667124  -0.355857   0.481474   2.241072  -1.903245   0.687500   0.812500
  0.894472   0.419231   0.669543  -0.344596   0.471911   2.714427  -2.141151   0.687500   0.812500
  0.899497   0.417500   0.671915  -0.330956   0.461151   3.190914  -2.377626   0.687500   0.812500
  0.904523   0.415836   0.674232  -0.314918   0.449201   3.665602  -2.610252   0.687500   0.812500
  0.909548   0.414254   0.676490  -0.296499   0.436085   4.133092  -2.836425   0.687500   0.812500
  0.914573   0.412764   0.678681  -0.275730   0.421832   4.588228  -3.053718   0.687500   0.812500
  0.919598   0.411378   0.680801  -0.252674   0.406487   5.025822  -3.259738   0.687500   0.812500
  0.924623   0.410109   0.682843  -0.227419   0.390107   5.440870  -3.452232   0.687500   0.812500
  0.929648   0.408966   0.684804  -0.200079   0.372759   5.828675  -3.629143   0.687500   0.812500
  0.934673   0.407960   0.686677  -0.170790   0.354523   6.184949  -3.788652   0.687500   0.812500
  0.939698   0.407102   0.688458  -0.139710   0.335485   6.505903  -3.929222   0.687500   0.812500
  0.944724   0.406400   0.690144  -0.107012   0.315737   6.788383  -4.049642   0.687500   0.812500
  0.949749   0.405862   0.691731  -0.072900   0.295387   7.029681  -4.148949   0.687500   0.812500
  0.954774   0.405496   0.693215  -0.037576   0.274539   7.227938  -4.226589   0.687500   0.812500
  0.959799   0.405307   0.694595  -0.001256   0.253300   7.381904  -4.282304   0.687500   0.812500
  0.964824   0.405301   0.695868   0.035838   0.231781   7.490989  -4.316152   0.687500   0.812500
  0.969849   0.405481   0.697032   0.073481   0.210093   7.555244  -4.328479   0.687500   0.812500
  0.974874   0.405850   0.698088   0.111446   0.188342   7.575320  -4.319900   0.687500   0.812500
  0.979899   0.406410   0.699034   0.149512   0.166635   7.552410  -4.291266   0.687500   0.812500
  0.984925   0.407162   0.699872   0.187470   0.145067   7.488178  -4.243616   0.687500   0.812500
  0.989950   0.408104   0.700601   0.225098   0.123743   7.384745  -4.178185   0.687500   0.812500
  0.994975   0.409235   0.701223   0.262207   0.102747   7.244549  -4.096311   0.687500   0.812500
  1.000000   0.410552   0.701739   0.298610   0.082163   7.070312  -3.999439   0.687500   0.812500