  0.000000   0.626879   0.345398   0.000000   0.000000   3.577004 -12.731017   0.937500   0.187500
  0.005025   0.626879   0.345398   0.017974  -0.063973   2.946850  -9.303408   0.937500   0.187500
  0.010050   0.626969   0.345077   0.032782  -0.110723   2.362339  -6.345506   0.937500   0.187500
  0.015075   0.627134   0.344520   0.044653  -0.142609   1.821079  -3.807344   0.937500   0.187500
  0.020101   0.627358   0.343803   0.053806  -0.161745   1.320670  -1.643199   0.937500   0.187500
  0.025126   0.627629   0.342991   0.060442  -0.170002   0.859109   0.187082   0.937500   0.187500
  0.030151   0.627933   0.342136   0.064759  -0.169062   0.434171   1.721150   0.937500   0.187500
  0.035176   0.628258   0.341287   0.066941  -0.160413   0.043825   2.992619   0.937500   0.187500
  0.040201   0.628594   0.340481   0.067161  -0.145375  -0.313868   4.031863   0.937500   0.187500
  0.045226   0.628932   0.339750   0.065584  -0.125115  -0.640762   4.866305   0.937500   0.187500
  0.050251   0.629261   0.339122   0.062364  -0.100662  -0.938623   5.520672   0.937500   0.187500
  0.055276   0.629575   0.338616   0.057648  -0.072920  -1.209136   6.017239   0.937500   0.187500
  0.060302   0.629865   0.338249   0.051570  -0.042678  -1.453950   6.376112   0.937500   0.187500
  0.065327   0.630124   0.338035   0.044264  -0.010638  -1.674485   6.615148   0.937500   0.187500
  0.070352   0.630346   0.337981   0.035850   0.022603  -1.873553   6.750596   0.937500   0.187500
  0.075377   0.630526   0.338095   0.026435   0.056525  -2.049786   6.796935   0.937500   0.187500
  0.080402   0.630659   0.338379   0.016135   0.090680  -2.205900   6.767118   0.937500   0.187500
  0.085427   0.630740   0.338835   0.005051   0.124684  -2.343121   6.672710   0.937500   0.187500
  0.090452   0.630766   0.339461  -0.006724   0.158215  -2.462609   6.524024   0.937500   0.187500
  0.095477   0.630732   0.340256  -0.019098   0.190998  -2.565459   6.330230   0.937500   0.187500
  0.100503   0.630636   0.341216  -0.031992   0.222814  -2.652724   6.099422   0.937500   0.187500
  0.105528   0.630475   0.342336  -0.045322   0.253463  -2.725340   5.838901   0.937500   0.187500
  0.110553   0.630247   0.343609  -0.059017   0.282804  -2.784250   5.554992   0.937500   0.187500
  0.115578   0.629951   0.345030  -0.073008   0.310718  -2.830319   5.253298   0.937500   0.187500
  0.120603   0.629584   0.346592  -0.087230   0.337115  -2.864365   4.938739   0.937500   0.187500
  0.125628   0.629146   0.348286  -0.101624   0.361933  -2.887156   4.615616   0.937500   0.187500
  0.130653   0.628635   0.350105  -0.116132   0.385126  -2.899417   4.287672   0.937500   0.187500
  0.135678   0.628051   0.352040  -0.130701   0.406672  -2.901829   3.958153   0.937500   0.187500
  0.140704   0.627394   0.354084  -0.145286   0.426565  -2.895034   3.629787   0.937500   0.187500
  0.145729   0.626664   0.356227  -0.159833   0.444805  -2.879639   3.305103   0.937500   0.187500
  0.150754   0.625861   0.358462  -0.174303   0.461413  -2.856214   2.986068   0.937500   0.187500
  0.155779   0.624985   0.360781  -0.188656   0.476418  -2.825298   2.674394   0.937500   0.187500
  0.160804   0.624037   0.363175  -0.202853   0.489857  -2.787399   2.335533   0.937500   0.187500
  0.165829   0.623018   0.365637  -0.216860   0.501593  -2.743000   2.043456   0.937500   0.187500
  0.170854   0.621928   0.368157  -0.230643   0.511861  -2.692556   1.762086   0.937500   0.187500
  0.175879   0.620769   0.370729  -0.244173   0.520716  -2.636499   1.492172   0.937500   0.187500
  0.180905   0.619542   0.373346  -0.257424   0.528215  -2.575229   1.234233   0.937500   0.187500
  0.185930   0.618248   0.376001  -0.270365   0.534417  -2.509162   0.988794   0.937500   0.187500
  0.190955   0.616890   0.378686  -0.282973   0.539386  -2.438660   0.756076   0.937500   0.187500
  0.195980   0.615468   0.381396  -0.295228   0.543185  -2.364082   0.536237   0.937500   0.187500
  0.201005   0.613984   0.384126  -0.307107   0.545880  -2.285773   0.329331   0.937500   0.187500
  0.206030   0.612441   0.386869  -0.318593   0.547535  -2.204063   0.135321   0.937500   0.187500
  0.211055   0.610840   0.389620  -0.329669   0.548215  -2.119274  -0.045910   0.937500   0.187500
  0.216080   0.609184   0.392375  -0.340318   0.547984  -2.031714  -0.214545   0.937500   0.187500
  0.221106   0.607473   0.395129  -0.350529   0.546906  -1.941666  -0.370857   0.937500   0.187500
  0.226131   0.605712   0.397877  -0.360286   0.545042  -1.849458  -0.515067   0.937500   0.187500
  0.231156   0.603901   0.400616  -0.369580   0.542454  -1.755359  -0.647540   0.937500   0.187500
  0.236181   0.602044   0.403342  -0.378400   0.539200  -1.659646  -0.768637   0.937500   0.187500
  0.241206   0.600143   0.406052  -0.386740   0.535338  -1.562593  -0.878749   0.937500   0.187500
  0.246231   0.598199   0.408742  -0.394592   0.530922  -1.464467  -0.978286   0.937500   0.187500
  0.251256   0.596217   0.411410  -0.401951   0.526006  -1.365531  -1.067676   0.937500   0.187500
  0.256281   0.594197   0.414053  -0.408813   0.520641  -1.266042  -1.147358   0.937500   0.187500
  0.261307   0.592142   0.416669  -0.415176   0.514875  -1.166235  -1.217795   0.937500   0.187500
  0.266332   0.590056   0.419257  -0.421036   0.508755  -1.066400  -1.279410   0.937500   0.187500
  0.271357   0.587940   0.421813  -0.426395   0.502326  -0.966760  -1.332674   0.937500   0.187500
  0.276382   0.585798   0.424337  -0.431253   0.495629  -0.867559  -1.378042   0.937500   0.187500
  0.281407   0.583630   0.426828  -0.435613   0.488705  -0.769032  -1.415966   0.937500   0.187500
  0.286432   0.581442   0.429284  -0.439477   0.481590  -0.671410  -1.446894   0.937500   0.187500
  0.291457   0.579233   0.431704  -0.442851   0.474319  -0.574922  -1.471267   0.937500   0.187500
  0.296482   0.577008   0.434087  -0.445740   0.466926  -0.479790  -1.489518   0.937500   0.187500
  0.301508   0.574768   0.436434  -0.448151   0.459439  -0.386209  -1.502076   0.937500   0.187500
  0.306533   0.572516   0.438743  -0.450092   0.451892  -0.294430  -1.509349   0.937500   0.187500
  0.311558   0.570254   0.441013  -0.451571   0.444307  -0.204636  -1.511744   0.937500   0.187500
  0.316583   0.567985   0.443246  -0.452600   0.436711  -0.117024  -1.509653   0.937500   0.187500
  0.321608   0.565710   0.445440  -0.453188   0.429125  -0.031782  -1.503457   0.937500   0.187500
  0.326633   0.563433   0.447597  -0.453347   0.421570   0.050908  -1.493522   0.937500   0.187500
  0.331658   0.561155   0.449715  -0.453092   0.414065   0.130875  -1.480202   0.937500   0.187500
  0.336683   0.558878   0.451796  -0.452434   0.406627   0.207956  -1.463836   0.937500   0.187500
  0.341709   0.556604   0.453840  -0.451389   0.399269   0.282014  -1.444746   0.937500   0.187500
  0.346734   0.554336   0.455846  -0.449972   0.392010   0.352876  -1.423250   0.937500   0.187500
  0.351759   0.552075   0.457816  -0.448198   0.384858   0.420426  -1.399641   0.937500   0.187500
  0.356784   0.549823   0.459750  -0.446086   0.377825   0.484545  -1.374200   0.937500   0.187500
  0.361809   0.547581   0.461648  -0.443651   0.370919   0.545126  -1.347193   0.937500   0.187500
  0.366834   0.545352   0.463512  -0.440912   0.364150   0.602074  -1.318870   0.937500   0.187500
  0.371859   0.543136   0.465342  -0.437886   0.357522   0.673515  -1.289466   0.937500   0.187500
  0.376884   0.540936   0.467139  -0.434502   0.351043   0.723785  -1.259199   0.937500   0.187500
  0.381910   0.538752   0.468903  -0.430864   0.344714   0.770425  -1.228265   0.937500   0.187500
  0.386935   0.536587   0.470635  -0.426993   0.338542   0.813384  -1.196864   0.937500   0.187500
  0.391960   0.534441   0.472336  -0.422906   0.332528   0.852654  -1.165160   0.937500   0.187500
  0.396985   0.532316   0.474007  -0.418621   0.326673   0.888232  -1.133306   0.937500   0.187500
  0.402010   0.530213   0.475649  -0.414158   0.320978   0.920128  -1.101440   0.937500   0.187500
  0.407035   0.528132   0.477262  -0.409534   0.315443   0.948368  -1.069681   0.937500   0.187500
  0.412060   0.526074   0.478847  -0.404768   0.310068   0.972987  -1.038134   0.937500   0.187500
  0.417085   0.524040   0.480405  -0.399879   0.304851   0.994037  -1.006886   0.937500   0.187500
  0.422111   0.522030   0.481937  -0.394883   0.299791   1.011583  -0.976000   0.937500   0.187500
  0.427136   0.520046   0.483443  -0.389800   0.294886   1.025691  -0.945543   0.937500   0.187500
  0.432161   0.518087   0.484925  -0.384646   0.290135   1.036448  -0.915544   0.937500   0.187500
  0.437186   0.516154   0.486383  -0.379438   0.285534   1.043949  -0.886023   0.937500   0.187500
  0.442211   0.514247   0.487818  -0.374192   0.281082   1.048296  -0.856985   0.937500   0.187500
  0.447236   0.512367   0.489230  -0.368924   0.276776   1.049596  -0.828416   0.937500   0.187500
  0.452261   0.510513   0.490621  -0.363650   0.272613   1.086909  -0.800288   0.937500   0.187500
  0.457286   0.508686   0.491991  -0.358188   0.268592   1.082394  -0.772557   0.937500   0.187500
  0.462312   0.506886   0.493341  -0.352748   0.264709   1.075398  -0.745158   0.937500   0.187500
  0.467337   0.505113   0.494671  -0.347344   0.260964   1.066042  -0.718027   0.937500   0.187500
  0.472362   0.503368   0.495983  -0.341987   0.257356   1.054440  -0.691071   0.937500   0.187500
  0.477387   0.501649   0.497276  -0.336689   0.253884   1.040707  -0.664189   0.937500   0.187500
  0.482412   0.499957   0.498552  -0.331459   0.250546   1.024952  -0.637268   0.937500   0.187500
  0.487437   0.498292   0.499811  -0.326309   0.247344   1.007282  -0.610181   0.937500   0.187500
  0.492462   0.496652   0.501053  -0.321247   0.244278   0.987794  -0.582793   0.937500   0.187500
  0.497487   0.495038   0.502281  -0.316284   0.241349   0.966574  -0.554958   0.937500   0.187500
  0.502513   0.493448   0.503494  -0.311426   0.238560   0.943698  -0.526518   0.937500   0.187500
  0.507538   0.491883   0.504693  -0.306683   0.235914   0.919238  -0.497324   0.937500   0.187500
  0.512563   0.490342   0.505878  -0.302064   0.233415   0.893242  -0.467204   0.937500   0.187500
  0.517588   0.488824   0.507051  -0.297576   0.231067   0.865748  -0.435989   0.937500   0.187500
  0.522613   0.487329   0.508212  -0.293225   0.228876   0.836777  -0.403509   0.937500   0.187500
  0.527638   0.485855   0.509362  -0.289021   0.226849   0.806333  -0.369592   0.937500   0.187500
  0.532663   0.484403   0.510502  -0.284969   0.224992   0.774402  -0.334068   0.937500   0.187500
  0.537688   0.482971   0.511633  -0.281077   0.223313   0.740954  -0.296772   0.937500   0.187500
  0.542714   0.481558   0.512755  -0.277353   0.221821   0.705933  -0.257534   0.937500   0.187500
  0.547739   0.480165   0.513870  -0.273806   0.220527   0.669287  -0.216219   0.937500   0.187500
  0.552764   0.478789   0.514978  -0.270443   0.219441   0.630924  -0.172673   0.937500   0.187500
  0.557789   0.477430   0.516081  -0.267272   0.218573   0.590745  -0.126767   0.937500   0.187500
  0.562814   0.476087   0.517179  -0.264304   0.217936   0.548634  -0.078383   0.937500   0.187500
  0.567839   0.474759   0.518274  -0.261547   0.217542   0.504463  -0.027417   0.937500   0.187500
  0.572864   0.473444   0.519367  -0.259012   0.217404   0.458093   0.026214   0.937500   0.187500
  0.577889   0.472143   0.520460  -0.256710   0.217536   0.409375   0.082575   0.937500   0.187500
  0.582915   0.470853   0.521553  -0.254653   0.217951   0.358144   0.141725   0.937500   0.187500
  0.587940   0.469573   0.522648  -0.252853   0.218663   0.304262   0.203660   0.937500   0.187500
  0.592965   0.468303   0.523747  -0.251324   0.219687   0.247564   0.268389   0.937500   0.187500
  0.597990   0.467040   0.524851  -0.250080   0.221035   0.187897   0.335888   0.937500   0.187500
  0.603015   0.465783   0.525962  -0.249136   0.222723   0.125119   0.406102   0.937500   0.187500
  0.608040   0.464531   0.527081  -0.248507   0.224764   0.059098   0.478953   0.937500   0.187500
  0.613065   0.463282   0.528210  -0.248210   0.227171  -0.010278   0.554336   0.937500   0.187500
  0.618090   0.462035   0.529352  -0.248262   0.229956  -0.083099   0.632117   0.937500   0.187500
  0.623116   0.460787   0.530508  -0.248680   0.233133  -0.159445   0.712154   0.937500   0.187500
  0.628141   0.459538   0.531679  -0.249481   0.236712  -0.239316   0.794226   0.937500   0.187500
  0.633166   0.458284   0.532869  -0.250683   0.240703  -0.322726   0.878139   0.937500   0.187500
  0.638191   0.457024   0.534078  -0.252305   0.245115  -0.409631   0.963655   0.937500   0.187500
  0.643216   0.455757   0.535310  -0.254363   0.249958  -0.499946   1.050513   0.937500   0.187500
  0.648241   0.454478   0.536566  -0.256876   0.255237  -0.593539   1.138428   0.937500   0.187500
  0.653266   0.453188   0.537848  -0.259858   0.260957  -0.690228   1.227095   0.937500   0.187500
  0.658291   0.451882   0.539160  -0.263327   0.267123  -0.789781   1.316188   0.937500   0.187500
  0.663317   0.450558   0.540502  -0.267296   0.273738  -0.891932   1.405381   0.937500   0.187500
  0.668342   0.449215   0.541878  -0.271778   0.280801  -0.996297   1.494276   0.937500   0.187500
  0.673367   0.447849   0.543289  -0.276784   0.288309  -1.102502   1.582514   0.937500   0.187500
  0.678392   0.446459   0.544738  -0.282324   0.296261  -1.210095   1.669706   0.937500   0.187500
  0.683417   0.445040   0.546226  -0.288405   0.304652  -1.318571   1.755449   0.937500   0.187500
  0.688442   0.443591   0.547757  -0.295031   0.313473  -1.427368   1.839329   0.937500   0.187500
  0.693467   0.442108   0.549332  -0.302203   0.322715  -1.535875   1.920922   0.937500   0.187500
  0.698492   0.440590   0.550954  -0.309921   0.332368  -1.643426   1.999796   0.937500   0.187500
  0.703518   0.439032   0.552624  -0.318181   0.342419  -1.749330   2.075526   0.937500   0.187500
  0.708543   0.437433   0.554345  -0.326972   0.352849  -1.852776   2.147629   0.937500   0.187500
  0.713568   0.435790   0.556118  -0.336282   0.363640  -1.952979   2.215664   0.937500   0.187500
  0.718593   0.434100   0.557946  -0.346095   0.374774  -2.049081   2.279166   0.937500   0.187500
  0.723618   0.432361   0.559829  -0.356392   0.386227  -2.140182   2.337661   0.937500   0.187500
  0.728643   0.430570   0.561770  -0.367146   0.397974  -2.225336   2.390664   0.937500   0.187500
  0.733668   0.428725   0.563769  -0.378329   0.409987  -2.303555   2.468940   0.937500   0.187500
  0.738693   0.426824   0.565830  -0.389904   0.422393  -2.373806   2.503516   0.937500   0.187500
  0.743719   0.424865   0.567952  -0.401835   0.434976  -2.433022   2.531814   0.937500   0.187500
  0.748744   0.422845   0.570138  -0.414061   0.447698  -2.484603   2.553212   0.937500   0.187500
  0.753769   0.420765   0.572388  -0.426546   0.460528  -2.524770   2.567101   0.937500   0.187500
  0.758794   0.418621   0.574702  -0.439233   0.473428  -2.552323   2.572848   0.937500   0.187500
  0.763819   0.416414   0.577081  -0.452058   0.486356  -2.574543   2.569809   0.937500   0.187500
  0.768844   0.414142   0.579525  -0.464995   0.499270  -2.571837   2.557323   0.937500   0.187500
  0.773869   0.411806   0.582034  -0.477919   0.512120  -2.552756   2.534717   0.937500   0.187500
  0.778894   0.409404   0.584607  -0.490747   0.524857  -2.512721   2.501299   0.937500   0.187500
  0.783920   0.406938   0.587245  -0.503375   0.537429  -2.457523   2.456361   0.937500   0.187500
  0.788945   0.404408   0.589946  -0.515724   0.549772  -2.381604   2.399210   0.937500   0.187500
  0.793970   0.401817   0.592708  -0.527692   0.561828  -2.283525   2.329129   0.937500   0.187500
  0.798995   0.399165   0.595532  -0.539167   0.573532  -2.161858   2.245413   0.937500   0.187500
  0.804020   0.396456   0.598414  -0.550030   0.584815  -2.015197   2.147375   0.937500   0.187500
  0.809045   0.393692   0.601352  -0.560156   0.595606  -1.842189   2.034357   0.937500   0.187500
  0.814070   0.390877   0.604345  -0.569413   0.605828  -1.641560   1.905749   0.937500   0.187500
  0.819095   0.388016   0.607389  -0.577662   0.615405  -1.412159   1.761005   0.937500   0.187500
  0.824121   0.385113   0.610482  -0.584760   0.624255  -1.152938   1.599635   0.937500   0.187500
  0.829146   0.382174   0.613619  -0.590553   0.632294  -0.863225   1.421362   0.937500   0.187500
  0.834171   0.379207   0.616797  -0.594891   0.639436  -0.542452   1.225953   0.937500   0.187500
  0.839196   0.376217   0.620010  -0.597617   0.645596  -0.190428   1.013380   0.937500   0.187500
  0.844221   0.373214   0.623254  -0.598574   0.650689   0.192664   0.783812   0.937500   0.187500
  0.849246   0.370206   0.626524  -0.597606   0.654627   0.606201   0.537652   0.937500   0.187500
  0.854271   0.367203   0.629813  -0.594559   0.657329   1.049070   0.275556   0.937500   0.187500
  0.859296   0.364216   0.633116  -0.589288   0.658714   1.519618  -0.001533   0.937500   0.187500
  0.864322   0.361254   0.636427  -0.581650   0.658706   2.015724  -0.292438   0.937500   0.187500
  0.869347   0.358331   0.639737  -0.571521   0.657236   2.534352  -0.595487   0.937500   0.187500
  0.874372   0.355459   0.643039  -0.558786   0.654244   3.072167  -0.908876   0.937500   0.187500
  0.879397   0.352651   0.646327  -0.543349   0.649677   3.625142  -1.230440   0.937500   0.187500
  0.884422   0.349921   0.649592  -0.525132   0.643494   4.188690  -1.557729   0.937500   0.187500
  0.889447   0.347282   0.652825  -0.504084   0.635666   4.757724  -1.888042   0.937500   0.187500
  0.894472   0.344749   0.656019  -0.480176   0.626179   5.326737  -2.218472   0.937500   0.187500
  0.899497   0.342336   0.659166  -0.453410   0.615031   5.889902  -2.545956   0.937500   0.187500
  0.904523   0.340058   0.662257  -0.423807   0.602235   6.441306  -2.867411   0.937500   0.187500
  0.909548   0.337928   0.665283  -0.391439   0.587826   6.974620  -3.179527   0.937500   0.187500
  0.914573   0.335961   0.668237  -0.356392   0.571849   7.483936  -3.479253   0.937500   0.187500
  0.919598   0.334170   0.671111  -0.318785   0.554366   7.963442  -3.763593   0.937500   0.187500
  0.924623   0.332568   0.673896  -0.278769   0.535454   8.407675  -4.029746   0.937500   0.187500
  0.929648   0.331167   0.676587  -0.236520   0.515205   8.811647  -4.275171   0.937500   0.187500
  0.934673   0.329979   0.679176  -0.192242   0.493722   9.170954  -4.497640   0.937500   0.187500
  0.939698   0.329013   0.681657  -0.146158   0.471121   9.481869  -4.695285   0.937500   0.187500
  0.944724   0.328278   0.684025  -0.098502   0.447523   9.741456  -4.866659   0.937500   0.187500
  0.949749   0.327783   0.686274  -0.049551   0.423068   9.947401  -5.010616   0.937500   0.187500
  0.954774   0.327534   0.688400   0.000435   0.397889  10.098365  -5.126539   0.937500   0.187500
  0.959799   0.327537   0.690399   0.051179   0.372128  10.193744  -5.214177   0.937500   0.187500
  0.964824   0.327794   0.692269   0.102403   0.345927  10.233703  -5.273670   0.937500   0.187500
  0.969849   0.328308   0.694007   0.153827   0.319427  10.219124  -5.305517   0.937500   0.187500
  0.974874   0.329081   0.695612   0.205178   0.292767  10.151554  -5.310548   0.937500   0.187500
  0.979899   0.330112   0.697083   0.256190   0.266081  10.033125  -5.289881   0.937500   0.187500
  0.984925   0.331400   0.698421   0.306616   0.239494   9.866439  -5.244868   0.937500   0.187500
  0.989950   0.332941   0.699624   0.356195   0.213139   9.654626  -5.177087   0.937500   0.187500
  0.994975   0.334731   0.700695   0.404709   0.187124   9.401062  -5.088253   0.937500   0.187500
  1.000000   0.336764   0.701636   0.451950   0.161556   9.109404  -4.980199   0.937500   0.187500