  0.000000   0.373121   0.345398   0.000000   0.000000  19.914234  21.343310   0.062500   0.562500
  0.005025   0.373121   0.345398   0.100069   0.107250  17.421768  19.335346   0.062500   0.562500
  0.010050   0.373624   0.345937   0.187613   0.204410  13.170797  14.982758   0.062500   0.562500
  0.015075   0.374567   0.346964   0.253797   0.279699   7.952535   8.644193   0.062500   0.562500
  0.020101   0.375842   0.348370   0.293766   0.323144   3.775094   3.003550   0.062500   0.562500
  0.025126   0.377318   0.349994   0.312736   0.338237   0.829800  -1.061623   0.062500   0.562500
  0.030151   0.378890   0.351693   0.316906   0.332902  -0.770760  -2.919087   0.062500   0.562500
  0.035176   0.380482   0.353366   0.313033   0.318234  -0.822857  -2.288522   0.062500   0.562500
  0.040201   0.382055   0.354965   0.308898   0.306734  -0.433063  -1.140791   0.062500   0.562500
  0.045226   0.383608   0.356507   0.306722   0.301002  -0.306352  -0.565827   0.062500   0.562500
  0.050251   0.385149   0.358019   0.305182   0.298159  -0.334257  -0.363487   0.062500   0.562500
  0.055276   0.386682   0.359517   0.303503   0.296332  -0.317139  -0.208391   0.062500   0.562500
  0.060302   0.388208   0.361007   0.301909   0.295285  -0.307419  -0.075530   0.062500   0.562500
  0.065327   0.389725   0.362491   0.300364   0.294905  -0.371687  -0.033261   0.062500   0.562500
  0.070352   0.391234   0.363972   0.298496   0.294738  -0.440038  -0.032162   0.062500   0.562500
  0.075377   0.392734   0.365454   0.296285   0.294576  -0.427255   0.028986   0.062500   0.562500
  0.080402   0.394223   0.366934   0.294138   0.294722  -0.405565   0.108508   0.062500   0.562500
  0.085427   0.395701   0.368415   0.292100   0.295267  -0.438050   0.129112   0.062500   0.562500
  0.090452   0.397169   0.369898   0.289899   0.295916  -0.475072   0.115733   0.062500   0.562500
  0.095477   0.398626   0.371385   0.287512   0.296498  -0.452179   0.144777   0.062500   0.562500
  0.100503   0.400071   0.372876   0.285239   0.297225  -0.423011   0.194095   0.062500   0.562500
  0.105528   0.401504   0.374369   0.283113   0.298201  -0.436110   0.202728   0.062500   0.562500
  0.110553   0.402927   0.375868   0.280922   0.299219  -0.453273   0.182881   0.062500   0.562500
  0.115578   0.404338   0.377371   0.278644   0.300138  -0.425532   0.192066   0.062500   0.562500
  0.120603   0.405738   0.378879   0.276506   0.301103  -0.394315   0.221253   0.062500   0.562500
  0.125628   0.407128   0.380392   0.274524   0.302215  -0.396782   0.223033   0.062500   0.562500
  0.130653   0.408507   0.381911   0.272531   0.303336  -0.402099   0.201286   0.062500   0.562500
  0.135678   0.409877   0.383435   0.270510   0.304347  -0.372822   0.198697   0.062500   0.562500
  0.140704   0.411236   0.384965   0.268636   0.305346  -0.342599   0.214709   0.062500   0.562500
  0.145729   0.412586   0.386499   0.266915   0.306425  -0.340027   0.212910   0.062500   0.562500
  0.150754   0.413927   0.388039   0.265206   0.307495  -0.338867   0.191905   0.062500   0.562500
  0.155779   0.415260   0.389584   0.263503   0.308459  -0.310006   0.182867   0.062500   0.562500
  0.160804   0.416584   0.391134   0.261945   0.309378  -0.282287   0.190454   0.062500   0.562500
  0.165829   0.417900   0.392689   0.260527   0.310335  -0.278063   0.187142   0.062500   0.562500
  0.170854   0.419210   0.394248   0.259130   0.311275  -0.273934   0.168285   0.062500   0.562500
  0.175879   0.420512   0.395813   0.257753   0.312121  -0.246599   0.156176   0.062500   0.562500
  0.180905   0.421807   0.397381   0.256514   0.312906  -0.221962   0.158514   0.062500   0.562500
  0.185930   0.423096   0.398954   0.255398   0.313703  -0.218073   0.154903   0.062500   0.562500
  0.190955   0.424380   0.400530   0.254303   0.314481  -0.213214   0.138822   0.062500   0.562500
  0.195980   0.425657   0.402110   0.253231   0.315179  -0.187937   0.125770   0.062500   0.562500
  0.201005   0.426930   0.403694   0.252287   0.315811  -0.166370   0.125000   0.062500   0.562500
  0.206030   0.428198   0.405281   0.251451   0.316439  -0.163810   0.121792   0.062500   0.562500
  0.211055   0.429461   0.406871   0.250628   0.317051  -0.159561   0.108639   0.062500   0.562500
  0.216080   0.430721   0.408464   0.249826   0.317597  -0.136562   0.095867   0.062500   0.562500
  0.221106   0.431976   0.410060   0.249139   0.318078  -0.117771   0.093349   0.062500   0.562500
  0.226131   0.433228   0.411659   0.248548   0.318547  -0.116966   0.090864   0.062500   0.562500
  0.231156   0.434477   0.413260   0.247960   0.319004  -0.114052   0.080476   0.062500   0.562500
  0.236181   0.435723   0.414863   0.247387   0.319408  -0.093295   0.068651   0.062500   0.562500
  0.241206   0.436966   0.416468   0.246918   0.319753  -0.076842   0.065359   0.062500   0.562500
  0.246231   0.438207   0.418074   0.246532   0.320082  -0.077806   0.063792   0.062500   0.562500
  0.251256   0.439446   0.419683   0.246141   0.320402  -0.076410   0.055809   0.062500   0.562500
  0.256281   0.440683   0.421293   0.245757   0.320683  -0.057607   0.045330   0.062500   0.562500
  0.261307   0.441918   0.422904   0.245467   0.320911  -0.043134   0.042517   0.062500   0.562500
  0.266332   0.443151   0.424517   0.245251   0.321124  -0.045816   0.042618   0.062500   0.562500
  0.271357   0.444384   0.426131   0.245020   0.321338  -0.045526   0.037031   0.062500   0.562500
  0.276382   0.445615   0.427745   0.244792   0.321525  -0.028003   0.029401   0.062500   0.562500
  0.281407   0.446845   0.429361   0.244651   0.321672  -0.016153   0.031654   0.062500   0.562500
  0.286432   0.448074   0.430978   0.244570   0.321831  -0.021732   0.038178   0.062500   0.562500
  0.291457   0.449303   0.432595   0.244461   0.322023  -0.022068   0.038796   0.062500   0.562500
  0.296482   0.450532   0.434213   0.244350   0.322218  -0.005691   0.043160   0.062500   0.562500
  0.301508   0.451760   0.435832   0.244321   0.322435  -0.002560   0.070182   0.062500   0.562500
  0.306533   0.452988   0.437453   0.244308   0.322788  -0.019699   0.104960   0.062500   0.562500
  0.311558   0.454215   0.439075   0.244209   0.323315  -0.025079   0.133628   0.062500   0.562500
  0.316583   0.455442   0.440699   0.244083   0.323987  -0.017458   0.190660   0.062500   0.562500
  0.321608   0.456669   0.442327   0.243995   0.324945  -0.051711   0.313945   0.062500   0.562500
  0.326633   0.457895   0.443960   0.243736   0.326522  -0.118873   0.453633   0.062500   0.562500
  0.331658   0.459120   0.445601   0.243138   0.328802  -0.159788   0.589474   0.062500   0.562500
  0.336683   0.460342   0.447253   0.242335   0.331764  -0.204223   0.828842   0.062500   0.562500
  0.341709   0.461560   0.448921   0.241309   0.335930  -0.375627   1.249256   0.062500   0.562500
  0.346734   0.462772   0.450609   0.239421   0.342207  -0.619826   1.697757   0.062500   0.562500
  0.351759   0.463975   0.452328   0.236307   0.350738  -0.810399   2.142688   0.062500   0.562500
  0.356784   0.465163   0.454091   0.232235   0.361505  -1.051235   2.852355   0.062500   0.562500
  0.361809   0.466330   0.455907   0.226952   0.375838  -1.616828   3.963996   0.062500   0.562500
  0.366834   0.467470   0.457796   0.218828   0.395758  -2.350016   5.094616   0.062500   0.562500
  0.371859   0.468570   0.459785   0.207019   0.421358  -2.981652   6.185541   0.062500   0.562500
  0.376884   0.469610   0.461902   0.192036   0.452440  -3.736038   7.730270   0.062500   0.562500
  0.381910   0.470575   0.464176   0.173259   0.491293  -5.132737   9.887952   0.062500   0.562500
  0.386935   0.471446   0.466645   0.147467   0.540980  -6.854900  11.956597   0.062500   0.562500
  0.391960   0.472187   0.469363   0.113021   0.601062  -8.406322  13.855092   0.062500   0.562500
  0.396985   0.472755   0.472383   0.070779   0.670683 -10.069789  16.111433   0.062500   0.562500
  0.402010   0.473110   0.475753   0.020178   0.751643 -12.520516  18.600768   0.062500   0.562500
  0.407035   0.473212   0.479530  -0.042737   0.845112 -15.379951  20.596450   0.062500   0.562500
  0.412060   0.472997   0.483777  -0.120022   0.948609 -18.030060  22.220141   0.062500   0.562500
  0.417085   0.472394   0.488544  -0.210623   1.060266 -20.455161  23.365912   0.062500   0.562500
  0.422111   0.471335   0.493873  -0.313430   1.177703 -22.763608  22.875964   0.062500   0.562500
  0.427136   0.469760   0.499791  -0.427817   1.292654 -24.963705  21.013657   0.062500   0.562500
  0.432161   0.467611   0.506286  -0.553260   1.398248 -27.082376  18.864761   0.062500   0.562500
  0.437186   0.464830   0.513313  -0.689349   1.493043 -28.278903  15.092715   0.062500   0.562500
  0.442211   0.461366   0.520815  -0.831450   1.568884 -26.633851   7.064486   0.062500   0.562500
  0.447236   0.457188   0.528699  -0.965286   1.604383 -23.158205  -2.952024   0.062500   0.562500
  0.452261   0.452338   0.536761  -1.081656   1.589549 -20.161573 -11.937746   0.062500   0.562500
  0.457286   0.446902   0.544748  -1.182967   1.529562 -16.463081 -20.753777   0.062500   0.562500
  0.462312   0.440957   0.552436  -1.265711   1.425254  -7.605401 -31.665210   0.062500   0.562500
  0.467337   0.434597   0.559598  -1.303928   1.266136   5.341562 -43.837873   0.062500   0.562500
  0.472362   0.428044   0.565960  -1.277087   1.045851  17.542465 -55.651753   0.062500   0.562500
  0.477387   0.421627   0.571215  -1.188936   0.766201  27.971896 -65.125110   0.062500   0.562500
  0.482412   0.415653   0.575066  -1.048377   0.438947  38.668828 -66.145549   0.062500   0.562500
  0.487437   0.410385   0.577271  -0.854066   0.106566  50.930794 -58.989193   0.062500   0.562500
  0.492462   0.406093   0.577807  -0.598139  -0.189855  63.703408 -51.099607   0.062500   0.562500
  0.497487   0.403087   0.576853  -0.278029  -0.446631  74.263674 -45.042788   0.062500   0.562500
  0.502513   0.401690   0.574608   0.095220  -0.673016  75.867919 -37.522386   0.062500   0.562500
  0.507538   0.402168   0.571226   0.476456  -0.861566  68.643843 -25.749625   0.062500   0.562500
  0.512563   0.404563   0.566897   0.821391  -0.990957  60.582808 -12.025745   0.062500   0.562500
  0.517588   0.408690   0.561917   1.125820  -1.051387  54.092687   1.530428   0.062500   0.562500
  0.522613   0.414347   0.556634   1.397636  -1.043696  45.144341  11.810351   0.062500   0.562500
  0.527638   0.421370   0.551389   1.624486  -0.984349  31.207475  17.002946   0.062500   0.562500
  0.532663   0.429533   0.546443   1.781304  -0.898910  15.841658  20.183505   0.062500   0.562500
  0.537688   0.438485   0.541926   1.860908  -0.797487   1.681450  23.617091   0.062500   0.562500
  0.542714   0.447837   0.537918   1.869359  -0.678788  -9.111953  26.229402   0.062500   0.562500
  0.547739   0.457231   0.534507   1.823571  -0.546985 -16.018954  25.937501   0.062500   0.562500
  0.552764   0.466394   0.531758   1.743076  -0.416649 -21.537910  23.935084   0.062500   0.562500
  0.557789   0.475153   0.529665   1.634848  -0.296375 -26.760399  21.752063   0.062500   0.562500
  0.562814   0.483368   0.528175   1.500377  -0.187071 -29.962240  19.588238   0.062500   0.562500
  0.567839   0.490908   0.527235   1.349817  -0.088640 -29.785477  17.125304   0.062500   0.562500
  0.572864   0.497691   0.526790   1.200145  -0.002586 -28.251356  14.490611   0.062500   0.562500
  0.577889   0.503721   0.526777   1.058182   0.070230 -26.683297  11.882873   0.062500   0.562500
  0.582915   0.509040   0.527130   0.924072   0.129953 -24.648418   9.518877   0.062500   0.562500
  0.587940   0.513683   0.527783   0.800213   0.177785 -21.728925   7.674897   0.062500   0.562500
  0.592965   0.517704   0.528676   0.691025   0.216352 -18.609582   6.181542   0.062500   0.562500
  0.597990   0.521177   0.529764   0.597512   0.247414 -15.685909   4.766915   0.062500   0.562500
  0.603015   0.524179   0.531007   0.518691   0.271368 -12.993945   3.467287   0.062500   0.562500
  0.608040   0.526786   0.532370   0.453396   0.288791 -10.633236   2.556377   0.062500   0.562500
  0.613065   0.529064   0.533822   0.399964   0.301636  -8.570896   1.953123   0.062500   0.562500
  0.618090   0.531074   0.535337   0.356895   0.311451  -6.682294   1.423257   0.062500   0.562500
  0.623116   0.532868   0.536903   0.323310   0.318604  -5.041902   0.925761   0.062500   0.562500
  0.628141   0.534492   0.538504   0.297975   0.323256  -3.839638   0.590009   0.062500   0.562500
  0.633166   0.535990   0.540128   0.278680   0.326221  -2.926896   0.404010   0.062500   0.562500
  0.638191   0.537390   0.541767   0.263973   0.328251  -2.108696   0.257365   0.062500   0.562500
  0.643216   0.538716   0.543417   0.253376   0.329544  -1.414427   0.113758   0.062500   0.562500
  0.648241   0.539990   0.545073   0.246269   0.330116  -0.964726   0.017536   0.062500   0.562500
  0.653266   0.541227   0.546731   0.241421   0.330204  -0.670082  -0.023990   0.062500   0.562500
  0.658291   0.542440   0.548391   0.238054   0.330084  -0.409173  -0.050709   0.062500   0.562500
  0.663317   0.543637   0.550050   0.235998   0.329829  -0.184995  -0.082106   0.062500   0.562500
  0.668342   0.544823   0.551707   0.235068   0.329416  -0.057913  -0.103431   0.062500   0.562500
  0.673367   0.546004   0.553362   0.234777   0.328896   0.003158  -0.106022   0.062500   0.562500
  0.678392   0.547184   0.555015   0.234793   0.328364   0.058130  -0.104191   0.062500   0.562500
  0.683417   0.548363   0.556665   0.235085   0.327840   0.115649  -0.108219   0.062500   0.562500
  0.688442   0.549545   0.558313   0.235666   0.327296   0.143107  -0.111030   0.062500   0.562500
  0.693467   0.550729   0.559957   0.236385   0.326738   0.139227  -0.105354   0.062500   0.562500
  0.698492   0.551917   0.561599   0.237085   0.326209   0.136058  -0.098589   0.062500   0.562500
  0.703518   0.553108   0.563239   0.237769   0.325713   0.149073  -0.097678   0.062500   0.562500
  0.708543   0.554303   0.564875   0.238518   0.325223   0.155789  -0.096985   0.062500   0.562500
  0.713568   0.555502   0.566510   0.239301   0.324735   0.139868  -0.090028   0.062500   0.562500
  0.718593   0.556704   0.568141   0.240003   0.324283   0.124058  -0.083003   0.062500   0.562500
  0.723618   0.557910   0.569771   0.240627   0.323866   0.128665  -0.082029   0.062500   0.562500
  0.728643   0.559119   0.571398   0.241273   0.323454   0.134799  -0.081288   0.062500   0.562500
  0.733668   0.560332   0.573024   0.241951   0.323045   0.118520  -0.074294   0.062500   0.562500
  0.738693   0.561548   0.574647   0.242546   0.322672   0.100345  -0.067717   0.062500   0.562500
  0.743719   0.562767   0.576269   0.243051   0.322331   0.104742  -0.067816   0.062500   0.562500
  0.748744   0.563988   0.577888   0.243577   0.321991   0.114092  -0.067821   0.062500   0.562500
  0.753769   0.565212   0.579506   0.244150   0.321650   0.098688  -0.060695   0.062500   0.562500
  0.758794   0.566439   0.581123   0.244646   0.321345   0.079228  -0.054509   0.062500   0.562500
  0.763819   0.567668   0.582738   0.245044   0.321071   0.084889  -0.056182   0.062500   0.562500
  0.768844   0.568899   0.584351   0.245471   0.320789   0.098441  -0.057146   0.062500   0.562500
  0.773869   0.570133   0.585963   0.245965   0.320501   0.083440  -0.049335   0.062500   0.562500
  0.778894   0.571369   0.587573   0.246385   0.320254   0.061731  -0.043305   0.062500   0.562500
  0.783920   0.572607   0.589183   0.246695   0.320036   0.068869  -0.047164   0.062500   0.562500
  0.788945   0.573847   0.590791   0.247041   0.319799   0.087768  -0.049320   0.062500   0.562500
  0.793970   0.575088   0.592398   0.247482   0.319551   0.072697  -0.039935   0.062500   0.562500
  0.798995   0.576332   0.594004   0.247847   0.319350   0.047127  -0.033629   0.062500   0.562500
  0.804020   0.577577   0.595609   0.248084   0.319181   0.055658  -0.040502   0.062500   0.562500
  0.809045   0.578824   0.597213   0.248364   0.318978   0.081676  -0.044289   0.062500   0.562500
  0.814070   0.580072   0.598815   0.248774   0.318755   0.066335  -0.032129   0.062500   0.562500
  0.819095   0.581322   0.600417   0.249108   0.318594   0.034724  -0.024879   0.062500   0.562500
  0.824121   0.582574   0.602018   0.249282   0.318469   0.044202  -0.035908   0.062500   0.562500
  0.829146   0.583827   0.603619   0.249504   0.318288   0.079744  -0.042138   0.062500   0.562500
  0.834171   0.585080   0.605218   0.249905   0.318077   0.064399  -0.025678   0.062500   0.562500
  0.839196   0.586336   0.606816   0.250229   0.317948   0.024086  -0.016430   0.062500   0.562500
  0.844221   0.587594   0.608414   0.250350   0.317865   0.033489  -0.032928   0.062500   0.562500
  0.849246   0.588852   0.610011   0.250518   0.317700   0.081401  -0.042864   0.062500   0.562500
  0.854271   0.590110   0.611608   0.250927   0.317484   0.066990  -0.020386   0.062500   0.562500
  0.859296   0.591371   0.613203   0.251264   0.317382   0.014920  -0.007680   0.062500   0.562500
  0.864322   0.592634   0.614798   0.251339   0.317343   0.022339  -0.031041   0.062500   0.562500
  0.869347   0.593897   0.616393   0.251451   0.317187   0.085447  -0.046477   0.062500   0.562500
  0.874372   0.595161   0.617987   0.251880   0.316954   0.073835  -0.016288   0.062500   0.562500
  0.879397   0.596426   0.619580   0.252251   0.316872   0.007127   0.001794   0.062500   0.562500
  0.884422   0.597694   0.621172   0.252287   0.316881   0.009718  -0.029478   0.062500   0.562500
  0.889447   0.598962   0.622764   0.252336   0.316733   0.090139  -0.052582   0.062500   0.562500
  0.894472   0.600230   0.624356   0.252789   0.316468   0.084183  -0.013419   0.062500   0.562500
  0.899497   0.601500   0.625946   0.253212   0.316401   0.000718   0.012241   0.062500   0.562500
  0.904523   0.602773   0.627536   0.253215   0.316463  -0.005142  -0.027390   0.062500   0.562500
  0.909548   0.604045   0.629126   0.253190   0.316325   0.093304  -0.060477   0.062500   0.562500
  0.914573   0.605317   0.630716   0.253658   0.316021   0.096650  -0.011903   0.062500   0.562500
  0.919598   0.606592   0.632304   0.254144   0.315961  -0.004199   0.023549   0.062500   0.562500
  0.924623   0.607869   0.633892   0.254123   0.316080  -0.022408  -0.023929   0.062500   0.562500
  0.929648   0.609146   0.635480   0.254010   0.315959   0.092894  -0.069115   0.062500   0.562500
  0.934673   0.610422   0.637068   0.254477   0.315612   0.109583  -0.011815   0.062500   0.562500
  0.939698   0.611701   0.638654   0.255028   0.315553  -0.007463   0.035337   0.062500   0.562500
  0.944724   0.612983   0.640240   0.254990   0.315730  -0.041563  -0.018596   0.062500   0.562500
  0.949749   0.614264   0.641826   0.254782   0.315637   0.087649  -0.077315   0.062500   0.562500
  0.954774   0.615545   0.643412   0.255222   0.315248   0.121361  -0.012323   0.062500   0.562500
  0.959799   0.616827   0.644996   0.255832   0.315186  -0.009395   0.049802   0.062500   0.562500
  0.964824   0.618113   0.646580   0.255785   0.315437  -0.063350  -0.004636   0.062500   0.562500
  0.969849   0.619398   0.648165   0.255466   0.315413   0.071895  -0.073175   0.062500   0.562500
  0.974874   0.620682   0.649750   0.255828   0.315046   0.116701   0.003641   0.062500   0.562500
  0.979899   0.621967   0.651333   0.256414   0.315064  -0.051007   0.104165   0.062500   0.562500
  0.984925   0.623256   0.652917   0.256158   0.315587  -0.205617   0.101964   0.062500   0.562500
  0.989950   0.624543   0.654503   0.255124   0.316100  -0.216864   0.052846   0.062500   0.562500
  0.994975   0.625825   0.656091   0.254035   0.316365  -0.276124   0.055858   0.062500   0.562500
  1.000000   0.627102   0.657681   0.252647   0.316646  -0.510188   0.047363   0.062500   0.562500