  0.000000   0.405721   0.323616   0.000000   0.000000  18.323172  22.263927   0.187500   0.812500
  0.005025   0.405721   0.323616   0.092074   0.111876  15.907135  20.143083   0.187500   0.812500
  0.010050   0.406184   0.324178   0.172007   0.213095  12.249768  15.394344   0.187500   0.812500
  0.015075   0.407048   0.325249   0.233562   0.290452   7.938804   8.592460   0.187500   0.812500
  0.020101   0.408222   0.326709   0.273463   0.333638   4.421067   2.719154   0.187500   0.812500
  0.025126   0.409596   0.328385   0.295679   0.347301   1.830011  -1.415200   0.187500   0.812500
  0.030151   0.411082   0.330131   0.304874   0.340190   0.288929  -3.268534   0.187500   0.812500
  0.035176   0.412614   0.331840   0.306326   0.323765  -0.017102  -2.559005   0.187500   0.812500
  0.040201   0.414153   0.333467   0.306240   0.310906   0.043839  -1.291749   0.187500   0.812500
  0.045226   0.415692   0.335029   0.306461   0.304415  -0.087621  -0.600276   0.187500   0.812500
  0.050251   0.417232   0.336559   0.306020   0.301399  -0.312873  -0.291738   0.187500   0.812500
  0.055276   0.418770   0.338073   0.304448   0.299933  -0.452346  -0.046136   0.187500   0.812500
  0.060302   0.420300   0.339581   0.302175   0.299701  -0.566192   0.154935   0.187500   0.812500
  0.065327   0.421818   0.341087   0.299330   0.300480  -0.731646   0.251218   0.187500   0.812500
  0.070352   0.423322   0.342597   0.295653   0.301742  -0.888134   0.302249   0.187500   0.812500
  0.075377   0.424808   0.344113   0.291190   0.303261  -0.949150   0.405875   0.187500   0.812500
  0.080402   0.426271   0.345637   0.286421   0.305300  -0.981524   0.511754   0.187500   0.812500
  0.085427   0.427711   0.347171   0.281489   0.307872  -1.054012   0.549032   0.187500   0.812500
  0.090452   0.429125   0.348718   0.276192   0.310631  -1.125091   0.552502   0.187500   0.812500
  0.095477   0.430513   0.350279   0.270539   0.313407  -1.128944   0.595746   0.187500   0.812500
  0.100503   0.431873   0.351854   0.264865   0.316401  -1.112735   0.646980   0.187500   0.812500
  0.105528   0.433204   0.353444   0.259273   0.319653  -1.129492   0.650510   0.187500   0.812500
  0.110553   0.434506   0.355050   0.253597   0.322921  -1.148820   0.628353   0.187500   0.812500
  0.115578   0.435781   0.356673   0.247824   0.326079  -1.120669   0.635918   0.187500   0.812500
  0.120603   0.437026   0.358312   0.242193   0.329274  -1.079225   0.653816   0.187500   0.812500
  0.125628   0.438243   0.359966   0.236770   0.332560  -1.065111   0.638798   0.187500   0.812500
  0.130653   0.439433   0.361637   0.231418   0.335770  -1.055101   0.604544   0.187500   0.812500
  0.135678   0.440596   0.363325   0.226116   0.338807  -1.011111   0.592463   0.187500   0.812500
  0.140704   0.441732   0.365027   0.221034   0.341785  -0.959007   0.591128   0.187500   0.812500
  0.145729   0.442843   0.366745   0.216215   0.344756  -0.929918   0.567211   0.187500   0.812500
  0.150754   0.443929   0.368477   0.211542   0.347606  -0.905084   0.529123   0.187500   0.812500
  0.155779   0.444992   0.370224   0.206994   0.350265  -0.855292   0.507640   0.187500   0.812500
  0.160804   0.446033   0.371984   0.202696   0.352816  -0.801261   0.496227   0.187500   0.812500
  0.165829   0.447051   0.373757   0.198670   0.355309  -0.766976   0.469367   0.187500   0.812500
  0.170854   0.448049   0.375542   0.194816   0.357668  -0.736430   0.432216   0.187500   0.812500
  0.175879   0.449028   0.377340   0.191115   0.359840  -0.686820   0.407590   0.187500   0.812500
  0.180905   0.449989   0.379148   0.187663   0.361888  -0.635737   0.391836   0.187500   0.812500
  0.185930   0.450932   0.380967   0.184469   0.363857  -0.602020   0.365495   0.187500   0.812500
  0.190955   0.451859   0.382795   0.181444   0.365694  -0.571254   0.331813   0.187500   0.812500
  0.195980   0.452771   0.384633   0.178573   0.367361  -0.525127   0.307738   0.187500   0.812500
  0.201005   0.453668   0.386479   0.175934   0.368907  -0.479413   0.291175   0.187500   0.812500
  0.206030   0.454552   0.388332   0.173525   0.370371  -0.449338   0.267251   0.187500   0.812500
  0.211055   0.455424   0.390194   0.171267   0.371714  -0.421423   0.238158   0.187500   0.812500
  0.216080   0.456285   0.392061   0.169150   0.372910  -0.380411   0.216623   0.187500   0.812500
  0.221106   0.457135   0.393936   0.167238   0.373999  -0.340991   0.201318   0.187500   0.812500
  0.226131   0.457975   0.395815   0.165524   0.375011  -0.315993   0.180721   0.187500   0.812500
  0.231156   0.458807   0.397699   0.163937   0.375919  -0.292425   0.156505   0.187500   0.812500
  0.236181   0.459631   0.399588   0.162467   0.376705  -0.257157   0.138665   0.187500   0.812500
  0.241206   0.460447   0.401481   0.161175   0.377402  -0.224329   0.126283   0.187500   0.812500
  0.246231   0.461257   0.403378   0.160048   0.378037  -0.205003   0.109809   0.187500   0.812500
  0.251256   0.462061   0.405277   0.159017   0.378588  -0.186320   0.090657   0.187500   0.812500
  0.256281   0.462860   0.407180   0.158081   0.379044  -0.157263   0.078203   0.187500   0.812500
  0.261307   0.463655   0.409085   0.157291   0.379437  -0.132298   0.072378   0.187500   0.812500
  0.266332   0.464445   0.410992   0.156626   0.379801  -0.120135   0.063116   0.187500   0.812500
  0.271357   0.465232   0.412900   0.156022   0.380118  -0.107135   0.051458   0.187500   0.812500
  0.276382   0.466016   0.414810   0.155484   0.380376  -0.086797   0.051127   0.187500   0.812500
  0.281407   0.466798   0.416722   0.155048   0.380633  -0.077185   0.065423   0.187500   0.812500
  0.286432   0.467577   0.418634   0.154660   0.380962  -0.080592   0.077293   0.187500   0.812500
  0.291457   0.468354   0.420549   0.154255   0.381350  -0.079526   0.086605   0.187500   0.812500
  0.296482   0.469129   0.422465   0.153855   0.381786  -0.080749   0.124147   0.187500   0.812500
  0.301508   0.469902   0.424384   0.153450   0.382410  -0.116567   0.203395   0.187500   0.812500
  0.306533   0.470673   0.426305   0.152864   0.383432  -0.170273   0.283723   0.187500   0.812500
  0.311558   0.471441   0.428232   0.152008   0.384857  -0.211799   0.362642   0.187500   0.812500
  0.316583   0.472205   0.430166   0.150944   0.386680  -0.283282   0.515841   0.187500   0.812500
  0.321608   0.472964   0.432109   0.149520   0.389272  -0.456654   0.776345   0.187500   0.812500
  0.326633   0.473715   0.434065   0.147226   0.393173  -0.666411   1.043177   0.187500   0.812500
  0.331658   0.474455   0.436041   0.143877   0.398415  -0.851797   1.313349   0.187500   0.812500
  0.336683   0.475178   0.438043   0.139597   0.405014  -1.132490   1.753193   0.187500   0.812500
  0.341709   0.475879   0.440079   0.133905   0.413826  -1.658685   2.410285   0.187500   0.812500
  0.346734   0.476552   0.442158   0.125570   0.425938  -2.258742   3.057534   0.187500   0.812500
  0.351759   0.477183   0.444298   0.114220   0.441302  -2.816811   3.704361   0.187500   0.812500
  0.356784   0.477757   0.446516   0.100065   0.459916  -3.583947   4.648079   0.187500   0.812500
  0.361809   0.478260   0.448827   0.082056   0.483273  -4.805052   5.896701   0.187500   0.812500
  0.366834   0.478672   0.451255   0.057911   0.512904  -6.123032   7.030470   0.187500   0.812500
  0.371859   0.478963   0.453833   0.027142   0.548232  -7.353043   8.093969   0.187500   0.812500
  0.376884   0.479100   0.456588  -0.009807   0.588904  -8.884869   9.461149   0.187500   0.812500
  0.381910   0.479051   0.459547  -0.054462   0.636456 -10.982893  10.995694   0.187500   0.812500
  0.386935   0.478777   0.462746  -0.109651   0.691709 -13.081826  12.170050   0.187500   0.812500
  0.391960   0.478226   0.466221  -0.175387   0.752864 -14.957057  13.083162   0.187500   0.812500
  0.396985   0.477345   0.470005  -0.250547   0.818607 -16.951935  13.882348   0.187500   0.812500
  0.402010   0.476086   0.474118  -0.335730   0.888365 -19.127364  14.190443   0.187500   0.812500
  0.407035   0.474399   0.478582  -0.431845   0.959672 -21.011004  13.917394   0.187500   0.812500
  0.412060   0.472229   0.483405  -0.537425   1.029607 -22.488717  13.305559   0.187500   0.812500
  0.417085   0.469528   0.488578  -0.650431   1.096468 -23.347114  11.776769   0.187500   0.812500
  0.422111   0.466259   0.494089  -0.767774   1.155658 -23.061974   8.604686   0.187500   0.812500
  0.427136   0.462401   0.499896  -0.883660   1.198896 -22.119858   4.968256   0.187500   0.812500
  0.432161   0.457960   0.505921  -0.994812   1.223862 -21.021418   1.657986   0.187500   0.812500
  0.437186   0.452962   0.512071  -1.100445   1.232193 -18.562375  -2.479596   0.187500   0.812500
  0.442211   0.447432   0.518262  -1.193721   1.219733 -13.131919  -8.636933   0.187500   0.812500
  0.447236   0.441433   0.524392  -1.259709   1.176333  -6.727800 -15.035560   0.187500   0.812500
  0.452261   0.435103   0.530303  -1.293516   1.100779  -1.342333 -20.054193   0.187500   0.812500
  0.457286   0.428603   0.535834  -1.300261   1.000007   4.243579 -23.640594   0.187500   0.812500
  0.462312   0.422068   0.540860  -1.278933   0.881189  12.604179 -26.548770   0.187500   0.812500
  0.467337   0.415642   0.545288  -1.215597   0.747781  22.452980 -29.841461   0.187500   0.812500
  0.472362   0.409533   0.549046  -1.102771   0.597828  30.918064 -33.512957   0.187500   0.812500
  0.477387   0.403992   0.552050  -0.947408   0.429425  37.030226 -36.097661   0.187500   0.812500
  0.482412   0.399231   0.554208  -0.761331   0.248035  41.412611 -34.602584   0.187500   0.812500
  0.487437   0.395405   0.555454  -0.553232   0.074157  46.095985 -29.934784   0.187500   0.812500
  0.492462   0.392625   0.555827  -0.321600  -0.076266  51.514982 -25.965729   0.187500   0.812500
  0.497487   0.391009   0.555443  -0.062737  -0.206743  55.830126 -24.089428   0.187500   0.812500
  0.502513   0.390694   0.554404   0.217865  -0.327817  55.163184 -22.104739   0.187500   0.812500
  0.507538   0.391789   0.552757   0.495060  -0.438893  50.148747 -17.007058   0.187500   0.812500
  0.512563   0.394277   0.550552   0.747057  -0.524354  45.500029  -9.932057   0.187500   0.812500
  0.517588   0.398030   0.547917   0.975695  -0.574262  42.617960  -2.644641   0.187500   0.812500
  0.522613   0.402933   0.545031   1.189850  -0.587552  38.524178   3.267268   0.187500   0.812500
  0.527638   0.408912   0.542079   1.383434  -0.571134  30.449322   7.111341   0.187500   0.812500
  0.532663   0.415864   0.539209   1.536442  -0.535399  20.738888  10.282043   0.187500   0.812500
  0.537688   0.423585   0.536518   1.640655  -0.483732  11.557886  13.880279   0.187500   0.812500
  0.542714   0.431831   0.534087   1.698745  -0.413970   3.698776  17.041417   0.187500   0.812500
  0.547739   0.440367   0.532007   1.717331  -0.328336  -2.985128  17.972570   0.187500   0.812500
  0.552764   0.448996   0.530357   1.702331  -0.238024  -9.308466  17.439904   0.187500   0.812500
  0.557789   0.457551   0.529161   1.655556  -0.150389 -15.629204  16.698110   0.187500   0.812500
  0.562814   0.465870   0.528405   1.577019  -0.066481 -20.779564  15.810960   0.187500   0.812500
  0.567839   0.473794   0.528071   1.472602   0.012969 -23.279002  14.313548   0.187500   0.812500
  0.572864   0.481194   0.528136   1.355625   0.084895 -24.314185  12.437602   0.187500   0.812500
  0.577889   0.488006   0.528563   1.233446   0.147394 -25.125631  10.499723   0.187500   0.812500
  0.582915   0.494205   0.529304   1.107165   0.200166 -25.297960   8.624553   0.187500   0.812500
  0.587940   0.499769   0.530310   0.980043   0.243504 -24.037759   6.991222   0.187500   0.812500
  0.592965   0.504694   0.531533   0.859253   0.278635 -22.071434   5.590959   0.187500   0.812500
  0.597990   0.509011   0.532933   0.748344   0.306729 -20.049849   4.279455   0.187500   0.812500
  0.603015   0.512772   0.534475   0.647593   0.328234 -17.887560   3.086066   0.187500   0.812500
  0.608040   0.516026   0.536124   0.557708   0.343741 -15.532456   2.214926   0.187500   0.812500
  0.613065   0.518829   0.537851   0.479658   0.354871 -13.259204   1.598969   0.187500   0.812500
  0.618090   0.521239   0.539634   0.413030   0.362906 -11.122281   1.063282   0.187500   0.812500
  0.623116   0.523315   0.541458   0.357130   0.368250  -9.098206   0.600899   0.187500   0.812500
  0.628141   0.525109   0.543309   0.311411   0.371269  -7.357181   0.312113   0.187500   0.812500
  0.633166   0.526674   0.545175   0.274441   0.372838  -5.919021   0.148676   0.187500   0.812500
  0.638191   0.528053   0.547048   0.244698   0.373585  -4.630454   0.016954   0.187500   0.812500
  0.643216   0.529283   0.548925   0.221430   0.373670  -3.482999  -0.093483   0.187500   0.812500
  0.648241   0.530395   0.550803   0.203928   0.373200  -2.618798  -0.147700   0.187500   0.812500
  0.653266   0.531420   0.552678   0.190769   0.372458  -1.978158  -0.161152   0.187500   0.812500
  0.658291   0.532379   0.554550   0.180829   0.371648  -1.417919  -0.166764   0.187500   0.812500
  0.663317   0.533288   0.556418   0.173702   0.370810  -0.935829  -0.171950   0.187500   0.812500
  0.668342   0.534161   0.558281   0.169000   0.369946  -0.614167  -0.169125   0.187500   0.812500
  0.673367   0.535010   0.560140   0.165913   0.369096  -0.405324  -0.158409   0.187500   0.812500
  0.678392   0.535843   0.561995   0.163877   0.368300  -0.223438  -0.145896   0.187500   0.812500
  0.683417   0.536667   0.563846   0.162754   0.367567  -0.064421  -0.134578   0.187500   0.812500
  0.688442   0.537485   0.565693   0.162430   0.366891   0.028267  -0.125614   0.187500   0.812500
  0.693467   0.538301   0.567536   0.162572   0.366260   0.071299  -0.118106   0.187500   0.812500
  0.698492   0.539118   0.569377   0.162930   0.365666   0.109115  -0.110354   0.187500   0.812500
  0.703518   0.539937   0.571215   0.163479   0.365112   0.150516  -0.101464   0.187500   0.812500
  0.708543   0.540758   0.573049   0.164235   0.364602   0.170832  -0.093831   0.187500   0.812500
  0.713568   0.541584   0.574881   0.165094   0.364130   0.166482  -0.089613   0.187500   0.812500
  0.718593   0.542413   0.576711   0.165930   0.363680   0.162176  -0.086402   0.187500   0.812500
  0.723618   0.543247   0.578539   0.166745   0.363246   0.170464  -0.080733   0.187500   0.812500
  0.728643   0.544085   0.580364   0.167602   0.362840   0.174150  -0.073881   0.187500   0.812500
  0.733668   0.544927   0.582187   0.168477   0.362469   0.160120  -0.070706   0.187500   0.812500
  0.738693   0.545774   0.584009   0.169281   0.362114   0.146421  -0.069952   0.187500   0.812500
  0.743719   0.546624   0.585829   0.170017   0.361762   0.148434  -0.066459   0.187500   0.812500
  0.748744   0.547479   0.587646   0.170763   0.361428   0.150925  -0.059623   0.187500   0.812500
  0.753769   0.548337   0.589463   0.171522   0.361128   0.135822  -0.056370   0.187500   0.812500
  0.758794   0.549199   0.591277   0.172204   0.360845   0.120424  -0.057265   0.187500   0.812500
  0.763819   0.550064   0.593090   0.172809   0.360557   0.123091  -0.055674   0.187500   0.812500
  0.768844   0.550932   0.594902   0.173428   0.360278   0.128117  -0.048364   0.187500   0.812500
  0.773869   0.551804   0.596713   0.174072   0.360035   0.112911  -0.044306   0.187500   0.812500
  0.778894   0.552679   0.598522   0.174639   0.359812   0.096538  -0.046796   0.187500   0.812500
  0.783920   0.553556   0.600330   0.175124   0.359577   0.101453  -0.047533   0.187500   0.812500
  0.788945   0.554436   0.602137   0.175634   0.359338   0.110326  -0.039344   0.187500   0.812500
  0.793970   0.555319   0.603943   0.176188   0.359140   0.094511  -0.033558   0.187500   0.812500
  0.798995   0.556204   0.605747   0.176663   0.358972   0.076183  -0.037781   0.187500   0.812500
  0.804020   0.557092   0.607551   0.177046   0.358782   0.083779  -0.041740   0.187500   0.812500
  0.809045   0.557982   0.609354   0.177467   0.358572   0.097782  -0.032313   0.187500   0.812500
  0.814070   0.558873   0.611156   0.177958   0.358410   0.080730  -0.023490   0.187500   0.812500
  0.819095   0.559768   0.612957   0.178364   0.358292   0.058819  -0.029605   0.187500   0.812500
  0.824121   0.560664   0.614758   0.178660   0.358143   0.069176  -0.038173   0.187500   0.812500
  0.829146   0.561562   0.616557   0.179007   0.357951   0.090027  -0.027311   0.187500   0.812500
  0.834171   0.562461   0.618356   0.179460   0.357814   0.071337  -0.013656   0.187500   0.812500
  0.839196   0.563363   0.620154   0.179818   0.357745   0.043789  -0.021658   0.187500   0.812500
  0.844221   0.564267   0.621952   0.180038   0.357636   0.056620  -0.036644   0.187500   0.812500
  0.849246   0.565171   0.623749   0.180323   0.357452   0.086468  -0.024463   0.187500   0.812500
  0.854271   0.566078   0.625545   0.180757   0.357329   0.066178  -0.003737   0.187500   0.812500
  0.859296   0.566986   0.627341   0.181090   0.357310   0.030567  -0.013338   0.187500   0.812500
  0.864322   0.567896   0.629137   0.181243   0.357243   0.044955  -0.036939   0.187500   0.812500
  0.869347   0.568807   0.630932   0.181469   0.357058   0.086084  -0.024118   0.187500   0.812500
  0.874372   0.569719   0.632726   0.181902   0.356937   0.064954   0.006182   0.187500   0.812500
  0.879397   0.570633   0.634520   0.182228   0.356968   0.018869  -0.004215   0.187500   0.812500
  0.884422   0.571548   0.636313   0.182323   0.356946   0.033111  -0.038593   0.187500   0.812500
  0.889447   0.572465   0.638107   0.182489   0.356753   0.087454  -0.026481   0.187500   0.812500
  0.894472   0.573382   0.639900   0.182929   0.356619   0.067122   0.015791   0.187500   0.812500
  0.899497   0.574301   0.641692   0.183266   0.356699   0.008584   0.006011   0.187500   0.812500
  0.904523   0.575222   0.643484   0.183309   0.356729   0.020209  -0.040934   0.187500   0.812500
  0.909548   0.576143   0.645277   0.183411   0.356523   0.088806  -0.031609   0.187500   0.812500
  0.914573   0.577065   0.647069   0.183857   0.356365   0.071769   0.024408   0.187500   0.812500
  0.919598   0.577989   0.648859   0.184218   0.356487  -0.000191   0.017253   0.187500   0.812500
  0.924623   0.578914   0.650651   0.184217   0.356574   0.005842  -0.043116   0.187500   0.812500
  0.929648   0.579840   0.652442   0.184246   0.356357   0.088416  -0.039185   0.187500   0.812500
  0.934673   0.580766   0.654233   0.184690   0.356160   0.077784   0.031314   0.187500   0.812500
  0.939698   0.581694   0.656023   0.185081   0.356318  -0.007278   0.029198   0.187500   0.812500
  0.944724   0.582624   0.657814   0.185045   0.356464  -0.009838  -0.044376   0.187500   0.812500
  0.949749   0.583554   0.659605   0.184995   0.356241   0.085037  -0.048427   0.187500   0.812500
  0.954774   0.584484   0.661395   0.185423   0.355998   0.083767   0.036796   0.187500   0.812500
  0.959799   0.585415   0.663184   0.185844   0.356183  -0.013553   0.044046   0.187500   0.812500
  0.964824   0.586349   0.664974   0.185775   0.356404  -0.029134  -0.038049   0.187500   0.812500
  0.969849   0.587283   0.666765   0.185629   0.356213   0.071901  -0.049497   0.187500   0.812500
  0.974874   0.588215   0.668555   0.185990   0.355964   0.075740   0.051748   0.187500   0.812500
  0.979899   0.589150   0.670343   0.186371   0.356224  -0.053674   0.081901   0.187500   0.812500
  0.984925   0.590087   0.672134   0.186101   0.356636  -0.145165   0.009857   0.187500   0.812500
  0.989950   0.591022   0.673926   0.185372   0.356686  -0.137732  -0.046739   0.187500   0.812500
  0.994975   0.591953   0.675718   0.184680   0.356451  -0.174300  -0.070046   0.187500   0.812500
  1.000000   0.592881   0.677509   0.183804   0.356099  -0.312653  -0.183548   0.187500   0.812500