  0.000000   0.558057   0.308612   0.000000   0.000000  11.371595  22.828408   0.687500   0.312500
  0.005025   0.558057   0.308612   0.057142   0.114713   9.197661  20.705717   0.687500   0.312500
  0.010050   0.558344   0.309188   0.103361   0.218759   8.058857  15.767271   0.687500   0.312500
  0.015075   0.558864   0.310288   0.143856   0.297990   7.674138   8.660158   0.687500   0.312500
  0.020101   0.559587   0.311785   0.182426   0.341515   7.030557   2.565776   0.687500   0.312500
  0.025126   0.560503   0.313502   0.217755   0.354408   5.985140  -1.684205   0.687500   0.312500
  0.030151   0.561597   0.315282   0.247830   0.345945   4.688191  -3.550837   0.687500   0.312500
  0.035176   0.562843   0.317021   0.271389   0.328102   3.240213  -2.745293   0.687500   0.312500
  0.040201   0.564207   0.318669   0.287671   0.314307   1.837266  -1.357405   0.687500   0.312500
  0.045226   0.565652   0.320249   0.296903   0.307486   0.564343  -0.572210   0.687500   0.312500
  0.050251   0.567144   0.321794   0.299739   0.304611  -0.526640  -0.193074   0.687500   0.312500
  0.055276   0.568650   0.323325   0.297092   0.303641  -1.348202   0.107396   0.687500   0.312500
  0.060302   0.570143   0.324851   0.290316   0.304181  -1.997313   0.350571   0.687500   0.312500
  0.065327   0.571602   0.326379   0.280280   0.305942  -2.597820   0.480134   0.687500   0.312500
  0.070352   0.573011   0.327917   0.267226   0.308355  -3.129330   0.559067   0.687500   0.312500
  0.075377   0.574353   0.329466   0.251501   0.311164  -3.500704   0.684904   0.687500   0.312500
  0.080402   0.575617   0.331030   0.233910   0.314606  -3.756778   0.805529   0.687500   0.312500
  0.085427   0.576793   0.332611   0.215032   0.318654  -3.990716   0.852193   0.687500   0.312500
  0.090452   0.577873   0.334212   0.194979   0.322936  -4.195591   0.862641   0.687500   0.312500
  0.095477   0.578853   0.335835   0.173896   0.327271  -4.300327   0.910057   0.687500   0.312500
  0.100503   0.579727   0.337479   0.152282   0.331845  -4.325289   0.960452   0.687500   0.312500
  0.105528   0.580492   0.339147   0.130548   0.336671  -4.342725   0.959777   0.687500   0.312500
  0.110553   0.581148   0.340839   0.108726   0.341494  -4.355324   0.932851   0.687500   0.312500
  0.115578   0.581695   0.342555   0.086840   0.346181  -4.308786   0.934749   0.687500   0.312500
  0.120603   0.582131   0.344294   0.065188   0.350878  -4.207138   0.943575   0.687500   0.312500
  0.125628   0.582458   0.346057   0.044048   0.355620  -4.105767   0.917334   0.687500   0.312500
  0.130653   0.582680   0.347844   0.023416   0.360230  -4.013567   0.872411   0.687500   0.312500
  0.135678   0.582797   0.349655   0.003248   0.364613  -3.889923   0.850016   0.687500   0.312500
  0.140704   0.582814   0.351487  -0.016303   0.368886  -3.728167   0.836001   0.687500   0.312500
  0.145729   0.582732   0.353341  -0.035037   0.373086  -3.570187   0.797951   0.687500   0.312500
  0.150754   0.582556   0.355216  -0.052977   0.377096  -3.428719   0.746915   0.687500   0.312500
  0.155779   0.582290   0.357111  -0.070206   0.380849  -3.274209   0.713646   0.687500   0.312500
  0.160804   0.581937   0.359024  -0.086659   0.384435  -3.093343   0.688756   0.687500   0.312500
  0.165829   0.581501   0.360956  -0.102203   0.387896  -2.917021   0.647309   0.687500   0.312500
  0.170854   0.580988   0.362905  -0.116861   0.391149  -2.760306   0.597063   0.687500   0.312500
  0.175879   0.580401   0.364871  -0.130732   0.394149  -2.602527   0.561012   0.687500   0.312500
  0.180905   0.579743   0.366852  -0.143812   0.396969  -2.426397   0.532576   0.687500   0.312500
  0.185930   0.579021   0.368847  -0.156005   0.399645  -2.254092   0.492575   0.687500   0.312500
  0.190955   0.578237   0.370855  -0.167332   0.402120  -2.101874   0.446821   0.687500   0.312500
  0.195980   0.577396   0.372875  -0.177894   0.404366  -1.956180   0.412644   0.687500   0.312500
  0.201005   0.576502   0.374907  -0.187723   0.406439  -1.797708   0.385007   0.687500   0.312500
  0.206030   0.575559   0.376950  -0.196757   0.408374  -1.641430   0.349029   0.687500   0.312500
  0.211055   0.574570   0.379002  -0.205005   0.410128  -1.504159   0.309433   0.687500   0.312500
  0.216080   0.573540   0.381063  -0.212563   0.411683  -1.378025   0.279493   0.687500   0.312500
  0.221106   0.572472   0.383132  -0.219489   0.413087  -1.242939   0.254950   0.687500   0.312500
  0.226131   0.571369   0.385208  -0.225735   0.414369  -1.108102   0.224088   0.687500   0.312500
  0.231156   0.570234   0.387290  -0.231303   0.415495  -0.990309   0.191050   0.687500   0.312500
  0.236181   0.569072   0.389378  -0.236280   0.416455  -0.886274   0.166273   0.687500   0.312500
  0.241206   0.567885   0.391470  -0.240733   0.417290  -0.776097   0.145878   0.687500   0.312500
  0.246231   0.566675   0.393567  -0.244633   0.418023  -0.664042   0.120336   0.687500   0.312500
  0.251256   0.565446   0.395668  -0.247970   0.418628  -0.566446   0.093435   0.687500   0.312500
  0.256281   0.564200   0.397771  -0.250816   0.419097  -0.483826   0.073711   0.687500   0.312500
  0.261307   0.562939   0.399878  -0.253248   0.419468  -0.397403   0.057641   0.687500   0.312500
  0.266332   0.561667   0.401986  -0.255245   0.419758  -0.307035   0.037041   0.687500   0.312500
  0.271357   0.560384   0.404095  -0.256788   0.419944  -0.227486   0.015079   0.687500   0.312500
  0.276382   0.559094   0.406205  -0.257931   0.420019  -0.162772  -0.000815   0.687500   0.312500
  0.281407   0.557798   0.408316  -0.258749   0.420015  -0.097689  -0.012906   0.687500   0.312500
  0.286432   0.556497   0.410426  -0.259240   0.419950  -0.026997  -0.029056   0.687500   0.312500
  0.291457   0.555195   0.412536  -0.259375   0.419804   0.039823  -0.048306   0.687500   0.312500
  0.296482   0.553891   0.414646  -0.259175   0.419562   0.094495  -0.063582   0.687500   0.312500
  0.301508   0.552589   0.416755  -0.258700   0.419242   0.139891  -0.072166   0.687500   0.312500
  0.306533   0.551289   0.418861  -0.257997   0.418880   0.189053  -0.082787   0.687500   0.312500
  0.311558   0.549992   0.420966  -0.257047   0.418464   0.250191  -0.101757   0.687500   0.312500
  0.316583   0.548701   0.423069  -0.255790   0.417952   0.307649  -0.121754   0.687500   0.312500
  0.321608   0.547415   0.425169  -0.254244   0.417340   0.323581  -0.124405   0.687500   0.312500
  0.326633   0.546138   0.427266  -0.252618   0.416715   0.324281  -0.119615   0.687500   0.312500
  0.331658   0.544868   0.429360  -0.250989   0.416114   0.368067  -0.132118   0.687500   0.312500
  0.336683   0.543607   0.431451  -0.249139   0.415450   0.422624  -0.154387   0.687500   0.312500
  0.341709   0.542355   0.433539  -0.247015   0.414674   0.340498  -0.132837   0.687500   0.312500
  0.346734   0.541114   0.435623  -0.245304   0.414007   0.168468  -0.074852   0.687500   0.312500
  0.351759   0.539881   0.437704  -0.244458   0.413631   0.071786  -0.035434   0.687500   0.312500
  0.356784   0.538653   0.439782  -0.244097   0.413453  -0.030327  -0.005693   0.687500   0.312500
  0.361809   0.537426   0.441860  -0.244249   0.413424  -0.494777   0.109391   0.687500   0.312500
  0.366834   0.536199   0.443937  -0.246736   0.413974  -1.225904   0.307077   0.687500   0.312500
  0.371859   0.534959   0.446017  -0.252896   0.415517  -1.922458   0.520569   0.687500   0.312500
  0.376884   0.533688   0.448105  -0.262556   0.418133  -2.828149   0.772891   0.687500   0.312500
  0.381910   0.532368   0.450207  -0.276770   0.422017  -4.493906   1.118907   0.687500   0.312500
  0.386935   0.530978   0.452327  -0.299352   0.427640  -6.587401   1.516634   0.687500   0.312500
  0.391960   0.529473   0.454476  -0.332454   0.435261  -8.815323   1.970345   0.687500   0.312500
  0.396985   0.527803   0.456664  -0.376751   0.445162 -11.870647   2.520529   0.687500   0.312500
  0.402010   0.525910   0.458900  -0.436401   0.457827 -16.059594   2.968763   0.687500   0.312500
  0.407035   0.523717   0.461201  -0.517100   0.472745 -20.174114   3.137968   0.687500   0.312500
  0.412060   0.521118   0.463577  -0.618475   0.488514 -24.186487   3.093069   0.687500   0.312500
  0.417085   0.518010   0.466031  -0.740012   0.504056 -29.359676   2.608203   0.687500   0.312500
  0.422111   0.514291   0.468565  -0.887574   0.517165 -35.231338   1.369337   0.687500   0.312500
  0.427136   0.509831   0.471164  -1.064612   0.524046 -39.580302  -0.201515   0.687500   0.312500
  0.432161   0.504481   0.473797  -1.263503   0.523034 -42.412791  -2.238663   0.687500   0.312500
  0.437186   0.498132   0.476425  -1.476627   0.511784 -43.427132  -6.512782   0.687500   0.312500
  0.442211   0.490712   0.478997  -1.694848   0.479058 -40.667731 -13.687975   0.687500   0.312500
  0.447236   0.482196   0.481404  -1.899204   0.410275 -35.619925 -20.204885   0.687500   0.312500
  0.452261   0.472652   0.483466  -2.078194   0.308746 -30.293907 -24.345927   0.687500   0.312500
  0.457286   0.462209   0.485017  -2.230421   0.186408 -19.813817 -27.752979   0.687500   0.312500
  0.462312   0.450999   0.485954  -2.330005   0.046921   4.007115 -33.784652   0.687500   0.312500
  0.467337   0.439291   0.486190  -2.309869  -0.122847  34.483185 -42.878055   0.687500   0.312500
  0.472362   0.427684   0.485573  -2.136591  -0.338309  62.291673 -52.041151   0.687500   0.312500
  0.477387   0.416947   0.483873  -1.823575  -0.599816  85.890932 -53.711633   0.687500   0.312500
  0.482412   0.407784   0.480858  -1.391973  -0.869717 101.728001 -35.008456   0.687500   0.312500
  0.487437   0.400789   0.476488  -0.880790  -1.045634 109.356823  -2.516829   0.687500   0.312500
  0.492462   0.396363   0.471234  -0.331272  -1.058281 113.968551  28.648105   0.687500   0.312500
  0.497487   0.394699   0.465916   0.241420  -0.914325 113.722148  53.941283   0.687500   0.312500
  0.502513   0.395912   0.461321   0.812987  -0.643216  98.292592  67.932447   0.687500   0.312500
  0.507538   0.399997   0.458088   1.306908  -0.301855  70.754641  70.980140   0.687500   0.312500
  0.512563   0.406564   0.456572   1.662450   0.054820  43.474602  71.189855   0.687500   0.312500
  0.517588   0.414918   0.456847   1.880909   0.412549  19.266379  69.548415   0.687500   0.312500
  0.522613   0.424370   0.458920   1.977723   0.762030  -1.144611  59.312315   0.687500   0.312500
  0.527638   0.434308   0.462749   1.971971   1.060074 -16.550412  40.693712   0.687500   0.312500
  0.532663   0.444217   0.468076   1.888806   1.264560 -29.153151  21.235207   0.687500   0.312500
  0.537688   0.453708   0.474431   1.742311   1.371267 -40.260212   3.563331   0.687500   0.312500
  0.542714   0.462465   0.481323   1.539963   1.389176 -46.534007  -9.230422   0.687500   0.312500
  0.547739   0.470203   0.488303   1.306130   1.342794 -46.056991 -14.826081   0.687500   0.312500
  0.552764   0.476767   0.495051   1.074693   1.268293 -43.005511 -17.184125   0.687500   0.312500
  0.557789   0.482167   0.501424   0.858591   1.181942 -39.511961 -19.331363   0.687500   0.312500
  0.562814   0.486482   0.507363   0.660043   1.084802 -35.044155 -20.983942   0.687500   0.312500
  0.567839   0.489798   0.512814   0.483946   0.979358 -29.933552 -20.800472   0.687500   0.312500
  0.572864   0.492230   0.517736   0.333530   0.874836 -25.190725 -19.336023   0.687500   0.312500
  0.577889   0.493906   0.522132   0.206947   0.777672 -20.595107 -17.223414   0.687500   0.312500
  0.582915   0.494946   0.526040   0.103436   0.691107 -15.869080 -14.463498   0.687500   0.312500
  0.587940   0.495466   0.529513   0.023694   0.618428 -11.863922 -11.753787   0.687500   0.312500
  0.592965   0.495585   0.532621  -0.035923   0.559365  -8.888535  -9.621351   0.687500   0.312500
  0.597990   0.495404   0.535431  -0.080588   0.511018  -6.434146  -7.712752   0.687500   0.312500
  0.603015   0.495000   0.537999  -0.112919   0.472261  -4.351126  -5.776567   0.687500   0.312500
  0.608040   0.494432   0.540372  -0.134784   0.443234  -2.843329  -4.189251   0.687500   0.312500
  0.613065   0.493755   0.542600  -0.149071   0.422183  -1.761855  -3.097767   0.687500   0.312500
  0.618090   0.493006   0.544721  -0.157925   0.406617  -0.910573  -2.239266   0.687500   0.312500
  0.623116   0.492212   0.546765  -0.162501   0.395362  -0.348305  -1.509460   0.687500   0.312500
  0.628141   0.491395   0.548751  -0.164251   0.387777  -0.057856  -0.995092   0.687500   0.312500
  0.633166   0.490570   0.550700  -0.164542   0.382777   0.172422  -0.653347   0.687500   0.312500
  0.638191   0.489743   0.552624  -0.163676   0.379494   0.374590  -0.388142   0.687500   0.312500
  0.643216   0.488921   0.554530  -0.161793   0.377543   0.449173  -0.200346   0.687500   0.312500
  0.648241   0.488108   0.556428  -0.159536   0.376537   0.422807  -0.104007   0.687500   0.312500
  0.653266   0.487306   0.558320  -0.157412   0.376014   0.425223  -0.042146   0.687500   0.312500
  0.658291   0.486515   0.560209  -0.155275   0.375802   0.449052   0.013763   0.687500   0.312500
  0.663317   0.485735   0.562098  -0.153018   0.375871   0.428351   0.046081   0.687500   0.312500
  0.668342   0.484966   0.563987  -0.150865   0.376103   0.375400   0.047609   0.687500   0.312500
  0.673367   0.484208   0.565877  -0.148979   0.376342   0.351428   0.045030   0.687500   0.312500
  0.678392   0.483459   0.567768  -0.147213   0.376569   0.345272   0.048597   0.687500   0.312500
  0.683417   0.482719   0.569660  -0.145478   0.376813   0.320824   0.050859   0.687500   0.312500
  0.688442   0.481988   0.571554  -0.143866   0.377068   0.285278   0.045299   0.687500   0.312500
  0.693467   0.481265   0.573448  -0.142433   0.377296   0.269957   0.037068   0.687500   0.312500
  0.698492   0.480550   0.575344  -0.141076   0.377482   0.265286   0.031903   0.687500   0.312500
  0.703518   0.479841   0.577241  -0.139743   0.377643   0.247700   0.031255   0.687500   0.312500
  0.708543   0.479138   0.579139  -0.138498   0.377800   0.222576   0.030425   0.687500   0.312500
  0.713568   0.478442   0.581038  -0.137380   0.377953   0.213705   0.025099   0.687500   0.312500
  0.718593   0.477752   0.582937  -0.136306   0.378079   0.213776   0.019319   0.687500   0.312500
  0.723618   0.477067   0.584837  -0.135231   0.378176   0.201489   0.019001   0.687500   0.312500
  0.728643   0.476388   0.586737  -0.134219   0.378271   0.179393   0.021482   0.687500   0.312500
  0.733668   0.475713   0.588638  -0.133317   0.378379   0.172535   0.018420   0.687500   0.312500
  0.738693   0.475043   0.590539  -0.132451   0.378472   0.176799   0.012451   0.687500   0.312500
  0.743719   0.474378   0.592441  -0.131562   0.378534   0.168805   0.011931   0.687500   0.312500
  0.748744   0.473716   0.594343  -0.130714   0.378594   0.146363   0.016470   0.687500   0.312500
  0.753769   0.473060   0.596246  -0.129978   0.378677   0.138987   0.015051   0.687500   0.312500
  0.758794   0.472406   0.598149  -0.129280   0.378753   0.147273   0.008382   0.687500   0.312500
  0.763819   0.471757   0.600052  -0.128540   0.378795   0.143816   0.006910   0.687500   0.312500
  0.768844   0.471111   0.601955  -0.127817   0.378829   0.119390   0.013311   0.687500   0.312500
  0.773869   0.470469   0.603859  -0.127217   0.378896   0.109714   0.013720   0.687500   0.312500
  0.778894   0.469829   0.605763  -0.126666   0.378965   0.122369   0.005812   0.687500   0.312500
  0.783920   0.469193   0.607668  -0.126051   0.378994   0.124509   0.002494   0.687500   0.312500
  0.788945   0.468559   0.609572  -0.125425   0.379007   0.096894   0.011034   0.687500   0.312500
  0.793970   0.467929   0.611477  -0.124938   0.379062   0.083004   0.014073   0.687500   0.312500
  0.798995   0.467301   0.613381  -0.124521   0.379133   0.100658   0.004434   0.687500   0.312500
  0.804020   0.466676   0.615287  -0.124015   0.379155   0.110134  -0.001925   0.687500   0.312500
  0.809045   0.466052   0.617192  -0.123462   0.379146   0.078196   0.009160   0.687500   0.312500
  0.814070   0.465432   0.619097  -0.123069   0.379192   0.057624   0.016161   0.687500   0.312500
  0.819095   0.464814   0.621002  -0.122779   0.379273   0.081026   0.004315   0.687500   0.312500
  0.824121   0.464196   0.622909  -0.122372   0.379295   0.100298  -0.006775   0.687500   0.312500
  0.829146   0.463582   0.624815  -0.121868   0.379261   0.063053   0.007181   0.687500   0.312500
  0.834171   0.462969   0.626720  -0.121551   0.379297   0.032666   0.020062   0.687500   0.312500
  0.839196   0.462358   0.628626  -0.121387   0.379398   0.062475   0.005690   0.687500   0.312500
  0.844221   0.461748   0.630533  -0.121073   0.379426   0.094631  -0.012303   0.687500   0.312500
  0.849246   0.461140   0.632439  -0.120598   0.379364   0.051530   0.004556   0.687500   0.312500
  0.854271   0.460534   0.634346  -0.120339   0.379387   0.007624   0.025788   0.687500   0.312500
  0.859296   0.459929   0.636252  -0.120300   0.379517   0.044137   0.008878   0.687500   0.312500
  0.864322   0.459325   0.638160  -0.120079   0.379561   0.092693  -0.018648   0.687500   0.312500
  0.869347   0.458721   0.640067  -0.119613   0.379468   0.043977   0.000546   0.687500   0.312500
  0.874372   0.458120   0.641974  -0.119392   0.379470  -0.017339   0.032947   0.687500   0.312500
  0.879397   0.457520   0.643881  -0.119479   0.379636   0.025476   0.014068   0.687500   0.312500
  0.884422   0.456920   0.645788  -0.119351   0.379707   0.093765  -0.025621   0.687500   0.312500
  0.889447   0.456320   0.647696  -0.118880   0.379578   0.040856  -0.005437   0.687500   0.312500
  0.894472   0.455723   0.649604  -0.118675   0.379551  -0.041337   0.040907   0.687500   0.312500
  0.899497   0.455126   0.651511  -0.118882   0.379756   0.006362   0.021370   0.687500   0.312500
  0.904523   0.454529   0.653420  -0.118850   0.379864   0.096895  -0.032732   0.687500   0.312500
  0.909548   0.453932   0.655328  -0.118363   0.379699   0.042435  -0.013804   0.687500   0.312500
  0.914573   0.453337   0.657236  -0.118150   0.379630  -0.062928   0.048614   0.687500   0.312500
  0.919598   0.452743   0.659144  -0.118466   0.379874  -0.012810   0.030505   0.687500   0.312500
  0.924623   0.452148   0.661053  -0.118531   0.380027   0.100914  -0.039228   0.687500   0.312500
  0.929648   0.451552   0.662962  -0.118024   0.379830   0.048614  -0.024521   0.687500   0.312500
  0.934673   0.450959   0.664871  -0.117779   0.379707  -0.080605   0.054998   0.687500   0.312500
  0.939698   0.450367   0.666779  -0.118184   0.379983  -0.031451   0.041002   0.687500   0.312500
  0.944724   0.449773   0.668689  -0.118342   0.380189   0.104705  -0.044366   0.687500   0.312500
  0.949749   0.449179   0.670599  -0.117816   0.379967   0.058424  -0.036943   0.687500   0.312500
  0.954774   0.448587   0.672509  -0.117523   0.379781  -0.094593   0.060141   0.687500   0.312500
  0.959799   0.447996   0.674417  -0.117998   0.380083  -0.052651   0.055139   0.687500   0.312500
  0.964824   0.447403   0.676327  -0.118263   0.380360   0.099238  -0.041046   0.687500   0.312500
  0.969849   0.446809   0.678238  -0.117764   0.380154   0.060044  -0.040971   0.687500   0.312500
  0.974874   0.446217   0.680149  -0.117462   0.379948  -0.114031   0.074354   0.687500   0.312500
  0.979899   0.445627   0.682058  -0.118035   0.380322  -0.085968   0.090674   0.687500   0.312500
  0.984925   0.445034   0.683969  -0.118467   0.380777   0.091741  -0.004042   0.687500   0.312500
  0.989950   0.444438   0.685883  -0.118006   0.380757   0.182304  -0.067660   0.687500   0.312500
  0.994975   0.443845   0.687796  -0.117090   0.380417   0.242690  -0.099324   0.687500   0.312500
  1.000000   0.443257   0.689708  -0.115871   0.379918   0.512197  -0.246931   0.687500   0.312500