  0.000000   0.358579   0.358579   0.000000   0.000000  20.705187  20.868504   0.000000   1.000000
  0.005025   0.358579   0.358579   0.104044   0.104864  18.093105  18.922419   0.000000   1.000000
  0.010050   0.359102   0.359106   0.194961   0.199949  13.482717  14.776339   0.000000   1.000000
  0.015075   0.360082   0.360111   0.262712   0.274200   7.841946   8.657799   0.000000   1.000000
  0.020101   0.361402   0.361489   0.302126   0.317715   3.436556   3.102271   0.000000   1.000000
  0.025126   0.362920   0.363085   0.319394   0.333304   0.408272  -0.958296   0.000000   1.000000
  0.030151   0.364525   0.364760   0.321446   0.328488  -1.201061  -2.828694   0.000000   1.000000
  0.035176   0.366140   0.366411   0.315411   0.314274  -1.185989  -2.227670   0.000000   1.000000
  0.040201   0.367725   0.367990   0.309451   0.303080  -0.691702  -1.129049   0.000000   1.000000
  0.045226   0.369280   0.369513   0.305975   0.297406  -0.464384  -0.608454   0.000000   1.000000
  0.050251   0.370818   0.371008   0.303642   0.294349  -0.401005  -0.459515   0.000000   1.000000
  0.055276   0.372344   0.372487   0.301627   0.292040  -0.305342  -0.350801   0.000000   1.000000
  0.060302   0.373860   0.373954   0.300092   0.290277  -0.234754  -0.251771   0.000000   1.000000
  0.065327   0.375367   0.375413   0.298912   0.289012  -0.249230  -0.235410   0.000000   1.000000
  0.070352   0.376870   0.376865   0.297660   0.287829  -0.270756  -0.258505   0.000000   1.000000
  0.075377   0.378365   0.378312   0.296299   0.286530  -0.216940  -0.217634   0.000000   1.000000
  0.080402   0.379854   0.379751   0.295209   0.285436  -0.167119  -0.148957   0.000000   1.000000
  0.085427   0.381338   0.381186   0.294370   0.284688  -0.179233  -0.133746   0.000000   1.000000
  0.090452   0.382817   0.382616   0.293469   0.284015  -0.195714  -0.153212   0.000000   1.000000
  0.095477   0.384291   0.384044   0.292485   0.283246  -0.154457  -0.129120   0.000000   1.000000
  0.100503   0.385762   0.385467   0.291709   0.282597  -0.116960  -0.077514   0.000000   1.000000
  0.105528   0.387227   0.386887   0.291121   0.282207  -0.127537  -0.062623   0.000000   1.000000
  0.110553   0.388690   0.388305   0.290481   0.281892  -0.140067  -0.078366   0.000000   1.000000
  0.115578   0.390150   0.389722   0.289777   0.281499  -0.107313  -0.065870   0.000000   1.000000
  0.120603   0.391606   0.391136   0.289237   0.281168  -0.079123  -0.027626   0.000000   1.000000
  0.125628   0.393059   0.392549   0.288840   0.281029  -0.089302  -0.013623   0.000000   1.000000
  0.130653   0.394511   0.393961   0.288391   0.280960  -0.099088  -0.026115   0.000000   1.000000
  0.135678   0.395960   0.395373   0.287893   0.280829  -0.072082  -0.021586   0.000000   1.000000
  0.140704   0.397407   0.396785   0.287531   0.280721  -0.050750   0.006261   0.000000   1.000000
  0.145729   0.398852   0.398195   0.287276   0.280752  -0.061197   0.019099   0.000000   1.000000
  0.150754   0.400295   0.399606   0.286968   0.280848  -0.069238   0.009389   0.000000   1.000000
  0.155779   0.401737   0.401017   0.286620   0.280895  -0.046080   0.008572   0.000000   1.000000
  0.160804   0.403178   0.402429   0.286389   0.280938  -0.029637   0.028357   0.000000   1.000000
  0.165829   0.404617   0.403840   0.286240   0.281081  -0.040631   0.039975   0.000000   1.000000
  0.170854   0.406055   0.405253   0.286036   0.281282  -0.047717   0.032634   0.000000   1.000000
  0.175879   0.407492   0.406666   0.285796   0.281446  -0.027165   0.028312   0.000000   1.000000
  0.180905   0.408929   0.408081   0.285659   0.281588  -0.014074   0.041856   0.000000   1.000000
  0.185930   0.410364   0.409496   0.285589   0.281798  -0.025723   0.052287   0.000000   1.000000
  0.190955   0.411799   0.410912   0.285459   0.282061  -0.032474   0.046968   0.000000   1.000000
  0.195980   0.413234   0.412329   0.285296   0.282297  -0.013710   0.040515   0.000000   1.000000
  0.201005   0.414667   0.413748   0.285227   0.282501  -0.002744   0.049304   0.000000   1.000000
  0.206030   0.416101   0.415167   0.285214   0.282748  -0.014973   0.058706   0.000000   1.000000
  0.211055   0.417534   0.416588   0.285138   0.283043  -0.021850   0.055203   0.000000   1.000000
  0.216080   0.418967   0.418010   0.285029   0.283321  -0.004438   0.047744   0.000000   1.000000
  0.221106   0.420399   0.419434   0.285006   0.283561   0.005246   0.053146   0.000000   1.000000
  0.226131   0.421831   0.420859   0.285033   0.283828  -0.007502   0.061899   0.000000   1.000000
  0.231156   0.423264   0.422286   0.284995   0.284139  -0.014908   0.060462   0.000000   1.000000
  0.236181   0.424696   0.423713   0.284920   0.284443   0.001151   0.053878   0.000000   1.000000
  0.241206   0.426128   0.425143   0.284926   0.284713   0.009762   0.058414   0.000000   1.000000
  0.246231   0.427559   0.426573   0.284975   0.285007  -0.003738   0.068196   0.000000   1.000000
  0.251256   0.428991   0.428006   0.284956   0.285350  -0.012328   0.071072   0.000000   1.000000
  0.256281   0.430423   0.429439   0.284894   0.285707   0.001096   0.071441   0.000000   1.000000
  0.261307   0.431855   0.430875   0.284900   0.286066   0.006505   0.083550   0.000000   1.000000
  0.266332   0.433287   0.432313   0.284932   0.286486  -0.009979   0.101598   0.000000   1.000000
  0.271357   0.434718   0.433752   0.284882   0.286996  -0.022168   0.118355   0.000000   1.000000
  0.276382   0.436150   0.435195   0.284771   0.287591  -0.017261   0.146898   0.000000   1.000000
  0.281407   0.437581   0.436640   0.284684   0.288329  -0.025962   0.196420   0.000000   1.000000
  0.286432   0.439012   0.438089   0.284554   0.289316  -0.056218   0.249311   0.000000   1.000000
  0.291457   0.440441   0.439542   0.284271   0.290569  -0.081799   0.311135   0.000000   1.000000
  0.296482   0.441870   0.441003   0.283860   0.292132  -0.105583   0.428902   0.000000   1.000000
  0.301508   0.443297   0.442471   0.283329   0.294288  -0.166570   0.602103   0.000000   1.000000
  0.306533   0.444720   0.443950   0.282492   0.297314  -0.249875   0.766675   0.000000   1.000000
  0.311558   0.446140   0.445444   0.281237   0.301166  -0.322206   0.952355   0.000000   1.000000
  0.316583   0.447553   0.446957   0.279618   0.305952  -0.428657   1.292084   0.000000   1.000000
  0.321608   0.448958   0.448494   0.277464   0.312444  -0.642183   1.773546   0.000000   1.000000
  0.326633   0.450352   0.450064   0.274237   0.321356  -0.887109   2.213228   0.000000   1.000000
  0.331658   0.451730   0.451679   0.269779   0.332478  -1.095441   2.667316   0.000000   1.000000
  0.336683   0.453086   0.453350   0.264274   0.345881  -1.392362   3.418994   0.000000   1.000000
  0.341709   0.454414   0.455088   0.257276   0.363065  -1.945183   4.452729   0.000000   1.000000
  0.346734   0.455707   0.456913   0.247502   0.385440  -2.566849   5.377092   0.000000   1.000000
  0.351759   0.456951   0.458850   0.234603   0.412460  -3.086536   6.248176   0.000000   1.000000
  0.356784   0.458130   0.460922   0.219094   0.443857  -3.713488   7.494369   0.000000   1.000000
  0.361809   0.459231   0.463153   0.200433   0.481516  -4.790692   9.097735   0.000000   1.000000
  0.366834   0.460238   0.465572   0.176360   0.527232  -6.029135  10.485582   0.000000   1.000000
  0.371859   0.461124   0.468222   0.146064   0.579922  -7.063351  11.679612   0.000000   1.000000
  0.376884   0.461858   0.471136   0.110570   0.638612  -8.057806  13.053746   0.000000   1.000000
  0.381910   0.462414   0.474345   0.070072   0.704221  -9.518987  14.497806   0.000000   1.000000
  0.386935   0.462766   0.477884   0.022239   0.777072 -11.261110  15.579376   0.000000   1.000000
  0.391960   0.462878   0.481789  -0.034348   0.855358 -12.751638  16.376332   0.000000   1.000000
  0.396985   0.462705   0.486087  -0.098425   0.937649 -13.804093  16.841501   0.000000   1.000000
  0.402010   0.462210   0.490799  -0.167791   1.022278 -14.758292  16.510108   0.000000   1.000000
  0.407035   0.461367   0.495936  -0.241951   1.105241 -15.954525  15.624715   0.000000   1.000000
  0.412060   0.460151   0.501489  -0.322123   1.183755 -17.095131  14.652027   0.000000   1.000000
  0.417085   0.458533   0.507438  -0.408026   1.257382 -17.405400  12.979080   0.000000   1.000000
  0.422111   0.456482   0.513757  -0.495505   1.322615 -16.372167   9.562816   0.000000   1.000000
  0.427136   0.453992   0.520404  -0.577775   1.370668 -15.070121   5.429359   0.000000   1.000000
  0.432161   0.451089   0.527291  -0.653503   1.397950 -14.221770   1.719240   0.000000   1.000000
  0.437186   0.447805   0.534316  -0.724967   1.406590 -12.848667  -2.222027   0.000000   1.000000
  0.442211   0.444162   0.541384  -0.789532   1.395424  -9.154057  -7.615928   0.000000   1.000000
  0.447236   0.440195   0.548396  -0.835531   1.357154  -4.196125 -13.565097   0.000000   1.000000
  0.452261   0.435996   0.555216  -0.856616   1.288989  -0.103753 -18.810615   0.000000   1.000000
  0.457286   0.431692   0.561693  -0.857138   1.194466   3.131335 -23.234707   0.000000   1.000000
  0.462312   0.427384   0.567696  -0.841400   1.077688   7.720648 -27.001275   0.000000   1.000000
  0.467337   0.423156   0.573112  -0.802603   0.942007  14.237135 -30.441305   0.000000   1.000000
  0.472362   0.419122   0.577845  -0.731062   0.789039  20.428747 -33.946155   0.000000   1.000000
  0.477387   0.415449   0.581810  -0.628407   0.618460  24.596002 -37.194387   0.000000   1.000000
  0.482412   0.412291   0.584918  -0.504812   0.431558  27.125216 -38.148322   0.000000   1.000000
  0.487437   0.409754   0.587086  -0.368508   0.239863  30.420988 -36.456172   0.000000   1.000000
  0.492462   0.407903   0.588292  -0.215643   0.056671  34.774074 -34.679545   0.000000   1.000000
  0.497487   0.406819   0.588577  -0.040903  -0.117594  38.433273 -34.119904   0.000000   1.000000
  0.502513   0.406614   0.587985   0.152263  -0.289081  38.817769 -32.786363   0.000000   1.000000
  0.507538   0.407379   0.586533   0.347322  -0.453832  36.673825 -28.332803   0.000000   1.000000
  0.512563   0.409124   0.584252   0.531608  -0.596205  35.129850 -22.419804   0.000000   1.000000
  0.517588   0.411795   0.581256   0.708135  -0.708864  34.993416 -16.793577   0.000000   1.000000
  0.522613   0.415354   0.577694   0.883977  -0.793252  33.646900 -11.703682   0.000000   1.000000
  0.527638   0.419796   0.573708   1.053053  -0.852063  28.675871  -6.613800   0.000000   1.000000
  0.532663   0.425087   0.569427   1.197149  -0.885297  22.423376  -1.278163   0.000000   1.000000
  0.537688   0.431103   0.564978   1.309827  -0.891720  17.190864   4.353768   0.000000   1.000000
  0.542714   0.437686   0.560496   1.396228  -0.869838  12.865245   9.408527   0.000000   1.000000
  0.547739   0.444702   0.556125   1.460876  -0.822560   7.703204  12.530143   0.000000   1.000000
  0.552764   0.452043   0.551992   1.499584  -0.759596   1.699210  14.526886   0.000000   1.000000
  0.557789   0.459578   0.548175   1.508123  -0.686598  -4.106092  16.651572   0.000000   1.000000
  0.562814   0.467157   0.544725   1.487490  -0.602924  -8.599024  18.589167   0.000000   1.000000
  0.567839   0.474631   0.541695   1.444280  -0.509514 -11.576607  18.938892   0.000000   1.000000
  0.572864   0.481889   0.539135   1.386107  -0.414346 -14.131471  18.148115   0.000000   1.000000
  0.577889   0.488854   0.537053   1.315097  -0.323152 -16.758025  17.290567   0.000000   1.000000
  0.582915   0.495464   0.535429   1.230871  -0.236249 -18.665663  16.518436   0.000000   1.000000
  0.587940   0.501649   0.534241   1.137076  -0.153244 -18.906501  15.271547   0.000000   1.000000
  0.592965   0.507363   0.533471   1.042071  -0.076505 -18.335380  13.591278   0.000000   1.000000
  0.597990   0.512599   0.533087   0.949935  -0.008208 -17.833462  11.836087   0.000000   1.000000
  0.603015   0.517373   0.533046   0.860322   0.051268 -17.240897  10.183821   0.000000   1.000000
  0.608040   0.521696   0.533303   0.773687   0.102442 -15.943585   8.717550   0.000000   1.000000
  0.613065   0.525583   0.533818   0.693570   0.146247 -14.209751   7.378926   0.000000   1.000000
  0.618090   0.529069   0.534553   0.622166   0.183326 -12.518449   6.053690   0.000000   1.000000
  0.623116   0.532196   0.535474   0.559249   0.213752 -10.982031   4.766185   0.000000   1.000000
  0.628141   0.535006   0.536549   0.504064   0.237702  -9.496843   3.761703   0.000000   1.000000
  0.633166   0.537539   0.537743   0.456342   0.256605  -8.021908   3.034045   0.000000   1.000000
  0.638191   0.539832   0.539032   0.416032   0.271851  -6.597083   2.370617   0.000000   1.000000
  0.643216   0.541922   0.540398   0.382882   0.283763  -5.311582   1.706207   0.000000   1.000000
  0.648241   0.543846   0.541824   0.356191   0.292337  -4.292843   1.206843   0.000000   1.000000
  0.653266   0.545636   0.543293   0.334620   0.298401  -3.463802   0.906467   0.000000   1.000000
  0.658291   0.547318   0.544793   0.317214   0.302956  -2.688518   0.663477   0.000000   1.000000
  0.663317   0.548912   0.546315   0.303701   0.306291  -1.975058   0.410023   0.000000   1.000000
  0.668342   0.550438   0.547855   0.293777   0.308351  -1.459116   0.218814   0.000000   1.000000
  0.673367   0.551914   0.549404   0.286445   0.309451  -1.112573   0.124549   0.000000   1.000000
  0.678392   0.553354   0.550959   0.280854   0.310077  -0.805597   0.061671   0.000000   1.000000
  0.683417   0.554765   0.552517   0.276806   0.310387  -0.507204  -0.011862   0.000000   1.000000
  0.688442   0.556156   0.554077   0.274257   0.310327  -0.299981  -0.069354   0.000000   1.000000
  0.693467   0.557534   0.555636   0.272750   0.309979  -0.194067  -0.087121   0.000000   1.000000
  0.698492   0.558905   0.557194   0.271775   0.309541  -0.109599  -0.092392   0.000000   1.000000
  0.703518   0.560271   0.558750   0.271224   0.309077  -0.009315  -0.108306   0.000000   1.000000
  0.708543   0.561634   0.560303   0.271177   0.308532   0.061867  -0.122209   0.000000   1.000000
  0.713568   0.562996   0.561853   0.271488   0.307918   0.076956  -0.117472   0.000000   1.000000
  0.718593   0.564360   0.563400   0.271875   0.307328   0.081777  -0.108623   0.000000   1.000000
  0.723618   0.565727   0.564945   0.272286   0.306782   0.111813  -0.111155   0.000000   1.000000
  0.728643   0.567095   0.566486   0.272847   0.306223   0.138394  -0.114932   0.000000   1.000000
  0.733668   0.568466   0.568025   0.273543   0.305646   0.126703  -0.105096   0.000000   1.000000
  0.738693   0.569840   0.569561   0.274179   0.305118   0.108379  -0.093715   0.000000   1.000000
  0.743719   0.571219   0.571095   0.274724   0.304647   0.119660  -0.094944   0.000000   1.000000
  0.748744   0.572599   0.572625   0.275325   0.304170   0.137243  -0.098175   0.000000   1.000000
  0.753769   0.573983   0.574154   0.276015   0.303676   0.119563  -0.087431   0.000000   1.000000
  0.758794   0.575369   0.575680   0.276616   0.303237   0.094417  -0.075652   0.000000   1.000000
  0.763819   0.576759   0.577204   0.277090   0.302857   0.102643  -0.078326   0.000000   1.000000
  0.768844   0.578152   0.578725   0.277606   0.302463   0.122702  -0.083336   0.000000   1.000000
  0.773869   0.579547   0.580245   0.278223   0.302045   0.104164  -0.071993   0.000000   1.000000
  0.778894   0.580945   0.581763   0.278746   0.301683   0.074840  -0.059682   0.000000   1.000000
  0.783920   0.582346   0.583279   0.279122   0.301383   0.083759  -0.064730   0.000000   1.000000
  0.788945   0.583748   0.584794   0.279543   0.301058   0.110422  -0.072388   0.000000   1.000000
  0.793970   0.585153   0.586307   0.280098   0.300694   0.091846  -0.059660   0.000000   1.000000
  0.798995   0.586561   0.587818   0.280560   0.300394   0.057026  -0.046015   0.000000   1.000000
  0.804020   0.587970   0.589327   0.280846   0.300163   0.067148  -0.054234   0.000000   1.000000
  0.809045   0.589382   0.590835   0.281184   0.299890   0.103307  -0.065479   0.000000   1.000000
  0.814070   0.590795   0.592342   0.281703   0.299561   0.084814  -0.050184   0.000000   1.000000
  0.819095   0.592210   0.593848   0.282129   0.299309   0.041755  -0.033976   0.000000   1.000000
  0.824121   0.593628   0.595352   0.282339   0.299138   0.052500  -0.046357   0.000000   1.000000
  0.829146   0.595047   0.596855   0.282603   0.298905   0.101429  -0.062618   0.000000   1.000000
  0.834171   0.596467   0.598357   0.283112   0.298591   0.083541  -0.043322   0.000000   1.000000
  0.839196   0.597890   0.599858   0.283532   0.298373   0.028736  -0.022800   0.000000   1.000000
  0.844221   0.599314   0.601357   0.283676   0.298258   0.038654  -0.040361   0.000000   1.000000
  0.849246   0.600740   0.602856   0.283871   0.298056   0.104114  -0.063621   0.000000   1.000000
  0.854271   0.602166   0.604353   0.284394   0.297736   0.088199  -0.038852   0.000000   1.000000
  0.859296   0.603595   0.605849   0.284837   0.297541   0.017636  -0.011769   0.000000   1.000000
  0.864322   0.605027   0.607345   0.284926   0.297482   0.024134  -0.035427   0.000000   1.000000
  0.869347   0.606459   0.608840   0.285047   0.297304   0.109825  -0.068192   0.000000   1.000000
  0.874372   0.607891   0.610334   0.285599   0.296961   0.098414  -0.036696   0.000000   1.000000
  0.879397   0.609326   0.611826   0.286093   0.296776   0.008309  -0.000379   0.000000   1.000000
  0.884422   0.610764   0.613317   0.286135   0.296775   0.007603  -0.030502   0.000000   1.000000
  0.889447   0.612202   0.614809   0.286173   0.296621   0.116265  -0.075489   0.000000   1.000000
  0.894472   0.613640   0.616299   0.286758   0.296242   0.113135  -0.036660   0.000000   1.000000
  0.899497   0.615081   0.617788   0.287326   0.296058   0.000736   0.011652   0.000000   1.000000
  0.904523   0.616525   0.619276   0.287330   0.296116  -0.011908  -0.024547   0.000000   1.000000
  0.909548   0.617969   0.620764   0.287270   0.295993   0.120593  -0.084271   0.000000   1.000000
  0.914573   0.619412   0.622251   0.287876   0.295569   0.130470  -0.038481   0.000000   1.000000
  0.919598   0.620859   0.623736   0.288531   0.295376  -0.005007   0.024241   0.000000   1.000000
  0.924623   0.622309   0.625220   0.288506   0.295498  -0.034604  -0.016640   0.000000   1.000000
  0.929648   0.623758   0.626705   0.288332   0.295414   0.120128  -0.092952   0.000000   1.000000
  0.934673   0.625207   0.628190   0.288936   0.294947   0.148187  -0.041786   0.000000   1.000000
  0.939698   0.626659   0.629672   0.289681   0.294737  -0.008757   0.036998   0.000000   1.000000
  0.944724   0.628115   0.631153   0.289637   0.294923  -0.059792  -0.006392   0.000000   1.000000
  0.949749   0.629570   0.632635   0.289336   0.294891   0.113256  -0.100043   0.000000   1.000000
  0.954774   0.631024   0.634117   0.289905   0.294388   0.164189  -0.045353   0.000000   1.000000
  0.959799   0.632481   0.635596   0.290730   0.294160  -0.010839   0.052210   0.000000   1.000000
  0.964824   0.633942   0.637075   0.290676   0.294423  -0.088228   0.013220   0.000000   1.000000
  0.969849   0.635403   0.638554   0.290233   0.294489   0.092771  -0.092023   0.000000   1.000000
  0.974874   0.636861   0.640034   0.290699   0.294027   0.158383  -0.027845   0.000000   1.000000
  0.979899   0.638322   0.641511   0.291495   0.293887  -0.065802   0.118592   0.000000   1.000000
  0.984925   0.639787   0.642988   0.291164   0.294483  -0.277695   0.159080   0.000000   1.000000
  0.989950   0.641250   0.644468   0.289768   0.295282  -0.295757   0.113244   0.000000   1.000000
  0.994975   0.642706   0.645952   0.288282   0.295851  -0.376611   0.132514   0.000000   1.000000
  1.000000   0.644155   0.647439   0.286390   0.296517  -0.696779   0.188050   0.000000   1.000000