  0.000000   0.388886   0.333706   0.000000   0.000000  17.541186  20.331075   0.125000   1.000000
  0.005025   0.388886   0.333706   0.088144   0.102164  14.263802  16.103401   0.125000   1.000000
  0.010050   0.389329   0.334219   0.159820   0.183083  11.113024  12.064770   0.125000   1.000000
  0.015075   0.390132   0.335139   0.215663   0.243709   8.175470   8.341657   0.125000   1.000000
  0.020101   0.391216   0.336364   0.256753   0.285634   5.588968   5.132752   0.125000   1.000000
  0.025126   0.392506   0.337800   0.284837   0.311426   3.509658   2.657776   0.125000   1.000000
  0.030151   0.393937   0.339364   0.302474   0.324781   2.026984   1.034340   0.125000   1.000000
  0.035176   0.395457   0.340996   0.312659   0.329979   1.097479   0.185721   0.125000   1.000000
  0.040201   0.397028   0.342655   0.318174   0.330912   0.562214  -0.127624   0.125000   1.000000
  0.045226   0.398627   0.344317   0.320999   0.330271   0.233357  -0.180065   0.125000   1.000000
  0.050251   0.400240   0.345977   0.322172   0.329366  -0.032211  -0.176297   0.125000   1.000000
  0.055276   0.401859   0.347632   0.322010   0.328480  -0.310253  -0.222497   0.125000   1.000000
  0.060302   0.403478   0.349283   0.320451   0.327362  -0.618990  -0.343919   0.125000   1.000000
  0.065327   0.405088   0.350928   0.317340   0.325634  -0.934993  -0.510574   0.125000   1.000000
  0.070352   0.406683   0.352564   0.312642   0.323068  -1.208095  -0.659117   0.125000   1.000000
  0.075377   0.408254   0.354188   0.306571   0.319756  -1.380527  -0.717967   0.125000   1.000000
  0.080402   0.409794   0.355795   0.299634   0.316148  -1.416209  -0.642220   0.125000   1.000000
  0.085427   0.411300   0.357383   0.292517   0.312921  -1.325588  -0.442053   0.125000   1.000000
  0.090452   0.412770   0.358956   0.285856   0.310700  -1.161609  -0.176986   0.125000   1.000000
  0.095477   0.414206   0.360517   0.280019   0.309810  -0.988462   0.080945   0.125000   1.000000
  0.100503   0.415613   0.362074   0.275051   0.310217  -0.852563   0.280585   0.125000   1.000000
  0.105528   0.416996   0.363633   0.270767   0.311627  -0.773914   0.401002   0.125000   1.000000
  0.110553   0.418356   0.365199   0.266878   0.313642  -0.751260   0.445034   0.125000   1.000000
  0.115578   0.419697   0.366775   0.263103   0.315878  -0.769857   0.429948   0.125000   1.000000
  0.120603   0.421019   0.368362   0.259235   0.318039  -0.806591   0.381548   0.125000   1.000000
  0.125628   0.422322   0.369960   0.255182   0.319956  -0.834568   0.329528   0.125000   1.000000
  0.130653   0.423604   0.371568   0.250988   0.321612  -0.830955   0.299878   0.125000   1.000000
  0.135678   0.424866   0.373184   0.246812   0.323119  -0.787195   0.304619   0.125000   1.000000
  0.140704   0.426106   0.374808   0.242856   0.324650  -0.713178   0.336939   0.125000   1.000000
  0.145729   0.427326   0.376440   0.239272   0.326343  -0.629849   0.377870   0.125000   1.000000
  0.150754   0.428529   0.378079   0.236107   0.328242  -0.556758   0.408520   0.125000   1.000000
  0.155779   0.429715   0.379729   0.233309   0.330295  -0.504945   0.417642   0.125000   1.000000
  0.160804   0.430888   0.381389   0.230772   0.332393  -0.476599   0.402464   0.125000   1.000000
  0.165829   0.432047   0.383059   0.228377   0.334416  -0.467493   0.366570   0.125000   1.000000
  0.170854   0.433195   0.384739   0.226028   0.336258  -0.469131   0.317957   0.125000   1.000000
  0.175879   0.434331   0.386429   0.223671   0.337855  -0.470422   0.267613   0.125000   1.000000
  0.180905   0.435455   0.388127   0.221306   0.339200  -0.460416   0.227098   0.125000   1.000000
  0.185930   0.436567   0.389831   0.218993   0.340342  -0.432779   0.204183   0.125000   1.000000
  0.190955   0.437667   0.391542   0.216818   0.341368  -0.389310   0.198752   0.125000   1.000000
  0.195980   0.438757   0.393257   0.214862   0.342366  -0.338598   0.203310   0.125000   1.000000
  0.201005   0.439836   0.394977   0.213160   0.343388  -0.290538   0.207943   0.125000   1.000000
  0.206030   0.440908   0.396703   0.211700   0.344433  -0.251715   0.205154   0.125000   1.000000
  0.211055   0.441971   0.398434   0.210435   0.345464  -0.224232   0.191576   0.125000   1.000000
  0.216080   0.443029   0.400170   0.209309   0.346427  -0.206748   0.167496   0.125000   1.000000
  0.221106   0.444081   0.401911   0.208270   0.347268  -0.195830   0.136025   0.125000   1.000000
  0.226131   0.445127   0.403656   0.207285   0.347952  -0.187009   0.102667   0.125000   1.000000
  0.231156   0.446169   0.405404   0.206346   0.348468  -0.175830   0.074484   0.125000   1.000000
  0.236181   0.447206   0.407155   0.205462   0.348842  -0.159310   0.057802   0.125000   1.000000
  0.241206   0.448238   0.408908   0.204662   0.349133  -0.137105   0.054642   0.125000   1.000000
  0.246231   0.449267   0.410663   0.203973   0.349407  -0.111104   0.060758   0.125000   1.000000
  0.251256   0.450292   0.412418   0.203414   0.349712  -0.083404   0.067594   0.125000   1.000000
  0.256281   0.451314   0.414176   0.202995   0.350052  -0.054529   0.066402   0.125000   1.000000
  0.261307   0.452334   0.415935   0.202721   0.350386  -0.023320   0.051425   0.125000   1.000000
  0.266332   0.453353   0.417696   0.202604   0.350644   0.011511   0.021785   0.125000   1.000000
  0.271357   0.454371   0.419458   0.202662   0.350754   0.048729  -0.016378   0.125000   1.000000
  0.276382   0.455389   0.421220   0.202907   0.350671   0.081088  -0.046623   0.125000   1.000000
  0.281407   0.456409   0.422982   0.203314   0.350437   0.092697  -0.040199   0.125000   1.000000
  0.286432   0.457430   0.424743   0.203780   0.350235   0.061239   0.038600   0.125000   1.000000
  0.291457   0.458454   0.426503   0.204088   0.350429  -0.031405   0.215651   0.125000   1.000000
  0.296482   0.459480   0.428264   0.203930   0.351513  -0.185212   0.488116   0.125000   1.000000
  0.301508   0.460505   0.430031   0.202999   0.353966  -0.377988   0.822575   0.125000   1.000000
  0.306533   0.461525   0.431810   0.201100   0.358099  -0.575761   1.173238   0.125000   1.000000
  0.311558   0.462536   0.433609   0.198207   0.363995  -0.748190   1.503959   0.125000   1.000000
  0.316583   0.463531   0.435438   0.194447   0.371552  -0.879111   1.799428   0.125000   1.000000
  0.321608   0.464509   0.437305   0.190029   0.380594  -0.974279   2.069037   0.125000   1.000000
  0.326633   0.465463   0.439218   0.185134   0.390991  -1.071060   2.349630   0.125000   1.000000
  0.331658   0.466394   0.441182   0.179751   0.402798  -1.248405   2.706722   0.125000   1.000000
  0.336683   0.467297   0.443207   0.173478   0.416400  -1.622397   3.223701   0.125000   1.000000
  0.341709   0.468169   0.445299   0.165324   0.432602  -2.307126   3.968204   0.125000   1.000000
  0.346734   0.469000   0.447473   0.153731   0.452542  -3.347520   4.947536   0.125000   1.000000
  0.351759   0.469772   0.449747   0.136909   0.477403  -4.682822   6.097266   0.125000   1.000000
  0.356784   0.470460   0.452146   0.113378   0.508042  -6.181753   7.319359   0.125000   1.000000
  0.361809   0.471030   0.454699   0.082315   0.544822  -7.715462   8.534468   0.125000   1.000000
  0.366834   0.471444   0.457437   0.043545   0.587708  -9.203326   9.703133   0.125000   1.000000
  0.371859   0.471662   0.460390  -0.002702   0.636466 -10.613745  10.810293   0.125000   1.000000
  0.376884   0.471649   0.463588  -0.056036   0.690788 -11.938199  11.828436   0.125000   1.000000
  0.381910   0.471367   0.467060  -0.116037   0.750237 -13.156683  12.673420   0.125000   1.000000
  0.386935   0.470784   0.470830  -0.182150   0.813921 -14.205828  13.172507   0.125000   1.000000
  0.391960   0.469869   0.474920  -0.253534   0.880113 -14.974974  13.088760   0.125000   1.000000
  0.396985   0.468595   0.479343  -0.328783   0.945884 -15.349009  12.229002   0.125000   1.000000
  0.402010   0.466943   0.484096  -0.405912   1.007335 -15.285444  10.578964   0.125000   1.000000
  0.407035   0.464903   0.489158  -0.482721   1.060494 -14.854404   8.331762   0.125000   1.000000
  0.412060   0.462477   0.494487  -0.557365   1.102361 -14.200652   5.776108   0.125000   1.000000
  0.417085   0.459676   0.500026  -0.628723   1.131386 -13.468011   3.157804   0.125000   1.000000
  0.422111   0.456516   0.505712  -0.696413   1.147257 -12.738880   0.611358   0.125000   1.000000
  0.427136   0.453017   0.511477  -0.760426   1.150329 -11.995794  -1.838268   0.125000   1.000000
  0.432161   0.449196   0.517258  -0.820705   1.141092 -11.086367  -4.251322   0.125000   1.000000
  0.437186   0.445072   0.522992  -0.876414   1.119729  -9.702712  -6.732291   0.125000   1.000000
  0.442211   0.440668   0.528618  -0.925170   1.085899  -7.428763  -9.373124   0.125000   1.000000
  0.447236   0.436019   0.534075  -0.962500   1.038800  -3.916845 -12.181534   0.125000   1.000000
  0.452261   0.431182   0.539295  -0.982182   0.977587   0.871470 -15.043185   0.125000   1.000000
  0.457286   0.426247   0.544207  -0.977803   0.901995   6.582958 -17.770635   0.125000   1.000000
  0.462312   0.421332   0.548741  -0.944717   0.812680  12.662793 -20.206462   0.125000   1.000000
  0.467337   0.416585   0.552824  -0.881086   0.711143  18.622892 -22.283045   0.125000   1.000000
  0.472362   0.412158   0.556398  -0.787506   0.599170  24.180238 -24.009074   0.125000   1.000000
  0.477387   0.408201   0.559409  -0.666000   0.478525  29.212905 -25.406137   0.125000   1.000000
  0.482412   0.404854   0.561813  -0.519206   0.350859  33.641925 -26.440287   0.125000   1.000000
  0.487437   0.402245   0.563576  -0.350155   0.217996  37.304648 -26.964541   0.125000   1.000000
  0.492462   0.400485   0.564672  -0.162699   0.082500  39.878788 -26.704230   0.125000   1.000000
  0.497487   0.399668   0.565086   0.037692  -0.051689  40.938099 -25.341659   0.125000   1.000000
  0.502513   0.399857   0.564827   0.243447  -0.179056  40.180726 -22.710721   0.125000   1.000000
  0.507538   0.401081   0.563927   0.445355  -0.293178  37.684966 -18.968429   0.125000   1.000000
  0.512563   0.403318   0.562454   0.634722  -0.388494  33.926920 -14.549469   0.125000   1.000000
  0.517588   0.406508   0.560501   0.805205  -0.461605  29.534278  -9.945645   0.125000   1.000000
  0.522613   0.410554   0.558182   0.953614  -0.511582  25.021423  -5.515536   0.125000   1.000000
  0.527638   0.415346   0.555611   1.079347  -0.539298  20.681916  -1.440297   0.125000   1.000000
  0.532663   0.420770   0.552901   1.183274  -0.546535  16.611079   2.220451   0.125000   1.000000
  0.537688   0.426716   0.550155   1.266744  -0.535377  12.770657   5.448060   0.125000   1.000000
  0.542714   0.433082   0.547464   1.330930  -0.507995   9.053163   8.200148   0.125000   1.000000
  0.547739   0.439770   0.544911   1.376422  -0.466790   5.353467  10.381603   0.125000   1.000000
  0.552764   0.446687   0.542566   1.403323  -0.414622   1.637207  11.882784   0.125000   1.000000
  0.557789   0.453738   0.540482   1.411550  -0.354911  -2.016897  12.662596   0.125000   1.000000
  0.562814   0.460831   0.538699   1.401415  -0.291281  -5.457478  12.809722   0.125000   1.000000
  0.567839   0.467874   0.537235   1.373991  -0.226913  -8.550147  12.511887   0.125000   1.000000
  0.572864   0.474778   0.536095   1.331027  -0.164040 -11.234633  11.968822   0.125000   1.000000
  0.577889   0.481466   0.535271   1.274573  -0.103897 -13.516442  11.327976   0.125000   1.000000
  0.582915   0.487872   0.534748   1.206639  -0.046963 -15.422966  10.668752   0.125000   1.000000
  0.587940   0.493936   0.534512   1.129139   0.006648 -16.955006  10.014541   0.125000   1.000000
  0.592965   0.499610   0.534546   1.043940   0.056971 -18.055298   9.348597   0.125000   1.000000
  0.597990   0.504855   0.534832   0.953212   0.103948 -18.602478   8.631897   0.125000   1.000000
  0.603015   0.509645   0.535354   0.859734   0.147323 -18.462332   7.826546   0.125000   1.000000
  0.608040   0.513965   0.536095   0.766961   0.186651 -17.590595   6.923948   0.125000   1.000000
  0.613065   0.517819   0.537033   0.678568   0.221444 -16.109558   5.958491   0.125000   1.000000
  0.618090   0.521229   0.538145   0.597618   0.251386 -14.270805   4.990891   0.125000   1.000000
  0.623116   0.524233   0.539409   0.525893   0.276470 -12.335541   4.076362   0.125000   1.000000
  0.628141   0.526875   0.540798   0.463907   0.296953 -10.485784   3.246742   0.125000   1.000000
  0.633166   0.529207   0.542290   0.411216   0.313268  -8.807130   2.510778   0.125000   1.000000
  0.638191   0.531273   0.543865   0.366960   0.325885  -7.320193   1.865806   0.125000   1.000000
  0.643216   0.533117   0.545502   0.330176   0.335261  -6.015633   1.308275   0.125000   1.000000
  0.648241   0.534776   0.547187   0.299947   0.341835  -4.879054   0.840381   0.125000   1.000000
  0.653266   0.536283   0.548904   0.275430   0.346058  -3.902874   0.470484   0.125000   1.000000
  0.658291   0.537667   0.550643   0.255818   0.348422  -3.085351   0.205814   0.125000   1.000000
  0.663317   0.538953   0.552395   0.240311   0.349456  -2.420226   0.041413   0.125000   1.000000
  0.668342   0.540161   0.554151   0.228150   0.349664  -1.888594  -0.043867   0.125000   1.000000
  0.673367   0.541307   0.555908   0.218659   0.349444  -1.460449  -0.079670   0.125000   1.000000
  0.678392   0.542406   0.557664   0.211321   0.349044  -1.105166  -0.092228   0.125000   1.000000
  0.683417   0.543468   0.559418   0.205767   0.348580  -0.799199  -0.098391   0.125000   1.000000
  0.688442   0.544502   0.561169   0.201751   0.348086  -0.528466  -0.106077   0.125000   1.000000
  0.693467   0.545516   0.562918   0.199096   0.347553  -0.287709  -0.117196   0.125000   1.000000
  0.698492   0.546516   0.564665   0.197650   0.346964  -0.079343  -0.130181   0.125000   1.000000
  0.703518   0.547509   0.566409   0.197251   0.346310   0.088340  -0.141662   0.125000   1.000000
  0.708543   0.548501   0.568149   0.197695   0.345598   0.205422  -0.147955   0.125000   1.000000
  0.713568   0.549494   0.569885   0.198727   0.344854   0.267897  -0.146848   0.125000   1.000000
  0.718593   0.550493   0.571618   0.200073   0.344116   0.282960  -0.138857   0.125000   1.000000
  0.723618   0.551498   0.573348   0.201495   0.343419   0.266869  -0.126825   0.125000   1.000000
  0.728643   0.552510   0.575073   0.202836   0.342781   0.237222  -0.114228   0.125000   1.000000
  0.733668   0.553530   0.576796   0.204028   0.342207   0.206903  -0.103740   0.125000   1.000000
  0.738693   0.554555   0.578515   0.205068   0.341686   0.182813  -0.096768   0.125000   1.000000
  0.743719   0.555586   0.580233   0.205987   0.341200   0.167377  -0.093527   0.125000   1.000000
  0.748744   0.556621   0.581947   0.206828   0.340730   0.160262  -0.093124   0.125000   1.000000
  0.753769   0.557660   0.583659   0.207633   0.340262   0.159255  -0.093538   0.125000   1.000000
  0.758794   0.558703   0.585369   0.208434   0.339792   0.160656  -0.091925   0.125000   1.000000
  0.763819   0.559751   0.587077   0.209241   0.339330   0.160105  -0.085774   0.125000   1.000000
  0.768844   0.560802   0.588782   0.210045   0.338899   0.154299  -0.074609   0.125000   1.000000
  0.773869   0.561858   0.590485   0.210821   0.338524   0.142575  -0.060763   0.125000   1.000000
  0.778894   0.562917   0.592186   0.211537   0.338218   0.126910  -0.048340   0.125000   1.000000
  0.783920   0.563980   0.593886   0.212175   0.337975   0.110545  -0.041384   0.125000   1.000000
  0.788945   0.565046   0.595584   0.212730   0.337768   0.096667  -0.042626   0.125000   1.000000
  0.793970   0.566115   0.597281   0.213216   0.337553   0.087742  -0.052863   0.125000   1.000000
  0.798995   0.567187   0.598977   0.213657   0.337288   0.085270  -0.070385   0.125000   1.000000
  0.804020   0.568260   0.600672   0.214086   0.336934   0.089370  -0.090216   0.125000   1.000000
  0.809045   0.569336   0.602365   0.214535   0.336481   0.098112  -0.104091   0.125000   1.000000
  0.814070   0.570414   0.604056   0.215028   0.335958   0.107266  -0.102977   0.125000   1.000000
  0.819095   0.571495   0.605744   0.215567   0.335440   0.111593  -0.082489   0.125000   1.000000
  0.824121   0.572578   0.607430   0.216128   0.335026   0.107551  -0.047366   0.125000   1.000000
  0.829146   0.573664   0.609114   0.216668   0.334788   0.095246  -0.010179   0.125000   1.000000
  0.834171   0.574753   0.610796   0.217147   0.334736   0.077987   0.014770   0.125000   1.000000
  0.839196   0.575844   0.612478   0.217539   0.334811   0.060464   0.016846   0.125000   1.000000
  0.844221   0.576937   0.614161   0.217842   0.334895   0.047270  -0.008441   0.125000   1.000000
  0.849246   0.578032   0.615843   0.218080   0.334853   0.042207  -0.058331   0.125000   1.000000
  0.854271   0.579128   0.617526   0.218292   0.334560   0.047709  -0.121347   0.125000   1.000000
  0.859296   0.580225   0.619207   0.218532   0.333950   0.063730  -0.176520   0.125000   1.000000
  0.864322   0.581323   0.620886   0.218852   0.333063   0.086324  -0.197578   0.125000   1.000000
  0.869347   0.582423   0.622559   0.219286   0.332070   0.107551  -0.165546   0.125000   1.000000
  0.874372   0.583525   0.624228   0.219826   0.331238   0.118529  -0.083725   0.125000   1.000000
  0.879397   0.584629   0.625892   0.220422   0.330817   0.114107   0.019849   0.125000   1.000000
  0.884422   0.585737   0.627555   0.220995   0.330917   0.095205   0.106702   0.125000   1.000000
  0.889447   0.586847   0.629218   0.221474   0.331453   0.067431   0.145605   0.125000   1.000000
  0.894472   0.587960   0.630883   0.221813   0.332185   0.038394   0.121629   0.125000   1.000000
  0.899497   0.589075   0.632552   0.222005   0.332796   0.015920   0.037764   0.125000   1.000000
  0.904523   0.590191   0.634225   0.222085   0.332986   0.007146  -0.084905   0.125000   1.000000
  0.909548   0.591307   0.635898   0.222121   0.332559   0.017188  -0.206842   0.125000   1.000000
  0.914573   0.592423   0.637569   0.222208   0.331520   0.046423  -0.275703   0.125000   1.000000
  0.919598   0.593539   0.639235   0.222441   0.330135   0.087500  -0.245632   0.125000   1.000000
  0.924623   0.594657   0.640894   0.222881   0.328900   0.125838  -0.106385   0.125000   1.000000
  0.929648   0.595777   0.642547   0.223513   0.328366   0.145988   0.102899   0.125000   1.000000
  0.934673   0.596900   0.644197   0.224247   0.328883   0.139514   0.314006   0.125000   1.000000
  0.939698   0.598027   0.645850   0.224948   0.330461   0.107674   0.465957   0.125000   1.000000
  0.944724   0.599158   0.647511   0.225489   0.332802   0.058434   0.526879   0.125000   1.000000
  0.949749   0.600291   0.649183   0.225782   0.335450   0.002285   0.495047   0.125000   1.000000
  0.954774   0.601425   0.650869   0.225794   0.337938  -0.050573   0.390984   0.125000   1.000000
  0.959799   0.602560   0.652567   0.225540   0.339902  -0.091828   0.249302   0.125000   1.000000
  0.964824   0.603693   0.654275   0.225078   0.341155  -0.117031   0.110453   0.125000   1.000000
  0.969849   0.604824   0.655989   0.224490   0.341710  -0.128229   0.007876   0.125000   1.000000
  0.974874   0.605952   0.657706   0.223846   0.341750  -0.135029  -0.048524   0.125000   1.000000
  0.979899   0.607077   0.659423   0.223167   0.341506  -0.150957  -0.079962   0.125000   1.000000
  0.984925   0.608199   0.661140   0.222409   0.341104  -0.186291  -0.125735   0.125000   1.000000
  0.989950   0.609317   0.662854   0.221473   0.340472  -0.243432  -0.219284   0.125000   1.000000
  0.994975   0.610429   0.664565   0.220249   0.339370  -0.318087  -0.374270   0.125000   1.000000
  1.000000   0.611536   0.666270   0.218651   0.337490  -0.403219  -0.586228   0.125000   1.000000