  0.000000   0.388886   0.333706   0.000000   0.000000  17.541148  20.331024   0.125000   0.375000
  0.005025   0.388886   0.333706   0.088144   0.102163  14.263757  16.103341   0.125000   0.375000
  0.010050   0.389329   0.334219   0.159820   0.183083  11.112974  12.064703   0.125000   0.375000
  0.015075   0.390132   0.335139   0.215662   0.243708   8.175418   8.341587   0.125000   0.375000
  0.020101   0.391216   0.336364   0.256752   0.285633   5.588920   5.132685   0.125000   0.375000
  0.025126   0.392506   0.337800   0.284836   0.311424   3.509616   2.657716   0.125000   0.375000
  0.030151   0.393937   0.339364   0.302472   0.324779   2.026952   1.034292   0.125000   0.375000
  0.035176   0.395457   0.340996   0.312658   0.329977   1.097458   0.185687   0.125000   0.375000
  0.040201   0.397028   0.342655   0.318172   0.330910   0.562203  -0.127646   0.125000   0.375000
  0.045226   0.398627   0.344317   0.320997   0.330268   0.233353  -0.180076   0.125000   0.375000
  0.050251   0.400240   0.345977   0.322170   0.329363  -0.032210  -0.176300   0.125000   0.375000
  0.055276   0.401859   0.347632   0.322008   0.328478  -0.310248  -0.222494   0.125000   0.375000
  0.060302   0.403478   0.349283   0.320449   0.327359  -0.618983  -0.343913   0.125000   0.375000
  0.065327   0.405088   0.350928   0.317338   0.325631  -0.934985  -0.510564   0.125000   0.375000
  0.070352   0.406682   0.352564   0.312640   0.323066  -1.208086  -0.659103   0.125000   0.375000
  0.075377   0.408253   0.354188   0.306569   0.319754  -1.380518  -0.717951   0.125000   0.375000
  0.080402   0.409794   0.355794   0.299632   0.316146  -1.416198  -0.642200   0.125000   0.375000
  0.085427   0.411300   0.357383   0.292516   0.312919  -1.325576  -0.442030   0.125000   0.375000
  0.090452   0.412770   0.358955   0.285855   0.310698  -1.161595  -0.176960   0.125000   0.375000
  0.095477   0.414206   0.360517   0.280018   0.309808  -0.988448   0.080972   0.125000   0.375000
  0.100503   0.415613   0.362074   0.275050   0.310215  -0.852548   0.280613   0.125000   0.375000
  0.105528   0.416995   0.363633   0.270766   0.311625  -0.773899   0.401031   0.125000   0.375000
  0.110553   0.418356   0.365199   0.266877   0.313641  -0.751246   0.445064   0.125000   0.375000
  0.115578   0.419697   0.366775   0.263102   0.315877  -0.769843   0.429979   0.125000   0.375000
  0.120603   0.421019   0.368362   0.259234   0.318038  -0.806579   0.381581   0.125000   0.375000
  0.125628   0.422322   0.369960   0.255181   0.319955  -0.834557   0.329566   0.125000   0.375000
  0.130653   0.423604   0.371568   0.250987   0.321611  -0.830948   0.299923   0.125000   0.375000
  0.135678   0.424865   0.373184   0.246811   0.323118  -0.787194   0.304676   0.125000   0.375000
  0.140704   0.426106   0.374808   0.242855   0.324650  -0.713187   0.337017   0.125000   0.375000
  0.145729   0.427326   0.376439   0.239271   0.326343  -0.629875   0.377981   0.125000   0.375000
  0.150754   0.428529   0.378079   0.236106   0.328243  -0.556809   0.408682   0.125000   0.375000
  0.155779   0.429715   0.379729   0.233308   0.330296  -0.505032   0.417879   0.125000   0.375000
  0.160804   0.430887   0.381388   0.230770   0.332396  -0.476737   0.402804   0.125000   0.375000
  0.165829   0.432047   0.383059   0.228375   0.334420  -0.467699   0.367044   0.125000   0.375000
  0.170854   0.433195   0.384739   0.226025   0.336264  -0.469422   0.318591   0.125000   0.375000
  0.175879   0.434330   0.386429   0.223666   0.337865  -0.470816   0.268423   0.125000   0.375000
  0.180905   0.435454   0.388127   0.221299   0.339214  -0.460936   0.228096   0.125000   0.375000
  0.185930   0.436566   0.389831   0.218983   0.340361  -0.433472   0.205412   0.125000   0.375000
  0.190955   0.437667   0.391542   0.216805   0.341393  -0.390282   0.200352   0.125000   0.375000
  0.195980   0.438756   0.393257   0.214844   0.342400  -0.340047   0.205588   0.125000   0.375000
  0.201005   0.439836   0.394978   0.213135   0.343433  -0.292785   0.211423   0.125000   0.375000
  0.206030   0.440907   0.396704   0.211664   0.344495  -0.255209   0.210570   0.125000   0.375000
  0.211055   0.441971   0.398435   0.210381   0.345553  -0.229524   0.199806   0.125000   0.375000
  0.216080   0.443028   0.400171   0.209228   0.346557  -0.214398   0.179349   0.125000   0.375000
  0.221106   0.444079   0.401913   0.208150   0.347459  -0.206197   0.151814   0.125000   0.375000
  0.226131   0.445125   0.403659   0.207114   0.348222  -0.199904   0.121522   0.125000   0.375000
  0.231156   0.446166   0.405409   0.206110   0.348832  -0.190179   0.093678   0.125000   0.375000
  0.236181   0.447202   0.407162   0.205154   0.349303  -0.173203   0.072784   0.125000   0.375000
  0.241206   0.448233   0.408917   0.204284   0.349669  -0.148615   0.060436   0.125000   0.375000
  0.246231   0.449259   0.410674   0.203537   0.349972  -0.119665   0.054306   0.125000   0.375000
  0.251256   0.450282   0.412432   0.202936   0.350245  -0.090960   0.049564   0.125000   0.375000
  0.256281   0.451302   0.414192   0.202479   0.350494  -0.065801   0.041364   0.125000   0.375000
  0.261307   0.452319   0.415954   0.202148   0.350702  -0.045090   0.026375   0.125000   0.375000
  0.266332   0.453335   0.417716   0.201921   0.350835  -0.027731   0.003080   0.125000   0.375000
  0.271357   0.454350   0.419479   0.201782   0.350850  -0.011504  -0.028272   0.125000   0.375000
  0.276382   0.455364   0.421242   0.201724   0.350708   0.005992  -0.065272   0.125000   0.375000
  0.281407   0.456377   0.423005   0.201754   0.350380   0.026427  -0.102819   0.125000   0.375000
  0.286432   0.457391   0.424765   0.201887   0.349863   0.050029  -0.133814   0.125000   0.375000
  0.291457   0.458406   0.426523   0.202139   0.349191   0.075861  -0.152554   0.125000   0.375000
  0.296482   0.459421   0.428278   0.202520   0.348424   0.103682  -0.159648   0.125000   0.375000
  0.301508   0.460439   0.430029   0.203041   0.347622   0.136305  -0.164127   0.125000   0.375000
  0.306533   0.461460   0.431776   0.203726   0.346797   0.180429  -0.180541   0.125000   0.375000
  0.311558   0.462483   0.433519   0.204632   0.345890   0.245365  -0.223540   0.125000   0.375000
  0.316583   0.463512   0.435257   0.205865   0.344767   0.339972  -0.302324   0.125000   0.375000
  0.321608   0.464546   0.436989   0.207574   0.343248   0.467435  -0.413666   0.125000   0.375000
  0.326633   0.465589   0.438714   0.209923   0.341169   0.616525  -0.530964   0.125000   0.375000
  0.331658   0.466644   0.440428   0.213021   0.338501   0.750314  -0.591264   0.125000   0.375000
  0.336683   0.467714   0.442129   0.216791   0.335530   0.800917  -0.492920   0.125000   0.375000
  0.341709   0.468804   0.443816   0.220816   0.333052   0.686254  -0.123984   0.125000   0.375000
  0.346734   0.469914   0.445489   0.224265   0.332429   0.352934   0.578903   0.125000   0.375000
  0.351759   0.471040   0.447160   0.226038   0.335338  -0.186470   1.589248   0.125000   0.375000
  0.356784   0.472176   0.448845   0.225101   0.343324  -0.860242   2.812063   0.125000   0.375000
  0.361809   0.473307   0.450570   0.220779   0.357455  -1.581479   4.147309   0.125000   0.375000
  0.366834   0.474417   0.452366   0.212832   0.378295  -2.290812   5.538603   0.125000   0.375000
  0.371859   0.475486   0.454267   0.201320   0.406127  -2.980541   6.984455   0.125000   0.375000
  0.376884   0.476498   0.456308   0.186343   0.441224  -3.708460   8.521587   0.125000   0.375000
  0.381910   0.477435   0.458526   0.167704   0.484053  -4.607572  10.189492   0.125000   0.375000
  0.386935   0.478277   0.460958   0.144551   0.535255  -5.874803  11.976255   0.125000   0.375000
  0.391960   0.479004   0.463648   0.115030   0.595436  -7.710119  13.769428   0.125000   0.375000
  0.396985   0.479582   0.466640   0.076287   0.664627 -10.203632  15.356235   0.125000   0.375000
  0.402010   0.479965   0.469979   0.025014   0.741792 -13.258032  16.513269   0.125000   0.375000
  0.407035   0.480091   0.473707  -0.041608   0.824772 -16.639812  17.121190   0.125000   0.375000
  0.412060   0.479882   0.477851  -0.125223   0.910806 -20.117126  17.195384   0.125000   0.375000
  0.417085   0.479252   0.482428  -0.226311   0.997212 -23.548777  16.815737   0.125000   0.375000
  0.422111   0.478115   0.487440  -0.344668   1.081728 -26.860948  16.023767   0.125000   0.375000
  0.427136   0.476383   0.492876  -0.479644   1.162248 -29.931709  14.739069   0.125000   0.375000
  0.432161   0.473973   0.498716  -0.630051   1.236311 -32.434965  12.707353   0.125000   0.375000
  0.437186   0.470807   0.504929  -0.793036   1.300166 -33.691969   9.513269   0.125000   0.375000
  0.442211   0.466822   0.511462  -0.962338   1.347970 -32.687290   4.723263   0.125000   0.375000
  0.447236   0.461986   0.518236  -1.126592   1.371704 -28.426723  -1.821785   0.125000   0.375000
  0.452261   0.456325   0.525128  -1.269436   1.362550 -20.549898  -9.748741   0.125000   0.375000
  0.457286   0.449946   0.531975  -1.372700   1.313563  -9.666029 -18.227380   0.125000   0.375000
  0.462312   0.443047   0.538577  -1.421281   1.221952   2.980059 -26.370254   0.125000   0.375000
  0.467337   0.435905   0.544717  -1.406306   1.089441  16.150379 -33.571331   0.125000   0.375000
  0.472362   0.428838   0.550192  -1.325151   0.920745  29.022810 -39.561211   0.125000   0.375000
  0.477387   0.422179   0.554819  -1.179311   0.721950  41.159730 -44.226970   0.125000   0.375000
  0.482412   0.416253   0.558446  -0.972483   0.499710  52.247928 -47.395832   0.125000   0.375000
  0.487437   0.411366   0.560957  -0.709938   0.261546  61.775349 -48.682112   0.125000   0.375000
  0.492462   0.407799   0.562272  -0.399516   0.016918  68.809054 -47.494579   0.125000   0.375000
  0.497487   0.405791   0.562357  -0.053751  -0.221742  72.106901 -43.305769   0.125000   0.375000
  0.502513   0.405521   0.561242   0.308658  -0.439397  70.705746 -36.114303   0.125000   0.375000
  0.507538   0.407072   0.559034   0.663955  -0.620871  64.630984 -26.713991   0.125000   0.375000
  0.512563   0.410409   0.555914   0.988725  -0.755109  55.006055 -16.394128   0.125000   0.375000
  0.517588   0.415377   0.552120   1.265131  -0.837490  43.435276  -6.347791   0.125000   0.375000
  0.522613   0.421734   0.547912   1.483393  -0.869387  31.295887   2.696879   0.125000   0.375000
  0.527638   0.429188   0.543543   1.640655  -0.855836  19.442843  10.455946   0.125000   0.375000
  0.532663   0.437433   0.539242   1.738355  -0.803294   8.291908  16.875653   0.125000   0.375000
  0.537688   0.446168   0.535206   1.780022  -0.718494  -1.947570  21.919192   0.125000   0.375000
  0.542714   0.455114   0.531595   1.770234  -0.608328 -11.045300  25.442533   0.125000   0.375000
  0.547739   0.464010   0.528538   1.714731  -0.480480 -18.613619  27.206690   0.125000   0.375000
  0.552764   0.472626   0.526123   1.621198  -0.343766 -24.188504  27.060998   0.125000   0.375000
  0.557789   0.480773   0.524396   1.499650  -0.207785 -27.489955  25.172041   0.125000   0.375000
  0.562814   0.488309   0.523352   1.361513  -0.081295 -28.660655  22.070344   0.125000   0.375000
  0.567839   0.495150   0.522943   1.217493   0.029608 -28.217207  18.429329   0.125000   0.375000
  0.572864   0.501268   0.523092   1.075702   0.122216 -26.781776  14.794115   0.125000   0.375000
  0.577889   0.506673   0.523706   0.941124   0.196556 -24.852008  11.470980   0.125000   0.375000
  0.582915   0.511404   0.524694   0.816217   0.254209 -22.724545   8.569899   0.125000   0.375000
  0.587940   0.515505   0.525972   0.702027   0.297273 -20.525046   6.099493   0.125000   0.375000
  0.592965   0.519033   0.527465   0.598888   0.327923 -18.267230   4.039518   0.125000   0.375000
  0.597990   0.522042   0.529113   0.507095   0.348222 -15.922113   2.384198   0.125000   0.375000
  0.603015   0.524590   0.530863   0.427087   0.360202 -13.486121   1.143667   0.125000   0.375000
  0.608040   0.526736   0.532673   0.359319   0.365949 -11.029194   0.313195   0.125000   0.375000
  0.613065   0.528542   0.534512   0.303897   0.367523  -8.684102  -0.160189   0.125000   0.375000
  0.618090   0.530069   0.536359   0.260260   0.366718  -6.580326  -0.375319   0.125000   0.375000
  0.623116   0.531377   0.538202   0.227187   0.364832  -4.785246  -0.440215   0.125000   0.375000
  0.628141   0.532519   0.540035   0.203141   0.362620  -3.299465  -0.438031   0.125000   0.375000
  0.633166   0.533539   0.541857   0.186561   0.360419  -2.084446  -0.417179   0.125000   0.375000
  0.638191   0.534477   0.543668   0.176087   0.358322  -1.096365  -0.398319   0.125000   0.375000
  0.643216   0.535362   0.545469   0.170578   0.356321  -0.305612  -0.385180   0.125000   0.375000
  0.648241   0.536219   0.547259   0.169042   0.354385   0.296521  -0.372981   0.125000   0.375000
  0.653266   0.537068   0.549040   0.170532   0.352511   0.704441  -0.354445   0.125000   0.375000
  0.658291   0.537925   0.550812   0.174072   0.350730   0.917707  -0.324704   0.125000   0.375000
  0.663317   0.538800   0.552574   0.178684   0.349098   0.961966  -0.284454   0.125000   0.375000
  0.668342   0.539698   0.554329   0.183518   0.347668   0.891051  -0.239369   0.125000   0.375000
  0.673367   0.540620   0.556076   0.187996   0.346466   0.766629  -0.196260   0.125000   0.375000
  0.678392   0.541565   0.557817   0.191848   0.345479   0.635831  -0.159743   0.125000   0.375000
  0.683417   0.542529   0.559553   0.195043   0.344677   0.523770  -0.131440   0.125000   0.375000
  0.688442   0.543509   0.561285   0.197675   0.344016   0.438285  -0.110900   0.125000   0.375000
  0.693467   0.544502   0.563013   0.199877   0.343459   0.377582  -0.096725   0.125000   0.375000
  0.698492   0.545507   0.564739   0.201775   0.342973   0.335713  -0.087234   0.125000   0.375000
  0.703518   0.546521   0.566463   0.203462   0.342534   0.305458  -0.080718   0.125000   0.375000
  0.708543   0.547543   0.568184   0.204997   0.342129   0.280013  -0.075601   0.125000   0.375000
  0.713568   0.548573   0.569903   0.206404   0.341749   0.254491  -0.070725   0.125000   0.375000
  0.718593   0.549611   0.571621   0.207683   0.341394   0.227082  -0.065689   0.125000   0.375000
  0.723618   0.550654   0.573336   0.208824   0.341063   0.198772  -0.060871   0.125000   0.375000
  0.728643   0.551704   0.575050   0.209823   0.340758   0.171832  -0.057079   0.125000   0.375000
  0.733668   0.552758   0.576762   0.210686   0.340471   0.148405  -0.055120   0.125000   0.375000
  0.738693   0.553817   0.578473   0.211432   0.340194   0.129934  -0.055502   0.125000   0.375000
  0.743719   0.554879   0.580183   0.212085   0.339915   0.117163  -0.058228   0.125000   0.375000
  0.748744   0.555945   0.581891   0.212674   0.339622   0.110153  -0.062529   0.125000   0.375000
  0.753769   0.557014   0.583598   0.213227   0.339308   0.108009  -0.066629   0.125000   0.375000
  0.758794   0.558085   0.585303   0.213770   0.338973   0.108553  -0.067940   0.125000   0.375000
  0.763819   0.559159   0.587006   0.214315   0.338632   0.108565  -0.064175   0.125000   0.375000
  0.768844   0.560236   0.588708   0.214861   0.338309   0.105069  -0.055034   0.125000   0.375000
  0.773869   0.561316   0.590408   0.215389   0.338033   0.096930  -0.042973   0.125000   0.375000
  0.778894   0.562398   0.592106   0.215876   0.337817   0.085304  -0.032163   0.125000   0.375000
  0.783920   0.563483   0.593804   0.216305   0.337655   0.072761  -0.026685   0.125000   0.375000
  0.788945   0.564570   0.595501   0.216670   0.337521   0.062145  -0.029288   0.125000   0.375000
  0.793970   0.565659   0.597197   0.216983   0.337374   0.055858  -0.040779   0.125000   0.375000
  0.798995   0.566749   0.598892   0.217263   0.337169   0.055477  -0.059455   0.125000   0.375000
  0.804020   0.567841   0.600587   0.217542   0.336870   0.061250  -0.080348   0.125000   0.375000
  0.809045   0.568934   0.602279   0.217850   0.336467   0.071374  -0.095200   0.125000   0.375000
  0.814070   0.570029   0.603970   0.218209   0.335988   0.081723  -0.094982   0.125000   0.375000
  0.819095   0.571125   0.605658   0.218619   0.335511   0.087133  -0.075318   0.125000   0.375000
  0.824121   0.572224   0.607345   0.219057   0.335132   0.084103  -0.040952   0.125000   0.375000
  0.829146   0.573325   0.609029   0.219480   0.334927   0.072753  -0.004462   0.125000   0.375000
  0.834171   0.574428   0.610712   0.219845   0.334904   0.056401   0.019845   0.125000   0.375000
  0.839196   0.575533   0.612395   0.220129   0.335004   0.039736   0.021329   0.125000   0.375000
  0.844221   0.576639   0.614078   0.220328   0.335111   0.027357  -0.004505   0.125000   0.375000
  0.849246   0.577746   0.615762   0.220466   0.335088   0.023069  -0.054899   0.125000   0.375000
  0.854271   0.578854   0.617446   0.220582   0.334813   0.029311  -0.118378   0.125000   0.375000
  0.859296   0.579962   0.619128   0.220729   0.334218   0.046040  -0.173977   0.125000   0.375000
  0.864322   0.581071   0.620808   0.220960   0.333343   0.069313  -0.195427   0.125000   0.375000
  0.869347   0.582182   0.622483   0.221309   0.332361   0.091194  -0.163754   0.125000   0.375000
  0.874372   0.583294   0.624153   0.221767   0.331538   0.102802  -0.082260   0.125000   0.375000
  0.879397   0.584408   0.625819   0.222284   0.331125   0.098986   0.021014   0.125000   0.375000
  0.884422   0.585525   0.627483   0.222781   0.331231   0.080670   0.107595   0.125000   0.375000
  0.889447   0.586645   0.629147   0.223186   0.331771   0.053460   0.146249   0.125000   0.375000
  0.894472   0.587766   0.630815   0.223455   0.332506   0.024967   0.122047   0.125000   0.375000
  0.899497   0.588889   0.632485   0.223580   0.333119   0.003018   0.037979   0.125000   0.375000
  0.904523   0.590013   0.634160   0.223596   0.333310  -0.005251  -0.084874   0.125000   0.375000
  0.909548   0.591136   0.635835   0.223569   0.332884   0.005278  -0.206977   0.125000   0.375000
  0.914573   0.592260   0.637507   0.223596   0.331844   0.034981  -0.275987   0.125000   0.375000
  0.919598   0.593383   0.639175   0.223772   0.330457   0.076509  -0.246048   0.125000   0.375000
  0.924623   0.594508   0.640835   0.224156   0.329221   0.115282  -0.106920   0.125000   0.375000
  0.929648   0.595634   0.642490   0.224735   0.328683   0.135851   0.102259   0.125000   0.375000
  0.934673   0.596763   0.644141   0.225418   0.329197   0.129781   0.313273   0.125000   0.375000
  0.939698   0.597896   0.645796   0.226070   0.330771   0.098330   0.465142   0.125000   0.375000
  0.944724   0.599032   0.647458   0.226564   0.333109   0.049464   0.525991   0.125000   0.375000
  0.949749   0.600171   0.649132   0.226813   0.335752  -0.006325   0.494095   0.125000   0.375000
  0.954774   0.601311   0.650819   0.226781   0.338235  -0.058836   0.389977   0.125000   0.375000
  0.959799   0.602450   0.652519   0.226485   0.340195  -0.099758   0.248248   0.125000   0.375000
  0.964824   0.603588   0.654228   0.225984   0.341442  -0.124641   0.109359   0.125000   0.375000
  0.969849   0.604724   0.655944   0.225358   0.341992  -0.135530   0.006749   0.125000   0.375000
  0.974874   0.605856   0.657662   0.224677   0.342026  -0.142033  -0.049678   0.125000   0.375000
  0.979899   0.606985   0.659381   0.223963   0.341776  -0.157675  -0.081137   0.125000   0.375000
  0.984925   0.608111   0.661099   0.223171   0.341368  -0.192733  -0.126927   0.125000   0.375000
  0.989950   0.609232   0.662814   0.222202   0.340730  -0.249609  -0.220487   0.125000   0.375000
  0.994975   0.610349   0.664526   0.220948   0.339622  -0.324008  -0.375481   0.125000   0.375000
  1.000000   0.611459   0.666233   0.219320   0.337736  -0.408895  -0.587444   0.125000   0.375000