  0.000000   0.423463   0.315224   0.000000   0.000000  16.393669  20.935082   0.250000   1.000000
  0.005025   0.423463   0.315224   0.082378   0.105199  13.456218  16.534767   0.250000   1.000000
  0.010050   0.423877   0.315753   0.149996   0.188286  10.641084  12.326171   0.250000   1.000000
  0.015075   0.424631   0.316699   0.203467   0.250225   8.018076   8.444817   0.250000   1.000000
  0.020101   0.425653   0.317956   0.243766   0.292669   5.697121   5.103965   0.250000   1.000000
  0.025126   0.426878   0.319427   0.272394   0.318316   3.801353   2.540085   0.250000   1.000000
  0.030151   0.428247   0.321027   0.291496   0.331080   2.398662   0.881125   0.250000   1.000000
  0.035176   0.429712   0.322690   0.303549   0.335508   1.450083   0.047055   0.250000   1.000000
  0.040201   0.431237   0.324376   0.310836   0.335744   0.825364  -0.217152   0.250000   1.000000
  0.045226   0.432799   0.326063   0.314983   0.334653   0.372966  -0.204751   0.250000   1.000000
  0.050251   0.434382   0.327745   0.316857   0.333624  -0.021410  -0.135072   0.250000   1.000000
  0.055276   0.435974   0.329421   0.316750   0.332945  -0.417261  -0.122297   0.250000   1.000000
  0.060302   0.437566   0.331095   0.314653   0.332331  -0.827178  -0.194221   0.250000   1.000000
  0.065327   0.439147   0.332765   0.310496   0.331355  -1.228853  -0.319990   0.250000   1.000000
  0.070352   0.440707   0.334430   0.304321   0.329747  -1.576718  -0.433669   0.250000   1.000000
  0.075377   0.442237   0.336087   0.296398   0.327568  -1.817953  -0.460916   0.250000   1.000000
  0.080402   0.443726   0.337733   0.287263   0.325251  -1.919013  -0.355303   0.250000   1.000000
  0.085427   0.445170   0.339367   0.277620   0.323466  -1.889130  -0.127436   0.250000   1.000000
  0.090452   0.446565   0.340993   0.268127   0.322826  -1.777618   0.161411   0.250000   1.000000
  0.095477   0.447912   0.342615   0.259194   0.323637  -1.645411   0.437529   0.250000   1.000000
  0.100503   0.449215   0.344241   0.250925   0.325836  -1.537779   0.649101   0.250000   1.000000
  0.105528   0.450476   0.345879   0.243197   0.329098  -1.475608   0.775540   0.250000   1.000000
  0.110553   0.451698   0.347532   0.235782   0.332995  -1.459697   0.820620   0.250000   1.000000
  0.115578   0.452882   0.349206   0.228447   0.337118  -1.477658   0.802714   0.250000   1.000000
  0.120603   0.454030   0.350900   0.221022   0.341152  -1.508485   0.748635   0.250000   1.000000
  0.125628   0.455141   0.352614   0.213442   0.344914  -1.526727   0.688819   0.250000   1.000000
  0.130653   0.456214   0.354347   0.205770   0.348375  -1.510092   0.649643   0.250000   1.000000
  0.135678   0.457248   0.356098   0.198182   0.351640  -1.449773   0.643211   0.250000   1.000000
  0.140704   0.458244   0.357865   0.190895   0.354872  -1.355242   0.662702   0.250000   1.000000
  0.145729   0.459203   0.359648   0.184085   0.358202  -1.247513   0.689281   0.250000   1.000000
  0.150754   0.460128   0.361448   0.177817   0.361666  -1.146852   0.704387   0.250000   1.000000
  0.155779   0.461021   0.363266   0.172054   0.365206  -1.065436   0.697230   0.250000   1.000000
  0.160804   0.461886   0.365101   0.166700   0.368709  -1.006690   0.665516   0.250000   1.000000
  0.165829   0.462724   0.366954   0.161641   0.372053  -0.967536   0.613267   0.250000   1.000000
  0.170854   0.463536   0.368823   0.156779   0.375135  -0.940418   0.548836   0.250000   1.000000
  0.175879   0.464324   0.370708   0.152054   0.377893  -0.914797   0.483431   0.250000   1.000000
  0.180905   0.465088   0.372608   0.147456   0.380323  -0.879619   0.428597   0.250000   1.000000
  0.185930   0.465829   0.374519   0.143036   0.382476  -0.827722   0.391851   0.250000   1.000000
  0.190955   0.466548   0.376441   0.138877   0.384445  -0.759705   0.372693   0.250000   1.000000
  0.195980   0.467245   0.378372   0.135059   0.386318  -0.683286   0.363364   0.250000   1.000000
  0.201005   0.467924   0.380314   0.131626   0.388144  -0.608259   0.353957   0.250000   1.000000
  0.206030   0.468586   0.382264   0.128569   0.389923  -0.541769   0.337199   0.250000   1.000000
  0.211055   0.469232   0.384224   0.125847   0.391617  -0.486804   0.310050   0.250000   1.000000
  0.216080   0.469864   0.386191   0.123400   0.393175  -0.442981   0.273108   0.250000   1.000000
  0.221106   0.470484   0.388167   0.121174   0.394548  -0.407776   0.229717   0.250000   1.000000
  0.226131   0.471093   0.390150   0.119125   0.395702  -0.377481   0.185467   0.250000   1.000000
  0.231156   0.471692   0.392138   0.117228   0.396634  -0.347977   0.147276   0.250000   1.000000
  0.236181   0.472281   0.394132   0.115479   0.397374  -0.315877   0.121115   0.250000   1.000000
  0.241206   0.472861   0.396128   0.113892   0.397983  -0.279614   0.108614   0.250000   1.000000
  0.246231   0.473433   0.398128   0.112487   0.398529  -0.239507   0.105385   0.250000   1.000000
  0.251256   0.473999   0.400131   0.111284   0.399058  -0.196464   0.103118   0.250000   1.000000
  0.256281   0.474558   0.402136   0.110296   0.399576  -0.150602   0.093566   0.250000   1.000000
  0.261307   0.475112   0.404144   0.109539   0.400047  -0.101113   0.071449   0.250000   1.000000
  0.266332   0.475663   0.406155   0.109031   0.400406  -0.047762   0.036003   0.250000   1.000000
  0.271357   0.476210   0.408167   0.108791   0.400586   0.006297  -0.007268   0.250000   1.000000
  0.276382   0.476757   0.410180   0.108823   0.400550   0.050658  -0.043782   0.250000   1.000000
  0.281407   0.477304   0.412192   0.109078   0.400330   0.065025  -0.048091   0.250000   1.000000
  0.286432   0.477852   0.414204   0.109404   0.400088   0.022609   0.011482   0.250000   1.000000
  0.291457   0.478402   0.416214   0.109518   0.400146  -0.096713   0.158133   0.250000   1.000000
  0.296482   0.478952   0.418225   0.109032   0.400941  -0.290390   0.389894   0.250000   1.000000
  0.301508   0.479500   0.420240   0.107572   0.402900  -0.530039   0.677800   0.250000   1.000000
  0.306533   0.480041   0.422265   0.104909   0.406306  -0.775131   0.981701   0.250000   1.000000
  0.311558   0.480568   0.424307   0.101014   0.411239  -0.991401   1.269410   0.250000   1.000000
  0.316583   0.481076   0.426373   0.096032   0.417618  -1.162486   1.526230   0.250000   1.000000
  0.321608   0.481558   0.428472   0.090191   0.425287  -1.297799   1.757737   0.250000   1.000000
  0.326633   0.482011   0.430609   0.083669   0.434120  -1.442218   1.991391   0.250000   1.000000
  0.331658   0.482432   0.432790   0.076422   0.444127  -1.685549   2.277269   0.250000   1.000000
  0.336683   0.482816   0.435022   0.067952   0.455570  -2.155333   2.680047   0.250000   1.000000
  0.341709   0.483157   0.437312   0.057120   0.469040  -2.971907   3.253684   0.250000   1.000000
  0.346734   0.483444   0.439668   0.042186   0.485390  -4.175481   4.007153   0.250000   1.000000
  0.351759   0.483656   0.442108   0.021204   0.505526  -5.690691   4.894668   0.250000   1.000000
  0.356784   0.483763   0.444648  -0.007392   0.530121  -7.369784   5.843557   0.250000   1.000000
  0.361809   0.483726   0.447312  -0.044425   0.559485  -9.073369   6.793547   0.250000   1.000000
  0.366834   0.483502   0.450123  -0.090019   0.593623 -10.717720   7.712482   0.250000   1.000000
  0.371859   0.483050   0.453106  -0.143875   0.632378 -12.271676   8.583177   0.250000   1.000000
  0.376884   0.482327   0.456284  -0.205540   0.675508 -13.724373   9.372560   0.250000   1.000000
  0.381910   0.481294   0.459679  -0.274519   0.722615 -15.043876   9.994764   0.250000   1.000000
  0.386935   0.479915   0.463310  -0.350115   0.772839 -16.140717  10.286758   0.250000   1.000000
  0.391960   0.478155   0.467194  -0.431222   0.824530 -16.868109  10.035872   0.250000   1.000000
  0.396985   0.475988   0.471337  -0.515984   0.874960 -17.081697   9.080544   0.250000   1.000000
  0.402010   0.473396   0.475733  -0.601819   0.920590 -16.737323   7.427695   0.250000   1.000000
  0.407035   0.470371   0.480359  -0.685924   0.957914 -15.934929   5.267859   0.250000   1.000000
  0.412060   0.466925   0.485173  -0.765998   0.984385 -14.862985   2.867355   0.250000   1.000000
  0.417085   0.463076   0.490119  -0.840684   0.998793 -13.701526   0.445453   0.250000   1.000000
  0.422111   0.458850   0.495139  -0.909548   1.001032 -12.551357  -1.879427   0.250000   1.000000
  0.427136   0.454280   0.500170  -0.972618   0.991588 -11.396369  -4.079155   0.250000   1.000000
  0.432161   0.449392   0.505152  -1.029885   0.971090 -10.073156  -6.186158   0.250000   1.000000
  0.437186   0.444217   0.510032  -1.080503   0.940005  -8.258531  -8.252956   0.250000   1.000000
  0.442211   0.438788   0.514756  -1.122002   0.898534  -5.527680 -10.309585   0.250000   1.000000
  0.447236   0.433150   0.519271  -1.149779   0.846728  -1.542159 -12.325833   0.250000   1.000000
  0.452261   0.427372   0.523525  -1.157528   0.784791   3.707013 -14.209308   0.250000   1.000000
  0.457286   0.421555   0.527469  -1.138900   0.713389   9.830464 -15.854808   0.250000   1.000000
  0.462312   0.415831   0.531055  -1.089492   0.633703  16.249372 -17.204628   0.250000   1.000000
  0.467337   0.410357   0.534239  -1.007839   0.547249  22.470748 -18.263833   0.250000   1.000000
  0.472362   0.405292   0.536989  -0.894924   0.455474  28.219288 -19.071290   0.250000   1.000000
  0.477387   0.400795   0.539278  -0.753122   0.359640  33.380899 -19.650745   0.250000   1.000000
  0.482412   0.397011   0.541085  -0.585383   0.260895  37.873668 -19.965676   0.250000   1.000000
  0.487437   0.394069   0.542396  -0.395067   0.160568  41.513874 -19.884792   0.250000   1.000000
  0.492462   0.392084   0.543203  -0.186460   0.060647  43.940423 -19.182450   0.250000   1.000000
  0.497487   0.391147   0.543507   0.034340  -0.035745  44.685852 -17.616962   0.250000   1.000000
  0.502513   0.391320   0.543328   0.258931  -0.124288  43.433965 -15.087081   0.250000   1.000000
  0.507538   0.392621   0.542703   0.477187  -0.200101  40.297337 -11.754600   0.250000   1.000000
  0.512563   0.395019   0.541698   0.679681  -0.259167  35.822661  -7.986944   0.250000   1.000000
  0.517588   0.398434   0.540395   0.859690  -0.299302  30.709844  -4.173827   0.250000   1.000000
  0.522613   0.402754   0.538891   1.014007  -0.320275  25.521044  -0.584185   0.250000   1.000000
  0.527638   0.407849   0.537282   1.142250  -0.323211  20.569980   2.654841   0.250000   1.000000
  0.532663   0.413589   0.535658   1.245614  -0.309870  15.955062   5.502567   0.250000   1.000000
  0.537688   0.419848   0.534101   1.325789  -0.282220  11.637038   7.934965   0.250000   1.000000
  0.542714   0.426512   0.532682   1.384276  -0.242339   7.513484   9.893542   0.250000   1.000000
  0.547739   0.433468   0.531465   1.422032  -0.192624   3.494926  11.273125   0.250000   1.000000
  0.552764   0.440613   0.530497   1.439594  -0.135976  -0.433110  11.974226   0.250000   1.000000
  0.557789   0.447847   0.529813   1.437417  -0.075806  -4.182261  11.989705   0.250000   1.000000
  0.562814   0.455070   0.529432   1.416401  -0.015557  -7.613215  11.449606   0.250000   1.000000
  0.567839   0.462188   0.529354   1.378145   0.041977 -10.621330  10.568315   0.250000   1.000000
  0.572864   0.469113   0.529565   1.324773   0.095083 -13.179400   9.549083   0.250000   1.000000
  0.577889   0.475770   0.530043   1.258546   0.143067 -15.318050   8.527056   0.250000   1.000000
  0.582915   0.482096   0.530762   1.181558   0.185924 -17.078716   7.565794   0.250000   1.000000
  0.587940   0.488033   0.531696   1.095737   0.223942 -18.467134   6.679472   0.250000   1.000000
  0.592965   0.493539   0.532822   1.002940   0.257506 -19.424748   5.854332   0.250000   1.000000
  0.597990   0.498579   0.534116   0.905331   0.286924 -19.825980   5.067468   0.250000   1.000000
  0.603015   0.503128   0.535557   0.805705   0.312388 -19.533112   4.301886   0.250000   1.000000
  0.608040   0.507177   0.537127   0.707551   0.334005 -18.502611   3.557590   0.250000   1.000000
  0.613065   0.510732   0.538806   0.614576   0.351882 -16.862610   2.851525   0.250000   1.000000
  0.618090   0.513820   0.540574   0.529841   0.366211 -14.872685   2.205310   0.250000   1.000000
  0.623116   0.516483   0.542414   0.455091   0.377295 -12.800131   1.632090   0.250000   1.000000
  0.628141   0.518770   0.544310   0.390770   0.385496 -10.829603   1.133480   0.250000   1.000000
  0.633166   0.520734   0.546247   0.336351   0.391192  -9.046588   0.703489   0.250000   1.000000
  0.638191   0.522424   0.548213   0.290892   0.394727  -7.470685   0.335601   0.250000   1.000000
  0.643216   0.523886   0.550197   0.253352   0.396413  -6.091974   0.027654   0.250000   1.000000
  0.648241   0.525159   0.552189   0.222740   0.396552  -4.896512  -0.215956   0.250000   1.000000
  0.653266   0.526278   0.554181   0.198135   0.395467  -3.877751  -0.386469   0.250000   1.000000
  0.658291   0.527274   0.556168   0.178649   0.393525  -3.034082  -0.478411   0.250000   1.000000
  0.663317   0.528172   0.558146   0.163400   0.391121  -2.356943  -0.498567   0.250000   1.000000
  0.668342   0.528993   0.560112   0.151556   0.388615  -1.822796  -0.467408   0.250000   1.000000
  0.673367   0.529754   0.562064   0.142397   0.386267  -1.396548  -0.410536   0.250000   1.000000
  0.678392   0.530470   0.564005   0.135379   0.384204  -1.043921  -0.348545   0.250000   1.000000
  0.683417   0.531150   0.565936   0.130133   0.382452  -0.739714  -0.293014   0.250000   1.000000
  0.688442   0.531804   0.567858   0.126416   0.380980  -0.469760  -0.248013   0.250000   1.000000
  0.693467   0.532439   0.569772   0.124056   0.379734  -0.229639  -0.213210   0.250000   1.000000
  0.698492   0.533063   0.571680   0.122902   0.378662  -0.022989  -0.186280   0.250000   1.000000
  0.703518   0.533680   0.573584   0.122786   0.377726   0.140824  -0.164339   0.250000   1.000000
  0.708543   0.534297   0.575482   0.123494   0.376900   0.251585  -0.144897   0.250000   1.000000
  0.713568   0.534918   0.577376   0.124758   0.376172   0.306210  -0.126588   0.250000   1.000000
  0.718593   0.535545   0.579266   0.126297   0.375536   0.313741  -0.109479   0.250000   1.000000
  0.723618   0.536179   0.581153   0.127873   0.374986   0.292243  -0.094613   0.250000   1.000000
  0.728643   0.536822   0.583037   0.129342   0.374510   0.260242  -0.083167   0.250000   1.000000
  0.733668   0.537472   0.584919   0.130650   0.374092   0.230535  -0.075878   0.250000   1.000000
  0.738693   0.538128   0.586799   0.131808   0.373711   0.209185  -0.072855   0.250000   1.000000
  0.743719   0.538791   0.588677   0.132859   0.373345   0.197295  -0.073484   0.250000   1.000000
  0.748744   0.539458   0.590553   0.133851   0.372976   0.192848  -0.076228   0.250000   1.000000
  0.753769   0.540131   0.592428   0.134820   0.372593   0.191800  -0.078441   0.250000   1.000000
  0.758794   0.540809   0.594300   0.135784   0.372199   0.189084  -0.076782   0.250000   1.000000
  0.763819   0.541491   0.596170   0.136734   0.371813   0.180403  -0.068730   0.250000   1.000000
  0.768844   0.542178   0.598038   0.137640   0.371467   0.164481  -0.054575   0.250000   1.000000
  0.773869   0.542870   0.599905   0.138467   0.371193   0.143894  -0.037993   0.250000   1.000000
  0.778894   0.543565   0.601770   0.139190   0.371002   0.123483  -0.024407   0.250000   1.000000
  0.783920   0.544265   0.603635   0.139811   0.370879   0.107901  -0.018664   0.250000   1.000000
  0.788945   0.544968   0.605499   0.140353   0.370786   0.100139  -0.023639   0.250000   1.000000
  0.793970   0.545673   0.607362   0.140856   0.370667   0.101097  -0.039639   0.250000   1.000000
  0.798995   0.546381   0.609224   0.141364   0.370468   0.109455  -0.063814   0.250000   1.000000
  0.804020   0.547091   0.611086   0.141914   0.370147   0.121353  -0.089357   0.250000   1.000000
  0.809045   0.547804   0.612946   0.142524   0.369698   0.130467  -0.105745   0.250000   1.000000
  0.814070   0.548520   0.614804   0.143179   0.369167   0.129796  -0.102187   0.250000   1.000000
  0.819095   0.549240   0.616659   0.143832   0.368653   0.115465  -0.074396   0.250000   1.000000
  0.824121   0.549963   0.618512   0.144412   0.368279   0.089926  -0.029620   0.250000   1.000000
  0.829146   0.550688   0.620362   0.144864   0.368130   0.061155   0.015742   0.250000   1.000000
  0.834171   0.551416   0.622212   0.145171   0.368210   0.038456   0.044077   0.250000   1.000000
  0.839196   0.552146   0.624062   0.145364   0.368431   0.028764   0.043081   0.250000   1.000000
  0.844221   0.552876   0.625914   0.145509   0.368648   0.035135   0.008435   0.250000   1.000000
  0.849246   0.553607   0.627766   0.145686   0.368690   0.056433  -0.055144   0.250000   1.000000
  0.854271   0.554339   0.629619   0.145969   0.368413   0.086946  -0.132428   0.250000   1.000000
  0.859296   0.555073   0.631470   0.146406   0.367747   0.116188  -0.197170   0.250000   1.000000
  0.864322   0.555809   0.633318   0.146990   0.366756   0.130874  -0.217815   0.250000   1.000000
  0.869347   0.556547   0.635161   0.147648   0.365662   0.120795  -0.173141   0.250000   1.000000
  0.874372   0.557289   0.636999   0.148255   0.364792   0.085975  -0.069794   0.250000   1.000000
  0.879397   0.558034   0.638832   0.148687   0.364441   0.038126   0.056201   0.250000   1.000000
  0.884422   0.558781   0.640663   0.148878   0.364724  -0.005766   0.157899   0.250000   1.000000
  0.889447   0.559530   0.642496   0.148849   0.365517  -0.031592   0.198798   0.250000   1.000000
  0.894472   0.560278   0.644333   0.148690   0.366516  -0.032220   0.163050   0.250000   1.000000
  0.899497   0.561025   0.646174   0.148529   0.367335  -0.007875   0.056679   0.250000   1.000000
  0.904523   0.561771   0.648021   0.148489   0.367620   0.034401  -0.092781   0.250000   1.000000
  0.909548   0.562517   0.649868   0.148662   0.367154   0.081051  -0.236507   0.250000   1.000000
  0.914573   0.563264   0.651713   0.149069   0.365965   0.113895  -0.312052   0.250000   1.000000
  0.919598   0.564013   0.653552   0.149641   0.364397   0.116241  -0.267140   0.250000   1.000000
  0.924623   0.564765   0.655383   0.150226   0.363055   0.082409  -0.093924   0.250000   1.000000
  0.929648   0.565520   0.657207   0.150640   0.362583   0.022777   0.156789   0.250000   1.000000
  0.934673   0.566277   0.659029   0.150754   0.363371  -0.042048   0.402033   0.250000   1.000000
  0.939698   0.567035   0.660855   0.150543   0.365391  -0.092688   0.570395   0.250000   1.000000
  0.944724   0.567791   0.662692   0.150077   0.368258  -0.118282   0.626858   0.250000   1.000000
  0.949749   0.568546   0.664542   0.149483   0.371408  -0.117102   0.572658   0.250000   1.000000
  0.954774   0.569297   0.666409   0.148894   0.374285  -0.094145   0.435003   0.250000   1.000000
  0.959799   0.570045   0.668289   0.148421   0.376471  -0.058617   0.256924   0.250000   1.000000
  0.964824   0.570791   0.670181   0.148127   0.377762  -0.021716   0.087005   0.250000   1.000000
  0.969849   0.571535   0.672079   0.148017   0.378200   0.006501  -0.036310   0.250000   1.000000
  0.974874   0.572279   0.673980   0.148050   0.378017   0.021342  -0.104153   0.250000   1.000000
  0.979899   0.573023   0.675879   0.148157   0.377494   0.025965  -0.144899   0.250000   1.000000
  0.984925   0.573767   0.677777   0.148288   0.376766   0.028932  -0.206936   0.250000   1.000000
  0.989950   0.574513   0.679670   0.148433   0.375726   0.038529  -0.329580   0.250000   1.000000
  0.994975   0.575258   0.681558   0.148627   0.374070   0.058910  -0.527320   0.250000   1.000000
  1.000000   0.576005   0.683438   0.148923   0.371420   0.089945  -0.792905   0.250000   1.000000