  0.000000   0.460982   0.303843   0.000000   0.000000  14.842053  21.266614   0.375000   0.125000
  0.005025   0.460982   0.303843   0.074581   0.106865  12.400010  16.767661   0.375000   0.125000
  0.010050   0.461357   0.304380   0.136891   0.191122  10.057167  12.458007   0.375000   0.125000
  0.015075   0.462045   0.305340   0.187429   0.253724   7.860781   8.477844   0.375000   0.125000
  0.020101   0.462987   0.306616   0.226937   0.296333   5.885424   5.049065   0.375000   0.125000
  0.025126   0.464127   0.308105   0.256511   0.321705   4.215516   2.419459   0.375000   0.125000
  0.030151   0.465416   0.309721   0.277694   0.333863   2.898487   0.725929   0.375000   0.125000
  0.035176   0.466811   0.311399   0.292259   0.337510   1.909455  -0.110340   0.375000   0.125000
  0.040201   0.468280   0.313095   0.301854   0.336956   1.160797  -0.351520   0.375000   0.125000
  0.045226   0.469797   0.314788   0.307687   0.335190   0.549327  -0.301730   0.375000   0.125000
  0.050251   0.471343   0.316472   0.310447   0.333673  -0.003462  -0.189812   0.375000   0.125000
  0.055276   0.472903   0.318149   0.310430   0.332720  -0.538481  -0.135894   0.375000   0.125000
  0.060302   0.474463   0.319821   0.307724   0.332037  -1.063198  -0.170329   0.375000   0.125000
  0.065327   0.476009   0.321490   0.302381   0.331181  -1.558281  -0.262512   0.375000   0.125000
  0.070352   0.477529   0.323154   0.294551   0.329862  -1.985162  -0.345515   0.375000   0.125000
  0.075377   0.479009   0.324812   0.284575   0.328125  -2.298410  -0.343865   0.375000   0.125000
  0.080402   0.480439   0.326460   0.273026   0.326397  -2.468921  -0.210800   0.375000   0.125000
  0.085427   0.481811   0.328101   0.260619   0.325338  -2.505496   0.042264   0.375000   0.125000
  0.090452   0.483121   0.329735   0.248029   0.325551  -2.453394   0.352673   0.375000   0.125000
  0.095477   0.484367   0.331371   0.235701   0.327323  -2.369200   0.645718   0.375000   0.125000
  0.100503   0.485552   0.333016   0.223793   0.330568  -2.295951   0.869445   0.375000   0.125000
  0.105528   0.486676   0.334678   0.212256   0.334937  -2.254631   1.003862   0.375000   0.125000
  0.110553   0.487743   0.336361   0.200927   0.339982  -2.247593   1.053719   0.375000   0.125000
  0.115578   0.488752   0.338069   0.189633   0.345276  -2.264487   1.038436   0.375000   0.125000
  0.120603   0.489705   0.339804   0.178254   0.350495  -2.286283   0.985705   0.375000   0.125000
  0.125628   0.490601   0.341565   0.166765   0.355448  -2.289239   0.926450   0.375000   0.125000
  0.130653   0.491439   0.343351   0.155262   0.360103  -2.252475   0.886960   0.375000   0.125000
  0.135678   0.492219   0.345161   0.143943   0.364560  -2.168341   0.878760   0.375000   0.125000
  0.140704   0.492943   0.346993   0.133045   0.368977  -2.047243   0.894399   0.375000   0.125000
  0.145729   0.493611   0.348847   0.122757   0.373471  -1.910959   0.914834   0.375000   0.125000
  0.150754   0.494228   0.350724   0.113155   0.378068  -1.780340   0.921842   0.375000   0.125000
  0.155779   0.494797   0.352624   0.104209   0.382700  -1.668030   0.905322   0.375000   0.125000
  0.160804   0.495320   0.354547   0.095827   0.387250  -1.577826   0.863776   0.375000   0.125000
  0.165829   0.495802   0.356493   0.087898   0.391590  -1.506961   0.801976   0.375000   0.125000
  0.170854   0.496244   0.358460   0.080326   0.395620  -1.448136   0.728885   0.375000   0.125000
  0.175879   0.496647   0.360448   0.073049   0.399283  -1.391025   0.656033   0.375000   0.125000
  0.180905   0.497014   0.362455   0.066057   0.402580  -1.324756   0.594830   0.375000   0.125000
  0.185930   0.497346   0.364478   0.059401   0.405569  -1.242360   0.552161   0.375000   0.125000
  0.190955   0.497645   0.366516   0.053158   0.408344  -1.144626   0.526696   0.375000   0.125000
  0.195980   0.497912   0.368568   0.047406   0.410990  -1.039497   0.510184   0.375000   0.125000
  0.201005   0.498150   0.370633   0.042183   0.413554  -0.937011   0.492842   0.375000   0.125000
  0.206030   0.498362   0.372711   0.037474   0.416030  -0.844549   0.468027   0.375000   0.125000
  0.211055   0.498550   0.374802   0.033230   0.418382  -0.765289   0.433501   0.375000   0.125000
  0.216080   0.498717   0.376904   0.029385   0.420561  -0.698895   0.390521   0.375000   0.125000
  0.221106   0.498865   0.379018   0.025872   0.422523  -0.642600   0.342617   0.375000   0.125000
  0.226131   0.498995   0.381141   0.022643   0.424245  -0.592005   0.294753   0.375000   0.125000
  0.231156   0.499109   0.383273   0.019668   0.425726  -0.541855   0.252227   0.375000   0.125000
  0.236181   0.499208   0.385412   0.016945   0.426994  -0.487713   0.218902   0.375000   0.125000
  0.241206   0.499293   0.387558   0.014494   0.428094  -0.428058   0.195199   0.375000   0.125000
  0.246231   0.499366   0.389709   0.012343   0.429074  -0.365066   0.177803   0.375000   0.125000
  0.251256   0.499428   0.391865   0.010509   0.429968  -0.302999   0.161779   0.375000   0.125000
  0.256281   0.499480   0.394026   0.008986   0.430781  -0.245677   0.143197   0.375000   0.125000
  0.261307   0.499526   0.396191   0.007752   0.431501  -0.195069   0.120275   0.375000   0.125000
  0.266332   0.499565   0.398359   0.006771   0.432105  -0.151309   0.093147   0.375000   0.125000
  0.271357   0.499599   0.400531   0.006011   0.432573  -0.113151   0.063175   0.375000   0.125000
  0.276382   0.499629   0.402704   0.005443   0.432890  -0.078469   0.032481   0.375000   0.125000
  0.281407   0.499656   0.404880   0.005048   0.433054  -0.044579   0.003470   0.375000   0.125000
  0.286432   0.499682   0.407056   0.004824   0.433071  -0.008686  -0.022045   0.375000   0.125000
  0.291457   0.499706   0.409232   0.004781   0.432960   0.031550  -0.044196   0.375000   0.125000
  0.296482   0.499730   0.411408   0.004939   0.432738   0.077839  -0.066025   0.375000   0.125000
  0.301508   0.499755   0.413582   0.005330   0.432406   0.131979  -0.093019   0.375000   0.125000
  0.306533   0.499781   0.415755   0.005994   0.431939   0.196984  -0.131588   0.375000   0.125000
  0.311558   0.499812   0.417926   0.006983   0.431278   0.277737  -0.187778   0.375000   0.125000
  0.316583   0.499847   0.420093   0.008379   0.430334   0.380206  -0.266214   0.375000   0.125000
  0.321608   0.499889   0.422255   0.010290   0.428996   0.508773  -0.368070   0.375000   0.125000
  0.326633   0.499940   0.424411   0.012846   0.427147   0.660912  -0.486635   0.375000   0.125000
  0.331658   0.500005   0.426558   0.016167   0.424702   0.819586  -0.600767   0.375000   0.125000
  0.336683   0.500086   0.428692   0.020286   0.421683   0.948342  -0.671011   0.375000   0.125000
  0.341709   0.500188   0.430811   0.025052   0.418310   0.999473  -0.647724   0.375000   0.125000
  0.346734   0.500314   0.432913   0.030074   0.415055   0.939924  -0.494490   0.375000   0.125000
  0.351759   0.500465   0.434999   0.034797   0.412571   0.777644  -0.209835   0.375000   0.125000
  0.356784   0.500640   0.437072   0.038705   0.411516   0.561792   0.175550   0.375000   0.125000
  0.361809   0.500835   0.439140   0.041528   0.412398   0.356422   0.623670   0.375000   0.125000
  0.366834   0.501043   0.441212   0.043319   0.415532   0.208110   1.114609   0.375000   0.125000
  0.371859   0.501261   0.443300   0.044365   0.421133   0.116857   1.660788   0.375000   0.125000
  0.376884   0.501484   0.445416   0.044952   0.429479   0.003102   2.311761   0.375000   0.125000
  0.381910   0.501710   0.447575   0.044968   0.441098  -0.331245   3.149521   0.375000   0.125000
  0.386935   0.501936   0.449791   0.043303   0.456924  -1.218631   4.262887   0.375000   0.125000
  0.391960   0.502153   0.452087   0.037180   0.478345  -3.056311   5.694602   0.375000   0.125000
  0.396985   0.502340   0.454491   0.021822   0.506960  -6.121357   7.380664   0.375000   0.125000
  0.402010   0.502450   0.457039  -0.008938   0.544048 -10.389061   9.144569   0.375000   0.125000
  0.407035   0.502405   0.459772  -0.061143   0.590000 -15.547146  10.769262   0.375000   0.125000
  0.412060   0.502098   0.462737  -0.139268   0.644115 -21.201554  12.078264   0.375000   0.125000
  0.417085   0.501398   0.465974  -0.245805   0.704808 -27.060259  12.948605   0.375000   0.125000
  0.422111   0.500162   0.469516  -0.381810   0.769888 -32.948287  13.255702   0.375000   0.125000
  0.427136   0.498244   0.473385  -0.547375   0.836498 -38.654791  12.795808   0.375000   0.125000
  0.432161   0.495493   0.477588  -0.741616   0.900797 -43.692924  11.233631   0.375000   0.125000
  0.437186   0.491767   0.482115  -0.961173   0.957246 -47.045896   8.132519   0.375000   0.125000
  0.442211   0.486937   0.486925  -1.197578   0.998112 -47.144479   3.140769   0.375000   0.125000
  0.447236   0.480919   0.491940  -1.434479   1.013894 -42.369085  -3.685131   0.375000   0.125000
  0.452261   0.473711   0.497035  -1.647384   0.995376 -31.992371 -11.667423   0.375000   0.125000
  0.457286   0.465433   0.502037  -1.808146   0.936748 -16.770228 -19.701522   0.375000   0.125000
  0.462312   0.456345   0.506745  -1.892433   0.837728   1.480031 -26.745708   0.375000   0.125000
  0.467337   0.446835   0.510955  -1.884996   0.703331  20.835333 -32.143645   0.375000   0.125000
  0.472362   0.437363   0.514489  -1.780298   0.541809  39.918352 -35.598022   0.375000   0.125000
  0.477387   0.428417   0.517212  -1.579708   0.362929  57.883047 -36.936188   0.375000   0.125000
  0.482412   0.420479   0.519035  -1.288846   0.177324  74.031402 -35.916957   0.375000   0.125000
  0.487437   0.414003   0.519926  -0.916838  -0.003158  87.334533 -32.200681   0.375000   0.125000
  0.492462   0.409396   0.519910  -0.477982  -0.164967  96.149786 -25.559749   0.375000   0.125000
  0.497487   0.406994   0.519081   0.005170  -0.293405  98.510292 -16.295673   0.375000   0.125000
  0.502513   0.407020   0.517607   0.500283  -0.375307  93.139240  -5.546102   0.375000   0.125000
  0.507538   0.409534   0.515721   0.968308  -0.403176  80.510454   4.958835   0.375000   0.125000
  0.512563   0.414399   0.513695   1.372873  -0.378258  62.813052  13.673530   0.375000   0.125000
  0.517588   0.421298   0.511794   1.688508  -0.309548  42.816362  19.819964   0.375000   0.125000
  0.522613   0.429783   0.510239   1.903661  -0.209953  22.753576  23.383591   0.375000   0.125000
  0.527638   0.439349   0.509184   2.017997  -0.092450   3.967212  24.747073   0.375000   0.125000
  0.532663   0.449489   0.508719   2.037933   0.031904 -12.844793  24.350117   0.375000   0.125000
  0.537688   0.459730   0.508879   1.973388   0.154263 -27.201478  22.529275   0.375000   0.125000
  0.542714   0.469648   0.509655   1.836673   0.267495 -38.508404  19.524193   0.375000   0.125000
  0.547739   0.478877   0.510999   1.643168   0.365604 -45.996209  15.598071   0.375000   0.125000
  0.552764   0.487134   0.512836   1.412037   0.443985 -49.077129  11.164596   0.375000   0.125000
  0.557789   0.494230   0.515067   1.165425   0.500087 -47.874752   6.788699   0.375000   0.125000
  0.562814   0.500086   0.517580   0.924854   0.534200 -43.411166   3.001643   0.375000   0.125000
  0.567839   0.504733   0.520264   0.706713   0.549283 -37.165436   0.098301   0.375000   0.125000
  0.572864   0.508285   0.523025   0.519957   0.549777 -30.438400  -1.899901   0.375000   0.125000
  0.577889   0.510897   0.525787   0.367004   0.540230 -24.036386  -3.137033   0.375000   0.125000
  0.582915   0.512742   0.528502   0.246197   0.524463 -18.313754  -3.798243   0.375000   0.125000
  0.587940   0.513979   0.531138   0.154170   0.505377 -13.362995  -4.038067   0.375000   0.125000
  0.592965   0.514754   0.533677   0.087021   0.485086  -9.176224  -3.962273   0.375000   0.125000
  0.597990   0.515191   0.536115   0.040911   0.465176  -5.750213  -3.640467   0.375000   0.125000
  0.603015   0.515397   0.538452   0.012016   0.446882  -3.106728  -3.134673   0.375000   0.125000
  0.608040   0.515457   0.540698  -0.003596   0.431130  -1.245108  -2.522825   0.375000   0.125000
  0.613065   0.515439   0.542864  -0.009852   0.418453  -0.079986  -1.895975   0.375000   0.125000
  0.618090   0.515389   0.544967  -0.010254   0.408926   0.561485  -1.331084   0.375000   0.125000
  0.623116   0.515338   0.547022  -0.007432   0.402236   0.876995  -0.868462   0.375000   0.125000
  0.628141   0.515301   0.549044  -0.003025   0.397872   1.024892  -0.513235   0.375000   0.125000
  0.633166   0.515285   0.551043   0.002125   0.395293   1.101814  -0.250465   0.375000   0.125000
  0.638191   0.515296   0.553029   0.007661   0.394034   1.151665  -0.060482   0.375000   0.125000
  0.643216   0.515335   0.555009   0.013449   0.393730   1.183789   0.072981   0.375000   0.125000
  0.648241   0.515402   0.556988   0.019397   0.394097   1.188628   0.160288   0.375000   0.125000
  0.653266   0.515500   0.558968   0.025370   0.394903   1.151110   0.207262   0.375000   0.125000
  0.658291   0.515627   0.560953   0.031154   0.395944   1.063751   0.218921   0.375000   0.125000
  0.663317   0.515784   0.562943   0.036501   0.397044   0.935444   0.203075   0.375000   0.125000
  0.668342   0.515967   0.564938   0.041201   0.398065   0.788862   0.170567   0.375000   0.125000
  0.673367   0.516174   0.566938   0.045165   0.398922   0.648138   0.132069   0.375000   0.125000
  0.678392   0.516401   0.568943   0.048422   0.399586   0.528850   0.095035   0.375000   0.125000
  0.683417   0.516644   0.570950   0.051080   0.400063   0.436224   0.063123   0.375000   0.125000
  0.688442   0.516901   0.572961   0.053272   0.400380   0.368560   0.037415   0.375000   0.125000
  0.693467   0.517169   0.574973   0.055124   0.400568   0.321031   0.017880   0.375000   0.125000
  0.698492   0.517446   0.576986   0.056737   0.400658   0.287877   0.004295   0.375000   0.125000
  0.703518   0.517731   0.578999   0.058184   0.400680   0.263310  -0.003537   0.375000   0.125000
  0.708543   0.518023   0.581013   0.059507   0.400662   0.242189  -0.006176   0.375000   0.125000
  0.713568   0.518322   0.583026   0.060724   0.400631   0.221044  -0.005114   0.375000   0.125000
  0.718593   0.518627   0.585039   0.061835   0.400605   0.199024  -0.002759   0.375000   0.125000
  0.723618   0.518938   0.587052   0.062835   0.400591   0.177643  -0.001644   0.375000   0.125000
  0.728643   0.519254   0.589065   0.063727   0.400583   0.159411  -0.003539   0.375000   0.125000
  0.733668   0.519574   0.591078   0.064528   0.400565   0.146488  -0.009112   0.375000   0.125000
  0.738693   0.519898   0.593091   0.065265   0.400520   0.140019  -0.018030   0.375000   0.125000
  0.743719   0.520226   0.595104   0.065968   0.400429   0.139848  -0.029030   0.375000   0.125000
  0.748744   0.520558   0.597116   0.066671   0.400283   0.144171  -0.039801   0.375000   0.125000
  0.753769   0.520893   0.599128   0.067396   0.400083   0.149196  -0.047002   0.375000   0.125000
  0.758794   0.521232   0.601138   0.068145   0.399847   0.149587  -0.047076   0.375000   0.125000
  0.763819   0.521574   0.603147   0.068897   0.399610   0.140621  -0.038231   0.375000   0.125000
  0.768844   0.521920   0.605155   0.069604   0.399418   0.121379  -0.022450   0.375000   0.125000
  0.773869   0.522270   0.607162   0.070213   0.399305   0.096126  -0.005334   0.375000   0.125000
  0.778894   0.522623   0.609169   0.070696   0.399279   0.072273   0.006455   0.375000   0.125000
  0.783920   0.522978   0.611176   0.071060   0.399311   0.056956   0.007895   0.375000   0.125000
  0.788945   0.523335   0.613182   0.071346   0.399351   0.054820  -0.003176   0.375000   0.125000
  0.793970   0.523694   0.615189   0.071621   0.399335   0.067178  -0.025793   0.375000   0.125000
  0.798995   0.524054   0.617196   0.071959   0.399205   0.091453  -0.055472   0.375000   0.125000
  0.804020   0.524415   0.619202   0.072419   0.398926   0.120355  -0.083645   0.375000   0.125000
  0.809045   0.524779   0.621206   0.073023   0.398506   0.141989  -0.098435   0.375000   0.125000
  0.814070   0.525146   0.623209   0.073737   0.398011   0.143385  -0.089024   0.375000   0.125000
  0.819095   0.525517   0.625209   0.074457   0.397564   0.117914  -0.053087   0.375000   0.125000
  0.824121   0.525891   0.627207   0.075050   0.397297   0.071331  -0.001233   0.375000   0.125000
  0.829146   0.526268   0.629203   0.075408   0.397291   0.019933   0.047071   0.375000   0.125000
  0.834171   0.526647   0.631200   0.075509   0.397528  -0.017752   0.072847   0.375000   0.125000
  0.839196   0.527026   0.633197   0.075419   0.397894  -0.028152   0.064336   0.375000   0.125000
  0.844221   0.527405   0.635197   0.075278   0.398217  -0.005611   0.019228   0.375000   0.125000
  0.849246   0.527784   0.637198   0.075250   0.398314   0.046814  -0.054749   0.375000   0.125000
  0.854271   0.528162   0.639199   0.075485   0.398038   0.116324  -0.138699   0.375000   0.125000
  0.859296   0.528541   0.641199   0.076069   0.397341   0.179918  -0.202831   0.375000   0.125000
  0.864322   0.528923   0.643196   0.076974   0.396322   0.208956  -0.213811   0.375000   0.125000
  0.869347   0.529310   0.645188   0.078024   0.395248   0.182377  -0.152373   0.375000   0.125000
  0.874372   0.529702   0.647174   0.078940   0.394482   0.102339  -0.031066   0.375000   0.125000
  0.879397   0.530099   0.649156   0.079454   0.394326  -0.003230   0.106999   0.375000   0.125000
  0.884422   0.530498   0.651138   0.079438   0.394864  -0.095496   0.210274   0.375000   0.125000
  0.889447   0.530897   0.653122   0.078958   0.395920  -0.142968   0.241770   0.375000   0.125000
  0.894472   0.531294   0.655111   0.078240   0.397135  -0.130529   0.188667   0.375000   0.125000
  0.899497   0.531687   0.657107   0.077584   0.398083  -0.060400   0.062293   0.375000   0.125000
  0.904523   0.532077   0.659108   0.077280   0.398396   0.048678  -0.103220   0.375000   0.125000
  0.909548   0.532465   0.661110   0.077525   0.397878   0.161898  -0.252312   0.375000   0.125000
  0.914573   0.532855   0.663109   0.078339   0.396610   0.233499  -0.318013   0.375000   0.125000
  0.919598   0.533249   0.665102   0.079512   0.395012   0.223063  -0.249071   0.375000   0.125000
  0.924623   0.533648   0.667087   0.080633   0.393760   0.120035  -0.045882   0.375000   0.125000
  0.929648   0.534053   0.669066   0.081236   0.393530  -0.044516   0.228508   0.375000   0.125000
  0.934673   0.534462   0.671043   0.081012   0.394678  -0.214652   0.481416   0.375000   0.125000
  0.939698   0.534869   0.673026   0.079934   0.397097  -0.339877   0.638411   0.375000   0.125000
  0.944724   0.535270   0.675022   0.078225   0.400306  -0.393473   0.667641   0.375000   0.125000
  0.949749   0.535664   0.677034   0.076248   0.403660  -0.373359   0.576964   0.375000   0.125000
  0.954774   0.536047   0.679062   0.074372   0.406560  -0.295388   0.401230   0.375000   0.125000
  0.959799   0.536420   0.681105   0.072888   0.408576  -0.186522   0.190518   0.375000   0.125000
  0.964824   0.536787   0.683158   0.071951   0.409533  -0.078370  -0.001819   0.375000   0.125000
  0.969849   0.537148   0.685216   0.071557   0.409524   0.002353  -0.136975   0.375000   0.125000
  0.974874   0.537508   0.687274   0.071569   0.408836   0.046150  -0.211345   0.375000   0.125000
  0.979899   0.537867   0.689328   0.071800   0.407774   0.066776  -0.262136   0.375000   0.125000
  0.984925   0.538228   0.691378   0.072136   0.406456   0.092157  -0.345230   0.375000   0.125000
  0.989950   0.538591   0.693420   0.072599   0.404721   0.146876  -0.502415   0.375000   0.125000
  0.994975   0.538956   0.695454   0.073337   0.402197   0.241556  -0.745909   0.375000   0.125000
  1.000000   0.539324   0.697475   0.074551   0.398449   0.373657  -1.063948   0.375000   0.125000