  0.000000   0.423463   0.315224   0.000000   0.000000  16.393655  20.935055   0.250000   0.500000
  0.005025   0.423463   0.315224   0.082378   0.105199  13.456192  16.534719   0.250000   0.500000
  0.010050   0.423877   0.315753   0.149995   0.188286  10.641050  12.326106   0.250000   0.500000
  0.015075   0.424631   0.316699   0.203467   0.250224   8.018036   8.444742   0.250000   0.500000
  0.020101   0.425653   0.317956   0.243765   0.292668   5.697080   5.103888   0.250000   0.500000
  0.025126   0.426878   0.319427   0.272393   0.318315   3.801315   2.540013   0.250000   0.500000
  0.030151   0.428247   0.321027   0.291495   0.331078   2.398631   0.881065   0.250000   0.500000
  0.035176   0.429712   0.322690   0.303548   0.335506   1.450061   0.047011   0.250000   0.500000
  0.040201   0.431237   0.324376   0.310835   0.335742   0.825350  -0.217181   0.250000   0.500000
  0.045226   0.432799   0.326063   0.314982   0.334650   0.372958  -0.204767   0.250000   0.500000
  0.050251   0.434382   0.327745   0.316856   0.333621  -0.021413  -0.135078   0.250000   0.500000
  0.055276   0.435974   0.329421   0.316748   0.332943  -0.417261  -0.122295   0.250000   0.500000
  0.060302   0.437566   0.331095   0.314651   0.332328  -0.827177  -0.194214   0.250000   0.500000
  0.065327   0.439147   0.332765   0.310495   0.331352  -1.228851  -0.319980   0.250000   0.500000
  0.070352   0.440707   0.334430   0.304320   0.329744  -1.576715  -0.433655   0.250000   0.500000
  0.075377   0.442237   0.336087   0.296397   0.327565  -1.817949  -0.460899   0.250000   0.500000
  0.080402   0.443726   0.337733   0.287262   0.325249  -1.919007  -0.355283   0.250000   0.500000
  0.085427   0.445169   0.339367   0.277619   0.323464  -1.889123  -0.127412   0.250000   0.500000
  0.090452   0.446564   0.340992   0.268126   0.322824  -1.777610   0.161437   0.250000   0.500000
  0.095477   0.447912   0.342615   0.259193   0.323635  -1.645402   0.437558   0.250000   0.500000
  0.100503   0.449215   0.344241   0.250923   0.325834  -1.537768   0.649131   0.250000   0.500000
  0.105528   0.450475   0.345879   0.243196   0.329096  -1.475597   0.775571   0.250000   0.500000
  0.110553   0.451697   0.347532   0.235781   0.332993  -1.459686   0.820652   0.250000   0.500000
  0.115578   0.452882   0.349206   0.228446   0.337117  -1.477648   0.802747   0.250000   0.500000
  0.120603   0.454030   0.350900   0.221021   0.341151  -1.508476   0.748670   0.250000   0.500000
  0.125628   0.455141   0.352614   0.213441   0.344913  -1.526721   0.688858   0.250000   0.500000
  0.130653   0.456213   0.354347   0.205769   0.348374  -1.510090   0.649688   0.250000   0.500000
  0.135678   0.457247   0.356098   0.198181   0.351639  -1.449779   0.643266   0.250000   0.500000
  0.140704   0.458243   0.357865   0.190894   0.354872  -1.355261   0.662775   0.250000   0.500000
  0.145729   0.459203   0.359648   0.184084   0.358202  -1.247552   0.689384   0.250000   0.500000
  0.150754   0.460128   0.361448   0.177815   0.361667  -1.146922   0.704536   0.250000   0.500000
  0.155779   0.461021   0.363266   0.172052   0.365207  -1.065553   0.697446   0.250000   0.500000
  0.160804   0.461886   0.365101   0.166698   0.368712  -1.006870   0.665824   0.250000   0.500000
  0.165829   0.462723   0.366953   0.161638   0.372057  -0.967799   0.613694   0.250000   0.500000
  0.170854   0.463536   0.368823   0.156775   0.375141  -0.940783   0.549405   0.250000   0.500000
  0.175879   0.464323   0.370708   0.152048   0.377902  -0.915280   0.484152   0.250000   0.500000
  0.180905   0.465088   0.372607   0.147447   0.380335  -0.880240   0.429477   0.250000   0.500000
  0.185930   0.465829   0.374519   0.143024   0.382493  -0.828528   0.392918   0.250000   0.500000
  0.190955   0.466547   0.376441   0.138861   0.384468  -0.760809   0.374058   0.250000   0.500000
  0.195980   0.467245   0.378373   0.135038   0.386347  -0.684917   0.365285   0.250000   0.500000
  0.201005   0.467924   0.380314   0.131596   0.388183  -0.610787   0.356877   0.250000   0.500000
  0.206030   0.468585   0.382265   0.128527   0.389976  -0.545710   0.341746   0.250000   0.500000
  0.211055   0.469231   0.384224   0.125785   0.391694  -0.492778   0.316970   0.250000   0.500000
  0.216080   0.469863   0.386193   0.123308   0.393286  -0.451584   0.283082   0.250000   0.500000
  0.221106   0.470483   0.388169   0.121039   0.394709  -0.419305   0.242982   0.250000   0.500000
  0.226131   0.471091   0.390153   0.118932   0.395930  -0.391490   0.201203   0.250000   0.500000
  0.231156   0.471688   0.392142   0.116964   0.396941  -0.362853   0.163002   0.250000   0.500000
  0.236181   0.472276   0.394137   0.115141   0.397760  -0.328897   0.132679   0.250000   0.500000
  0.241206   0.472855   0.396136   0.113488   0.398427  -0.287931   0.111359   0.250000   0.500000
  0.246231   0.473425   0.398138   0.112042   0.398986  -0.241787   0.096141   0.250000   0.500000
  0.251256   0.473988   0.400143   0.110827   0.399470  -0.194179   0.081745   0.250000   0.500000
  0.256281   0.474545   0.402150   0.109851   0.399880  -0.148231   0.063113   0.250000   0.500000
  0.261307   0.475097   0.404160   0.109106   0.400198  -0.105170   0.036950   0.250000   0.500000
  0.266332   0.475645   0.406171   0.108577   0.400383  -0.064580   0.002084   0.250000   0.500000
  0.271357   0.476191   0.408183   0.108253   0.400394  -0.025362  -0.040371   0.250000   0.500000
  0.276382   0.476735   0.410195   0.108125   0.400191   0.012962  -0.086247   0.250000   0.500000
  0.281407   0.477278   0.412206   0.108191   0.399757   0.049158  -0.127587   0.250000   0.500000
  0.286432   0.477822   0.414214   0.108438   0.399116   0.080248  -0.153861   0.250000   0.500000
  0.291457   0.478367   0.416220   0.108841   0.398343   0.103684  -0.156959   0.250000   0.500000
  0.296482   0.478914   0.418222   0.109362   0.397554   0.121167  -0.137783   0.250000   0.500000
  0.301508   0.479463   0.420220   0.109971   0.396862   0.140968  -0.108339   0.250000   0.500000
  0.306533   0.480016   0.422214   0.110679   0.396318   0.176467  -0.086948   0.250000   0.500000
  0.311558   0.480572   0.424205   0.111566   0.395881   0.242097  -0.090738   0.250000   0.500000
  0.316583   0.481133   0.426195   0.112782   0.395425   0.348020  -0.129219   0.250000   0.500000
  0.321608   0.481699   0.428182   0.114531   0.394775   0.492249  -0.197364   0.250000   0.500000
  0.326633   0.482275   0.430165   0.117005   0.393784   0.647906  -0.265223   0.250000   0.500000
  0.331658   0.482863   0.432144   0.120261   0.392451   0.747911  -0.266051   0.250000   0.500000
  0.336683   0.483467   0.434116   0.124019   0.391114   0.681311  -0.095876   0.250000   0.500000
  0.341709   0.484091   0.436082   0.127443   0.390632   0.324344   0.356008   0.250000   0.500000
  0.346734   0.484731   0.438045   0.129073   0.392421  -0.392732   1.147767   0.250000   0.500000
  0.351759   0.485380   0.440017   0.127099   0.398189  -1.436323   2.246643   0.250000   0.500000
  0.356784   0.486018   0.442018   0.119882   0.409478  -2.690290   3.553527   0.250000   0.500000
  0.361809   0.486621   0.444075   0.106363   0.427334  -4.026304   4.966126   0.250000   0.500000
  0.366834   0.487155   0.446223   0.086131   0.452289  -5.361194   6.422417   0.250000   0.500000
  0.371859   0.487588   0.448495   0.059191   0.484562  -6.676871   7.902576   0.250000   0.500000
  0.376884   0.487885   0.450930   0.025640   0.524272  -8.016525   9.400109   0.250000   0.500000
  0.381910   0.488014   0.453565  -0.014651   0.571517  -9.469812  10.875508   0.250000   0.500000
  0.386935   0.487941   0.456437  -0.062237   0.626167 -11.139910  12.205706   0.250000   0.500000
  0.391960   0.487628   0.459584  -0.118215   0.687500 -13.088753  13.171524   0.250000   0.500000
  0.396985   0.487034   0.463038  -0.183986   0.753687 -15.277227  13.525561   0.250000   0.500000
  0.402010   0.486109   0.466826  -0.260754   0.821653 -17.564367  13.127547   0.250000   0.500000
  0.407035   0.484799   0.470955  -0.349015   0.887619 -19.785515  12.026455   0.250000   0.500000
  0.412060   0.483045   0.475415  -0.448437   0.948052 -21.838691  10.407514   0.250000   0.500000
  0.417085   0.480792   0.480179  -0.558177   1.000350 -23.699692   8.467660   0.250000   0.500000
  0.422111   0.477986   0.485207  -0.677291   1.042908 -25.361283   6.320595   0.250000   0.500000
  0.427136   0.474583   0.490447  -0.804732   1.074669 -26.727010   3.962698   0.250000   0.500000
  0.432161   0.470539   0.495847  -0.939035   1.094582 -27.490520   1.276285   0.250000   0.500000
  0.437186   0.465821   0.501348  -1.077175   1.100995 -27.041417  -1.922522   0.250000   0.500000
  0.442211   0.460408   0.506880  -1.213058   1.091334 -24.526025  -5.778257   0.250000   0.500000
  0.447236   0.454312   0.512364  -1.336301   1.062299 -19.194387 -10.246936   0.250000   0.500000
  0.452261   0.447597   0.517702  -1.432753   1.010808 -10.912852 -15.017535   0.250000   0.500000
  0.457286   0.440398   0.522781  -1.487590   0.935345  -0.373964 -19.622694   0.250000   0.500000
  0.462312   0.432921   0.527482  -1.489470   0.836721  11.268239 -23.664694   0.250000   0.500000
  0.467337   0.425436   0.531687  -1.432847   0.717806  22.959415 -26.944150   0.250000   0.500000
  0.472362   0.418236   0.535294  -1.317476   0.582412  34.052511 -29.427122   0.250000   0.500000
  0.477387   0.411616   0.538221  -1.146362   0.434540  44.232468 -31.115870   0.250000   0.500000
  0.482412   0.405856   0.540404  -0.924094   0.278183  53.270353 -31.926488   0.250000   0.500000
  0.487437   0.401212   0.541802  -0.656410   0.117753  60.749838 -31.614812   0.250000   0.500000
  0.492462   0.397914   0.542394  -0.351142  -0.041112  65.901798 -29.802516   0.250000   0.500000
  0.497487   0.396149   0.542187  -0.019986  -0.190870  67.733188 -26.163990   0.250000   0.500000
  0.502513   0.396049   0.541228   0.320441  -0.322370  65.542382 -20.723231   0.250000   0.500000
  0.507538   0.397659   0.539608   0.649792  -0.426504  59.491475 -14.012414   0.250000   0.500000
  0.512563   0.400924   0.537465   0.948736  -0.496916  50.637160  -6.862043   0.250000   0.500000
  0.517588   0.405691   0.534968   1.203188  -0.531398  40.372367  -0.020293   0.250000   0.500000
  0.522613   0.411737   0.532297   1.406059  -0.531500  29.836434   6.071452   0.250000   0.500000
  0.527638   0.418803   0.529627   1.555987  -0.500991  19.694026  11.250792   0.250000   0.500000
  0.532663   0.426622   0.527109   1.654950  -0.444456  10.223615  15.486918   0.250000   0.500000
  0.537688   0.434938   0.524876   1.706323  -0.366634   1.515847  18.738352   0.250000   0.500000
  0.542714   0.443514   0.523033   1.713942  -0.272455  -6.337987  20.874177   0.250000   0.500000
  0.547739   0.452126   0.521664   1.682094  -0.167562 -13.119293  21.696203   0.250000   0.500000
  0.552764   0.460579   0.520822   1.616169  -0.058539 -18.510783  21.086990   0.250000   0.500000
  0.557789   0.468700   0.520528   1.523153   0.047423 -22.267500  19.185934   0.250000   0.500000
  0.562814   0.476354   0.520766   1.411258   0.143832 -24.412075  16.415353   0.250000   0.500000
  0.567839   0.483446   0.521489   1.288588   0.226320 -25.245839  13.299841   0.250000   0.500000
  0.572864   0.489921   0.522626   1.161727   0.293151 -25.183615  10.255093   0.250000   0.500000
  0.577889   0.495758   0.524099   1.035180   0.344683 -24.582719   7.507692   0.250000   0.500000
  0.582915   0.500961   0.525832   0.911627   0.382417 -23.665449   5.134064   0.250000   0.500000
  0.587940   0.505542   0.527753   0.792708   0.408216 -22.517745   3.137928   0.250000   0.500000
  0.592965   0.509526   0.529805   0.679556   0.423984 -21.118455   1.507443   0.250000   0.500000
  0.597990   0.512940   0.531935   0.573436   0.431558 -19.391006   0.246653   0.250000   0.500000
  0.603015   0.515822   0.534104   0.475996   0.432798 -17.281301  -0.630326   0.250000   0.500000
  0.608040   0.518214   0.536278   0.389158   0.429631 -14.840349  -1.132282   0.250000   0.500000
  0.613065   0.520169   0.538437   0.314585   0.423941 -12.243543  -1.320039   0.250000   0.500000
  0.618090   0.521750   0.540568   0.253061   0.417308  -9.714078  -1.296926   0.250000   0.500000
  0.623116   0.523022   0.542665   0.204238   0.410789  -7.420875  -1.168547   0.250000   0.500000
  0.628141   0.524048   0.544729   0.166948   0.404917  -5.439138  -1.010746   0.250000   0.500000
  0.633166   0.524887   0.546764   0.139617   0.399838  -3.769763  -0.863232   0.250000   0.500000
  0.638191   0.525589   0.548773   0.120674   0.395501  -2.383628  -0.739376   0.250000   0.500000
  0.643216   0.526195   0.550761   0.108696   0.391785  -1.253982  -0.638064   0.250000   0.500000
  0.648241   0.526741   0.552729   0.102395   0.388579  -0.372196  -0.552260   0.250000   0.500000
  0.653266   0.527256   0.554682   0.100524   0.385804   0.255400  -0.474468   0.250000   0.500000
  0.658291   0.527761   0.556621   0.101808   0.383420   0.628869  -0.400291   0.250000   0.500000
  0.663317   0.528273   0.558548   0.104968   0.381408   0.779892  -0.329803   0.250000   0.500000
  0.668342   0.528800   0.560464   0.108887   0.379751   0.774994  -0.266104   0.250000   0.500000
  0.673367   0.529347   0.562372   0.112782   0.378413   0.691264  -0.212207   0.250000   0.500000
  0.678392   0.529914   0.564274   0.116255   0.377347   0.588577  -0.169197   0.250000   0.500000
  0.683417   0.530498   0.566170   0.119213   0.376497   0.499722  -0.136271   0.250000   0.500000
  0.688442   0.531097   0.568062   0.121724   0.375812   0.435676  -0.111677   0.250000   0.500000
  0.693467   0.531709   0.569950   0.123913   0.375251   0.394747  -0.093493   0.250000   0.500000
  0.698492   0.532331   0.571836   0.125897   0.374781   0.369388  -0.079978   0.250000   0.500000
  0.703518   0.532964   0.573720   0.127753   0.374379   0.350208  -0.069642   0.250000   0.500000
  0.708543   0.533606   0.575601   0.129513   0.374029   0.328930  -0.061311   0.250000   0.500000
  0.713568   0.534257   0.577481   0.131166   0.373721   0.301137  -0.054264   0.250000   0.500000
  0.718593   0.534916   0.579358   0.132679   0.373448   0.267591  -0.048383   0.250000   0.500000
  0.723618   0.535583   0.581235   0.134024   0.373205   0.232651  -0.044069   0.250000   0.500000
  0.728643   0.536256   0.583110   0.135193   0.372984   0.201128  -0.041932   0.250000   0.500000
  0.733668   0.536936   0.584985   0.136204   0.372773   0.176154  -0.042482   0.250000   0.500000
  0.738693   0.537620   0.586858   0.137089   0.372560   0.158825  -0.045886   0.250000   0.500000
  0.743719   0.538309   0.588730   0.137887   0.372329   0.148649  -0.051724   0.250000   0.500000
  0.748744   0.539002   0.590601   0.138634   0.372069   0.143894  -0.058648   0.250000   0.500000
  0.753769   0.539699   0.592471   0.139357   0.371774   0.141660  -0.064149   0.250000   0.500000
  0.758794   0.540399   0.594339   0.140069   0.371452   0.138235  -0.064963   0.250000   0.500000
  0.763819   0.541103   0.596206   0.140764   0.371126   0.130331  -0.058643   0.250000   0.500000
  0.768844   0.541810   0.598071   0.141419   0.370831   0.116932  -0.045606   0.250000   0.500000
  0.773869   0.542521   0.599934   0.142006   0.370602   0.100119  -0.029714   0.250000   0.500000
  0.778894   0.543234   0.601796   0.142509   0.370452   0.083926  -0.016585   0.250000   0.500000
  0.783920   0.543951   0.603658   0.142931   0.370369   0.072345  -0.011210   0.250000   0.500000
  0.788945   0.544669   0.605519   0.143295   0.370313   0.068031  -0.016540   0.250000   0.500000
  0.793970   0.545389   0.607380   0.143636   0.370230   0.071816  -0.032911   0.250000   0.500000
  0.798995   0.546111   0.609240   0.143997   0.370064   0.082453  -0.057475   0.250000   0.500000
  0.804020   0.546834   0.611100   0.144412   0.369775   0.096203  -0.083416   0.250000   0.500000
  0.809045   0.547560   0.612958   0.144895   0.369356   0.106865  -0.100196   0.250000   0.500000
  0.814070   0.548288   0.614814   0.145432   0.368853   0.107538  -0.097013   0.250000   0.500000
  0.819095   0.549019   0.616668   0.145972   0.368365   0.094419  -0.069577   0.250000   0.500000
  0.824121   0.549752   0.618519   0.146447   0.368016   0.070002  -0.025131   0.250000   0.500000
  0.829146   0.550488   0.620368   0.146799   0.367889   0.042279   0.019922   0.250000   0.500000
  0.834171   0.551226   0.622217   0.147011   0.367989   0.020561   0.047968   0.250000   0.500000
  0.839196   0.551965   0.624066   0.147115   0.368230   0.011786   0.046699   0.250000   0.500000
  0.844221   0.552704   0.625916   0.147174   0.368465   0.019016   0.011796   0.250000   0.500000
  0.849246   0.553443   0.627768   0.147269   0.368524   0.041120  -0.052026   0.250000   0.500000
  0.854271   0.554184   0.629620   0.147476   0.368263   0.072390  -0.129538   0.250000   0.500000
  0.859296   0.554925   0.631470   0.147840   0.367612   0.102347  -0.194495   0.250000   0.500000
  0.864322   0.555668   0.633318   0.148354   0.366635   0.117710  -0.215341   0.250000   0.500000
  0.869347   0.556413   0.635160   0.148946   0.365552   0.108273  -0.170855   0.250000   0.500000
  0.874372   0.557162   0.636997   0.149490   0.364694   0.074062  -0.067684   0.250000   0.500000
  0.879397   0.557913   0.638830   0.149862   0.364354   0.026792   0.058146   0.250000   0.500000
  0.884422   0.558666   0.640661   0.149996   0.364646  -0.016550   0.159692   0.250000   0.500000
  0.889447   0.559420   0.642493   0.149913   0.365448  -0.041853   0.200448   0.250000   0.500000
  0.894472   0.560173   0.644329   0.149703   0.366456  -0.041984   0.164568   0.250000   0.500000
  0.899497   0.560925   0.646171   0.149492   0.367283  -0.017165   0.058073   0.250000   0.500000
  0.904523   0.561676   0.648017   0.149406   0.367574   0.025561  -0.091501   0.250000   0.500000
  0.909548   0.562427   0.649864   0.149534   0.367115   0.072638  -0.235333   0.250000   0.500000
  0.914573   0.563179   0.651709   0.149899   0.365932   0.105888  -0.310976   0.250000   0.500000
  0.919598   0.563932   0.653547   0.150431   0.364369   0.108621  -0.266154   0.250000   0.500000
  0.924623   0.564688   0.655378   0.150977   0.363032   0.075157  -0.093022   0.250000   0.500000
  0.929648   0.565446   0.657203   0.151355   0.362565   0.015874   0.157615   0.250000   0.500000
  0.934673   0.566207   0.659025   0.151435   0.363357  -0.048617   0.402787   0.250000   0.500000
  0.939698   0.566968   0.660850   0.151190   0.365381  -0.098941   0.571083   0.250000   0.500000
  0.944724   0.567728   0.662687   0.150693   0.368251  -0.124233   0.627484   0.250000   0.500000
  0.949749   0.568485   0.664537   0.150069   0.371404  -0.122765   0.573226   0.250000   0.500000
  0.954774   0.569239   0.666404   0.149452   0.374284  -0.099535   0.435517   0.250000   0.500000
  0.959799   0.569990   0.668284   0.148952   0.376473  -0.063747   0.257388   0.250000   0.500000
  0.964824   0.570739   0.670176   0.148631   0.377766  -0.026598   0.087421   0.250000   0.500000
  0.969849   0.571486   0.672074   0.148498   0.378206   0.001856  -0.035936   0.250000   0.500000
  0.974874   0.572232   0.673975   0.148507   0.378025   0.016921  -0.103819   0.250000   0.500000
  0.979899   0.572978   0.675874   0.148592   0.377503   0.021759  -0.144600   0.250000   0.500000
  0.984925   0.573725   0.677772   0.148701   0.376777   0.024929  -0.206670   0.250000   0.500000
  0.989950   0.574472   0.679665   0.148827   0.375738   0.034721  -0.329344   0.250000   0.500000
  0.994975   0.575220   0.681553   0.149001   0.374083   0.055287  -0.527112   0.250000   0.500000
  1.000000   0.575969   0.683433   0.149279   0.371434   0.086499  -0.792724   0.250000   0.500000