  0.000000   0.500000   0.300000   0.000000   0.000000  13.247111  21.534231   0.500000   0.375000
  0.005025   0.500000   0.300000   0.066567   0.108210  11.315586  16.944199   0.500000   0.375000
  0.010050   0.500334   0.300544   0.123428   0.193354   9.460887  12.553219   0.500000   0.375000
  0.015075   0.500955   0.301515   0.170969   0.256434   7.707199   8.505490   0.500000   0.375000
  0.020101   0.501814   0.302804   0.209705   0.299183   6.092519   5.028162   0.500000   0.375000
  0.025126   0.502868   0.304308   0.240320   0.324449   4.660723   2.373315   0.500000   0.375000
  0.030151   0.504075   0.305938   0.263740   0.336375   3.437043   0.677789   0.500000   0.375000
  0.035176   0.505401   0.307628   0.281011   0.339781   2.410004  -0.142974   0.500000   0.375000
  0.040201   0.506813   0.309336   0.293121   0.339063   1.535323  -0.360041   0.500000   0.375000
  0.045226   0.508286   0.311039   0.300836   0.337253   0.759693  -0.285458   0.500000   0.375000
  0.050251   0.509797   0.312734   0.304654   0.335819   0.041917  -0.152778   0.500000   0.375000
  0.055276   0.511328   0.314422   0.304864   0.335051  -0.639256  -0.083787   0.500000   0.375000
  0.060302   0.512861   0.316106   0.301652   0.334630  -1.285623  -0.108575   0.500000   0.375000
  0.065327   0.514376   0.317787   0.295191   0.334084  -1.880654  -0.195327   0.500000   0.375000
  0.070352   0.515860   0.319466   0.285741   0.333103  -2.392825  -0.275514   0.500000   0.375000
  0.075377   0.517296   0.321140   0.273717   0.331718  -2.784167  -0.272036   0.500000   0.375000
  0.080402   0.518671   0.322807   0.259727   0.330352  -3.029960  -0.136883   0.500000   0.375000
  0.085427   0.519976   0.324467   0.244501   0.329664  -3.138364   0.119019   0.500000   0.375000
  0.090452   0.521205   0.326123   0.228731   0.330262  -3.150319   0.432717   0.500000   0.375000
  0.095477   0.522354   0.327783   0.212900   0.332436  -3.117912   0.728808   0.500000   0.375000
  0.100503   0.523424   0.329454   0.197230   0.336099  -3.081965   0.954686   0.500000   0.375000
  0.105528   0.524415   0.331142   0.181743   0.340896  -3.063708   1.089927   0.500000   0.375000
  0.110553   0.525328   0.332855   0.166348   0.346373  -3.067254   1.139045   0.500000   0.375000
  0.115578   0.526164   0.334596   0.150935   0.352097  -3.084501   1.121332   0.500000   0.375000
  0.120603   0.526923   0.336365   0.135435   0.357732  -3.098569   1.064463   0.500000   0.375000
  0.125628   0.527603   0.338163   0.119865   0.363081  -3.087499   0.999562   0.500000   0.375000
  0.130653   0.528206   0.339987   0.104350   0.368103  -3.031753   0.953468   0.500000   0.375000
  0.135678   0.528730   0.341837   0.089116   0.372895  -2.924650   0.938552   0.500000   0.375000
  0.140704   0.529178   0.343711   0.074416   0.377612  -2.777332   0.948178   0.500000   0.375000
  0.145729   0.529552   0.345609   0.060460   0.382376  -2.612256   0.963726   0.500000   0.375000
  0.150754   0.529856   0.347530   0.047334   0.387219  -2.450929   0.966912   0.500000   0.375000
  0.155779   0.530094   0.349476   0.035018   0.392078  -2.306619   0.947255   0.500000   0.375000
  0.160804   0.530269   0.351446   0.023427   0.396838  -2.183693   0.902763   0.500000   0.375000
  0.165829   0.530387   0.353440   0.012454   0.401374  -2.079878   0.837726   0.500000   0.375000
  0.170854   0.530450   0.355457   0.002003   0.405584  -1.988284   0.760714   0.500000   0.375000
  0.175879   0.530460   0.357495  -0.007989   0.409406  -1.898885   0.683069   0.500000   0.375000
  0.180905   0.530420   0.359553  -0.017532   0.412839  -1.800938   0.616365   0.500000   0.375000
  0.185930   0.530332   0.361627  -0.026582   0.415937  -1.687454   0.568057   0.500000   0.375000
  0.190955   0.530198   0.363717  -0.035062   0.418791  -1.559087   0.537575   0.500000   0.375000
  0.195980   0.530022   0.365822  -0.042896   0.421492  -1.423700   0.517209   0.500000   0.375000
  0.201005   0.529806   0.367940  -0.050050   0.424091  -1.291384   0.497263   0.500000   0.375000
  0.206030   0.529555   0.370071  -0.056539   0.426590  -1.169689   0.470783   0.500000   0.375000
  0.211055   0.529271   0.372215  -0.062417   0.428956  -1.062002   0.435029   0.500000   0.375000
  0.216080   0.528957   0.374370  -0.067753   0.431142  -0.968193   0.390720   0.500000   0.375000
  0.221106   0.528617   0.376537  -0.072620   0.433106  -0.885655   0.340911   0.500000   0.375000
  0.226131   0.528252   0.378713  -0.077070   0.434819  -0.810100   0.290236   0.500000   0.375000
  0.231156   0.527864   0.380898  -0.081141   0.436277  -0.736246   0.243955   0.500000   0.375000
  0.236181   0.527457   0.383091  -0.084840   0.437503  -0.659451   0.206283   0.500000   0.375000
  0.241206   0.527030   0.385289  -0.088154   0.438540  -0.577772   0.178281   0.500000   0.375000
  0.246231   0.526587   0.387493  -0.091057   0.439435  -0.492818   0.157161   0.500000   0.375000
  0.251256   0.526130   0.389701  -0.093534   0.440225  -0.408235   0.138044   0.500000   0.375000
  0.256281   0.525660   0.391913  -0.095585   0.440919  -0.327213   0.116510   0.500000   0.375000
  0.261307   0.525179   0.394129  -0.097230   0.441504  -0.251067   0.089968   0.500000   0.375000
  0.266332   0.524691   0.396348  -0.098491   0.441957  -0.179366   0.057726   0.500000   0.375000
  0.271357   0.524196   0.398568  -0.099393   0.442247  -0.110693   0.020674   0.500000   0.375000
  0.276382   0.523696   0.400791  -0.099949   0.442350  -0.043817  -0.018679   0.500000   0.375000
  0.281407   0.523194   0.403014  -0.100169   0.442257   0.021271  -0.056076   0.500000   0.375000
  0.286432   0.522691   0.405236  -0.100062   0.441975   0.083048  -0.086218   0.500000   0.375000
  0.291457   0.522188   0.407457  -0.099645   0.441542   0.139941  -0.105171   0.500000   0.375000
  0.296482   0.521687   0.409676  -0.098942   0.441013   0.193478  -0.113396   0.500000   0.375000
  0.301508   0.521190   0.411892  -0.097969   0.440443   0.250749  -0.116571   0.500000   0.375000
  0.306533   0.520698   0.414105  -0.096709   0.439857   0.323815  -0.123200   0.500000   0.375000
  0.311558   0.520212   0.416316  -0.095082   0.439238   0.426602  -0.141059   0.500000   0.375000
  0.316583   0.519734   0.418523  -0.092938   0.438530   0.569937  -0.174143   0.500000   0.375000
  0.321608   0.519267   0.420726  -0.090075   0.437654   0.753655  -0.219347   0.500000   0.375000
  0.326633   0.518814   0.422926  -0.086287   0.436552   0.953511  -0.261437   0.500000   0.375000
  0.331658   0.518381   0.425119  -0.081496   0.435239   1.105023  -0.267308   0.500000   0.375000
  0.336683   0.517971   0.427306  -0.075943   0.433895   1.098236  -0.185785   0.500000   0.375000
  0.341709   0.517589   0.429487  -0.070424   0.432962   0.807093   0.037760   0.500000   0.375000
  0.346734   0.517236   0.431663  -0.066368   0.433151   0.156119   0.433179   0.500000   0.375000
  0.351759   0.516902   0.433839  -0.065583   0.435328  -0.827706   0.987696   0.500000   0.375000
  0.356784   0.516573   0.436027  -0.069743   0.440291  -2.033001   1.658312   0.500000   0.375000
  0.361809   0.516222   0.438239  -0.079958   0.448624  -3.334439   2.402244   0.500000   0.375000
  0.366834   0.515820   0.440494  -0.096714   0.460695  -4.653710   3.196778   0.500000   0.375000
  0.371859   0.515334   0.442809  -0.120099   0.476759  -5.985231   4.037130   0.500000   0.375000
  0.376884   0.514731   0.445204  -0.150175   0.497046  -7.398876   4.915936   0.500000   0.375000
  0.381910   0.513976   0.447703  -0.187361   0.521753  -9.029609   5.790012   0.500000   0.375000
  0.386935   0.513035   0.450324  -0.232735   0.550848 -11.039366   6.544457   0.500000   0.375000
  0.391960   0.511865   0.453092  -0.288208   0.583734 -13.539192   6.988129   0.500000   0.375000
  0.396985   0.510417   0.456026  -0.356242   0.618849 -16.493044   6.914530   0.500000   0.375000
  0.402010   0.508627   0.459135  -0.439120   0.653595 -19.699001   6.211188   0.500000   0.375000
  0.407035   0.506420   0.462420  -0.538108   0.684806 -22.893596   4.918019   0.500000   0.375000
  0.412060   0.503716   0.465861  -0.653148   0.709519 -25.885596   3.175219   0.500000   0.375000
  0.417085   0.500434   0.469426  -0.783223   0.725475 -28.594691   1.120868   0.500000   0.375000
  0.422111   0.496498   0.473072  -0.926940   0.731108 -30.977174  -1.176795   0.500000   0.375000
  0.427136   0.491840   0.476746  -1.082600   0.725195 -32.883440  -3.725239   0.500000   0.375000
  0.432161   0.486400   0.480390  -1.247839   0.706475 -33.898319  -6.569976   0.500000   0.375000
  0.437186   0.480129   0.483940  -1.418179   0.673461 -33.223353  -9.710838   0.500000   0.375000
  0.442211   0.473003   0.487324  -1.585126   0.624664 -29.768923 -12.996981   0.500000   0.375000
  0.447236   0.465038   0.490463  -1.734715   0.559354 -22.615598 -16.070956   0.500000   0.375000
  0.452261   0.456321   0.493274  -1.848358   0.478598 -11.669384 -18.464247   0.500000   0.375000
  0.457286   0.447033   0.495679  -1.906997   0.385815   2.099063 -19.819766   0.500000   0.375000
  0.462312   0.437448   0.497618  -1.896447   0.286201  17.155355 -20.043279   0.500000   0.375000
  0.467337   0.427918   0.499056  -1.810241   0.185483  32.126428 -19.256064   0.500000   0.375000
  0.472362   0.418822   0.499988  -1.648806   0.088722  46.173256 -17.637851   0.500000   0.375000
  0.477387   0.410537   0.500434  -1.416785   0.000092  58.865072 -15.298987   0.500000   0.375000
  0.482412   0.403417   0.500435  -1.120988  -0.076786  69.842723 -12.236489   0.500000   0.375000
  0.487437   0.397784   0.500049  -0.770029  -0.138274  78.465174  -8.374248   0.500000   0.375000
  0.492462   0.393915   0.499354  -0.375741  -0.180355  83.630188  -3.687230   0.500000   0.375000
  0.497487   0.392027   0.498448   0.044501  -0.198883  84.018090   1.624403   0.500000   0.375000
  0.502513   0.392251   0.497448   0.466776  -0.190719  78.836871   7.047477   0.500000   0.375000
  0.507538   0.394596   0.496490   0.862931  -0.155305  68.557730  11.901737   0.500000   0.375000
  0.512563   0.398932   0.495709   1.207433  -0.095499  54.835290  15.660955   0.500000   0.375000
  0.517588   0.405000   0.495230   1.482981  -0.016803  39.664946  18.139764   0.500000   0.375000
  0.522613   0.412452   0.495145   1.682297   0.074350  24.591890  19.436449   0.500000   0.375000
  0.527638   0.420905   0.495519   1.805871   0.172018  10.479930  19.756386   0.500000   0.375000
  0.532663   0.429980   0.496383   1.858533   0.271294  -2.299420  19.269633   0.500000   0.375000
  0.537688   0.439319   0.497746   1.846978   0.368123 -13.555445  18.050581   0.500000   0.375000
  0.542714   0.448602   0.499597   1.778849   0.458846 -23.021527  16.094599   0.500000   0.375000
  0.547739   0.457541   0.501902   1.663166   0.539721 -30.249443  13.407083   0.500000   0.375000
  0.552764   0.465898   0.504614   1.511162   0.607092 -34.777313  10.123022   0.500000   0.375000
  0.557789   0.473492   0.507665   1.336406   0.657960 -36.469852   6.562790   0.500000   0.375000
  0.562814   0.480207   0.510971   1.153145   0.690938 -35.739713   3.133082   0.500000   0.375000
  0.567839   0.486002   0.514443   0.973553   0.706682 -33.384767   0.151074   0.500000   0.375000
  0.572864   0.490894   0.517994   0.805795   0.707441 -30.217725  -2.247395   0.500000   0.375000
  0.577889   0.494943   0.521549   0.653951   0.696148 -26.816291  -4.073861   0.500000   0.375000
  0.582915   0.498229   0.525048   0.519172   0.675672 -23.483992  -5.403037   0.500000   0.375000
  0.587940   0.500838   0.528443   0.401165   0.648522 -20.327194  -6.303683   0.500000   0.375000
  0.592965   0.502854   0.531702   0.299021   0.616846 -17.343459  -6.807265   0.500000   0.375000
  0.597990   0.504357   0.534802   0.211870   0.582640 -14.502518  -6.908876   0.500000   0.375000
  0.603015   0.505421   0.537729   0.138995   0.547922 -11.804152  -6.603828   0.500000   0.375000
  0.608040   0.506120   0.540483   0.079679   0.514738  -9.302644  -5.940029   0.500000   0.375000
  0.613065   0.506520   0.543069   0.032933   0.484890  -7.080690  -5.039357   0.500000   0.375000
  0.618090   0.506686   0.545506  -0.002648   0.459567  -5.195238  -4.058350   0.500000   0.375000
  0.623116   0.506672   0.547816  -0.028759   0.439170  -3.646988  -3.125016   0.500000   0.375000
  0.628141   0.506528   0.550023  -0.047085   0.423466  -2.393839  -2.308475   0.500000   0.375000
  0.633166   0.506291   0.552150  -0.059114   0.411866  -1.379052  -1.626686   0.500000   0.375000
  0.638191   0.505994   0.554220  -0.066044   0.403692  -0.556038  -1.071324   0.500000   0.375000
  0.643216   0.505662   0.556249  -0.068838   0.398309   0.100855  -0.627606   0.500000   0.375000
  0.648241   0.505316   0.558250  -0.068331   0.395155   0.595283  -0.285052   0.500000   0.375000
  0.653266   0.504973   0.560236  -0.065340   0.393723   0.918163  -0.039238   0.500000   0.375000
  0.658291   0.504645   0.562214  -0.060726   0.393525   1.067380   0.114028   0.500000   0.375000
  0.663317   0.504340   0.564192  -0.055361   0.394099   1.067253   0.187001   0.500000   0.375000
  0.668342   0.504061   0.566172  -0.049998   0.395038   0.969085   0.202011   0.500000   0.375000
  0.673367   0.503810   0.568158  -0.045129   0.396053   0.830593   0.184716   0.500000   0.375000
  0.678392   0.503583   0.570148  -0.040955   0.396982   0.694671   0.155517   0.500000   0.375000
  0.683417   0.503378   0.572143  -0.037464   0.397763   0.582872   0.126274   0.500000   0.375000
  0.688442   0.503189   0.574141  -0.034535   0.398398   0.500370   0.101820   0.500000   0.375000
  0.693467   0.503016   0.576143  -0.032021   0.398909   0.443283   0.082936   0.500000   0.375000
  0.698492   0.502855   0.578148  -0.029793   0.399326   0.403748   0.068723   0.500000   0.375000
  0.703518   0.502705   0.580155  -0.027764   0.399671   0.372768   0.057950   0.500000   0.375000
  0.708543   0.502566   0.582163  -0.025891   0.399963   0.342468   0.049627   0.500000   0.375000
  0.713568   0.502436   0.584173  -0.024170   0.400212   0.308494   0.043004   0.500000   0.375000
  0.718593   0.502314   0.586184  -0.022620   0.400428   0.271413   0.037323   0.500000   0.375000
  0.723618   0.502200   0.588196  -0.021256   0.400616   0.235442   0.031645   0.500000   0.375000
  0.728643   0.502094   0.590209  -0.020073   0.400775   0.205518   0.024939   0.500000   0.375000
  0.733668   0.501993   0.592223  -0.019040   0.400900   0.185093   0.016334   0.500000   0.375000
  0.738693   0.501897   0.594238  -0.018110   0.400982   0.175469   0.005402   0.500000   0.375000
  0.743719   0.501806   0.596253  -0.017228   0.401009   0.175779  -0.007512   0.500000   0.375000
  0.748744   0.501719   0.598268  -0.016345   0.400971   0.182775  -0.020856   0.500000   0.375000
  0.753769   0.501637   0.600283  -0.015427   0.400867   0.190522  -0.031617   0.500000   0.375000
  0.758794   0.501560   0.602297  -0.014469   0.400708   0.191184  -0.035883   0.500000   0.375000
  0.763819   0.501487   0.604311  -0.013508   0.400527   0.178214  -0.030833   0.500000   0.375000
  0.768844   0.501419   0.606323  -0.012613   0.400372   0.150822  -0.017248   0.500000   0.375000
  0.773869   0.501356   0.608335  -0.011855   0.400286   0.115647  -0.000117   0.500000   0.375000
  0.778894   0.501296   0.610347  -0.011274   0.400285   0.083556   0.013553   0.500000   0.375000
  0.783920   0.501240   0.612359  -0.010854   0.400353   0.064684   0.017684   0.500000   0.375000
  0.788945   0.501185   0.614370  -0.010529   0.400442   0.065355   0.008808   0.500000   0.375000
  0.793970   0.501132   0.616383  -0.010201   0.400486   0.086967  -0.013296   0.500000   0.375000
  0.798995   0.501081   0.618395  -0.009764   0.400420   0.125188  -0.044978   0.500000   0.375000
  0.804020   0.501032   0.620407  -0.009134   0.400194   0.168789  -0.077838   0.500000   0.375000
  0.809045   0.500986   0.622418  -0.008286   0.399802   0.199973  -0.099118   0.500000   0.375000
  0.814070   0.500944   0.624427  -0.007281   0.399304   0.199858  -0.095952   0.500000   0.375000
  0.819095   0.500908   0.626434  -0.006277   0.398822   0.159582  -0.063517   0.500000   0.375000
  0.824121   0.500876   0.628438  -0.005475   0.398503   0.088951  -0.010899   0.500000   0.375000
  0.829146   0.500849   0.630441  -0.005028   0.398448   0.013137   0.042009   0.500000   0.375000
  0.834171   0.500823   0.632443  -0.004962   0.398659  -0.040016   0.074161   0.500000   0.375000
  0.839196   0.500798   0.634446  -0.005163   0.399032  -0.050638   0.071109   0.500000   0.375000
  0.844221   0.500772   0.636451  -0.005418   0.399389  -0.011080   0.028082   0.500000   0.375000
  0.849246   0.500745   0.638458  -0.005473   0.399530   0.072936  -0.048902   0.500000   0.375000
  0.854271   0.500718   0.640466  -0.005107   0.399285   0.180754  -0.141413   0.500000   0.375000
  0.859296   0.500692   0.642472  -0.004198   0.398574   0.276273  -0.218186   0.500000   0.375000
  0.864322   0.500671   0.644475  -0.002810   0.397477   0.315461  -0.242063   0.500000   0.375000
  0.869347   0.500657   0.646473  -0.001225   0.396261   0.267228  -0.188558   0.500000   0.375000
  0.874372   0.500651   0.648464   0.000118   0.395314   0.137361  -0.066325   0.500000   0.375000
  0.879397   0.500651   0.650450   0.000808   0.394980  -0.028589   0.081567   0.500000   0.375000
  0.884422   0.500655   0.652435   0.000665   0.395390  -0.169352   0.199746   0.500000   0.375000
  0.889447   0.500659   0.654422  -0.000186   0.396394  -0.236415   0.245694   0.500000   0.375000
  0.894472   0.500658   0.656414  -0.001374   0.397629  -0.207706   0.201503   0.500000   0.375000
  0.899497   0.500651   0.658412  -0.002418   0.398641  -0.088787   0.075020   0.500000   0.375000
  0.904523   0.500639   0.660416  -0.002864   0.399018   0.088494  -0.100819   0.500000   0.375000
  0.909548   0.500624   0.662421  -0.002420   0.398512   0.266906  -0.268510   0.500000   0.375000
  0.914573   0.500612   0.664423  -0.001078   0.397162   0.372698  -0.355255   0.500000   0.375000
  0.919598   0.500607   0.666419   0.000794   0.395377   0.342667  -0.300936   0.500000   0.375000
  0.924623   0.500611   0.668406   0.002516   0.393865   0.163694  -0.097834   0.500000   0.375000
  0.929648   0.500623   0.670385   0.003339   0.393373  -0.109820   0.193562   0.500000   0.375000
  0.934673   0.500640   0.672362   0.002787   0.394346  -0.385048   0.476173   0.500000   0.375000
  0.939698   0.500654   0.674343   0.000852   0.396739  -0.580466   0.667352   0.500000   0.375000
  0.944724   0.500658   0.676337  -0.002065   0.400093  -0.654784   0.727377   0.500000   0.375000
  0.949749   0.500648   0.678348  -0.005356   0.403748  -0.607325   0.658794   0.500000   0.375000
  0.954774   0.500621   0.680376  -0.008407   0.407058  -0.466506   0.494157   0.500000   0.375000
  0.959799   0.500579   0.682422  -0.010752   0.409541  -0.278400   0.284052   0.500000   0.375000
  0.964824   0.500525   0.684480  -0.012151   0.410969  -0.095708   0.085037   0.500000   0.375000
  0.969849   0.500464   0.686545  -0.012631   0.411396   0.038575  -0.058706   0.500000   0.375000
  0.974874   0.500400   0.688612  -0.012438   0.411101   0.111672  -0.137815   0.500000   0.375000
  0.979899   0.500338   0.690678  -0.011876   0.410409   0.149960  -0.186177   0.500000   0.375000
  0.984925   0.500278   0.692741  -0.011123   0.409473   0.202160  -0.260388   0.500000   0.375000
  0.989950   0.500222   0.694798  -0.010107   0.408164   0.309335  -0.405835   0.500000   0.375000
  0.994975   0.500171   0.696849  -0.008553   0.406125   0.487795  -0.638719   0.500000   0.375000
  1.000000   0.500129   0.698890  -0.006101   0.402916   0.731469  -0.949993   0.500000   0.375000