  0.000000   0.539018   0.303843   0.000000   0.000000  11.652142  21.266658   0.625000   0.375000
  0.005025   0.539018   0.303843   0.058552   0.106865  10.231145  16.767684   0.625000   0.375000
  0.010050   0.539312   0.304380   0.109964   0.191123   8.864601  12.458012   0.625000   0.375000
  0.015075   0.539865   0.305340   0.154508   0.253724   7.553617   8.477835   0.625000   0.375000
  0.020101   0.540641   0.306616   0.192473   0.296334   6.299620   5.049046   0.625000   0.375000
  0.025126   0.541609   0.308105   0.224128   0.321705   5.105938   2.419435   0.625000   0.375000
  0.030151   0.542735   0.309721   0.249786   0.333863   3.975608   0.725905   0.625000   0.375000
  0.035176   0.543990   0.311399   0.269763   0.337510   2.910562  -0.110361   0.625000   0.375000
  0.040201   0.545345   0.313095   0.284389   0.336956   1.909856  -0.351537   0.625000   0.375000
  0.045226   0.546775   0.314788   0.293986   0.335189   0.970064  -0.301742   0.625000   0.375000
  0.050251   0.548252   0.316472   0.298860   0.333673   0.087302  -0.189820   0.625000   0.375000
  0.055276   0.549754   0.318149   0.299299   0.332719  -0.740026  -0.135899   0.625000   0.375000
  0.060302   0.551258   0.319821   0.295579   0.332036  -1.508044  -0.170332   0.625000   0.375000
  0.065327   0.552743   0.321490   0.288002   0.331180  -2.203023  -0.262514   0.625000   0.375000
  0.070352   0.554190   0.323154   0.276931   0.329861  -2.800483  -0.345515   0.625000   0.375000
  0.075377   0.555582   0.324812   0.262859   0.328125  -3.269919  -0.343865   0.625000   0.375000
  0.080402   0.556903   0.326460   0.246428   0.326397  -3.590997  -0.210799   0.625000   0.375000
  0.085427   0.558141   0.328101   0.228383   0.325338  -3.771230   0.042267   0.625000   0.375000
  0.090452   0.559289   0.329735   0.209432   0.325550  -3.847243   0.352677   0.625000   0.375000
  0.095477   0.560341   0.331371   0.190100   0.327322  -3.866625   0.645722   0.625000   0.375000
  0.100503   0.561297   0.333016   0.170666   0.330568  -3.867982   0.869450   0.625000   0.375000
  0.105528   0.562154   0.334678   0.151230   0.334937  -3.872788   1.003867   0.625000   0.375000
  0.110553   0.562914   0.336361   0.131769   0.339981  -3.886918   1.053725   0.625000   0.375000
  0.115578   0.563576   0.338069   0.112237   0.345276  -3.904518   1.038441   0.625000   0.375000
  0.120603   0.564140   0.339804   0.092617   0.350494  -3.910858   0.985710   0.625000   0.375000
  0.125628   0.564606   0.341565   0.072965   0.355448  -3.885761   0.926455   0.625000   0.375000
  0.130653   0.564972   0.343351   0.053439   0.360103  -3.811034   0.886964   0.625000   0.375000
  0.135678   0.565241   0.345161   0.034289   0.364560  -3.680961   0.878764   0.625000   0.375000
  0.140704   0.565413   0.346993   0.015788   0.368977  -3.507422   0.894403   0.625000   0.375000
  0.145729   0.565492   0.348847  -0.001837   0.373471  -3.313556   0.914837   0.625000   0.375000
  0.150754   0.565483   0.350724  -0.018487   0.378068  -3.121520   0.921845   0.625000   0.375000
  0.155779   0.565390   0.352624  -0.034173   0.382700  -2.945210   0.905324   0.625000   0.375000
  0.160804   0.565219   0.354547  -0.048973   0.387250  -2.789564   0.863777   0.625000   0.375000
  0.165829   0.564973   0.356493  -0.062990   0.391590  -2.652801   0.801976   0.625000   0.375000
  0.170854   0.564656   0.358460  -0.076321   0.395620  -2.528442   0.728882   0.625000   0.375000
  0.175879   0.564273   0.360448  -0.089026   0.399283  -2.406759   0.656027   0.625000   0.375000
  0.180905   0.563825   0.362455  -0.101122   0.402580  -2.277144   0.594818   0.625000   0.375000
  0.185930   0.563317   0.364478  -0.112565   0.405569  -2.132589   0.552139   0.625000   0.375000
  0.190955   0.562751   0.366516  -0.123281   0.408343  -1.973617   0.526658   0.625000   0.375000
  0.195980   0.562132   0.368568  -0.133199   0.410990  -1.808018   0.510121   0.625000   0.375000
  0.201005   0.561462   0.370633  -0.142284   0.413553  -1.645945   0.492739   0.625000   0.375000
  0.206030   0.560748   0.372711  -0.150555   0.416029  -1.495128   0.467863   0.625000   0.375000
  0.211055   0.559991   0.374802  -0.158068   0.418380  -1.359184   0.433248   0.625000   0.375000
  0.216080   0.559197   0.376904  -0.164898   0.420557  -1.238208   0.390140   0.625000   0.375000
  0.221106   0.558368   0.379018  -0.171121   0.422518  -1.129778   0.342062   0.625000   0.375000
  0.226131   0.557508   0.381141  -0.176798   0.424237  -1.029747   0.293975   0.625000   0.375000
  0.231156   0.556620   0.383273  -0.181973   0.425714  -0.932849   0.251179   0.625000   0.375000
  0.236181   0.555705   0.385412  -0.186660   0.426976  -0.834308   0.217537   0.625000   0.375000
  0.241206   0.554767   0.387558  -0.190853   0.428069  -0.731918   0.193441   0.625000   0.375000
  0.246231   0.553808   0.389709  -0.194530   0.429042  -0.627010   0.175498   0.625000   0.375000
  0.251256   0.552831   0.391865  -0.197681   0.429923  -0.523060   0.158633   0.625000   0.375000
  0.256281   0.551837   0.394025  -0.200310   0.430721  -0.423230   0.138739   0.625000   0.375000
  0.261307   0.550831   0.396190  -0.202437   0.431418  -0.328894   0.113851   0.625000   0.375000
  0.266332   0.549813   0.398358  -0.204089   0.431990  -0.239732   0.084004   0.625000   0.375000
  0.271357   0.548788   0.400529  -0.205294   0.432412  -0.154472   0.050712   0.625000   0.375000
  0.276382   0.547756   0.402701  -0.206070   0.432667  -0.072120   0.016774   0.625000   0.375000
  0.281407   0.546721   0.404876  -0.206433   0.432751   0.006988  -0.013873   0.625000   0.375000
  0.286432   0.545683   0.407050  -0.206398   0.432681   0.080936  -0.036974   0.625000   0.375000
  0.291457   0.544646   0.409224  -0.205991   0.432496   0.147938  -0.049895   0.625000   0.375000
  0.296482   0.543611   0.411398  -0.205248   0.432245   0.209721  -0.053576   0.625000   0.375000
  0.301508   0.542580   0.413570  -0.204193   0.431976   0.273974  -0.052453   0.625000   0.375000
  0.306533   0.541553   0.415741  -0.202817   0.431712   0.353447  -0.052161   0.625000   0.375000
  0.311558   0.540534   0.417910  -0.201041   0.431450   0.462465  -0.056924   0.625000   0.375000
  0.316583   0.539524   0.420078  -0.198717   0.431164   0.611611  -0.067807   0.625000   0.375000
  0.321608   0.538526   0.422245  -0.195643   0.430823   0.799427  -0.081156   0.625000   0.375000
  0.326633   0.537542   0.424410  -0.191626   0.430415   0.998813  -0.086329   0.625000   0.375000
  0.331658   0.536579   0.426573  -0.186607   0.429982   1.140507  -0.063392   0.625000   0.375000
  0.336683   0.535642   0.428733  -0.180876   0.429663   1.108454   0.015800   0.625000   0.375000
  0.341709   0.534733   0.430893  -0.175305   0.429742   0.771461   0.178901   0.625000   0.375000
  0.346734   0.533852   0.433052  -0.171429   0.430641   0.052914   0.438787   0.625000   0.375000
  0.351759   0.532990   0.435216  -0.171163   0.432846  -1.016767   0.786949   0.625000   0.375000
  0.356784   0.532130   0.437391  -0.176272   0.436801  -2.321207   1.202650   0.625000   0.375000
  0.361809   0.531244   0.439586  -0.187936   0.442844  -3.732492   1.668859   0.625000   0.375000
  0.366834   0.530300   0.441811  -0.206692   0.451230  -5.173646   2.179340   0.625000   0.375000
  0.371859   0.529261   0.444079  -0.232689   0.462181  -6.642637   2.731229   0.625000   0.375000
  0.376884   0.528092   0.446401  -0.266069   0.475906  -8.210567   3.304439   0.625000   0.375000
  0.381910   0.526755   0.448793  -0.307335   0.492514 -10.004079   3.831370   0.625000   0.375000
  0.386935   0.525211   0.451268  -0.357605   0.511766 -12.158983   4.169484   0.625000   0.375000
  0.391960   0.523414   0.453840  -0.418704   0.532718 -14.740737   4.111958   0.625000   0.375000
  0.396985   0.521310   0.456517  -0.492776   0.553381 -17.661948   3.465312   0.625000   0.375000
  0.402010   0.518833   0.459297  -0.581528   0.570794 -20.689602   2.159132   0.625000   0.375000
  0.407035   0.515911   0.462166  -0.685493   0.581644 -23.564699   0.282523   0.625000   0.375000
  0.412060   0.512467   0.465088  -0.803906   0.583063 -26.125446  -1.992331   0.625000   0.375000
  0.417085   0.508427   0.468018  -0.935186   0.573052 -28.322714  -4.517071   0.625000   0.375000
  0.422111   0.503727   0.470898  -1.077536   0.550349 -30.130403  -7.218661   0.625000   0.375000
  0.427136   0.498312   0.473664  -1.228941   0.514075 -31.403200 -10.077614   0.625000   0.375000
  0.432161   0.492137   0.476247  -1.386742   0.463435 -31.728690 -13.060342   0.625000   0.375000
  0.437186   0.485168   0.478576  -1.546179   0.397807 -30.332059 -16.014161   0.625000   0.375000
  0.442211   0.477399   0.480575  -1.698598   0.317336 -26.190668 -18.581323   0.625000   0.375000
  0.447236   0.468863   0.482169  -1.830206   0.223965 -18.496389 -20.232145   0.625000   0.375000
  0.452261   0.459667   0.483295  -1.923150   0.122298  -7.270358 -20.484958   0.625000   0.375000
  0.457286   0.450003   0.483909  -1.959684   0.019361   6.457663 -19.171900   0.625000   0.375000
  0.462312   0.440153   0.484007  -1.927227  -0.076997  21.173336 -16.492723   0.625000   0.375000
  0.467337   0.430469   0.483620  -1.820831  -0.159873  35.572502 -12.829161   0.625000   0.375000
  0.472362   0.421319   0.482816  -1.642080  -0.224339  48.887024  -8.518233   0.625000   0.375000
  0.477387   0.413068   0.481689  -1.396422  -0.267143  60.732604  -3.750040   0.625000   0.375000
  0.482412   0.406051   0.480347  -1.091241  -0.285987  70.770957   1.410807   0.625000   0.375000
  0.487437   0.400567   0.478910  -0.735617  -0.278898  78.373578   6.916741   0.625000   0.375000
  0.492462   0.396871   0.477508  -0.341790  -0.244141  82.470842  12.578589   0.625000   0.375000
  0.497487   0.395153   0.476281   0.072626  -0.180934  81.820821  17.939109   0.625000   0.375000
  0.502513   0.395518   0.475372   0.483858  -0.090772  75.748823  22.330311   0.625000   0.375000
  0.507538   0.397950   0.474916   0.864496   0.021438  64.835250  25.162761   0.625000   0.375000
  0.512563   0.402294   0.475024   1.190293   0.147881  50.780317  26.231437   0.625000   0.375000
  0.517588   0.408275   0.475767   1.445464   0.279694  35.552723  25.738772   0.625000   0.375000
  0.522613   0.415539   0.477172   1.624116   0.409031  20.632363  24.083530   0.625000   0.375000
  0.527638   0.423700   0.479228   1.727794   0.530051   6.817806  21.639261   0.625000   0.375000
  0.532663   0.432382   0.481891   1.762053   0.638788  -5.564393  18.648822   0.625000   0.375000
  0.537688   0.441236   0.485101   1.734092   0.732498 -16.345803  15.225000   0.625000   0.375000
  0.542714   0.449952   0.488783   1.651938   0.809019 -25.268211  11.417443   0.625000   0.375000
  0.547739   0.458253   0.492848   1.524966   0.866392 -31.894270   7.322120   0.625000   0.375000
  0.552764   0.465916   0.497201   1.364697   0.903185 -35.790489   3.166910   0.625000   0.375000
  0.557789   0.472773   0.501740   1.184850   0.919099 -36.869987  -0.700754   0.625000   0.375000
  0.562814   0.478727   0.506358   0.999578   0.915578 -35.595892  -3.956934   0.625000   0.375000
  0.567839   0.483750   0.510959   0.820709   0.895694 -32.796542  -6.444097   0.625000   0.375000
  0.572864   0.487874   0.515460   0.655906   0.863313 -29.288829  -8.188754   0.625000   0.375000
  0.577889   0.491170   0.519798   0.508730   0.822164 -25.637968  -9.317714   0.625000   0.375000
  0.582915   0.493727   0.523930   0.379873   0.775333 -22.131406  -9.966383   0.625000   0.375000
  0.587940   0.495636   0.527826   0.268663   0.725252 -18.864794 -10.225377   0.625000   0.375000
  0.592965   0.496986   0.531471   0.173867   0.673870 -15.833578 -10.127059   0.625000   0.375000
  0.597990   0.497860   0.534857   0.094304   0.622981 -13.012333  -9.662519   0.625000   0.375000
  0.603015   0.498333   0.537988   0.028917   0.574427 -10.405058  -8.828845   0.625000   0.375000
  0.608040   0.498479   0.540874  -0.023369   0.530062  -8.059283  -7.684938   0.625000   0.375000
  0.613065   0.498361   0.543538  -0.063867   0.491445  -6.035728  -6.366866   0.625000   0.375000
  0.618090   0.498040   0.546007  -0.094196   0.459452  -4.361832  -5.038627   0.625000   0.375000
  0.623116   0.497567   0.548316  -0.116119   0.434128  -3.013761  -3.824670   0.625000   0.375000
  0.628141   0.496983   0.550498  -0.131263   0.414909  -1.936019  -2.783305   0.625000   0.375000
  0.633166   0.496324   0.552583  -0.140991   0.400923  -1.068253  -1.920054   0.625000   0.375000
  0.638191   0.495615   0.554597  -0.146359   0.391274  -0.365212  -1.216853   0.625000   0.375000
  0.643216   0.494880   0.556564  -0.148195   0.385160   0.196364  -0.653519   0.625000   0.375000
  0.648241   0.494135   0.558499  -0.147208   0.381876   0.618731  -0.218538   0.625000   0.375000
  0.653266   0.493396   0.560418  -0.144099   0.380778   0.892461   0.090746   0.625000   0.375000
  0.658291   0.492671   0.562331  -0.139614   0.381234   1.014536   0.277364   0.625000   0.375000
  0.663317   0.491970   0.564247  -0.134515   0.382628   1.005895   0.356665   0.625000   0.375000
  0.668342   0.491294   0.566170  -0.129460   0.384420   0.911893   0.358993   0.625000   0.375000
  0.673367   0.490643   0.568102  -0.124878   0.386224   0.783791   0.319770   0.625000   0.375000
  0.678392   0.490016   0.570043  -0.120940   0.387831   0.659677   0.267204   0.625000   0.375000
  0.683417   0.489408   0.571991  -0.117625   0.389173   0.558589   0.217565   0.625000   0.375000
  0.688442   0.488817   0.573947  -0.114818   0.390267   0.484888   0.177337   0.625000   0.375000
  0.693467   0.488240   0.575908  -0.112381   0.391158   0.434702   0.147360   0.625000   0.375000
  0.698492   0.487675   0.577874  -0.110197   0.391898   0.400370   0.126029   0.625000   0.375000
  0.703518   0.487121   0.579843  -0.108185   0.392532   0.372965   0.111013   0.625000   0.375000
  0.708543   0.486578   0.581816  -0.106311   0.393090   0.344574   0.099965   0.625000   0.375000
  0.713568   0.486044   0.583791  -0.104579   0.393592   0.310966   0.090766   0.625000   0.375000
  0.718593   0.485518   0.585769  -0.103016   0.394048   0.273253   0.081710   0.625000   0.375000
  0.723618   0.485000   0.587749  -0.101643   0.394459   0.236564   0.071633   0.625000   0.375000
  0.728643   0.484490   0.589731  -0.100455   0.394819   0.206787   0.059906   0.625000   0.375000
  0.733668   0.483985   0.591715  -0.099415   0.395120   0.188069   0.046355   0.625000   0.375000
  0.738693   0.483485   0.593701  -0.098470   0.395352   0.181989   0.031268   0.625000   0.375000
  0.743719   0.482990   0.595688  -0.097556   0.395510   0.187447   0.015593   0.625000   0.375000
  0.748744   0.482500   0.597675  -0.096614   0.395588   0.200290   0.001269   0.625000   0.375000
  0.753769   0.482015   0.599663  -0.095607   0.395594   0.212905  -0.008699   0.625000   0.375000
  0.758794   0.481534   0.601651  -0.094538   0.395551   0.215320  -0.011012   0.625000   0.375000
  0.763819   0.481059   0.603638  -0.093456   0.395495   0.199415  -0.004061   0.625000   0.375000
  0.768844   0.480590   0.605626  -0.092454   0.395475   0.164692   0.010058   0.625000   0.375000
  0.773869   0.480125   0.607613  -0.091626   0.395525   0.120253   0.025674   0.625000   0.375000
  0.778894   0.479665   0.609601  -0.091022   0.395654   0.080472   0.036091   0.625000   0.375000
  0.783920   0.479207   0.611589  -0.090617   0.395836   0.058514   0.036263   0.625000   0.375000
  0.788945   0.478752   0.613578  -0.090323   0.396018   0.062408   0.024012   0.625000   0.375000
  0.793970   0.478298   0.615568  -0.090010   0.396139   0.093648   0.000286   0.625000   0.375000
  0.798995   0.477846   0.617559  -0.089539   0.396140   0.146164  -0.030441   0.625000   0.375000
  0.804020   0.477396   0.619549  -0.088805   0.395987   0.204795  -0.059611   0.625000   0.375000
  0.809045   0.476949   0.621539  -0.087775   0.395688   0.245850  -0.075352   0.625000   0.375000
  0.814070   0.476508   0.623528  -0.086540   0.395309   0.244537  -0.066852   0.625000   0.375000
  0.819095   0.476074   0.625514  -0.085311   0.394973   0.189764  -0.031790   0.625000   0.375000
  0.824121   0.475645   0.627499  -0.084357   0.394813   0.095389   0.019223   0.625000   0.375000
  0.829146   0.475221   0.629483  -0.083878   0.394910  -0.004541   0.066717   0.625000   0.375000
  0.834171   0.474799   0.631467  -0.083901   0.395245  -0.072865   0.091714   0.625000   0.375000
  0.839196   0.474378   0.633454  -0.084267   0.395706  -0.083414   0.082453   0.625000   0.375000
  0.844221   0.473954   0.635442  -0.084686   0.396120  -0.026548   0.036622   0.625000   0.375000
  0.849246   0.473529   0.637432  -0.084820   0.396304   0.089348  -0.038050   0.625000   0.375000
  0.854271   0.473103   0.639424  -0.084371   0.396113   0.235759  -0.122668   0.625000   0.375000
  0.859296   0.472679   0.641414  -0.083186   0.395497   0.363483  -0.187444   0.625000   0.375000
  0.864322   0.472261   0.643402  -0.081359   0.394555   0.413097  -0.199043   0.625000   0.375000
  0.869347   0.471852   0.645385  -0.079283   0.393554   0.343483  -0.138202   0.625000   0.375000
  0.874372   0.471453   0.647362  -0.077557   0.392860   0.164054  -0.017468   0.625000   0.375000
  0.879397   0.471064   0.649337  -0.076733   0.392772  -0.062017   0.120045   0.625000   0.375000
  0.884422   0.470678   0.651310  -0.077045   0.393375  -0.251020   0.222789   0.625000   0.375000
  0.889447   0.470291   0.653287  -0.078306   0.394495  -0.337427   0.253775   0.625000   0.375000
  0.894472   0.469897   0.655269  -0.080002   0.395770  -0.292205   0.200180   0.625000   0.375000
  0.899497   0.469495   0.657258  -0.081470   0.396776  -0.124258   0.073334   0.625000   0.375000
  0.904523   0.469086   0.659252  -0.082094   0.397145   0.121459  -0.092633   0.625000   0.375000
  0.909548   0.468673   0.661248  -0.081484   0.396679   0.365291  -0.242161   0.625000   0.375000
  0.914573   0.468264   0.663241  -0.079648   0.395462   0.505495  -0.308280   0.625000   0.375000
  0.919598   0.467864   0.665228  -0.077108   0.393913   0.456085  -0.239740   0.625000   0.375000
  0.924623   0.467476   0.667208  -0.074817   0.392709   0.201380  -0.036937   0.625000   0.375000
  0.929648   0.467100   0.669181  -0.073805   0.392523  -0.180890   0.237083   0.625000   0.375000
  0.934673   0.466729   0.671154  -0.074714   0.393714  -0.561010   0.489636   0.625000   0.375000
  0.939698   0.466354   0.673132  -0.077533   0.396175  -0.826425   0.646290   0.625000   0.375000
  0.944724   0.465964   0.675123  -0.081686   0.399423  -0.921274   0.675192   0.625000   0.375000
  0.949749   0.465554   0.677130  -0.086316   0.402816  -0.846286   0.584201   0.625000   0.375000
  0.954774   0.465120   0.679154  -0.090568   0.405751  -0.642441   0.408164   0.625000   0.375000
  0.959799   0.464665   0.681193  -0.093797   0.407802  -0.374922   0.197161   0.625000   0.375000
  0.964824   0.464194   0.683243  -0.095680   0.408793  -0.117523   0.004545   0.625000   0.375000
  0.969849   0.463713   0.685297  -0.096271   0.408816   0.070484  -0.130878   0.625000   0.375000
  0.974874   0.463229   0.687351  -0.095917   0.408158   0.173039  -0.205504   0.625000   0.375000
  0.979899   0.462747   0.689402  -0.095047   0.407126   0.229144  -0.256541   0.625000   0.375000
  0.984925   0.462269   0.691448  -0.093896   0.405836   0.308311  -0.339870   0.625000   0.375000
  0.989950   0.461798   0.693488  -0.092346   0.404128   0.468088  -0.497281   0.625000   0.375000
  0.994975   0.461333   0.695518  -0.089994   0.401630   0.730469  -0.740991   0.625000   0.375000
  1.000000   0.460881   0.697536  -0.086324   0.397906   1.085852  -1.059239   0.625000   0.375000