  0.000000   0.500000   0.300000   0.000000   0.000000  13.247118  21.534273   0.500000   0.500000
  0.005025   0.500000   0.300000   0.066567   0.108210  11.315591  16.944227   0.500000   0.500000
  0.010050   0.500334   0.300544   0.123428   0.193354   9.460890  12.553234   0.500000   0.500000
  0.015075   0.500955   0.301515   0.170969   0.256434   7.707200   8.505494   0.500000   0.500000
  0.020101   0.501814   0.302804   0.209705   0.299183   6.092519   5.028159   0.500000   0.500000
  0.025126   0.502868   0.304308   0.240320   0.324450   4.660722   2.373307   0.500000   0.500000
  0.030151   0.504075   0.305938   0.263740   0.336375   3.437042   0.677779   0.500000   0.500000
  0.035176   0.505401   0.307628   0.281011   0.339781   2.410003  -0.142984   0.500000   0.500000
  0.040201   0.506813   0.309336   0.293121   0.339063   1.535322  -0.360049   0.500000   0.500000
  0.045226   0.508286   0.311039   0.300836   0.337254   0.759692  -0.285464   0.500000   0.500000
  0.050251   0.509797   0.312734   0.304654   0.335819   0.041916  -0.152782   0.500000   0.500000
  0.055276   0.511328   0.314422   0.304864   0.335051  -0.639256  -0.083790   0.500000   0.500000
  0.060302   0.512861   0.316106   0.301652   0.334630  -1.285624  -0.108577   0.500000   0.500000
  0.065327   0.514376   0.317787   0.295191   0.334085  -1.880655  -0.195329   0.500000   0.500000
  0.070352   0.515860   0.319466   0.285741   0.333103  -2.392825  -0.275515   0.500000   0.500000
  0.075377   0.517296   0.321140   0.273717   0.331719  -2.784167  -0.272037   0.500000   0.500000
  0.080402   0.518671   0.322807   0.259727   0.330352  -3.029961  -0.136884   0.500000   0.500000
  0.085427   0.519976   0.324467   0.244501   0.329664  -3.138364   0.119017   0.500000   0.500000
  0.090452   0.521205   0.326123   0.228731   0.330262  -3.150319   0.432715   0.500000   0.500000
  0.095477   0.522354   0.327783   0.212900   0.332436  -3.117912   0.728806   0.500000   0.500000
  0.100503   0.523424   0.329454   0.197230   0.336099  -3.081965   0.954684   0.500000   0.500000
  0.105528   0.524415   0.331142   0.181743   0.340897  -3.063707   1.089925   0.500000   0.500000
  0.110553   0.525328   0.332855   0.166348   0.346373  -3.067253   1.139043   0.500000   0.500000
  0.115578   0.526164   0.334596   0.150935   0.352097  -3.084500   1.121330   0.500000   0.500000
  0.120603   0.526923   0.336365   0.135435   0.357732  -3.098568   1.064462   0.500000   0.500000
  0.125628   0.527603   0.338163   0.119865   0.363081  -3.087498   0.999561   0.500000   0.500000
  0.130653   0.528206   0.339987   0.104350   0.368103  -3.031753   0.953466   0.500000   0.500000
  0.135678   0.528730   0.341837   0.089116   0.372895  -2.924649   0.938550   0.500000   0.500000
  0.140704   0.529178   0.343711   0.074416   0.377612  -2.777331   0.948175   0.500000   0.500000
  0.145729   0.529552   0.345609   0.060460   0.382376  -2.612255   0.963723   0.500000   0.500000
  0.150754   0.529856   0.347530   0.047334   0.387219  -2.450926   0.966908   0.500000   0.500000
  0.155779   0.530094   0.349476   0.035018   0.392078  -2.306614   0.947249   0.500000   0.500000
  0.160804   0.530269   0.351446   0.023427   0.396838  -2.183685   0.902755   0.500000   0.500000
  0.165829   0.530387   0.353440   0.012454   0.401374  -2.079865   0.837714   0.500000   0.500000
  0.170854   0.530450   0.355457   0.002003   0.405584  -1.988265   0.760698   0.500000   0.500000
  0.175879   0.530460   0.357495  -0.007988   0.409406  -1.898855   0.683046   0.500000   0.500000
  0.180905   0.530420   0.359553  -0.017532   0.412839  -1.800893   0.616332   0.500000   0.500000
  0.185930   0.530332   0.361627  -0.026581   0.415936  -1.687386   0.568008   0.500000   0.500000
  0.190955   0.530198   0.363718  -0.035060   0.418790  -1.558982   0.537502   0.500000   0.500000
  0.195980   0.530022   0.365822  -0.042894   0.421491  -1.423537   0.517098   0.500000   0.500000
  0.201005   0.529806   0.367940  -0.050048   0.424090  -1.291130   0.497094   0.500000   0.500000
  0.206030   0.529555   0.370071  -0.056536   0.426588  -1.169299   0.470526   0.500000   0.500000
  0.211055   0.529271   0.372215  -0.062411   0.428952  -1.061415   0.434645   0.500000   0.500000
  0.216080   0.528957   0.374370  -0.067745   0.431136  -0.967332   0.390164   0.500000   0.500000
  0.221106   0.528617   0.376537  -0.072607   0.433097  -0.884436   0.340136   0.500000   0.500000
  0.226131   0.528252   0.378713  -0.077051   0.434806  -0.808445   0.289208   0.500000   0.500000
  0.231156   0.527865   0.380898  -0.081113   0.436260  -0.734095   0.242663   0.500000   0.500000
  0.236181   0.527457   0.383090  -0.084802   0.437479  -0.656740   0.204734   0.500000   0.500000
  0.241206   0.527031   0.385289  -0.088102   0.438508  -0.574353   0.176449   0.500000   0.500000
  0.246231   0.526588   0.387492  -0.090989   0.439394  -0.488331   0.154909   0.500000   0.500000
  0.251256   0.526131   0.389700  -0.093442   0.440173  -0.401979   0.135044   0.500000   0.500000
  0.256281   0.525661   0.391912  -0.095462   0.440851  -0.318093   0.112225   0.500000   0.500000
  0.261307   0.525182   0.394128  -0.097061   0.441415  -0.237649   0.083697   0.500000   0.500000
  0.266332   0.524694   0.396346  -0.098255   0.441836  -0.160124   0.048780   0.500000   0.500000
  0.271357   0.524200   0.398566  -0.099060   0.442081  -0.084618   0.008746   0.500000   0.500000
  0.276382   0.523702   0.400788  -0.099485   0.442125  -0.011530  -0.032836   0.500000   0.500000
  0.281407   0.523202   0.403009  -0.099543   0.441960   0.056035  -0.069767   0.500000   0.500000
  0.286432   0.522702   0.405230  -0.099261   0.441609   0.112490  -0.094225   0.500000   0.500000
  0.291457   0.522203   0.407449  -0.098696   0.441136   0.153255  -0.100281   0.500000   0.500000
  0.296482   0.521708   0.409666  -0.097926   0.440632   0.180363  -0.088264   0.500000   0.500000
  0.301508   0.521215   0.411880  -0.097020   0.440188   0.205396  -0.065795   0.500000   0.500000
  0.306533   0.520728   0.414092  -0.095987   0.439858   0.246737  -0.044186   0.500000   0.500000
  0.311558   0.520245   0.416303  -0.094748   0.439636   0.323440  -0.033364   0.500000   0.500000
  0.316583   0.519769   0.418512  -0.093122   0.439468   0.448032  -0.038068   0.500000   0.500000
  0.321608   0.519301   0.420720  -0.090871   0.439277   0.616591  -0.054423   0.500000   0.500000
  0.326633   0.518845   0.422928  -0.087773   0.439003   0.792987  -0.065125   0.500000   0.500000
  0.331658   0.518404   0.425134  -0.083788   0.438676   0.890289  -0.034210   0.500000   0.500000
  0.336683   0.517983   0.427338  -0.079314   0.438504   0.767317   0.092016   0.500000   0.500000
  0.341709   0.517584   0.429542  -0.075458   0.438967   0.268867   0.368684   0.500000   0.500000
  0.346734   0.517205   0.431748  -0.074107   0.440819  -0.690452   0.823020   0.500000   0.500000
  0.351759   0.516833   0.433963  -0.077576   0.444955  -2.066643   1.437571   0.500000   0.500000
  0.356784   0.516443   0.436199  -0.087961   0.452179  -3.715080   2.164904   0.500000   0.500000
  0.361809   0.516001   0.438471  -0.106629   0.463057  -5.479234   2.959141   0.500000   0.500000
  0.366834   0.515465   0.440798  -0.134162   0.477927  -7.259761   3.794302   0.500000   0.500000
  0.371859   0.514791   0.443199  -0.170643   0.496994  -9.033425   4.658544   0.500000   0.500000
  0.376884   0.513933   0.445697  -0.216036   0.520403 -10.838557   5.528993   0.500000   0.500000
  0.381910   0.512847   0.448312  -0.270510   0.548191 -12.743664   6.334698   0.500000   0.500000
  0.386935   0.511488   0.451067  -0.334547   0.580023 -14.797489   6.922723   0.500000   0.500000
  0.391960   0.509807   0.453982  -0.408904   0.614810 -16.973182   7.067671   0.500000   0.500000
  0.396985   0.507752   0.457071  -0.494195   0.650325 -19.138679   6.557179   0.500000   0.500000
  0.402010   0.505269   0.460339  -0.590367   0.683275 -21.107983   5.316764   0.500000   0.500000
  0.407035   0.502302   0.463772  -0.696434   0.709992 -22.745654   3.455245   0.500000   0.500000
  0.412060   0.498803   0.467340  -0.810731   0.727354 -24.027041   1.182648   0.500000   0.500000
  0.417085   0.494729   0.470995  -0.931467   0.733297 -25.004622  -1.310341   0.500000   0.500000
  0.422111   0.490047   0.474681  -1.057140   0.726711 -25.715100  -3.916573   0.500000   0.500000
  0.427136   0.484735   0.478332  -1.186359   0.707030 -26.067947  -6.603408   0.500000   0.500000
  0.432161   0.478774   0.481885  -1.317350   0.673848 -25.735189  -9.363944   0.500000   0.500000
  0.437186   0.472154   0.485271  -1.446669   0.626794 -24.083189 -12.137330   0.500000   0.500000
  0.442211   0.464885   0.488421  -1.567687   0.565804 -20.269807 -14.734541   0.500000   0.500000
  0.447236   0.457007   0.491264  -1.669543   0.491763 -13.622236 -16.832087   0.500000   0.500000
  0.452261   0.448617   0.493735  -1.737995   0.407182  -4.139597 -18.093261   0.500000   0.500000
  0.457286   0.439884   0.495781  -1.758796   0.316263   7.357269 -18.349274   0.500000   0.500000
  0.462312   0.431044   0.497371  -1.721819   0.224040  19.650145 -17.669527   0.500000   0.500000
  0.467337   0.422392   0.498497  -1.623077   0.135251  31.690596 -16.268124   0.500000   0.500000
  0.472362   0.414236   0.499176  -1.463832   0.053503  42.870376 -14.357370   0.500000   0.500000
  0.477387   0.406880   0.499445  -1.248408  -0.018642  52.901754 -12.057130   0.500000   0.500000
  0.482412   0.400607   0.499351  -0.982577  -0.079230  61.543514  -9.375026   0.500000   0.500000
  0.487437   0.395670   0.498953  -0.673320  -0.126339  68.320193  -6.241813   0.500000   0.500000
  0.492462   0.392286   0.498318  -0.330011  -0.157704  72.379276  -2.598746   0.500000   0.500000
  0.497487   0.390628   0.497526   0.033694  -0.170763  72.681020   1.477714   0.500000   0.500000
  0.502513   0.390797   0.496668   0.398989  -0.163336  68.586777   5.696489   0.500000   0.500000
  0.507538   0.392802   0.495847   0.743638  -0.134711  60.447584   9.623206   0.500000   0.500000
  0.512563   0.396539   0.495170   1.047387  -0.086354  49.553355  12.887735   0.500000   0.500000
  0.517588   0.401802   0.494736   1.296393  -0.021594  37.473275  15.325429   0.500000   0.500000
  0.522613   0.408317   0.494627   1.484696   0.055417  25.426172  16.960637   0.500000   0.500000
  0.527638   0.415777   0.494906   1.612462   0.140644  14.086817  17.896197   0.500000   0.500000
  0.532663   0.423880   0.495613   1.683248   0.230572   3.723378  18.210000   0.500000   0.500000
  0.537688   0.432338   0.496771   1.701958   0.322078  -5.565466  17.898502   0.500000   0.500000
  0.542714   0.440892   0.498390   1.673986   0.412035 -13.646348  16.875703   0.500000   0.500000
  0.547739   0.449304   0.500461   1.605414   0.496836 -20.242027  15.042343   0.500000   0.500000
  0.552764   0.457371   0.502957   1.503697   0.572424 -25.013367  12.412382   0.500000   0.500000
  0.557789   0.464927   0.505834   1.378005   0.634796 -27.784210   9.210579   0.500000   0.500000
  0.562814   0.471852   0.509023   1.238390   0.681079 -28.732796   5.821281   0.500000   0.500000
  0.567839   0.478075   0.512446   1.094007   0.710331 -28.334788   2.616139   0.500000   0.500000
  0.572864   0.483572   0.516015   0.951625   0.723477 -27.130885  -0.178422   0.500000   0.500000
  0.577889   0.488354   0.519651   0.815292   0.722580 -25.537878  -2.489746   0.500000   0.500000
  0.582915   0.492452   0.523282   0.686939   0.710067 -23.791141  -4.332820   0.500000   0.500000
  0.587940   0.495903   0.526851   0.567388   0.688295 -21.972378  -5.737867   0.500000   0.500000
  0.592965   0.498755   0.530309   0.456977   0.659462 -20.058252  -6.708565   0.500000   0.500000
  0.597990   0.501051   0.533623   0.356184   0.625751 -17.980156  -7.212695   0.500000   0.500000
  0.603015   0.502841   0.536767   0.265834   0.589507 -15.694085  -7.217155   0.500000   0.500000
  0.608040   0.504176   0.539730   0.186971   0.553241 -13.244488  -6.749821   0.500000   0.500000
  0.613065   0.505116   0.542510   0.120418   0.519323 -10.770848  -5.933715   0.500000   0.500000
  0.618090   0.505721   0.545119   0.066294   0.489507  -8.440363  -4.949088   0.500000   0.500000
  0.623116   0.506054   0.547580   0.023873   0.464632  -6.368906  -3.957536   0.500000   0.500000
  0.628141   0.506174   0.549914  -0.008131   0.444746  -4.596885  -3.057510   0.500000   0.500000
  0.633166   0.506133   0.552149  -0.031230   0.429382  -3.109765  -2.285841   0.500000   0.500000
  0.638191   0.505976   0.554307  -0.046857   0.417895  -1.875384  -1.643601   0.500000   0.500000
  0.643216   0.505741   0.556407  -0.056280   0.409636  -0.869430  -1.119330   0.500000   0.500000
  0.648241   0.505458   0.558465  -0.060649   0.404012  -0.086778  -0.702929   0.500000   0.500000
  0.653266   0.505153   0.560495  -0.061085   0.400479   0.463542  -0.389602   0.500000   0.500000
  0.658291   0.504847   0.562508  -0.058756   0.398522   0.779597  -0.175227   0.500000   0.500000
  0.663317   0.504551   0.564511  -0.054838   0.397641   0.890639  -0.048194   0.500000   0.500000
  0.668342   0.504276   0.566509  -0.050362   0.397399   0.859658   0.013255   0.500000   0.500000
  0.673367   0.504023   0.568506  -0.046043   0.397465   0.759627   0.034981   0.500000   0.500000
  0.678392   0.503791   0.570503  -0.042225   0.397641   0.646859   0.038320   0.500000   0.500000
  0.683417   0.503579   0.572501  -0.038975   0.397834   0.551731   0.036348   0.500000   0.500000
  0.688442   0.503383   0.574500  -0.036203   0.398016   0.483822   0.034968   0.500000   0.500000
  0.693467   0.503201   0.576500  -0.033771   0.398192   0.440606   0.035645   0.500000   0.500000
  0.698492   0.503032   0.578501  -0.031557   0.398371   0.413793   0.037693   0.500000   0.500000
  0.703518   0.502873   0.580503  -0.029478   0.398561   0.393072   0.039712   0.500000   0.500000
  0.708543   0.502725   0.582506  -0.027502   0.398760   0.369188   0.040430   0.500000   0.500000
  0.713568   0.502587   0.584510  -0.025647   0.398963   0.337215   0.039165   0.500000   0.500000
  0.718593   0.502458   0.586515  -0.023953   0.399160   0.298406   0.035842   0.500000   0.500000
  0.723618   0.502337   0.588521  -0.022453   0.399340   0.258541   0.030635   0.500000   0.500000
  0.728643   0.502225   0.590527  -0.021154   0.399494   0.224137   0.023584   0.500000   0.500000
  0.733668   0.502118   0.592535  -0.020028   0.399613   0.199671   0.014532   0.500000   0.500000
  0.738693   0.502018   0.594543  -0.019024   0.399686   0.186864   0.003379   0.500000   0.500000
  0.743719   0.501922   0.596552  -0.018085   0.399703   0.184872  -0.009454   0.500000   0.500000
  0.748744   0.501831   0.598560  -0.017156   0.399655   0.190296  -0.022463   0.500000   0.500000
  0.753769   0.501745   0.600568  -0.016200   0.399542   0.196992  -0.032728   0.500000   0.500000
  0.758794   0.501664   0.602576  -0.015210   0.399378   0.196940  -0.036425   0.500000   0.500000
  0.763819   0.501587   0.604583  -0.014220   0.399195   0.183451  -0.030803   0.500000   0.500000
  0.768844   0.501516   0.606589  -0.013299   0.399040   0.155650  -0.016677   0.500000   0.500000
  0.773869   0.501449   0.608594  -0.012517   0.398956   0.120137   0.000953   0.500000   0.500000
  0.778894   0.501386   0.610599  -0.011913   0.398961   0.087767   0.015087   0.500000   0.500000
  0.783920   0.501326   0.612604  -0.011472   0.399037   0.068667   0.019650   0.500000   0.500000
  0.788945   0.501268   0.614609  -0.011127   0.399136   0.069158   0.011180   0.500000   0.500000
  0.793970   0.501212   0.616615  -0.010779   0.399192   0.090624  -0.010548   0.500000   0.500000
  0.798995   0.501158   0.618621  -0.010324   0.399139   0.128725  -0.041884   0.500000   0.500000
  0.804020   0.501106   0.620626  -0.009677   0.398928   0.172223  -0.074430   0.500000   0.500000
  0.809045   0.501058   0.622631  -0.008811   0.398554   0.203317  -0.095429   0.500000   0.500000
  0.814070   0.501014   0.624634  -0.007790   0.398075   0.203118  -0.092013   0.500000   0.500000
  0.819095   0.500974   0.626634  -0.006769   0.397613   0.162763  -0.059361   0.500000   0.500000
  0.824121   0.500940   0.628633  -0.005951   0.397314   0.092055  -0.006556   0.500000   0.500000
  0.829146   0.500910   0.630629  -0.005489   0.397281   0.016165   0.046511   0.500000   0.500000
  0.834171   0.500883   0.632625  -0.005407   0.397515  -0.037063   0.078796   0.500000   0.500000
  0.839196   0.500856   0.634623  -0.005594   0.397911  -0.047759   0.075852   0.500000   0.500000
  0.844221   0.500828   0.636622  -0.005834   0.398292  -0.008275   0.032911   0.500000   0.500000
  0.849246   0.500798   0.638624  -0.005875   0.398457   0.075667  -0.044007   0.500000   0.500000
  0.854271   0.500769   0.640626  -0.005495   0.398236   0.183412  -0.136471   0.500000   0.500000
  0.859296   0.500741   0.642627  -0.004573   0.397551   0.278858  -0.213213   0.500000   0.500000
  0.864322   0.500718   0.644625  -0.003172   0.396479   0.317974  -0.237075   0.500000   0.500000
  0.869347   0.500702   0.646618  -0.001574   0.395288   0.269669  -0.183570   0.500000   0.500000
  0.874372   0.500694   0.648604  -0.000219   0.394365   0.139733  -0.061349   0.500000   0.500000
  0.879397   0.500693   0.650586   0.000483   0.394057  -0.026287   0.086520   0.500000   0.500000
  0.884422   0.500696   0.652566   0.000351   0.394492  -0.167117   0.204665   0.500000   0.500000
  0.889447   0.500697   0.654548  -0.000488   0.395520  -0.234247   0.250570   0.500000   0.500000
  0.894472   0.500695   0.656536  -0.001666   0.396779  -0.205604   0.206327   0.500000   0.500000
  0.899497   0.500687   0.658529  -0.002699   0.397816  -0.086749   0.079786   0.500000   0.500000
  0.904523   0.500673   0.660529  -0.003135   0.398217   0.090469  -0.096118   0.500000   0.500000
  0.909548   0.500657   0.662530  -0.002680   0.397734   0.268819  -0.263879   0.500000   0.500000
  0.914573   0.500644   0.664528  -0.001329   0.396408   0.374550  -0.350700   0.500000   0.500000
  0.919598   0.500637   0.666520   0.000553   0.394646   0.344459  -0.296460   0.500000   0.500000
  0.924623   0.500640   0.668503   0.002284   0.393156   0.165427  -0.093440   0.500000   0.500000
  0.929648   0.500651   0.670479   0.003115   0.392687  -0.108144   0.197871   0.500000   0.500000
  0.934673   0.500667   0.672452   0.002572   0.393681  -0.383428   0.480394   0.500000   0.500000
  0.939698   0.500680   0.674431   0.000645   0.396095  -0.578901   0.671483   0.500000   0.500000
  0.944724   0.500683   0.676421  -0.002265   0.399470  -0.653272   0.731416   0.500000   0.500000
  0.949749   0.500672   0.678429  -0.005547   0.403145  -0.605864   0.662741   0.500000   0.500000
  0.954774   0.500644   0.680455  -0.008592   0.406475  -0.465096   0.498010   0.500000   0.500000
  0.959799   0.500601   0.682497  -0.010929   0.408978  -0.277038   0.287811   0.500000   0.500000
  0.964824   0.500546   0.684552  -0.012321   0.410424  -0.094394   0.088701   0.500000   0.500000
  0.969849   0.500484   0.686615  -0.012795   0.410870   0.039842  -0.055136   0.500000   0.500000
  0.974874   0.500420   0.688679  -0.012595   0.410593   0.112894  -0.134339   0.500000   0.500000
  0.979899   0.500356   0.690742  -0.012028   0.409918   0.151138  -0.182795   0.500000   0.500000
  0.984925   0.500296   0.692803  -0.011268   0.408999   0.203295  -0.257098   0.500000   0.500000
  0.989950   0.500239   0.694858  -0.010247   0.407707   0.310428  -0.402637   0.500000   0.500000
  0.994975   0.500188   0.696907  -0.008687   0.405684   0.488848  -0.635611   0.500000   0.500000
  1.000000   0.500144   0.698945  -0.006230   0.402490   0.732483  -0.946975   0.500000   0.500000