  0.000000   0.539018   0.303843   0.000000   0.000000  11.652142  21.266658   0.625000   0.625000
  0.005025   0.539018   0.303843   0.058552   0.106865  10.231145  16.767684   0.625000   0.625000
  0.010050   0.539312   0.304380   0.109964   0.191123   8.864601  12.458012   0.625000   0.625000
  0.015075   0.539865   0.305340   0.154508   0.253724   7.553617   8.477835   0.625000   0.625000
  0.020101   0.540641   0.306616   0.192473   0.296334   6.299620   5.049046   0.625000   0.625000
  0.025126   0.541609   0.308105   0.224128   0.321705   5.105938   2.419435   0.625000   0.625000
  0.030151   0.542735   0.309721   0.249786   0.333863   3.975608   0.725905   0.625000   0.625000
  0.035176   0.543990   0.311399   0.269763   0.337510   2.910562  -0.110361   0.625000   0.625000
  0.040201   0.545345   0.313095   0.284389   0.336956   1.909856  -0.351537   0.625000   0.625000
  0.045226   0.546775   0.314788   0.293986   0.335189   0.970064  -0.301742   0.625000   0.625000
  0.050251   0.548252   0.316472   0.298860   0.333673   0.087302  -0.189820   0.625000   0.625000
  0.055276   0.549754   0.318149   0.299299   0.332719  -0.740026  -0.135899   0.625000   0.625000
  0.060302   0.551258   0.319821   0.295579   0.332036  -1.508044  -0.170332   0.625000   0.625000
  0.065327   0.552743   0.321490   0.288002   0.331180  -2.203023  -0.262514   0.625000   0.625000
  0.070352   0.554190   0.323154   0.276931   0.329861  -2.800483  -0.345515   0.625000   0.625000
  0.075377   0.555582   0.324812   0.262859   0.328125  -3.269919  -0.343865   0.625000   0.625000
  0.080402   0.556903   0.326460   0.246428   0.326397  -3.590997  -0.210799   0.625000   0.625000
  0.085427   0.558141   0.328101   0.228383   0.325338  -3.771230   0.042267   0.625000   0.625000
  0.090452   0.559289   0.329735   0.209432   0.325550  -3.847243   0.352677   0.625000   0.625000
  0.095477   0.560341   0.331371   0.190100   0.327322  -3.866625   0.645722   0.625000   0.625000
  0.100503   0.561297   0.333016   0.170666   0.330568  -3.867982   0.869450   0.625000   0.625000
  0.105528   0.562154   0.334678   0.151230   0.334937  -3.872788   1.003867   0.625000   0.625000
  0.110553   0.562914   0.336361   0.131769   0.339981  -3.886917   1.053724   0.625000   0.625000
  0.115578   0.563576   0.338069   0.112237   0.345276  -3.904518   1.038441   0.625000   0.625000
  0.120603   0.564140   0.339804   0.092617   0.350494  -3.910857   0.985710   0.625000   0.625000
  0.125628   0.564606   0.341565   0.072965   0.355448  -3.885759   0.926454   0.625000   0.625000
  0.130653   0.564972   0.343351   0.053439   0.360103  -3.811031   0.886963   0.625000   0.625000
  0.135678   0.565241   0.345161   0.034289   0.364560  -3.680956   0.878762   0.625000   0.625000
  0.140704   0.565413   0.346993   0.015788   0.368977  -3.507413   0.894398   0.625000   0.625000
  0.145729   0.565492   0.348847  -0.001837   0.373471  -3.313541   0.914830   0.625000   0.625000
  0.150754   0.565483   0.350724  -0.018487   0.378068  -3.121495   0.921833   0.625000   0.625000
  0.155779   0.565390   0.352624  -0.034173   0.382700  -2.945171   0.905305   0.625000   0.625000
  0.160804   0.565219   0.354547  -0.048972   0.387249  -2.789503   0.863749   0.625000   0.625000
  0.165829   0.564973   0.356493  -0.062989   0.391590  -2.652708   0.801933   0.625000   0.625000
  0.170854   0.564656   0.358460  -0.076319   0.395619  -2.528306   0.728821   0.625000   0.625000
  0.175879   0.564273   0.360448  -0.089024   0.399282  -2.406561   0.655939   0.625000   0.625000
  0.180905   0.563825   0.362455  -0.101119   0.402579  -2.276859   0.594696   0.625000   0.625000
  0.185930   0.563317   0.364478  -0.112561   0.405567  -2.132179   0.551969   0.625000   0.625000
  0.190955   0.562751   0.366516  -0.123275   0.408341  -1.973015   0.526418   0.625000   0.625000
  0.195980   0.562132   0.368568  -0.133189   0.410986  -1.807112   0.509772   0.625000   0.625000
  0.201005   0.561463   0.370633  -0.142270   0.413547  -1.644562   0.492218   0.625000   0.625000
  0.206030   0.560748   0.372711  -0.150534   0.416021  -1.493012   0.467077   0.625000   0.625000
  0.211055   0.559991   0.374802  -0.158036   0.418368  -1.355990   0.432073   0.625000   0.625000
  0.216080   0.559197   0.376904  -0.164850   0.420539  -1.233511   0.388430   0.625000   0.625000
  0.221106   0.558369   0.379018  -0.171050   0.422491  -1.123132   0.339677   0.625000   0.625000
  0.226131   0.557509   0.381141  -0.176693   0.424198  -1.020816   0.290845   0.625000   0.625000
  0.231156   0.556621   0.383272  -0.181823   0.425660  -0.921566   0.247381   0.625000   0.625000
  0.236181   0.555708   0.385411  -0.186454   0.426903  -0.820921   0.213336   0.625000   0.625000
  0.241206   0.554771   0.387557  -0.190579   0.427975  -0.716703   0.189208   0.625000   0.625000
  0.246231   0.553813   0.389707  -0.194181   0.428925  -0.609657   0.171495   0.625000   0.625000
  0.251256   0.552837   0.391862  -0.197244   0.429787  -0.502006   0.154808   0.625000   0.625000
  0.256281   0.551846   0.394022  -0.199767   0.430565  -0.395294   0.134632   0.625000   0.625000
  0.261307   0.550842   0.396186  -0.201753   0.431242  -0.289361   0.108689   0.625000   0.625000
  0.266332   0.549828   0.398353  -0.203207   0.431788  -0.183083   0.076986   0.625000   0.625000
  0.271357   0.548807   0.400523  -0.204127   0.432175  -0.076208   0.041581   0.625000   0.625000
  0.276382   0.547781   0.402695  -0.204510   0.432384   0.027712   0.006790   0.625000   0.625000
  0.281407   0.546754   0.404867  -0.204371   0.432418   0.118729  -0.020662   0.625000   0.625000
  0.286432   0.545727   0.407040  -0.203774   0.432314   0.181194  -0.032823   0.625000   0.625000
  0.291457   0.544703   0.409213  -0.202864   0.432149   0.201055  -0.023877   0.625000   0.625000
  0.296482   0.543683   0.411384  -0.201854   0.432029   0.177006   0.006185   0.625000   0.625000
  0.301508   0.542669   0.413556  -0.200964   0.432060   0.125474   0.051399   0.625000   0.625000
  0.306533   0.541659   0.415727  -0.200334   0.432319   0.074148   0.103689   0.625000   0.625000
  0.311558   0.540652   0.417899  -0.199961   0.432840   0.049852   0.157336   0.625000   0.625000
  0.316583   0.539648   0.420074  -0.199710   0.433630   0.067575   0.211185   0.625000   0.625000
  0.321608   0.538644   0.422253  -0.199371   0.434691   0.119297   0.269090   0.625000   0.625000
  0.326633   0.537642   0.424437  -0.198771   0.436044   0.158638   0.339652   0.625000   0.625000
  0.331658   0.536643   0.426628  -0.197974   0.437750   0.084666   0.435001   0.625000   0.625000
  0.336683   0.535648   0.428828  -0.197549   0.439936  -0.255525   0.567173   0.625000   0.625000
  0.341709   0.534656   0.431039  -0.198833   0.442787  -1.017671   0.741859   0.625000   0.625000
  0.346734   0.533656   0.433264  -0.203947   0.446515  -2.271222   0.953587   0.625000   0.625000
  0.351759   0.532632   0.435508  -0.215360   0.451306  -3.946799   1.189065   0.625000   0.625000
  0.356784   0.531549   0.437776  -0.235192   0.457281  -5.879091   1.436576   0.625000   0.625000
  0.361809   0.530368   0.440074  -0.264735   0.464500  -7.904112   1.692481   0.625000   0.625000
  0.366834   0.529037   0.442408  -0.304453   0.473005  -9.924646   1.958309   0.625000   0.625000
  0.371859   0.527507   0.444785  -0.354324   0.482845 -11.917031   2.228921   0.625000   0.625000
  0.376884   0.525727   0.447211  -0.414207   0.494046 -13.900261   2.473519   0.625000   0.625000
  0.381910   0.523645   0.449694  -0.484070   0.506478 -15.887281   2.612786   0.625000   0.625000
  0.386935   0.521213   0.452239  -0.563904   0.519607 -17.826639   2.505862   0.625000   0.625000
  0.391960   0.518379   0.454850  -0.653483   0.532199 -19.568067   1.976945   0.625000   0.625000
  0.396985   0.515095   0.457524  -0.751812   0.542133 -20.893903   0.897307   0.625000   0.625000
  0.402010   0.511317   0.460249  -0.856804   0.546642 -21.633254  -0.726504   0.625000   0.625000
  0.407035   0.507012   0.462995  -0.965511   0.542991 -21.765668  -2.749425   0.625000   0.625000
  0.412060   0.502160   0.465724  -1.074884   0.529176 -21.414406  -4.977689   0.625000   0.625000
  0.417085   0.496759   0.468383  -1.182491   0.504163 -20.747501  -7.260802   0.625000   0.625000
  0.422111   0.490816   0.470917  -1.286768   0.467670 -19.868234  -9.518993   0.625000   0.625000
  0.427136   0.484350   0.473267  -1.386606   0.419837 -18.731792 -11.708073   0.625000   0.625000
  0.432161   0.477382   0.475377  -1.480733   0.361004 -17.080120 -13.757086   0.625000   0.625000
  0.437186   0.469941   0.477191  -1.566561   0.291874 -14.420636 -15.495238   0.625000   0.625000
  0.442211   0.462070   0.478657  -1.639024   0.214011 -10.132630 -16.620462   0.625000   0.625000
  0.447236   0.453833   0.479733  -1.689941   0.130493  -3.774791 -16.775540   0.625000   0.625000
  0.452261   0.445341   0.480389  -1.708909   0.046196   4.550237 -15.738168   0.625000   0.625000
  0.457286   0.436754   0.480621  -1.686044  -0.032888  14.135334 -13.576124   0.625000   0.625000
  0.462312   0.428280   0.480455  -1.615000  -0.101122  24.034005 -10.603863   0.625000   0.625000
  0.467337   0.420165   0.479947  -1.494229  -0.154406  33.486847  -7.196546   0.625000   0.625000
  0.472362   0.412656   0.479171  -1.325958  -0.190569  42.093276  -3.630604   0.625000   0.625000
  0.477387   0.405993   0.478214  -1.114439  -0.208813  49.687712  -0.043065   0.625000   0.625000
  0.482412   0.400393   0.477165  -0.864758  -0.209029  56.113445   3.531227   0.625000   0.625000
  0.487437   0.396048   0.476114  -0.582788  -0.191285  61.002949   7.085306   0.625000   0.625000
  0.492462   0.393119   0.475153  -0.276248  -0.155681  63.674542  10.553387   0.625000   0.625000
  0.497487   0.391731   0.474371   0.043716  -0.102650  63.299009  13.747967   0.625000   0.625000
  0.502513   0.391951   0.473855   0.361857  -0.033553  59.383209  16.386209   0.625000   0.625000
  0.507538   0.393769   0.473686   0.660258   0.048788  52.242162  18.222186   0.625000   0.625000
  0.512563   0.397087   0.473931   0.922774   0.140354  42.943347  19.185478   0.625000   0.625000
  0.517588   0.401724   0.474637   1.138565   0.236761  32.763772  19.387299   0.625000   0.625000
  0.522613   0.407445   0.475826   1.303203   0.334182  22.681218  19.020078   0.625000   0.625000
  0.527638   0.413994   0.477506   1.417176   0.429758  13.223161  18.250817   0.625000   0.625000
  0.532663   0.421115   0.479665   1.483622   0.521469   4.581391  17.163489   0.625000   0.625000
  0.537688   0.428570   0.482285   1.506644   0.607715  -3.196259  15.745939   0.625000   0.625000
  0.542714   0.436143   0.485340   1.490579   0.686854 -10.040419  13.912062   0.625000   0.625000
  0.547739   0.443633   0.488791   1.440126   0.756762 -15.764065  11.570216   0.625000   0.625000
  0.552764   0.450870   0.492594   1.360912   0.814903 -20.111663   8.725097   0.625000   0.625000
  0.557789   0.457708   0.496689   1.259851   0.858746 -22.924343   5.550419   0.625000   0.625000
  0.562814   0.464039   0.501004   1.144656   0.886637 -24.298751   2.340226   0.625000   0.625000
  0.567839   0.469791   0.505459   1.022555   0.898397 -24.565954  -0.629658   0.625000   0.625000
  0.572864   0.474929   0.509974   0.899111   0.895233 -24.126416  -3.201672   0.625000   0.625000
  0.577889   0.479447   0.514472   0.777876   0.879144 -23.302089  -5.336743   0.625000   0.625000
  0.582915   0.483357   0.518891   0.660759   0.852322 -22.281233  -7.057328   0.625000   0.625000
  0.587940   0.486677   0.523174   0.548796   0.816859 -21.128358  -8.386482   0.625000   0.625000
  0.592965   0.489435   0.527279   0.442626   0.774717 -19.814230  -9.312198   0.625000   0.625000
  0.597990   0.491659   0.531172   0.343060   0.727923 -18.260409  -9.780069   0.625000   0.625000
  0.603015   0.493383   0.534829   0.251301   0.678778 -16.403935  -9.730801   0.625000   0.625000
  0.608040   0.494646   0.538240   0.168871   0.629881 -14.268686  -9.169661   0.625000   0.625000
  0.613065   0.495494   0.541405   0.097171   0.583803 -11.987276  -8.210562   0.625000   0.625000
  0.618090   0.495982   0.544339   0.036935   0.542545  -9.741635  -7.041125   0.625000   0.625000
  0.623116   0.496168   0.547066  -0.012026   0.507157  -7.676540  -5.839655   0.625000   0.625000
  0.628141   0.496108   0.549614  -0.050601   0.477812  -5.861815  -4.721101   0.625000   0.625000
  0.633166   0.495853   0.552015  -0.080057   0.454089  -4.304197  -3.733130   0.625000   0.625000
  0.638191   0.495451   0.554297  -0.101685   0.435330  -2.982933  -2.881943   0.625000   0.625000
  0.643216   0.494940   0.556485  -0.116675   0.420848  -1.877337  -2.157665   0.625000   0.625000
  0.648241   0.494354   0.558599  -0.126108   0.410006  -0.981607  -1.551049   0.625000   0.625000
  0.653266   0.493720   0.560660  -0.131041   0.402212  -0.304112  -1.059894   0.625000   0.625000
  0.658291   0.493062   0.562681  -0.132569   0.396886   0.149626  -0.685251   0.625000   0.625000
  0.663317   0.492395   0.564676  -0.131817   0.393442   0.399723  -0.421273   0.625000   0.625000
  0.668342   0.491733   0.566653  -0.129808   0.391325   0.497871  -0.249187   0.625000   0.625000
  0.673367   0.491081   0.568619  -0.127306   0.390073   0.509040  -0.141490   0.625000   0.625000
  0.678392   0.490441   0.570579  -0.124749   0.389362   0.487036  -0.072089   0.625000   0.625000
  0.683417   0.489814   0.572536  -0.122301   0.388999   0.463851  -0.022520   0.625000   0.625000
  0.688442   0.489200   0.574490  -0.119970   0.388886   0.452209   0.017440   0.625000   0.625000
  0.693467   0.488597   0.576445  -0.117698   0.388974   0.452317   0.051898   0.625000   0.625000
  0.698492   0.488005   0.578399  -0.115425   0.389235   0.457321   0.081109   0.625000   0.625000
  0.703518   0.487425   0.580355  -0.113127   0.389642   0.457118   0.103230   0.625000   0.625000
  0.708543   0.486857   0.582313  -0.110830   0.390161   0.442409   0.115936   0.625000   0.625000
  0.713568   0.486300   0.584274  -0.108606   0.390744   0.409479   0.118172   0.625000   0.625000
  0.718593   0.485754   0.586237  -0.106549   0.391337   0.362750   0.111125   0.625000   0.625000
  0.723618   0.485219   0.588204  -0.104726   0.391896   0.312241   0.097630   0.625000   0.625000
  0.728643   0.484692   0.590173  -0.103157   0.392386   0.268142   0.080631   0.625000   0.625000
  0.733668   0.484174   0.592145  -0.101810   0.392792   0.237091   0.062169   0.625000   0.625000
  0.738693   0.483662   0.594119  -0.100618   0.393104   0.221485   0.043441   0.625000   0.625000
  0.743719   0.483157   0.596094  -0.099505   0.393322   0.220040   0.025473   0.625000   0.625000
  0.748744   0.482657   0.598071  -0.098399   0.393450   0.228011   0.009909   0.625000   0.625000
  0.753769   0.482162   0.600048  -0.097254   0.393500   0.237124  -0.000658   0.625000   0.625000
  0.758794   0.481674   0.602025  -0.096062   0.393497   0.236838  -0.003299   0.625000   0.625000
  0.763819   0.481191   0.604003  -0.094872   0.393480   0.218646   0.003349   0.625000   0.625000
  0.768844   0.480714   0.605980  -0.093773   0.393497   0.181867   0.017107   0.625000   0.625000
  0.773869   0.480243   0.607957  -0.092859   0.393583   0.135581   0.032351   0.625000   0.625000
  0.778894   0.479776   0.609935  -0.092178   0.393746   0.094195   0.042467   0.625000   0.625000
  0.783920   0.479313   0.611914  -0.091705   0.393959   0.070893   0.042461   0.625000   0.625000
  0.788945   0.478852   0.613894  -0.091348   0.394172   0.073685   0.030156   0.625000   0.625000
  0.793970   0.478393   0.615874  -0.090978   0.394324   0.104025   0.006477   0.625000   0.625000
  0.798995   0.477936   0.617856  -0.090455   0.394356   0.155796  -0.024137   0.625000   0.625000
  0.804020   0.477481   0.619837  -0.089673   0.394235   0.213798  -0.053158   0.625000   0.625000
  0.809045   0.477031   0.621818  -0.088598   0.393968   0.254307  -0.068740   0.625000   0.625000
  0.814070   0.476586   0.623798  -0.087320   0.393623   0.252509  -0.060087   0.625000   0.625000
  0.819095   0.476147   0.625776  -0.086051   0.393321   0.197296  -0.024887   0.625000   0.625000
  0.824121   0.475714   0.627753  -0.085060   0.393196   0.102515   0.026241   0.625000   0.625000
  0.829146   0.475287   0.629729  -0.084545   0.393327   0.002208   0.073829   0.625000   0.625000
  0.834171   0.474862   0.631705  -0.084534   0.393698  -0.066469   0.098896   0.625000   0.625000
  0.839196   0.474437   0.633684  -0.084868   0.394195  -0.077349   0.089684   0.625000   0.625000
  0.844221   0.474011   0.635664  -0.085256   0.394646  -0.020795   0.043881   0.625000   0.625000
  0.849246   0.473582   0.637647  -0.085361   0.394867   0.094806  -0.030783   0.625000   0.625000
  0.854271   0.473154   0.639632  -0.084884   0.394712   0.240938  -0.115412   0.625000   0.625000
  0.859296   0.472727   0.641615  -0.083674   0.394132   0.368399  -0.180214   0.625000   0.625000
  0.864322   0.472306   0.643596  -0.081822   0.393226   0.417764  -0.191854   0.625000   0.625000
  0.869347   0.471895   0.645572  -0.079723   0.392262   0.347913  -0.131068   0.625000   0.625000
  0.874372   0.471495   0.647543  -0.077975   0.391603   0.168259  -0.010402   0.625000   0.625000
  0.879397   0.471103   0.649511  -0.077129   0.391551  -0.058025   0.127032   0.625000   0.625000
  0.884422   0.470715   0.651478  -0.077421   0.392190  -0.247230   0.229688   0.625000   0.625000
  0.889447   0.470326   0.653449  -0.078663   0.393344  -0.333829   0.260575   0.625000   0.625000
  0.894472   0.469931   0.655426  -0.080340   0.394653  -0.288789   0.206876   0.625000   0.625000
  0.899497   0.469527   0.657409  -0.081792   0.395693  -0.121016   0.079918   0.625000   0.625000
  0.904523   0.469116   0.659398  -0.082400   0.396094   0.124537  -0.086166   0.625000   0.625000
  0.909548   0.468702   0.661388  -0.081774   0.395661   0.368213  -0.235816   0.625000   0.625000
  0.914573   0.468291   0.663376  -0.079924   0.394476   0.508270  -0.302062   0.625000   0.625000
  0.919598   0.467890   0.665358  -0.077370   0.392959   0.458719  -0.233651   0.625000   0.625000
  0.924623   0.467501   0.667333  -0.075065   0.391784   0.203880  -0.030980   0.625000   0.625000
  0.929648   0.467124   0.669302  -0.074040   0.391629  -0.178516   0.242906   0.625000   0.625000
  0.934673   0.466752   0.671270  -0.074937   0.392849  -0.558756   0.495323   0.625000   0.625000
  0.939698   0.466375   0.673244  -0.077745   0.395338  -0.824285   0.651840   0.625000   0.625000
  0.944724   0.465984   0.675231  -0.081888   0.398614  -0.919243   0.680605   0.625000   0.625000
  0.949749   0.465573   0.677234  -0.086507   0.402035  -0.844357   0.589475   0.625000   0.625000
  0.954774   0.465138   0.679254  -0.090750   0.404997  -0.640610   0.413301   0.625000   0.625000
  0.959799   0.464682   0.681289  -0.093969   0.407073  -0.373184   0.202161   0.625000   0.625000
  0.964824   0.464210   0.683335  -0.095844   0.408089  -0.115873   0.009409   0.625000   0.625000
  0.969849   0.463728   0.685385  -0.096426   0.408137   0.072050  -0.126149   0.625000   0.625000
  0.974874   0.463244   0.687436  -0.096064   0.407503   0.174526  -0.200909   0.625000   0.625000
  0.979899   0.462761   0.689484  -0.095187   0.406493   0.230556  -0.252078   0.625000   0.625000
  0.984925   0.462283   0.691527  -0.094029   0.405226   0.309652  -0.335538   0.625000   0.625000
  0.989950   0.461810   0.693563  -0.092473   0.403540   0.469360  -0.493078   0.625000   0.625000
  0.994975   0.461345   0.695591  -0.090114   0.401062   0.731677  -0.736915   0.625000   0.625000
  1.000000   0.460893   0.697606  -0.086437   0.397359   1.086999  -1.055287   0.625000   0.625000