  0.000000   0.539018   0.303843   0.000000   0.000000  11.652141  21.266644   0.625000   0.750000
  0.005025   0.539018   0.303843   0.058552   0.106865  10.231144  16.767682   0.625000   0.750000
  0.010050   0.539312   0.304380   0.109964   0.191122   8.864600  12.458020   0.625000   0.750000
  0.015075   0.539865   0.305340   0.154508   0.253724   7.553616   8.477850   0.625000   0.750000
  0.020101   0.540641   0.306616   0.192473   0.296334   6.299619   5.049065   0.625000   0.750000
  0.025126   0.541609   0.308105   0.224128   0.321705   5.105937   2.419456   0.625000   0.750000
  0.030151   0.542735   0.309721   0.249786   0.333863   3.975608   0.725924   0.625000   0.750000
  0.035176   0.543990   0.311399   0.269763   0.337511   2.910562  -0.110345   0.625000   0.750000
  0.040201   0.545345   0.313095   0.284389   0.336956   1.909856  -0.351525   0.625000   0.750000
  0.045226   0.546775   0.314788   0.293986   0.335190   0.970065  -0.301735   0.625000   0.750000
  0.050251   0.548252   0.316472   0.298860   0.333674   0.087303  -0.189817   0.625000   0.750000
  0.055276   0.549754   0.318149   0.299299   0.332720  -0.740025  -0.135898   0.625000   0.750000
  0.060302   0.551258   0.319821   0.295579   0.332037  -1.508042  -0.170333   0.625000   0.750000
  0.065327   0.552743   0.321490   0.288002   0.331181  -2.203021  -0.262516   0.625000   0.750000
  0.070352   0.554190   0.323154   0.276931   0.329862  -2.800481  -0.345518   0.625000   0.750000
  0.075377   0.555582   0.324812   0.262859   0.328126  -3.269917  -0.343869   0.625000   0.750000
  0.080402   0.556903   0.326460   0.246428   0.326398  -3.590995  -0.210804   0.625000   0.750000
  0.085427   0.558141   0.328101   0.228383   0.325338  -3.771228   0.042262   0.625000   0.750000
  0.090452   0.559289   0.329735   0.209432   0.325551  -3.847241   0.352671   0.625000   0.750000
  0.095477   0.560341   0.331371   0.190100   0.327323  -3.866624   0.645716   0.625000   0.750000
  0.100503   0.561297   0.333016   0.170666   0.330568  -3.867981   0.869443   0.625000   0.750000
  0.105528   0.562154   0.334678   0.151230   0.334937  -3.872787   1.003860   0.625000   0.750000
  0.110553   0.562914   0.336361   0.131769   0.339982  -3.886917   1.053718   0.625000   0.750000
  0.115578   0.563576   0.338069   0.112237   0.345276  -3.904517   1.038434   0.625000   0.750000
  0.120603   0.564140   0.339804   0.092617   0.350495  -3.910856   0.985703   0.625000   0.750000
  0.125628   0.564606   0.341565   0.072965   0.355448  -3.885758   0.926447   0.625000   0.750000
  0.130653   0.564972   0.343351   0.053439   0.360103  -3.811029   0.886956   0.625000   0.750000
  0.135678   0.565241   0.345161   0.034289   0.364560  -3.680951   0.878754   0.625000   0.750000
  0.140704   0.565413   0.346993   0.015788   0.368977  -3.507406   0.894390   0.625000   0.750000
  0.145729   0.565492   0.348847  -0.001836   0.373471  -3.313528   0.914819   0.625000   0.750000
  0.150754   0.565483   0.350724  -0.018487   0.378068  -3.121475   0.921819   0.625000   0.750000
  0.155779   0.565390   0.352624  -0.034172   0.382700  -2.945140   0.905287   0.625000   0.750000
  0.160804   0.565219   0.354547  -0.048972   0.387249  -2.789456   0.863724   0.625000   0.750000
  0.165829   0.564973   0.356493  -0.062989   0.391589  -2.652641   0.801900   0.625000   0.750000
  0.170854   0.564656   0.358461  -0.076318   0.395619  -2.528212   0.728777   0.625000   0.750000
  0.175879   0.564273   0.360448  -0.089023   0.399281  -2.406435   0.655884   0.625000   0.750000
  0.180905   0.563825   0.362455  -0.101117   0.402578  -2.276691   0.594627   0.625000   0.750000
  0.185930   0.563317   0.364478  -0.112558   0.405566  -2.131950   0.551883   0.625000   0.750000
  0.190955   0.562751   0.366516  -0.123271   0.408339  -1.972687   0.526303   0.625000   0.750000
  0.195980   0.562132   0.368568  -0.133183   0.410983  -1.806616   0.509606   0.625000   0.750000
  0.201005   0.561463   0.370633  -0.142262   0.413544  -1.643788   0.491964   0.625000   0.750000
  0.206030   0.560748   0.372711  -0.150522   0.416016  -1.491815   0.466686   0.625000   0.750000
  0.211055   0.559991   0.374802  -0.158018   0.418361  -1.354198   0.431487   0.625000   0.750000
  0.216080   0.559197   0.376904  -0.164823   0.420530  -1.230965   0.387603   0.625000   0.750000
  0.221106   0.558369   0.379018  -0.171010   0.422478  -1.119765   0.338604   0.625000   0.750000
  0.226131   0.557510   0.381141  -0.176637   0.424179  -1.016777   0.289617   0.625000   0.750000
  0.231156   0.556622   0.383272  -0.181746   0.425635  -0.917329   0.246237   0.625000   0.750000
  0.236181   0.555709   0.385411  -0.186355   0.426872  -0.817240   0.212656   0.625000   0.750000
  0.241206   0.554772   0.387556  -0.190462   0.427941  -0.714299   0.189415   0.625000   0.750000
  0.246231   0.553815   0.389706  -0.194051   0.428892  -0.608719   0.172885   0.625000   0.750000
  0.251256   0.552840   0.391862  -0.197110   0.429761  -0.501829   0.157429   0.625000   0.750000
  0.256281   0.551850   0.394021  -0.199632   0.430552  -0.394246   0.138279   0.625000   0.750000
  0.261307   0.550846   0.396185  -0.201613   0.431247  -0.285215   0.113017   0.625000   0.750000
  0.266332   0.549833   0.398352  -0.203047   0.431815  -0.173792   0.081710   0.625000   0.750000
  0.271357   0.548813   0.400522  -0.203920   0.432226  -0.061321   0.046803   0.625000   0.750000
  0.276382   0.547788   0.402694  -0.204228   0.432461   0.044715   0.013481   0.625000   0.750000
  0.281407   0.546762   0.404867  -0.204003   0.432529   0.127590  -0.010106   0.625000   0.750000
  0.286432   0.545737   0.407040  -0.203362   0.432478   0.163292  -0.014274   0.625000   0.750000
  0.291457   0.544715   0.409214  -0.202542   0.432406   0.131743   0.008091   0.625000   0.750000
  0.296482   0.543697   0.411387  -0.201880   0.432447   0.032245   0.057124   0.625000   0.750000
  0.301508   0.542683   0.413560  -0.201718   0.432734  -0.111315   0.125843   0.625000   0.750000
  0.306533   0.541669   0.415734  -0.202277   0.433366  -0.261261   0.204809   0.625000   0.750000
  0.311558   0.540653   0.417912  -0.203590   0.434395  -0.383204   0.287335   0.625000   0.750000
  0.316583   0.539630   0.420095  -0.205515   0.435839  -0.458991   0.371569   0.625000   0.750000
  0.321608   0.538597   0.422285  -0.207822   0.437706  -0.497601   0.459975   0.625000   0.750000
  0.326633   0.537552   0.424485  -0.210322   0.440018  -0.549263   0.557411   0.625000   0.750000
  0.331658   0.536496   0.426696  -0.213082   0.442819  -0.719901   0.668173   0.625000   0.750000
  0.336683   0.535425   0.428921  -0.216700   0.446176  -1.165972   0.792151   0.625000   0.750000
  0.341709   0.534336   0.431163  -0.222560   0.450158  -2.042422   0.922179   0.625000   0.750000
  0.346734   0.533217   0.433425  -0.232823   0.454792  -3.412573   1.046256   0.625000   0.750000
  0.351759   0.532047   0.435711  -0.249971   0.460049  -5.198830   1.155424   0.625000   0.750000
  0.356784   0.530791   0.438022  -0.276095   0.465855  -7.230115   1.250158   0.625000   0.750000
  0.361809   0.529404   0.440363  -0.312427   0.472137  -9.340596   1.339377   0.625000   0.750000
  0.366834   0.527834   0.442736  -0.359363   0.478867 -11.431908   1.432587   0.625000   0.750000
  0.371859   0.526028   0.445142  -0.416809   0.486066 -13.473544   1.528213   0.625000   0.750000
  0.376884   0.523934   0.447585  -0.484513   0.493745 -15.463970   1.598622   0.625000   0.750000
  0.381910   0.521499   0.450066  -0.562235   0.501780 -17.374629   1.573321   0.625000   0.750000
  0.386935   0.518673   0.452588  -0.649543   0.509686 -19.092119   1.331864   0.625000   0.750000
  0.391960   0.515409   0.455149  -0.745481   0.516379 -20.402983   0.730364   0.625000   0.750000
  0.396985   0.511663   0.457744  -0.848006   0.520049 -21.063446  -0.327566   0.625000   0.750000
  0.402010   0.507402   0.460357  -0.953849   0.518403 -20.942270  -1.820704   0.625000   0.750000
  0.407035   0.502609   0.462962  -1.059084   0.509254 -20.109674  -3.615175   0.625000   0.750000
  0.412060   0.497287   0.465521  -1.160135   0.491087 -18.784105  -5.544146   0.625000   0.750000
  0.417085   0.491457   0.467989  -1.254525   0.463228 -17.199711  -7.482839   0.625000   0.750000
  0.422111   0.485152   0.470317  -1.340971   0.425619 -15.496809  -9.366255   0.625000   0.750000
  0.427136   0.478414   0.472455  -1.418843   0.378554 -13.662254 -11.155119   0.625000   0.750000
  0.432161   0.471284   0.474358  -1.487496   0.322499 -11.492539 -12.781415   0.625000   0.750000
  0.437186   0.463809   0.475978  -1.545246   0.258273  -8.593993 -14.088802   0.625000   0.750000
  0.442211   0.456045   0.477276  -1.588430   0.187477  -4.479552 -14.813739   0.625000   0.750000
  0.447236   0.448063   0.478218  -1.610940   0.113038   1.182928 -14.661401   0.625000   0.750000
  0.452261   0.439968   0.478786  -1.604996   0.039364   8.290067 -13.472349   0.625000   0.750000
  0.457286   0.431903   0.478984  -1.563338  -0.028335  16.271157 -11.344668   0.625000   0.750000
  0.462312   0.424045   0.478842  -1.481559  -0.085353  24.386365  -8.579171   0.625000   0.750000
  0.467337   0.416601   0.478413  -1.359018  -0.128463  32.059064  -5.511628   0.625000   0.750000
  0.472362   0.409771   0.477767  -1.197921  -0.156159  39.000813  -2.379559   0.625000   0.750000
  0.477387   0.403752   0.476982  -1.001942  -0.168116  45.104613   0.704782   0.625000   0.750000
  0.482412   0.398717   0.476138  -0.775291  -0.164575  50.261677   3.718500   0.625000   0.750000
  0.487437   0.394821   0.475311  -0.522726  -0.145889  54.184773   6.666125   0.625000   0.750000
  0.492462   0.392195   0.474578  -0.250448  -0.112392  56.324295   9.511386   0.625000   0.750000
  0.497487   0.390936   0.474013   0.032582  -0.064597  56.002154  12.127913   0.625000   0.750000
  0.502513   0.391100   0.473688   0.314048  -0.003643  52.805219  14.316071   0.625000   0.750000
  0.507538   0.392678   0.473670   0.579395   0.068296  46.974691  15.898720   0.625000   0.750000
  0.512563   0.395589   0.474013   0.815442   0.148187  39.368773  16.824703   0.625000   0.750000
  0.517588   0.399687   0.474758   1.013271   0.232731  31.024407  17.175685   0.625000   0.750000
  0.522613   0.404779   0.475927   1.169168   0.319039  22.739641  17.093397   0.625000   0.750000
  0.527638   0.410654   0.477530   1.283435   0.404933  14.943036  16.699322   0.625000   0.750000
  0.532663   0.417103   0.479565   1.358524   0.488847   7.778438  16.047599   0.625000   0.750000
  0.537688   0.423930   0.482022   1.397610   0.569486   1.253241  15.108761   0.625000   0.750000
  0.542714   0.430954   0.484884   1.403909   0.645423  -4.629687  13.780857   0.625000   0.750000
  0.547739   0.438009   0.488127   1.380645   0.714672  -9.781319  11.944125   0.625000   0.750000
  0.552764   0.444946   0.491718   1.331494   0.774691 -14.033441   9.558023   0.625000   0.750000
  0.557789   0.451637   0.495611   1.260976   0.822720 -17.236152   6.745860   0.625000   0.750000
  0.562814   0.457974   0.499745   1.174364   0.856618 -19.385336   3.770291   0.625000   0.750000
  0.567839   0.463875   0.504050   1.076953   0.875564 -20.646783   0.907861   0.625000   0.750000
  0.572864   0.469286   0.508449   0.973203   0.880126 -21.266772  -1.659483   0.625000   0.750000
  0.577889   0.474177   0.512872   0.866337   0.871787 -21.466332  -3.862147   0.625000   0.750000
  0.582915   0.478531   0.517254   0.758447   0.852376 -21.384507  -5.698247   0.625000   0.750000
  0.587940   0.482342   0.521537   0.650990   0.823742 -21.065436  -7.176528   0.625000   0.750000
  0.592965   0.485613   0.525676   0.545136   0.787680 -20.466832  -8.279238   0.625000   0.750000
  0.597990   0.488353   0.529634   0.442291   0.746077 -19.489681  -8.949798   0.625000   0.750000
  0.603015   0.490575   0.533383   0.344355   0.701104 -18.043920  -9.123741   0.625000   0.750000
  0.608040   0.492306   0.536906   0.253684   0.655257 -16.136745  -8.793491   0.625000   0.750000
  0.613065   0.493580   0.540199   0.172597   0.611070 -13.913928  -8.054524   0.625000   0.750000
  0.618090   0.494448   0.543270   0.102680   0.570596 -11.600836  -7.078346   0.625000   0.750000
  0.623116   0.494964   0.546137   0.044374   0.535020  -9.396047  -6.035657   0.625000   0.750000
  0.628141   0.495187   0.548826  -0.002841   0.504691  -7.413380  -5.041941   0.625000   0.750000
  0.633166   0.495172   0.551362  -0.040094   0.479355  -5.686077  -4.149575   0.625000   0.750000
  0.638191   0.494971   0.553771  -0.068666   0.458504  -4.205118  -3.369417   0.625000   0.750000
  0.643216   0.494626   0.556075  -0.089797   0.441572  -2.952300  -2.693755   0.625000   0.750000
  0.648241   0.494175   0.558294  -0.104632   0.428036  -1.919812  -2.112274   0.625000   0.750000
  0.653266   0.493649   0.560445  -0.114279   0.417422  -1.113043  -1.619776   0.625000   0.750000
  0.658291   0.493075   0.562542  -0.119872   0.409283  -0.536057  -1.215850   0.625000   0.750000
  0.663317   0.492472   0.564599  -0.122566   0.403172  -0.169775  -0.898363   0.625000   0.750000
  0.668342   0.491856   0.566625  -0.123420   0.398658   0.034905  -0.657642   0.625000   0.750000
  0.673367   0.491236   0.568628  -0.123244   0.395353   0.140970  -0.476736   0.625000   0.750000
  0.678392   0.490617   0.570615  -0.122536   0.392957   0.201840  -0.337509   0.625000   0.750000
  0.683417   0.490001   0.572590  -0.121522   0.391261   0.250441  -0.225550   0.625000   0.750000
  0.688442   0.489390   0.574556  -0.120263   0.390128   0.300855  -0.131779   0.625000   0.750000
  0.693467   0.488786   0.576516  -0.118751   0.389466   0.354270  -0.051887   0.625000   0.750000
  0.698492   0.488189   0.578473  -0.116971   0.389205   0.403953   0.014747   0.625000   0.750000
  0.703518   0.487601   0.580429  -0.114941   0.389279   0.439033   0.066275   0.625000   0.750000
  0.708543   0.487024   0.582385  -0.112735   0.389612   0.449161   0.100151   0.625000   0.750000
  0.713568   0.486457   0.584343  -0.110478   0.390115   0.430533   0.115612   0.625000   0.750000
  0.718593   0.485902   0.586304  -0.108314   0.390696   0.389272   0.115203   0.625000   0.750000
  0.723618   0.485358   0.588267  -0.106358   0.391275   0.338459   0.103935   0.625000   0.750000
  0.728643   0.484823   0.590233  -0.104657   0.391798   0.291374   0.086918   0.625000   0.750000
  0.733668   0.484298   0.592202  -0.103193   0.392234   0.256813   0.067724   0.625000   0.750000
  0.738693   0.483779   0.594173  -0.101903   0.392575   0.238246   0.048343   0.625000   0.750000
  0.743719   0.483267   0.596146  -0.100705   0.392818   0.234702   0.030074   0.625000   0.750000
  0.748744   0.482761   0.598120  -0.099526   0.392969   0.241345   0.014537   0.625000   0.750000
  0.753769   0.482261   0.600094  -0.098313   0.393042   0.249644   0.004169   0.625000   0.750000
  0.758794   0.481767   0.602069  -0.097059   0.393063   0.248768   0.001706   0.625000   0.750000
  0.763819   0.481279   0.604045  -0.095809   0.393071   0.229982   0.008362   0.625000   0.750000
  0.768844   0.480798   0.606020  -0.094653   0.393113   0.192497   0.021905   0.625000   0.750000
  0.773869   0.480322   0.607995  -0.093686   0.393223   0.145407   0.036764   0.625000   0.750000
  0.778894   0.479851   0.609971  -0.092955   0.393408   0.103198   0.046425   0.625000   0.750000
  0.783920   0.479384   0.611948  -0.092436   0.393641   0.079127   0.045978   0.625000   0.750000
  0.788945   0.478919   0.613926  -0.092039   0.393872   0.081245   0.033294   0.625000   0.750000
  0.793970   0.478457   0.615906  -0.091630   0.394040   0.111011   0.009310   0.625000   0.750000
  0.798995   0.477997   0.617886  -0.091073   0.394087   0.162294  -0.021545   0.625000   0.750000
  0.804020   0.477539   0.619866  -0.090257   0.393978   0.219880  -0.050754   0.625000   0.750000
  0.809045   0.477085   0.621846  -0.089152   0.393723   0.260027  -0.066488   0.625000   0.750000
  0.814070   0.476637   0.623824  -0.087846   0.393389   0.257905  -0.057961   0.625000   0.750000
  0.819095   0.476196   0.625801  -0.086550   0.393098   0.202396  -0.022873   0.625000   0.750000
  0.824121   0.475761   0.627777  -0.085532   0.392983   0.107341   0.028155   0.625000   0.750000
  0.829146   0.475331   0.629751  -0.084993   0.393124   0.006778   0.075649   0.625000   0.750000
  0.834171   0.474904   0.631727  -0.084959   0.393505  -0.062139   0.100629   0.625000   0.750000
  0.839196   0.474477   0.633704  -0.085271   0.394010  -0.073246   0.091335   0.625000   0.750000
  0.844221   0.474049   0.635684  -0.085639   0.394469  -0.016905   0.045456   0.625000   0.750000
  0.849246   0.473618   0.637666  -0.085724   0.394698   0.098495  -0.029279   0.625000   0.750000
  0.854271   0.473188   0.639650  -0.085229   0.394550   0.244438  -0.113975   0.625000   0.750000
  0.859296   0.472759   0.641632  -0.084001   0.393978   0.371719  -0.178842   0.625000   0.750000
  0.864322   0.472337   0.643612  -0.082133   0.393079   0.420913  -0.190543   0.625000   0.750000
  0.869347   0.471924   0.645588  -0.080018   0.392121   0.350901  -0.129815   0.625000   0.750000
  0.874372   0.471522   0.647558  -0.078254   0.391469   0.171095  -0.009204   0.625000   0.750000
  0.879397   0.471129   0.649525  -0.077395   0.391423  -0.055335   0.128178   0.625000   0.750000
  0.884422   0.470740   0.651492  -0.077673   0.392067  -0.244678   0.230783   0.625000   0.750000
  0.889447   0.470350   0.653462  -0.078902   0.393227  -0.331407   0.261623   0.625000   0.750000
  0.894472   0.469953   0.655438  -0.080567   0.394541  -0.286491   0.207878   0.625000   0.750000
  0.899497   0.469548   0.657421  -0.082007   0.395586  -0.118835   0.080876   0.625000   0.750000
  0.904523   0.469136   0.659409  -0.082604   0.395992   0.126606  -0.085251   0.625000   0.750000
  0.909548   0.468721   0.661399  -0.081968   0.395564   0.370177  -0.234941   0.625000   0.750000
  0.914573   0.468309   0.663386  -0.080108   0.394383   0.510133  -0.301226   0.625000   0.750000
  0.919598   0.467907   0.665368  -0.077545   0.392870   0.460488  -0.232852   0.625000   0.750000
  0.924623   0.467517   0.667342  -0.075231   0.391700   0.205559  -0.030217   0.625000   0.750000
  0.929648   0.467139   0.669311  -0.074198   0.391548  -0.176921   0.243634   0.625000   0.750000
  0.934673   0.466766   0.671278  -0.075087   0.392772  -0.557242   0.496018   0.625000   0.750000
  0.939698   0.466389   0.673252  -0.077887   0.395265  -0.822847   0.652504   0.625000   0.750000
  0.944724   0.465997   0.675239  -0.082023   0.398544  -0.917877   0.681239   0.625000   0.750000
  0.949749   0.465585   0.677241  -0.086635   0.401967  -0.843061   0.590080   0.625000   0.750000
  0.954774   0.465150   0.679261  -0.090871   0.404932  -0.639380   0.413880   0.625000   0.750000
  0.959799   0.464693   0.681296  -0.094084   0.407012  -0.372016   0.202713   0.625000   0.750000
  0.964824   0.464221   0.683341  -0.095953   0.408031  -0.114764   0.009936   0.625000   0.750000
  0.969849   0.463738   0.685391  -0.096530   0.408081   0.073102  -0.125646   0.625000   0.750000
  0.974874   0.463253   0.687442  -0.096163   0.407449   0.175526  -0.200429   0.625000   0.750000
  0.979899   0.462770   0.689489  -0.095281   0.406442   0.231505  -0.251620   0.625000   0.750000
  0.984925   0.462291   0.691532  -0.094117   0.405178   0.310554  -0.335101   0.625000   0.750000
  0.989950   0.461818   0.693568  -0.092557   0.403494   0.470218  -0.492661   0.625000   0.750000
  0.994975   0.461353   0.695596  -0.090194   0.401018   0.732493  -0.736518   0.625000   0.750000
  1.000000   0.460900   0.697611  -0.086513   0.397317   1.087774  -1.054909   0.625000   0.750000