  0.000000   0.576537   0.315224   0.000000   0.000000  10.100569  20.935008   0.750000   0.750000
  0.005025   0.576537   0.315224   0.050755   0.105198   9.174982  16.534694   0.750000   0.750000
  0.010050   0.576792   0.315753   0.096860   0.188285   8.280726  12.326100   0.750000   0.750000
  0.015075   0.577279   0.316699   0.138470   0.250224   7.396362   8.444752   0.750000   0.750000
  0.020101   0.577975   0.317956   0.175644   0.292667   6.487958   5.103908   0.750000   0.750000
  0.025126   0.578857   0.319427   0.208246   0.318314   5.520130   2.540038   0.750000   0.750000
  0.030151   0.579904   0.321027   0.235985   0.331078   4.475454   0.881091   0.750000   0.750000
  0.035176   0.581090   0.322690   0.258474   0.335506   3.369948   0.047033   0.750000   0.750000
  0.040201   0.582388   0.324376   0.275408   0.335742   2.245296  -0.217164   0.750000   0.750000
  0.045226   0.583772   0.326063   0.286691   0.334651   1.146429  -0.204756   0.750000   0.750000
  0.050251   0.585213   0.327745   0.292452   0.333622   0.105250  -0.135071   0.750000   0.750000
  0.055276   0.586683   0.329421   0.292980   0.332943  -0.861247  -0.122292   0.750000   0.750000
  0.060302   0.588155   0.331095   0.288652   0.332328  -1.744065  -0.194213   0.750000   0.750000
  0.065327   0.589606   0.332765   0.279888   0.331352  -2.532452  -0.319980   0.750000   0.750000
  0.070352   0.591012   0.334430   0.267162   0.329745  -3.208929  -0.433656   0.750000   0.750000
  0.075377   0.592354   0.336087   0.251037   0.327565  -3.750379  -0.460901   0.750000   0.750000
  0.080402   0.593616   0.337733   0.232192   0.325249  -4.140908  -0.355285   0.750000   0.750000
  0.085427   0.594783   0.339367   0.211384   0.323464  -4.387601  -0.127415   0.750000   0.750000
  0.090452   0.595845   0.340992   0.189336   0.322824  -4.523024   0.161434   0.750000   0.750000
  0.095477   0.596796   0.342615   0.166608   0.323635  -4.590421   0.437554   0.750000   0.750000
  0.100503   0.597634   0.344241   0.143536   0.325834  -4.626161   0.649127   0.750000   0.750000
  0.105528   0.598355   0.345879   0.120290   0.329096  -4.651818   0.775566   0.750000   0.750000
  0.110553   0.598959   0.347532   0.096915   0.332993  -4.674821   0.820647   0.750000   0.750000
  0.115578   0.599446   0.349206   0.073424   0.337117  -4.691353   0.802742   0.750000   0.750000
  0.120603   0.599815   0.350900   0.049850   0.341151  -4.688661   0.748665   0.750000   0.750000
  0.125628   0.600066   0.352614   0.026289   0.344913  -4.648275   0.688852   0.750000   0.750000
  0.130653   0.600198   0.354347   0.002931   0.348374  -4.553413   0.649682   0.750000   0.750000
  0.135678   0.600213   0.356098  -0.019949   0.351639  -4.399512   0.643260   0.750000   0.750000
  0.140704   0.600112   0.357865  -0.042061   0.354872  -4.199386   0.662769   0.750000   0.750000
  0.145729   0.599901   0.359648  -0.063163   0.358202  -3.976932   0.689376   0.750000   0.750000
  0.150754   0.599584   0.361448  -0.083147   0.361667  -3.754887   0.704526   0.750000   0.750000
  0.155779   0.599166   0.363266  -0.102016   0.365207  -3.547607   0.697433   0.750000   0.750000
  0.160804   0.598653   0.365101  -0.119842   0.368711  -3.360396   0.665806   0.750000   0.750000
  0.165829   0.598051   0.366953  -0.136728   0.372057  -3.191777   0.613670   0.750000   0.750000
  0.170854   0.597364   0.368823  -0.152767   0.375141  -3.035525   0.549374   0.750000   0.750000
  0.175879   0.596596   0.370708  -0.168021   0.377901  -2.882120   0.484117   0.750000   0.750000
  0.180905   0.595752   0.372607  -0.182506   0.380335  -2.721120   0.429442   0.750000   0.750000
  0.185930   0.594835   0.374519  -0.196180   0.382492  -2.545651   0.392892   0.750000   0.750000
  0.190955   0.593849   0.376441  -0.208972   0.384467  -2.356302   0.374050   0.750000   0.750000
  0.195980   0.592799   0.378373  -0.220812   0.386346  -2.160882   0.365306   0.750000   0.750000
  0.201005   0.591689   0.380314  -0.231671   0.388182  -1.969520   0.356936   0.750000   0.750000
  0.206030   0.590525   0.382265  -0.241567   0.389976  -1.789891   0.341857   0.750000   0.750000
  0.211055   0.589311   0.384224  -0.250562   0.391693  -1.625542   0.317161   0.750000   0.750000
  0.216080   0.588052   0.386193  -0.258730   0.393287  -1.476540   0.283413   0.750000   0.750000
  0.221106   0.586752   0.388169  -0.266151   0.394712  -1.340564   0.243573   0.750000   0.750000
  0.226131   0.585414   0.390153  -0.272887   0.395936  -1.213848   0.202292   0.750000   0.750000
  0.231156   0.584043   0.392142  -0.278987   0.396952  -1.091775   0.165017   0.750000   0.750000
  0.236181   0.582641   0.394137  -0.284473   0.397781  -0.970221   0.136331   0.750000   0.750000
  0.241206   0.581212   0.396136  -0.289348   0.398466  -0.846981   0.117728   0.750000   0.750000
  0.246231   0.579758   0.398138  -0.293605   0.399058  -0.722183   0.106768   0.750000   0.750000
  0.251256   0.578282   0.400143  -0.297233   0.399594  -0.596970   0.098752   0.750000   0.750000
  0.256281   0.576789   0.402151  -0.300233   0.400091  -0.471711   0.089387   0.750000   0.750000
  0.261307   0.575280   0.404162  -0.302604   0.400540  -0.345393   0.076302   0.750000   0.750000
  0.266332   0.573759   0.406175  -0.304340   0.400923  -0.216874   0.059181   0.750000   0.750000
  0.271357   0.572230   0.408189  -0.305429   0.401221  -0.087450   0.039396   0.750000   0.750000
  0.276382   0.570695   0.410206  -0.305869   0.401419   0.035090   0.019808   0.750000   0.750000
  0.281407   0.569158   0.412223  -0.305693   0.401518   0.133141   0.004606   0.750000   0.750000
  0.286432   0.567622   0.414240  -0.305024   0.401541   0.181231  -0.001434   0.750000   0.750000
  0.291457   0.566089   0.416258  -0.304113   0.401534   0.157751   0.005383   0.750000   0.750000
  0.296482   0.564561   0.418276  -0.303320   0.401561   0.061289   0.026102   0.750000   0.750000
  0.301508   0.563037   0.420294  -0.303012   0.401692  -0.083642   0.059407   0.750000   0.750000
  0.306533   0.561514   0.422313  -0.303432   0.401991  -0.237740   0.103648   0.750000   0.750000
  0.311558   0.559989   0.424333  -0.304627   0.402512  -0.364701   0.158632   0.750000   0.750000
  0.316583   0.558459   0.426355  -0.306460   0.403309  -0.444601   0.225412   0.750000   0.750000
  0.321608   0.556919   0.428382  -0.308694   0.404442  -0.484802   0.303899   0.750000   0.750000
  0.326633   0.555367   0.430414  -0.311130   0.405969  -0.533964   0.388388   0.750000   0.750000
  0.331658   0.553804   0.432454  -0.313813   0.407920  -0.696641   0.461993   0.750000   0.750000
  0.336683   0.552227   0.434504  -0.317314   0.410242  -1.128812   0.494103   0.750000   0.750000
  0.341709   0.550632   0.436566  -0.322987   0.412725  -1.986818   0.448114   0.750000   0.750000
  0.346734   0.549009   0.438640  -0.332971   0.414977  -3.337582   0.301059   0.750000   0.750000
  0.351759   0.547336   0.440725  -0.349742   0.416490  -5.108013   0.060464   0.750000   0.750000
  0.356784   0.545579   0.442818  -0.375410   0.416794  -7.130368  -0.239083   0.750000   0.750000
  0.361809   0.543692   0.444912  -0.411240   0.415592  -9.239620  -0.556174   0.750000   0.750000
  0.366834   0.541626   0.447001  -0.457669   0.412797 -11.335220  -0.862145   0.750000   0.750000
  0.371859   0.539326   0.449075  -0.514629   0.408465 -13.380837  -1.152381   0.750000   0.750000
  0.376884   0.536740   0.451127  -0.581867   0.402674 -15.363851  -1.453527   0.750000   0.750000
  0.381910   0.533815   0.453151  -0.659086   0.395369 -17.237473  -1.829587   0.750000   0.750000
  0.386935   0.530503   0.455138  -0.745704   0.386175 -18.863812  -2.378497   0.750000   0.750000
  0.391960   0.526756   0.457079  -0.840495   0.374223 -20.006343  -3.203696   0.750000   0.750000
  0.396985   0.522533   0.458959  -0.941027   0.358125 -20.413793  -4.357351   0.750000   0.750000
  0.402010   0.517804   0.460759  -1.043606   0.336229 -19.972311  -5.797081   0.750000   0.750000
  0.407035   0.512560   0.462448  -1.143967   0.307099 -18.787105  -7.406092   0.750000   0.750000
  0.412060   0.506812   0.463991  -1.238372   0.269883 -17.111149  -9.061124   0.750000   0.750000
  0.417085   0.500589   0.465347  -1.324356   0.224351 -15.200655 -10.681970   0.750000   0.750000
  0.422111   0.493933   0.466475  -1.400754   0.170664 -13.206385 -12.229029   0.750000   0.750000
  0.427136   0.486894   0.467333  -1.467116   0.109213 -11.123311 -13.658682   0.750000   0.750000
  0.432161   0.479522   0.467881  -1.523011   0.040578  -8.764543 -14.862294   0.750000   0.750000
  0.437186   0.471868   0.468085  -1.567053  -0.034105  -5.770190 -15.607077   0.750000   0.750000
  0.442211   0.463994   0.467914  -1.596048  -0.112531  -1.702046 -15.536162   0.750000   0.750000
  0.447236   0.455974   0.467348  -1.604601  -0.190600   3.728448 -14.292312   0.750000   0.750000
  0.452261   0.447911   0.466391  -1.585865  -0.262419  10.410889 -11.737971   0.750000   0.750000
  0.457286   0.439942   0.465072  -1.533551  -0.321402  17.817468  -8.082566   0.750000   0.750000
  0.462312   0.432234   0.463457  -1.444000  -0.362025  25.279218  -3.769945   0.750000   0.750000
  0.467337   0.424978   0.461638  -1.316972  -0.380969  32.283231   0.752814   0.750000   0.750000
  0.472362   0.418360   0.459723  -1.154749  -0.377186  38.576824   5.191682   0.750000   0.750000
  0.477387   0.412558   0.457828  -0.960900  -0.351098  44.062050   9.411504   0.750000   0.750000
  0.482412   0.407729   0.456064  -0.739488  -0.303805  48.623514  13.364851   0.750000   0.750000
  0.487437   0.404013   0.454537  -0.495155  -0.236647  51.966009  16.997282   0.750000   0.750000
  0.492462   0.401525   0.453348  -0.234026  -0.151236  53.545505  20.165788   0.750000   0.750000
  0.497487   0.400349   0.452588   0.035040  -0.049902  52.713363  22.618971   0.750000   0.750000
  0.502513   0.400525   0.452337   0.299977   0.063780  49.104444  24.090825   0.750000   0.750000
  0.507538   0.402033   0.452657   0.546727   0.184837  43.002529  24.466949   0.750000   0.750000
  0.512563   0.404780   0.453586   0.762815   0.307783  35.278208  23.872894   0.750000   0.750000
  0.517588   0.408613   0.455133   0.940088   0.427745  26.949332  22.592685   0.750000   0.750000
  0.522613   0.413337   0.457282   1.075508   0.541273  18.781247  20.917743   0.750000   0.750000
  0.527638   0.418741   0.460002   1.169884   0.646384  11.175360  19.045900   0.750000   0.750000
  0.532663   0.424620   0.463250   1.226040   0.742090   4.264434  17.053815   0.750000   0.750000
  0.537688   0.430781   0.466979   1.247469   0.827786  -1.936840  14.910314   0.750000   0.750000
  0.542714   0.437051   0.471140   1.237735   0.902725  -7.404980  12.512286   0.750000   0.750000
  0.547739   0.443270   0.475676   1.200524   0.965599 -12.032186   9.755029   0.750000   0.750000
  0.552764   0.449303   0.480528   1.140063   1.014618 -15.655040   6.626190   0.750000   0.750000
  0.557789   0.455032   0.485627   1.061396   1.047915 -18.165850   3.271444   0.750000   0.750000
  0.562814   0.460365   0.490892   0.970113   1.064354 -19.626795  -0.052233   0.750000   0.750000
  0.567839   0.465240   0.496241   0.871488   1.064091 -20.262688  -3.103929   0.750000   0.750000
  0.572864   0.469619   0.501588   0.769668   1.048494 -20.350772  -5.749350   0.750000   0.750000
  0.577889   0.473487   0.506856   0.667406   1.019603 -20.116591  -7.959424   0.750000   0.750000
  0.582915   0.476841   0.511981   0.566300   0.979599 -19.690553  -9.756275   0.750000   0.750000
  0.587940   0.479687   0.516903   0.467354   0.930574 -19.108243 -11.154649   0.750000   0.750000
  0.592965   0.482035   0.521580   0.371336   0.874522 -18.326451 -12.126830   0.750000   0.750000
  0.597990   0.483901   0.525974   0.279245   0.813585 -17.254691 -12.596248   0.750000   0.750000
  0.603015   0.485305   0.530062   0.192540   0.750289 -15.813957 -12.481092   0.750000   0.750000
  0.608040   0.486272   0.533832   0.113075   0.687571 -14.011563 -11.775826   0.750000   0.750000
  0.613065   0.486840   0.537288   0.042667   0.628398 -11.973088 -10.604672   0.750000   0.750000
  0.618090   0.487055   0.540445  -0.017498   0.575109  -9.888940  -9.182687   0.750000   0.750000
  0.623116   0.486967   0.543336  -0.067199   0.528957  -7.923436  -7.718405   0.750000   0.750000
  0.628141   0.486629   0.545994  -0.107015   0.490172  -6.167583  -6.348630   0.750000   0.750000
  0.633166   0.486091   0.548457  -0.138007   0.458270  -4.644694  -5.131720   0.750000   0.750000
  0.638191   0.485398   0.550760  -0.161346   0.432483  -3.344218  -4.076689   0.750000   0.750000
  0.643216   0.484587   0.552933  -0.178151   0.411998  -2.250116  -3.172413   0.750000   0.750000
  0.648241   0.483692   0.555003  -0.189458   0.396056  -1.357087  -2.407031   0.750000   0.750000
  0.653266   0.482740   0.556993  -0.196277   0.383961  -0.671564  -1.775717   0.750000   0.750000
  0.658291   0.481753   0.558923  -0.199652   0.375038  -0.197071  -1.277277   0.750000   0.750000
  0.663317   0.480750   0.560808  -0.200642   0.368618   0.086128  -0.903846   0.750000   0.750000
  0.668342   0.479742   0.562660  -0.200210   0.364077   0.226208  -0.634734   0.750000   0.750000
  0.673367   0.478736   0.564490  -0.199073   0.360887   0.283183  -0.440544   0.750000   0.750000
  0.678392   0.477735   0.566303  -0.197650   0.358673   0.306655  -0.293640   0.750000   0.750000
  0.683417   0.476742   0.568105  -0.196109   0.357198   0.326158  -0.174572   0.750000   0.750000
  0.688442   0.475757   0.569900  -0.194470   0.356321   0.353382  -0.072845   0.750000   0.750000
  0.693467   0.474780   0.571691  -0.192694   0.355955   0.388105   0.015063   0.750000   0.750000
  0.698492   0.473811   0.573479  -0.190744   0.356030   0.422899   0.087931   0.750000   0.750000
  0.703518   0.472853   0.575269  -0.188619   0.356472   0.446588   0.141942   0.750000   0.750000
  0.708543   0.471905   0.577060  -0.186374   0.357185   0.448597   0.173426   0.750000   0.750000
  0.713568   0.470968   0.578855  -0.184120   0.358057   0.424728   0.182188   0.750000   0.750000
  0.718593   0.470043   0.580654  -0.181986   0.358972   0.380551   0.172919   0.750000   0.750000
  0.723618   0.469129   0.582458  -0.180074   0.359841   0.328644   0.153175   0.750000   0.750000
  0.728643   0.468224   0.584266  -0.178422   0.360611   0.282040   0.129742   0.750000   0.750000
  0.733668   0.467327   0.586078  -0.177005   0.361263   0.249537   0.106603   0.750000   0.750000
  0.738693   0.466438   0.587894  -0.175751   0.361799   0.234676   0.085198   0.750000   0.750000
  0.743719   0.465554   0.589712  -0.174572   0.362227   0.236354   0.065770   0.750000   0.750000
  0.748744   0.464677   0.591532  -0.173384   0.362557   0.249073   0.048711   0.750000   0.750000
  0.753769   0.463806   0.593354  -0.172132   0.362802   0.262871   0.035383   0.750000   0.750000
  0.758794   0.462941   0.595177  -0.170811   0.362980   0.264880   0.028027   0.750000   0.750000
  0.763819   0.462083   0.597001  -0.169480   0.363121   0.244631   0.028370   0.750000   0.750000
  0.768844   0.461231   0.598826  -0.168251   0.363263   0.201229   0.035666   0.750000   0.750000
  0.773869   0.460385   0.600651  -0.167240   0.363443   0.145815   0.046054   0.750000   0.750000
  0.778894   0.459545   0.602477  -0.166507   0.363674   0.096168   0.054058   0.750000   0.750000
  0.783920   0.458708   0.604305  -0.166024   0.363946   0.068630   0.054791   0.750000   0.750000
  0.788945   0.457874   0.606134  -0.165679   0.364221   0.073208   0.045324   0.750000   0.750000
  0.793970   0.457041   0.607964  -0.165311   0.364449   0.111819   0.025273   0.750000   0.750000
  0.798995   0.456211   0.609796  -0.164749   0.364576   0.176995  -0.002588   0.750000   0.750000
  0.804020   0.455383   0.611628  -0.163860   0.364563   0.249960  -0.031514   0.750000   0.750000
  0.809045   0.454559   0.613460  -0.162604   0.364404   0.301276  -0.051035   0.750000   0.750000
  0.814070   0.453742   0.615291  -0.161090   0.364148   0.300046  -0.050394   0.750000   0.750000
  0.819095   0.452933   0.617121  -0.159582   0.363895   0.232326  -0.025335   0.750000   0.750000
  0.824121   0.452131   0.618950  -0.158415   0.363767   0.115218   0.016872   0.750000   0.750000
  0.829146   0.451335   0.620777  -0.157836   0.363852  -0.008934   0.059811   0.750000   0.750000
  0.834171   0.450542   0.622606  -0.157880   0.364153  -0.093756   0.085857   0.750000   0.750000
  0.839196   0.449748   0.624436  -0.158352   0.364584  -0.106447   0.082694   0.750000   0.750000
  0.844221   0.448953   0.626268  -0.158886   0.365000  -0.034777   0.045996   0.750000   0.750000
  0.849246   0.448154   0.628102  -0.159061   0.365231   0.110945  -0.019528   0.750000   0.750000
  0.854271   0.447355   0.629937  -0.158504   0.365133   0.295110  -0.098655   0.750000   0.750000
  0.859296   0.446558   0.631772  -0.157021   0.364637   0.455995  -0.165145   0.750000   0.750000
  0.864322   0.445769   0.633605  -0.154729   0.363807   0.518817  -0.187448   0.750000   0.750000
  0.869347   0.444992   0.635433  -0.152122   0.362865   0.431603  -0.144345   0.750000   0.750000
  0.874372   0.444227   0.637256  -0.149953   0.362140   0.205901  -0.042489   0.750000   0.750000
  0.879397   0.443474   0.639076  -0.148918   0.361926  -0.078908   0.082093   0.750000   0.750000
  0.884422   0.442726   0.640895  -0.149315   0.362339  -0.317263   0.182453   0.750000   0.750000
  0.889447   0.441975   0.642715  -0.150909   0.363255  -0.426256   0.222081   0.750000   0.750000
  0.894472   0.441217   0.644541  -0.153051   0.364371  -0.368871   0.185129   0.750000   0.750000
  0.899497   0.440448   0.646372  -0.154905   0.365302  -0.156011   0.077617   0.750000   0.750000
  0.904523   0.439669   0.648208  -0.155689   0.365692   0.155671  -0.072926   0.750000   0.750000
  0.909548   0.438887   0.650045  -0.154907   0.365325   0.465268  -0.217677   0.750000   0.750000
  0.914573   0.438109   0.651881  -0.152569   0.364232   0.643457  -0.294195   0.750000   0.750000
  0.919598   0.437342   0.653711  -0.149335   0.362753   0.580521  -0.250205   0.750000   0.750000
  0.924623   0.436591   0.655534  -0.146418   0.361496   0.255906  -0.077864   0.750000   0.750000
  0.929648   0.435856   0.657351  -0.145132   0.361105  -0.231968   0.172021   0.750000   0.750000
  0.934673   0.435126   0.659165  -0.146298   0.361969  -0.718059   0.416479   0.750000   0.750000
  0.939698   0.434391   0.660984  -0.149906   0.364062  -1.058693   0.584095   0.750000   0.750000
  0.944724   0.433638   0.662814  -0.155227   0.366998  -1.182155   0.639850   0.750000   0.750000
  0.949749   0.432858   0.664658  -0.161167   0.370213  -1.088820   0.584979   0.750000   0.750000
  0.954774   0.432048   0.666518  -0.166639   0.373152  -0.830526   0.446688   0.750000   0.750000
  0.959799   0.431211   0.668393  -0.170812   0.375397  -0.490211   0.268004   0.750000   0.750000
  0.964824   0.430352   0.670280  -0.173275   0.376744  -0.162083   0.097512   0.750000   0.750000
  0.969849   0.429482   0.672173  -0.174090   0.377234   0.077928  -0.026346   0.750000   0.750000
  0.974874   0.428607   0.674069  -0.173698   0.377101   0.208960  -0.094705   0.750000   0.750000
  0.979899   0.427734   0.675963  -0.172648   0.376625   0.280606  -0.135939   0.750000   0.750000
  0.984925   0.426866   0.677856  -0.171238   0.375942   0.381747  -0.198439   0.750000   0.750000
  0.989950   0.426006   0.679745  -0.169320   0.374945   0.586220  -0.321522   0.750000   0.750000
  0.994975   0.425155   0.681630  -0.166374   0.373329   0.922494  -0.519679   0.750000   0.750000
  1.000000   0.424319   0.683506  -0.161738   0.370718   1.378550  -0.785660   0.750000   0.750000