  0.000000   0.373121   0.345398   0.000000   0.000000  18.228699  19.945521   0.062500   0.812500
  0.005025   0.373121   0.345398   0.091599   0.100226  14.726767  15.830913   0.062500   0.812500
  0.010050   0.373581   0.345902   0.165601   0.179777  11.362992  11.903895   0.062500   0.812500
  0.015075   0.374413   0.346805   0.222700   0.239594   8.233905   8.285264   0.062500   0.812500
  0.020101   0.375533   0.348009   0.264084   0.281235   5.492842   5.164348   0.062500   0.812500
  0.025126   0.376860   0.349422   0.291685   0.307186   3.312807   2.749860   0.062500   0.812500
  0.030151   0.378325   0.350966   0.308332   0.321004   1.791916   1.152308   0.062500   0.812500
  0.035176   0.379875   0.352579   0.317337   0.326795   0.880099   0.296602   0.062500   0.812500
  0.040201   0.381469   0.354221   0.321759   0.328285   0.399341  -0.047113   0.062500   0.812500
  0.045226   0.383086   0.355871   0.323766   0.328048   0.140373  -0.141049   0.062500   0.812500
  0.050251   0.384713   0.357519   0.324471   0.327340  -0.055693  -0.180297   0.062500   0.812500
  0.055276   0.386344   0.359164   0.324191   0.326434  -0.272754  -0.265646   0.062500   0.812500
  0.060302   0.387973   0.360805   0.322820   0.325098  -0.531230  -0.420520   0.062500   0.812500
  0.065327   0.389595   0.362438   0.320151   0.322985  -0.806340  -0.615344   0.062500   0.812500
  0.070352   0.391204   0.364061   0.316099   0.319893  -1.044806  -0.788346   0.062500   0.812500
  0.075377   0.392792   0.365669   0.310849   0.315932  -1.185578  -0.869629   0.062500   0.812500
  0.080402   0.394354   0.367256   0.304891   0.311562  -1.190583  -0.815167   0.062500   0.812500
  0.085427   0.395886   0.368822   0.298909   0.307466  -1.070429  -0.634760   0.062500   0.812500
  0.090452   0.397389   0.370367   0.293530   0.304276  -0.879836  -0.386732   0.062500   0.812500
  0.095477   0.398863   0.371896   0.289109   0.302333  -0.684932  -0.142031   0.062500   0.812500
  0.100503   0.400317   0.373416   0.285666   0.301619  -0.533159   0.048580   0.062500   0.812500
  0.105528   0.401752   0.374931   0.282987   0.301863  -0.444527   0.163889   0.062500   0.812500
  0.110553   0.403174   0.376448   0.280753   0.302686  -0.417149   0.206062   0.062500   0.812500
  0.115578   0.404585   0.377969   0.278657   0.303722  -0.435428   0.191593   0.062500   0.812500
  0.120603   0.405985   0.379495   0.276469   0.304685  -0.475417   0.145594   0.062500   0.812500
  0.125628   0.407374   0.381026   0.274080   0.305416  -0.509476   0.097274   0.062500   0.812500
  0.130653   0.408752   0.382561   0.271520   0.305905  -0.514128   0.072428   0.062500   0.812500
  0.135678   0.410116   0.384098   0.268937   0.306269  -0.480247   0.083131   0.062500   0.812500
  0.140704   0.411468   0.385638   0.266523   0.306687  -0.417256   0.122686   0.062500   0.812500
  0.145729   0.412807   0.387179   0.264426   0.307303  -0.345741   0.172089   0.062500   0.812500
  0.150754   0.414136   0.388723   0.262689   0.308168  -0.285011   0.212216   0.062500   0.812500
  0.155779   0.415456   0.390271   0.261257   0.309235  -0.245947   0.231459   0.062500   0.812500
  0.160804   0.416768   0.391825   0.260021   0.310398  -0.230626   0.226656   0.062500   0.812500
  0.165829   0.418075   0.393385   0.258862   0.311537  -0.234736   0.201027   0.062500   0.812500
  0.170854   0.419376   0.394951   0.257682   0.312547  -0.249704   0.162264   0.062500   0.812500
  0.175879   0.420671   0.396521   0.256428   0.313362  -0.264364   0.121168   0.062500   0.812500
  0.180905   0.421960   0.398096   0.255099   0.313971  -0.267675   0.089316   0.062500   0.812500
  0.185930   0.423241   0.399674   0.253754   0.314420  -0.253191   0.074740   0.062500   0.812500
  0.190955   0.424517   0.401254   0.252482   0.314795  -0.222629   0.077730   0.062500   0.812500
  0.195980   0.425785   0.402836   0.251363   0.315186  -0.184533   0.091125   0.062500   0.812500
  0.201005   0.427048   0.404419   0.250436   0.315644  -0.148823   0.105121   0.062500   0.812500
  0.206030   0.428307   0.406005   0.249688   0.316172  -0.122142   0.112103   0.062500   0.812500
  0.211055   0.429561   0.407594   0.249074   0.316735  -0.106649   0.108436   0.062500   0.812500
  0.216080   0.430813   0.409186   0.248538   0.317280  -0.100995   0.093999   0.062500   0.812500
  0.221106   0.432062   0.410780   0.248030   0.317753  -0.101599   0.071304   0.062500   0.812500
  0.226131   0.433309   0.412377   0.247520   0.318111  -0.103600   0.044999   0.062500   0.812500
  0.231156   0.434552   0.413976   0.246999   0.318337  -0.101938   0.021158   0.062500   0.812500
  0.236181   0.435794   0.415575   0.246487   0.318444  -0.093025   0.005404   0.062500   0.812500
  0.241206   0.437032   0.417175   0.246020   0.318471  -0.076391  -0.000095   0.062500   0.812500
  0.246231   0.438268   0.418776   0.245636   0.318470  -0.054595   0.001545   0.062500   0.812500
  0.251256   0.439503   0.420376   0.245361   0.318478  -0.031024   0.003313   0.062500   0.812500
  0.256281   0.440736   0.421976   0.245206   0.318495  -0.007559  -0.002402   0.062500   0.812500
  0.261307   0.441968   0.423577   0.245168   0.318483   0.016110  -0.021182   0.062500   0.812500
  0.266332   0.443200   0.425178   0.245248   0.318376   0.041509  -0.055001   0.062500   0.812500
  0.271357   0.444432   0.426777   0.245457   0.318100   0.069522  -0.100420   0.062500   0.812500
  0.276382   0.445666   0.428376   0.245806   0.317595   0.097957  -0.145624   0.062500   0.812500
  0.281407   0.446901   0.429972   0.246299   0.316863   0.119409  -0.168092   0.062500   0.812500
  0.286432   0.448139   0.431564   0.246899   0.316019   0.121733  -0.138005   0.062500   0.812500
  0.291457   0.449379   0.433152   0.247510   0.315325   0.093710  -0.031652   0.062500   0.812500
  0.296482   0.450623   0.434737   0.247981   0.315166   0.033888   0.151768   0.062500   0.812500
  0.301508   0.451869   0.436321   0.248152   0.315929  -0.045253   0.386195   0.062500   0.812500
  0.306533   0.453116   0.437908   0.247924   0.317870  -0.122011   0.632364   0.062500   0.812500
  0.311558   0.454362   0.439505   0.247311   0.321047  -0.174660   0.856765   0.062500   0.812500
  0.316583   0.455605   0.441119   0.246433   0.325352  -0.189513   1.043622   0.062500   0.812500
  0.321608   0.456843   0.442754   0.245481   0.330597  -0.168890   1.202247   0.062500   0.812500
  0.326633   0.458077   0.444415   0.244632   0.336638  -0.142193   1.375130   0.062500   0.812500
  0.331658   0.459306   0.446106   0.243918   0.343548  -0.178381   1.645171   0.062500   0.812500
  0.336683   0.460532   0.447833   0.243022   0.351815  -0.386093   2.127467   0.062500   0.812500
  0.341709   0.461753   0.449601   0.241081   0.362508  -0.880509   2.927817   0.062500   0.812500
  0.346734   0.462965   0.451423   0.236656   0.377220  -1.718983   4.078492   0.062500   0.812500
  0.351759   0.464154   0.453318   0.228019   0.397714  -2.858795   5.510456   0.062500   0.812500
  0.356784   0.465300   0.455317   0.213653   0.425404  -4.182615   7.095496   0.062500   0.812500
  0.361809   0.466373   0.457454   0.192636   0.461059  -5.566457   8.718421   0.062500   0.812500
  0.366834   0.467341   0.459771   0.164664   0.504869  -6.928812  10.315458   0.062500   0.812500
  0.371859   0.468169   0.462308   0.129847   0.556705  -8.239858  11.864272   0.062500   0.812500
  0.376884   0.468821   0.465106   0.088442   0.616322  -9.505719  13.343613   0.062500   0.812500
  0.381910   0.469266   0.468203   0.040666   0.683387 -10.743420  14.680240   0.062500   0.812500
  0.386935   0.469470   0.471637  -0.013320   0.757156 -11.951245  15.702935   0.062500   0.812500
  0.391960   0.469403   0.475442  -0.073375   0.836063 -13.087899  16.153134   0.062500   0.812500
  0.396985   0.469034   0.479643  -0.139142   0.917232 -14.076329  15.789475   0.062500   0.812500
  0.402010   0.468335   0.484252  -0.209875   0.996575 -14.846626  14.542031   0.062500   0.812500
  0.407035   0.467281   0.489260  -0.284479   1.069648 -15.384505  12.569609   0.062500   0.812500
  0.412060   0.465851   0.494635  -0.361787   1.132811 -15.738946  10.159677   0.062500   0.812500
  0.417085   0.464033   0.500327  -0.440875   1.183863 -15.985240   7.577093   0.062500   0.812500
  0.422111   0.461817   0.506277  -0.521217   1.221945 -16.171478   4.973287   0.062500   0.812500
  0.427136   0.459198   0.512418  -0.602478   1.246936 -16.262372   2.368922   0.062500   0.812500
  0.432161   0.456171   0.518684  -0.684197   1.258840 -16.079766  -0.334181   0.062500   0.812500
  0.437186   0.452733   0.525009  -0.764998   1.257161 -15.258277  -3.313043   0.062500   0.812500
  0.442211   0.448888   0.531326  -0.841670   1.240513 -13.287450  -6.744143   0.062500   0.812500
  0.447236   0.444659   0.537560  -0.908440   1.206623  -9.719544 -10.679195   0.062500   0.812500
  0.452261   0.440094   0.543623  -0.957281   1.152960  -4.472310 -14.954766   0.062500   0.812500
  0.457286   0.435284   0.549417  -0.979754   1.077813   2.048523 -19.245142   0.062500   0.812500
  0.462312   0.430360   0.554834  -0.969458   0.981087   9.165898 -23.233171   0.062500   0.812500
  0.467337   0.425488   0.559764  -0.923399   0.864340  16.263284 -26.735447   0.062500   0.812500
  0.472362   0.420848   0.564107  -0.841676   0.729994  22.968017 -29.706808   0.062500   0.812500
  0.477387   0.416619   0.567776  -0.726262   0.580718  29.110472 -32.149963   0.062500   0.812500
  0.482412   0.412969   0.570694  -0.579982   0.419164  34.585610 -34.009413   0.062500   0.812500
  0.487437   0.410055   0.572800  -0.406189   0.248267  39.198515 -35.082723   0.062500   0.812500
  0.492462   0.408014   0.574047  -0.209217   0.071976  42.565938 -34.997069   0.062500   0.812500
  0.497487   0.406962   0.574409   0.004677  -0.103884  44.171724 -33.327494   0.062500   0.812500
  0.502513   0.406986   0.573887   0.226684  -0.271388  43.631325 -29.866349   0.062500   0.812500
  0.507538   0.408125   0.572523   0.445932  -0.421467  41.000727 -24.854858   0.062500   0.812500
  0.512563   0.410366   0.570405   0.651960  -0.546362  36.813192 -18.911688   0.062500   0.812500
  0.517588   0.413642   0.567660   0.836947  -0.641393  31.797644 -12.723544   0.062500   0.812500
  0.522613   0.417847   0.564437   0.996730  -0.705329  26.563579  -6.784934   0.062500   0.812500
  0.527638   0.422856   0.560893   1.130212  -0.739424  21.467422  -1.342911   0.062500   0.812500
  0.532663   0.428535   0.557177   1.238085  -0.746172  16.636782   3.520951   0.062500   0.812500
  0.537688   0.434757   0.553428   1.321685  -0.728479  12.051414   7.776824   0.062500   0.812500
  0.542714   0.441399   0.549766   1.382256  -0.689393   7.627859  11.357376   0.062500   0.812500
  0.547739   0.448345   0.546302   1.420586  -0.632322   3.307083  14.121785   0.062500   0.812500
  0.552764   0.455484   0.543125   1.437204  -0.561360  -0.880861  15.915636   0.062500   0.812500
  0.557789   0.462706   0.540304   1.432777  -0.481384  -4.802027  16.691779   0.062500   0.812500
  0.562814   0.469905   0.537885   1.408647  -0.397508  -8.292232  16.592255   0.062500   0.812500
  0.567839   0.476984   0.535887   1.366979  -0.314132 -11.251879  15.895834   0.062500   0.812500
  0.572864   0.483853   0.534309   1.310438  -0.234255 -13.678293  14.889737   0.062500   0.812500
  0.577889   0.490438   0.533132   1.241705  -0.159434 -15.629364  13.780207   0.062500   0.812500
  0.582915   0.496679   0.532330   1.163152  -0.090175 -17.166160  12.675176   0.062500   0.812500
  0.587940   0.502523   0.531877   1.076892  -0.026482 -18.304801  11.606869   0.062500   0.812500
  0.592965   0.507935   0.531744   0.984910   0.031843 -18.991434  10.558695   0.062500   0.812500
  0.597990   0.512884   0.531904   0.889478   0.084900 -19.106791   9.492690   0.062500   0.812500
  0.603015   0.517354   0.532331   0.793466   0.132601 -18.528110   8.377882   0.062500   0.812500
  0.608040   0.521341   0.532997   0.700363   0.174700 -17.236422   7.217016   0.062500   0.812500
  0.613065   0.524860   0.533875   0.613750   0.210965 -15.384998   6.052842   0.062500   0.812500
  0.618090   0.527944   0.534935   0.536440   0.241381 -13.246873   4.944929   0.062500   0.812500
  0.623116   0.530640   0.536148   0.469861   0.266234 -11.087176   3.938402   0.062500   0.812500
  0.628141   0.533001   0.537486   0.414148   0.286024  -9.078648   3.051768   0.062500   0.812500
  0.633166   0.535083   0.538923   0.368528   0.301360  -7.293226   2.282106   0.062500   0.812500
  0.638191   0.536934   0.540438   0.331879   0.312827  -5.740785   1.618899   0.062500   0.812500
  0.643216   0.538602   0.542010   0.303032   0.320962  -4.407694   1.054478   0.062500   0.812500
  0.648241   0.540125   0.543623   0.280883   0.326261  -3.282210   0.589669   0.062500   0.812500
  0.653266   0.541536   0.545262   0.264390   0.329224  -2.363259   0.232712   0.062500   0.812500
  0.658291   0.542865   0.546916   0.252515   0.330393  -1.652476  -0.009869   0.062500   0.812500
  0.663317   0.544134   0.548577   0.244210   0.330344  -1.136783  -0.145579   0.062500   0.812500
  0.668342   0.545361   0.550237   0.238497   0.329612  -0.779938  -0.199597   0.062500   0.812500
  0.673367   0.546560   0.551893   0.234578   0.328609  -0.531907  -0.205363   0.062500   0.812500
  0.678392   0.547738   0.553544   0.231905   0.327577  -0.347181  -0.191410   0.062500   0.812500
  0.683417   0.548904   0.555190   0.230161   0.326615  -0.194954  -0.175297   0.062500   0.812500
  0.688442   0.550060   0.556832   0.229181   0.325735  -0.059502  -0.164694   0.062500   0.812500
  0.693467   0.551212   0.558469   0.228882   0.324907   0.063602  -0.160944   0.062500   0.812500
  0.698492   0.552362   0.560101   0.229202   0.324098   0.171102  -0.161994   0.062500   0.812500
  0.703518   0.553514   0.561730   0.230062   0.323284   0.255075  -0.164191   0.062500   0.812500
  0.708543   0.554670   0.563355   0.231343   0.322459   0.306980  -0.163687   0.062500   0.812500
  0.713568   0.555832   0.564975   0.232886   0.321636   0.323371  -0.157986   0.062500   0.812500
  0.718593   0.557003   0.566591   0.234511   0.320843   0.309452  -0.147055   0.062500   0.812500
  0.723618   0.558181   0.568203   0.236066   0.320104   0.276956  -0.133024   0.062500   0.812500
  0.728643   0.559367   0.569812   0.237457   0.319435   0.238231  -0.118743   0.062500   0.812500
  0.733668   0.560561   0.571417   0.238655   0.318838   0.201960  -0.106520   0.062500   0.812500
  0.738693   0.561760   0.573019   0.239669   0.318303   0.172509  -0.097679   0.062500   0.812500
  0.743719   0.562964   0.574619   0.240536   0.317812   0.151238  -0.092603   0.062500   0.812500
  0.748744   0.564173   0.576216   0.241296   0.317347   0.137871  -0.090775   0.062500   0.812500
  0.753769   0.565386   0.577811   0.241989   0.316891   0.131093  -0.090665   0.062500   0.812500
  0.758794   0.566602   0.579403   0.242648   0.316435   0.128623  -0.089832   0.062500   0.812500
  0.763819   0.567821   0.580993   0.243294   0.315984   0.127354  -0.085758   0.062500   0.812500
  0.768844   0.569043   0.582581   0.243934   0.315553   0.124209  -0.077354   0.062500   0.812500
  0.773869   0.570269   0.584167   0.244558   0.315164   0.117390  -0.065941   0.062500   0.812500
  0.778894   0.571498   0.585750   0.245148   0.314833   0.106934  -0.054696   0.062500   0.812500
  0.783920   0.572730   0.587333   0.245686   0.314558   0.094238  -0.047182   0.062500   0.812500
  0.788945   0.573965   0.588913   0.246159   0.314321   0.081284  -0.046152   0.062500   0.812500
  0.793970   0.575202   0.590493   0.246568   0.314089   0.070148  -0.052871   0.062500   0.812500
  0.798995   0.576441   0.592071   0.246920   0.313823   0.062831  -0.066521   0.062500   0.812500
  0.804020   0.577682   0.593648   0.247236   0.313489   0.061001  -0.083421   0.062500   0.812500
  0.809045   0.578924   0.595223   0.247542   0.313070   0.065300  -0.096770   0.062500   0.812500
  0.814070   0.580168   0.596797   0.247871   0.312583   0.074325  -0.098502   0.062500   0.812500
  0.819095   0.581413   0.598367   0.248244   0.312088   0.084311  -0.083861   0.062500   0.812500
  0.824121   0.582661   0.599936   0.248668   0.311667   0.090478  -0.055662   0.062500   0.812500
  0.829146   0.583911   0.601502   0.249123   0.311387   0.089349  -0.023872   0.062500   0.812500
  0.834171   0.585162   0.603067   0.249571   0.311267   0.080107  -0.000761   0.062500   0.812500
  0.839196   0.586417   0.604631   0.249974   0.311264   0.064358   0.003859   0.062500   0.812500
  0.844221   0.587673   0.606195   0.250297   0.311283   0.045365  -0.014931   0.062500   0.812500
  0.849246   0.588930   0.607759   0.250525   0.311208   0.027598  -0.055940   0.062500   0.812500
  0.854271   0.590189   0.609323   0.250664   0.310927   0.016481  -0.110352   0.062500   0.812500
  0.859296   0.591449   0.610885   0.250747   0.310372   0.017457  -0.160677   0.062500   0.812500
  0.864322   0.592709   0.612445   0.250835   0.309565   0.033495  -0.183830   0.062500   0.812500
  0.869347   0.593970   0.614001   0.251003   0.308641   0.061771  -0.161743   0.062500   0.812500
  0.874372   0.595231   0.615552   0.251313   0.307828   0.092849  -0.094911   0.062500   0.812500
  0.879397   0.596494   0.617099   0.251780   0.307351   0.114653  -0.005829   0.062500   0.812500
  0.884422   0.597759   0.618643   0.252356   0.307322   0.118417   0.072431   0.062500   0.812500
  0.889447   0.599027   0.620187   0.252951   0.307686   0.101817   0.111604   0.062500   0.812500
  0.894472   0.600298   0.621733   0.253463   0.308247   0.068587   0.096763   0.062500   0.812500
  0.899497   0.601572   0.623282   0.253807   0.308733   0.027091   0.028362   0.062500   0.812500
  0.904523   0.602847   0.624834   0.253944   0.308876  -0.010643  -0.077139   0.062500   0.812500
  0.909548   0.604123   0.626386   0.253890   0.308488  -0.030239  -0.186402   0.062500   0.812500
  0.914573   0.605399   0.627936   0.253738   0.307551  -0.018999  -0.253364   0.062500   0.812500
  0.919598   0.606674   0.629482   0.253643   0.306278   0.026676  -0.235512   0.062500   0.812500
  0.924623   0.607949   0.631021   0.253777   0.305095   0.095029  -0.119933   0.062500   0.812500
  0.929648   0.609224   0.632554   0.254254   0.304492   0.162000   0.062648   0.062500   0.812500
  0.934673   0.610502   0.634084   0.255068   0.304807   0.203656   0.253698   0.062500   0.812500
  0.939698   0.611783   0.635616   0.256092   0.306082   0.207203   0.398451   0.062500   0.812500
  0.944724   0.613071   0.637154   0.257133   0.308084   0.173115   0.466230   0.062500   0.812500
  0.949749   0.614363   0.638702   0.258003   0.310427   0.111249   0.452594   0.062500   0.812500
  0.954774   0.615659   0.640262   0.258562   0.312701   0.036236   0.373142   0.062500   0.812500
  0.959799   0.616958   0.641833   0.258744   0.314576  -0.035976   0.256715   0.062500   0.812500
  0.964824   0.618259   0.643414   0.258563   0.315866  -0.091922   0.138520   0.062500   0.812500
  0.969849   0.619558   0.645001   0.258101   0.316562  -0.126038   0.049197   0.062500   0.812500
  0.974874   0.620855   0.646592   0.257468   0.316810  -0.145355   0.000086   0.062500   0.812500
  0.979899   0.622149   0.648184   0.256738   0.316810  -0.167621  -0.024644   0.062500   0.812500
  0.984925   0.623439   0.649776   0.255895   0.316686  -0.211458  -0.058077   0.062500   0.812500
  0.989950   0.624725   0.651368   0.254833   0.316394  -0.286558  -0.130029   0.062500   0.812500
  0.994975   0.626005   0.652958   0.253393   0.315741  -0.391756  -0.254083   0.062500   0.812500
  1.000000   0.627279   0.654544   0.251424   0.314464  -0.519233  -0.428044   0.062500   0.812500