  0.000000   0.373121   0.345398   0.000000   0.000000  18.228708  19.945532   0.062500   0.687500
  0.005025   0.373121   0.345398   0.091599   0.100226  14.726771  15.830918   0.062500   0.687500
  0.010050   0.373581   0.345902   0.165601   0.179777  11.362992  11.903895   0.062500   0.687500
  0.015075   0.374413   0.346805   0.222700   0.239594   8.233901   8.285260   0.062500   0.687500
  0.020101   0.375533   0.348009   0.264084   0.281235   5.492836   5.164341   0.062500   0.687500
  0.025126   0.376860   0.349422   0.291685   0.307186   3.312800   2.749853   0.062500   0.687500
  0.030151   0.378325   0.350966   0.308332   0.321004   1.791909   1.152300   0.062500   0.687500
  0.035176   0.379875   0.352579   0.317337   0.326795   0.880093   0.296596   0.062500   0.687500
  0.040201   0.381469   0.354221   0.321759   0.328285   0.399337  -0.047119   0.062500   0.687500
  0.045226   0.383086   0.355871   0.323766   0.328048   0.140370  -0.141053   0.062500   0.687500
  0.050251   0.384713   0.357519   0.324471   0.327339  -0.055695  -0.180299   0.062500   0.687500
  0.055276   0.386344   0.359164   0.324191   0.326433  -0.272755  -0.265647   0.062500   0.687500
  0.060302   0.387973   0.360805   0.322820   0.325098  -0.531231  -0.420521   0.062500   0.687500
  0.065327   0.389595   0.362438   0.320151   0.322985  -0.806340  -0.615344   0.062500   0.687500
  0.070352   0.391204   0.364061   0.316099   0.319893  -1.044806  -0.788345   0.062500   0.687500
  0.075377   0.392792   0.365669   0.310849   0.315932  -1.185578  -0.869628   0.062500   0.687500
  0.080402   0.394354   0.367256   0.304891   0.311562  -1.190583  -0.815166   0.062500   0.687500
  0.085427   0.395886   0.368822   0.298909   0.307466  -1.070428  -0.634758   0.062500   0.687500
  0.090452   0.397389   0.370367   0.293530   0.304276  -0.879835  -0.386730   0.062500   0.687500
  0.095477   0.398863   0.371896   0.289109   0.302333  -0.684931  -0.142029   0.062500   0.687500
  0.100503   0.400317   0.373416   0.285666   0.301619  -0.533157   0.048582   0.062500   0.687500
  0.105528   0.401752   0.374931   0.282987   0.301863  -0.444525   0.163892   0.062500   0.687500
  0.110553   0.403174   0.376448   0.280753   0.302686  -0.417147   0.206065   0.062500   0.687500
  0.115578   0.404585   0.377969   0.278657   0.303722  -0.435427   0.191597   0.062500   0.687500
  0.120603   0.405985   0.379495   0.276469   0.304685  -0.475416   0.145598   0.062500   0.687500
  0.125628   0.407374   0.381026   0.274080   0.305416  -0.509475   0.097279   0.062500   0.687500
  0.130653   0.408752   0.382561   0.271520   0.305905  -0.514128   0.072435   0.062500   0.687500
  0.135678   0.410116   0.384098   0.268937   0.306269  -0.480248   0.083140   0.062500   0.687500
  0.140704   0.411468   0.385638   0.266523   0.306687  -0.417259   0.122700   0.062500   0.687500
  0.145729   0.412807   0.387179   0.264426   0.307304  -0.345747   0.172110   0.062500   0.687500
  0.150754   0.414136   0.388723   0.262689   0.308168  -0.285020   0.212248   0.062500   0.687500
  0.155779   0.415456   0.390271   0.261256   0.309235  -0.245962   0.231506   0.062500   0.687500
  0.160804   0.416768   0.391825   0.260021   0.310398  -0.230650   0.226726   0.062500   0.687500
  0.165829   0.418075   0.393385   0.258862   0.311538  -0.234772   0.201126   0.062500   0.687500
  0.170854   0.419376   0.394951   0.257682   0.312548  -0.249755   0.162397   0.062500   0.687500
  0.175879   0.420671   0.396521   0.256427   0.313364  -0.264433   0.121338   0.062500   0.687500
  0.180905   0.421960   0.398096   0.255098   0.313974  -0.267766   0.089525   0.062500   0.687500
  0.185930   0.423241   0.399674   0.253752   0.314424  -0.253311   0.074990   0.062500   0.687500
  0.190955   0.424516   0.401254   0.252479   0.314801  -0.222793   0.078041   0.062500   0.687500
  0.195980   0.425785   0.402836   0.251360   0.315193  -0.184769   0.091543   0.062500   0.687500
  0.201005   0.427048   0.404419   0.250431   0.315653  -0.149176   0.105727   0.062500   0.687500
  0.206030   0.428307   0.406006   0.249682   0.316184  -0.122673   0.113010   0.062500   0.687500
  0.211055   0.429561   0.407594   0.249065   0.316752  -0.107434   0.109766   0.062500   0.687500
  0.216080   0.430813   0.409186   0.248525   0.317304  -0.102103   0.095834   0.062500   0.687500
  0.221106   0.432062   0.410781   0.248012   0.317785  -0.103060   0.073595   0.062500   0.687500
  0.226131   0.433308   0.412378   0.247494   0.318155  -0.105348   0.047430   0.062500   0.687500
  0.231156   0.434552   0.413976   0.246965   0.318393  -0.103757   0.023021   0.062500   0.687500
  0.236181   0.435793   0.415576   0.246444   0.318509  -0.094556   0.005633   0.062500   0.687500
  0.241206   0.437031   0.417177   0.245968   0.318537  -0.077256  -0.002648   0.062500   0.687500
  0.246231   0.438267   0.418778   0.245580   0.318524  -0.054590  -0.004599   0.062500   0.687500
  0.251256   0.439501   0.420378   0.245306   0.318501  -0.030256  -0.006649   0.062500   0.687500
  0.256281   0.440734   0.421979   0.245154   0.318468  -0.006430  -0.015941   0.062500   0.687500
  0.261307   0.441966   0.423579   0.245122   0.318387   0.017098  -0.038041   0.062500   0.687500
  0.266332   0.443198   0.425179   0.245207   0.318196   0.042139  -0.075664   0.062500   0.687500
  0.271357   0.444430   0.426778   0.245419   0.317816   0.070508  -0.127213   0.062500   0.687500
  0.276382   0.445663   0.428375   0.245774   0.317177   0.101894  -0.184127   0.062500   0.687500
  0.281407   0.446898   0.429969   0.246286   0.316252   0.131768  -0.228340   0.062500   0.687500
  0.286432   0.448136   0.431558   0.246948   0.315104   0.151102  -0.234240   0.062500   0.687500
  0.291457   0.449377   0.433141   0.247707   0.313927   0.150361  -0.179483   0.062500   0.687500
  0.296482   0.450622   0.434719   0.248463   0.313025   0.126904  -0.060141   0.062500   0.687500
  0.301508   0.451870   0.436292   0.249100   0.312723   0.089655   0.103842   0.062500   0.687500
  0.306533   0.453122   0.437864   0.249551   0.313245   0.056574   0.278791   0.062500   0.687500
  0.311558   0.454376   0.439438   0.249835   0.314646   0.047550   0.433665   0.062500   0.687500
  0.316583   0.455631   0.441019   0.250074   0.316825   0.077097   0.551964   0.062500   0.687500
  0.321608   0.456888   0.442611   0.250462   0.319599   0.146335   0.640483   0.062500   0.687500
  0.326633   0.458147   0.444217   0.251197   0.322817   0.231369   0.739641   0.062500   0.687500
  0.331658   0.459409   0.445839   0.252359   0.326534   0.269433   0.933578   0.062500   0.687500
  0.336683   0.460677   0.447480   0.253713   0.331225   0.155756   1.344737   0.062500   0.687500
  0.341709   0.461952   0.449145   0.254496   0.337984  -0.227215   2.092460   0.062500   0.687500
  0.346734   0.463231   0.450843   0.253354   0.348498  -0.946980   3.223673   0.062500   0.687500
  0.351759   0.464504   0.452594   0.248596   0.364697  -1.974459   4.677336   0.062500   0.687500
  0.356784   0.465753   0.454427   0.238674   0.388201  -3.202781   6.323628   0.062500   0.687500
  0.361809   0.466953   0.456377   0.222580   0.419977  -4.512161   8.040475   0.062500   0.687500
  0.366834   0.468071   0.458488   0.199907   0.460380  -5.821555   9.758935   0.062500   0.687500
  0.371859   0.469076   0.460801   0.170653   0.509419  -7.103328  11.458183   0.062500   0.687500
  0.376884   0.469933   0.463361   0.134959   0.566996  -8.373332  13.126899   0.062500   0.687500
  0.381910   0.470611   0.466211   0.092875   0.632972  -9.670295  14.708268   0.062500   0.687500
  0.386935   0.471078   0.469391   0.044282   0.706881 -11.025362  16.046124   0.062500   0.687500
  0.391960   0.471301   0.472944  -0.011121   0.787513 -12.429762  16.882104   0.062500   0.687500
  0.396985   0.471245   0.476901  -0.073580   0.872346 -13.817102  16.948090   0.062500   0.687500
  0.402010   0.470875   0.481284  -0.143011   0.957510 -15.091588  16.124991   0.062500   0.687500
  0.407035   0.470156   0.486096  -0.218847   1.038538 -16.186737  14.522284   0.062500   0.687500
  0.412060   0.469057   0.491314  -0.300185   1.111512 -17.099994  12.397888   0.062500   0.687500
  0.417085   0.467548   0.496900  -0.386112   1.173812 -17.874270  10.008333   0.062500   0.687500
  0.422111   0.465608   0.502799  -0.475949   1.224114 -18.543989   7.505491   0.062500   0.687500
  0.427136   0.463216   0.508951  -0.569132   1.261829 -19.065600   4.904740   0.062500   0.687500
  0.432161   0.460356   0.515291  -0.664937   1.286475 -19.242013   2.087624   0.062500   0.687500
  0.437186   0.457015   0.521756  -0.761628   1.296965 -18.663820  -1.158091   0.062500   0.687500
  0.442211   0.453188   0.528273  -0.855414   1.291146 -16.750712  -5.043372   0.062500   0.687500
  0.447236   0.448889   0.534761  -0.939586   1.265803 -12.984503  -9.623187   0.062500   0.687500
  0.452261   0.444168   0.541122  -1.004833   1.217446  -7.256896 -14.682259   0.062500   0.687500
  0.457286   0.439119   0.547239  -1.041299   1.143668  -0.017714 -19.800478   0.062500   0.687500
  0.462312   0.433885   0.552987  -1.041388   1.044151   7.965092 -24.567482   0.062500   0.687500
  0.467337   0.428652   0.558234  -1.001363   0.920699  15.984335 -28.741158   0.062500   0.687500
  0.472362   0.423620   0.562861  -0.921042   0.776275  23.607710 -32.254653   0.062500   0.687500
  0.477387   0.418992   0.566762  -0.802413   0.614195  30.635804 -35.106082   0.062500   0.687500
  0.482412   0.414960   0.569848  -0.648468   0.437787  36.945135 -37.231051   0.062500   0.687500
  0.487437   0.411701   0.572048  -0.462819   0.250701  42.309229 -38.400135   0.062500   0.687500
  0.492462   0.409376   0.573308  -0.250215   0.057740  46.280713 -38.196584   0.062500   0.687500
  0.497487   0.408118   0.573598  -0.017655  -0.134197  48.249377 -36.157764   0.062500   0.687500
  0.502513   0.408029   0.572923   0.224847  -0.315926  47.745623 -32.082503   0.062500   0.687500
  0.507538   0.409159   0.571336   0.464768  -0.477141  44.804240 -26.282771   0.062500   0.687500
  0.512563   0.411495   0.568938   0.689910  -0.609212  40.018928 -19.485232   0.062500   0.687500
  0.517588   0.414962   0.565877   0.891005  -0.707125  34.222954 -12.472887   0.062500   0.687500
  0.522613   0.419439   0.562324   1.062975  -0.769801  28.122284  -5.796264   0.062500   0.687500
  0.527638   0.424780   0.558455   1.204290  -0.798928  22.136074   0.277880   0.062500   0.687500
  0.532663   0.430832   0.554441   1.315523  -0.797531  16.424025   5.665001   0.062500   0.687500
  0.537688   0.437442   0.550433   1.398054  -0.769065  10.985528  10.329523   0.062500   0.687500
  0.542714   0.444469   0.546568   1.453267  -0.717148   5.766277  14.183544   0.062500   0.687500
  0.547739   0.451772   0.542964   1.482243  -0.645876   0.762204  17.051995   0.062500   0.687500
  0.552764   0.459220   0.539719   1.486073  -0.560190  -3.922966  18.752507   0.062500   0.687500
  0.557789   0.466687   0.536904   1.466360  -0.465958  -8.096284  19.244057   0.062500   0.687500
  0.562814   0.474056   0.534562   1.425676  -0.369257 -11.586167  18.718371   0.062500   0.687500
  0.567839   0.481220   0.532707   1.367456  -0.275197 -14.339806  17.525506   0.062500   0.687500
  0.572864   0.488091   0.531324   1.295398  -0.187132 -16.424773  16.014286   0.062500   0.687500
  0.577889   0.494601   0.530383   1.212864  -0.106660 -17.960821  14.427758   0.062500   0.687500
  0.582915   0.500697   0.529847   1.122593  -0.034146 -19.048923  12.888823   0.062500   0.687500
  0.587940   0.506338   0.529676   1.026872   0.030620 -19.725620  11.433823   0.062500   0.687500
  0.592965   0.511498   0.529830   0.927751   0.088075 -19.946691  10.049325   0.062500   0.687500
  0.597990   0.516160   0.530272   0.827519   0.138573 -19.603271   8.706730   0.062500   0.687500
  0.603015   0.520318   0.530969   0.729012   0.182325 -18.592294   7.390576   0.062500   0.687500
  0.608040   0.523981   0.531885   0.635586   0.219462 -16.923193   6.116652   0.062500   0.687500
  0.613065   0.527175   0.532988   0.550547   0.250198 -14.774333   4.926757   0.062500   0.687500
  0.618090   0.529942   0.534245   0.476306   0.274955 -12.427369   3.862682   0.062500   0.687500
  0.623116   0.532335   0.535627   0.413846   0.294369 -10.137873   2.943694   0.062500   0.687500
  0.628141   0.534415   0.537106   0.362903   0.309161  -8.059753   2.165171   0.062500   0.687500
  0.633166   0.536239   0.538659   0.322403   0.320041  -6.246277   1.509004   0.062500   0.687500
  0.638191   0.537859   0.540268   0.291015   0.327624  -4.694008   0.956868   0.062500   0.687500
  0.643216   0.539321   0.541914   0.267428   0.332432  -3.382441   0.497968   0.062500   0.687500
  0.648241   0.540665   0.543584   0.250431   0.334935  -2.298330   0.131903   0.062500   0.687500
  0.653266   0.541923   0.545267   0.238882   0.335597  -1.441815  -0.134452   0.062500   0.687500
  0.658291   0.543124   0.546954   0.231637   0.334922  -0.814426  -0.296858   0.062500   0.687500
  0.663317   0.544288   0.548637   0.227544   0.333430  -0.398350  -0.365195   0.062500   0.687500
  0.668342   0.545431   0.550313   0.225542   0.331595  -0.148285  -0.365573   0.062500   0.687500
  0.673367   0.546565   0.551979   0.224797   0.329758  -0.004830  -0.330157   0.062500   0.687500
  0.678392   0.547694   0.553636   0.224772   0.328099   0.083767  -0.284831   0.062500   0.687500
  0.683417   0.548824   0.555285   0.225193   0.326667   0.150719  -0.244335   0.062500   0.687500
  0.688442   0.549955   0.556926   0.225951   0.325440   0.211599  -0.214106   0.062500   0.687500
  0.693467   0.551091   0.558561   0.227014   0.324364   0.269730  -0.194051   0.062500   0.687500
  0.698492   0.552231   0.560191   0.228369   0.323389   0.320990  -0.181424   0.062500   0.687500
  0.703518   0.553379   0.561817   0.229983   0.322477   0.357431  -0.172468   0.062500   0.687500
  0.708543   0.554535   0.563437   0.231779   0.321610   0.371269  -0.163567   0.062500   0.687500
  0.713568   0.555700   0.565053   0.233644   0.320788   0.359649  -0.152375   0.062500   0.687500
  0.718593   0.556874   0.566665   0.235452   0.320022   0.327194  -0.138593   0.062500   0.687500
  0.723618   0.558057   0.568273   0.237096   0.319326   0.283662  -0.123652   0.062500   0.687500
  0.728643   0.559248   0.569878   0.238521   0.318705   0.238845  -0.109583   0.062500   0.687500
  0.733668   0.560447   0.571479   0.239721   0.318154   0.199223  -0.098044   0.062500   0.687500
  0.738693   0.561651   0.573078   0.240722   0.317661   0.167709  -0.089971   0.062500   0.687500
  0.743719   0.562861   0.574675   0.241565   0.317209   0.144902  -0.085576   0.062500   0.687500
  0.748744   0.564075   0.576269   0.242294   0.316779   0.130233  -0.084296   0.062500   0.687500
  0.753769   0.565293   0.577861   0.242948   0.316356   0.122372  -0.084619   0.062500   0.687500
  0.758794   0.566513   0.579450   0.243563   0.315930   0.119156  -0.084148   0.062500   0.687500
  0.763819   0.567737   0.581038   0.244162   0.315507   0.117594  -0.080405   0.062500   0.687500
  0.768844   0.568964   0.582623   0.244753   0.315103   0.114622  -0.072325   0.062500   0.687500
  0.773869   0.570194   0.584207   0.245329   0.314740   0.108324  -0.061232   0.062500   0.687500
  0.778894   0.571427   0.585788   0.245873   0.314432   0.098560  -0.050295   0.062500   0.687500
  0.783920   0.572663   0.587369   0.246368   0.314180   0.086577  -0.043068   0.062500   0.687500
  0.788945   0.573901   0.588947   0.246803   0.313963   0.074273  -0.042300   0.062500   0.687500
  0.793970   0.575141   0.590525   0.247176   0.313751   0.063692  -0.049257   0.062500   0.687500
  0.798995   0.576383   0.592102   0.247497   0.313503   0.056840  -0.063121   0.062500   0.687500
  0.804020   0.577627   0.593677   0.247782   0.313186   0.055401  -0.080216   0.062500   0.687500
  0.809045   0.578872   0.595251   0.248061   0.312783   0.060036  -0.093744   0.062500   0.687500
  0.814070   0.580118   0.596822   0.248362   0.312312   0.069360  -0.095641   0.062500   0.687500
  0.819095   0.581366   0.598392   0.248711   0.311831   0.079619  -0.081155   0.062500   0.687500
  0.824121   0.582616   0.599959   0.249111   0.311423   0.086041  -0.053099   0.062500   0.687500
  0.829146   0.583868   0.601524   0.249543   0.311156   0.085150  -0.021446   0.062500   0.687500
  0.834171   0.585122   0.603087   0.249971   0.311049   0.076131   0.001536   0.062500   0.687500
  0.839196   0.586378   0.604650   0.250354   0.311056   0.060590   0.006036   0.062500   0.687500
  0.844221   0.587636   0.606214   0.250658   0.311087   0.041792  -0.012870   0.062500   0.687500
  0.849246   0.588896   0.607777   0.250868   0.311022   0.024207  -0.053987   0.062500   0.687500
  0.854271   0.590156   0.609340   0.250990   0.310751   0.013262  -0.108503   0.062500   0.687500
  0.859296   0.591418   0.610901   0.251056   0.310206   0.014399  -0.158925   0.062500   0.687500
  0.864322   0.592679   0.612460   0.251129   0.309407   0.030590  -0.182170   0.062500   0.687500
  0.869347   0.593941   0.614015   0.251283   0.308491   0.059011  -0.160171   0.062500   0.687500
  0.874372   0.595204   0.615565   0.251579   0.307686   0.090227  -0.093422   0.062500   0.687500
  0.879397   0.596468   0.617111   0.252032   0.307217   0.112160  -0.004418   0.062500   0.687500
  0.884422   0.597735   0.618655   0.252596   0.307195   0.116048   0.073767   0.062500   0.687500
  0.889447   0.599004   0.620199   0.253179   0.307566   0.099567   0.112869   0.062500   0.687500
  0.894472   0.600276   0.621744   0.253680   0.308133   0.066448   0.097961   0.062500   0.687500
  0.899497   0.601551   0.623293   0.254013   0.308625   0.025059   0.029497   0.062500   0.687500
  0.904523   0.602828   0.624844   0.254139   0.308773  -0.012575  -0.076064   0.062500   0.687500
  0.909548   0.604105   0.626395   0.254076   0.308391  -0.032075  -0.185384   0.062500   0.687500
  0.914573   0.605381   0.627945   0.253915   0.307459  -0.020744  -0.252400   0.062500   0.687500
  0.919598   0.606657   0.629490   0.253811   0.306191   0.025017  -0.234599   0.062500   0.687500
  0.924623   0.607933   0.631029   0.253936   0.305012   0.093453  -0.119067   0.062500   0.687500
  0.929648   0.609209   0.632561   0.254406   0.304414   0.160502   0.063467   0.062500   0.687500
  0.934673   0.610487   0.634091   0.255213   0.304733   0.202232   0.254475   0.062500   0.687500
  0.939698   0.611769   0.635622   0.256229   0.306012   0.205850   0.399188   0.062500   0.687500
  0.944724   0.613057   0.637160   0.257263   0.308018   0.171829   0.466927   0.062500   0.687500
  0.949749   0.614350   0.638708   0.258127   0.310364   0.110027   0.453255   0.062500   0.687500
  0.954774   0.615647   0.640268   0.258680   0.312642   0.035074   0.373769   0.062500   0.687500
  0.959799   0.616947   0.641839   0.258856   0.314520  -0.037080   0.257308   0.062500   0.687500
  0.964824   0.618248   0.643419   0.258670   0.315813  -0.092972   0.139082   0.062500   0.687500
  0.969849   0.619548   0.645006   0.258202   0.316512  -0.127036   0.049730   0.062500   0.687500
  0.974874   0.620845   0.646597   0.257564   0.316762  -0.146303   0.000591   0.062500   0.687500
  0.979899   0.622139   0.648188   0.256829   0.316765  -0.168522  -0.024165   0.062500   0.687500
  0.984925   0.623430   0.649780   0.255982   0.316643  -0.212314  -0.057624   0.062500   0.687500
  0.989950   0.624716   0.651371   0.254915   0.316354  -0.287371  -0.129599   0.062500   0.687500
  0.994975   0.625997   0.652961   0.253471   0.315702  -0.392529  -0.253676   0.062500   0.687500
  1.000000   0.627271   0.654548   0.251499   0.314428  -0.519967  -0.427659   0.062500   0.687500