  0.000000   0.373121   0.345398   0.000000   0.000000  18.228699  19.945521   0.062500   0.187500
  0.005025   0.373121   0.345398   0.091599   0.100226  14.726767  15.830913   0.062500   0.187500
  0.010050   0.373581   0.345902   0.165601   0.179777  11.362992  11.903895   0.062500   0.187500
  0.015075   0.374413   0.346805   0.222700   0.239594   8.233905   8.285264   0.062500   0.187500
  0.020101   0.375533   0.348009   0.264084   0.281235   5.492842   5.164348   0.062500   0.187500
  0.025126   0.376860   0.349422   0.291685   0.307186   3.312807   2.749860   0.062500   0.187500
  0.030151   0.378325   0.350966   0.308332   0.321004   1.791916   1.152308   0.062500   0.187500
  0.035176   0.379875   0.352579   0.317337   0.326795   0.880099   0.296602   0.062500   0.187500
  0.040201   0.381469   0.354221   0.321759   0.328285   0.399341  -0.047113   0.062500   0.187500
  0.045226   0.383086   0.355871   0.323766   0.328048   0.140373  -0.141049   0.062500   0.187500
  0.050251   0.384713   0.357519   0.324471   0.327340  -0.055693  -0.180297   0.062500   0.187500
  0.055276   0.386344   0.359164   0.324191   0.326434  -0.272754  -0.265646   0.062500   0.187500
  0.060302   0.387973   0.360805   0.322820   0.325098  -0.531230  -0.420520   0.062500   0.187500
  0.065327   0.389595   0.362438   0.320151   0.322985  -0.806340  -0.615344   0.062500   0.187500
  0.070352   0.391204   0.364061   0.316099   0.319893  -1.044806  -0.788346   0.062500   0.187500
  0.075377   0.392792   0.365669   0.310849   0.315932  -1.185578  -0.869629   0.062500   0.187500
  0.080402   0.394354   0.367256   0.304891   0.311562  -1.190583  -0.815167   0.062500   0.187500
  0.085427   0.395886   0.368822   0.298909   0.307466  -1.070429  -0.634760   0.062500   0.187500
  0.090452   0.397389   0.370367   0.293530   0.304276  -0.879836  -0.386731   0.062500   0.187500
  0.095477   0.398863   0.371896   0.289109   0.302333  -0.684932  -0.142031   0.062500   0.187500
  0.100503   0.400317   0.373416   0.285666   0.301619  -0.533159   0.048580   0.062500   0.187500
  0.105528   0.401752   0.374931   0.282987   0.301863  -0.444527   0.163890   0.062500   0.187500
  0.110553   0.403174   0.376448   0.280753   0.302686  -0.417149   0.206064   0.062500   0.187500
  0.115578   0.404585   0.377969   0.278657   0.303722  -0.435429   0.191596   0.062500   0.187500
  0.120603   0.405985   0.379495   0.276469   0.304685  -0.475418   0.145598   0.062500   0.187500
  0.125628   0.407374   0.381026   0.274080   0.305416  -0.509478   0.097280   0.062500   0.187500
  0.130653   0.408752   0.382561   0.271520   0.305905  -0.514131   0.072438   0.062500   0.187500
  0.135678   0.410116   0.384098   0.268937   0.306269  -0.480252   0.083148   0.062500   0.187500
  0.140704   0.411468   0.385638   0.266523   0.306687  -0.417265   0.122714   0.062500   0.187500
  0.145729   0.412807   0.387179   0.264426   0.307304  -0.345756   0.172134   0.062500   0.187500
  0.150754   0.414136   0.388723   0.262689   0.308169  -0.285035   0.212288   0.062500   0.187500
  0.155779   0.415456   0.390271   0.261256   0.309235  -0.245985   0.231570   0.062500   0.187500
  0.160804   0.416768   0.391825   0.260020   0.310399  -0.230684   0.226825   0.062500   0.187500
  0.165829   0.418075   0.393385   0.258861   0.311539  -0.234822   0.201275   0.062500   0.187500
  0.170854   0.419376   0.394951   0.257681   0.312550  -0.249829   0.162616   0.062500   0.187500
  0.175879   0.420671   0.396521   0.256426   0.313367  -0.264542   0.121653   0.062500   0.187500
  0.180905   0.421960   0.398096   0.255096   0.313979  -0.267927   0.089974   0.062500   0.187500
  0.185930   0.423241   0.399674   0.253750   0.314431  -0.253552   0.075635   0.062500   0.187500
  0.190955   0.424516   0.401254   0.252476   0.314811  -0.223159   0.078991   0.062500   0.187500
  0.195980   0.425785   0.402836   0.251354   0.315208  -0.185338   0.092982   0.062500   0.187500
  0.201005   0.427048   0.404420   0.250423   0.315675  -0.150066   0.107940   0.062500   0.187500
  0.206030   0.428307   0.406006   0.249669   0.316218  -0.124056   0.116412   0.062500   0.187500
  0.211055   0.429561   0.407595   0.249046   0.316803  -0.109541   0.114910   0.062500   0.187500
  0.216080   0.430813   0.409187   0.248495   0.317380  -0.105229   0.103386   0.062500   0.187500
  0.221106   0.432062   0.410782   0.247966   0.317900  -0.107528   0.084222   0.062500   0.187500
  0.226131   0.433308   0.412379   0.247426   0.318323  -0.111453   0.061581   0.062500   0.187500
  0.231156   0.434551   0.413979   0.246866   0.318632  -0.111690   0.040674   0.062500   0.187500
  0.236181   0.435791   0.415580   0.246305   0.318837  -0.104432   0.026251   0.062500   0.187500
  0.241206   0.437029   0.417182   0.245780   0.318969  -0.089351   0.020415   0.062500   0.187500
  0.246231   0.438264   0.418785   0.245331   0.319071  -0.069812   0.021478   0.062500   0.187500
  0.251256   0.439497   0.420388   0.244980   0.319179  -0.050657   0.025208   0.062500   0.187500
  0.256281   0.440728   0.421992   0.244725   0.319306  -0.035559   0.027258   0.062500   0.187500
  0.261307   0.441958   0.423597   0.244547   0.319443  -0.025892   0.024719   0.062500   0.187500
  0.266332   0.443187   0.425202   0.244417   0.319567  -0.021038   0.016341   0.062500   0.187500
  0.271357   0.444415   0.426808   0.244311   0.319649  -0.019077   0.002200   0.062500   0.187500
  0.276382   0.445643   0.428414   0.244215   0.319660  -0.017367  -0.016557   0.062500   0.187500
  0.281407   0.446870   0.430021   0.244128   0.319577  -0.013051  -0.037866   0.062500   0.187500
  0.286432   0.448097   0.431627   0.244062   0.319387  -0.003760  -0.059397   0.062500   0.187500
  0.291457   0.449323   0.433232   0.244043   0.319088   0.011661  -0.080216   0.062500   0.187500
  0.296482   0.450549   0.434835   0.244102   0.318685   0.033199  -0.102866   0.062500   0.187500
  0.301508   0.451776   0.436437   0.244269   0.318168   0.060917  -0.134164   0.062500   0.187500
  0.306533   0.453004   0.438035   0.244575   0.317494   0.096468  -0.184012   0.062500   0.187500
  0.311558   0.454233   0.439631   0.245060   0.316569   0.143707  -0.263310   0.062500   0.187500
  0.316583   0.455464   0.441222   0.245782   0.315246   0.207868  -0.381307   0.062500   0.187500
  0.321608   0.456699   0.442806   0.246826   0.313330   0.293284  -0.540982   0.062500   0.187500
  0.326633   0.457939   0.444380   0.248300   0.310612   0.399187  -0.730246   0.062500   0.187500
  0.331658   0.459187   0.445941   0.250306   0.306942   0.513823  -0.909640   0.062500   0.187500
  0.336683   0.460445   0.447483   0.252888   0.302371   0.610521  -1.005468   0.062500   0.187500
  0.341709   0.461716   0.449003   0.255956   0.297318   0.653719  -0.925777   0.062500   0.187500
  0.346734   0.463002   0.450497   0.259241   0.292666   0.618868  -0.604923   0.062500   0.187500
  0.351759   0.464305   0.451968   0.262351   0.289626   0.513375  -0.044283   0.062500   0.187500
  0.356784   0.465623   0.453423   0.264931   0.289403   0.378016   0.693136   0.062500   0.187500
  0.361809   0.466954   0.454877   0.266830   0.292886   0.267905   1.528854   0.062500   0.187500
  0.366834   0.468295   0.456349   0.268177   0.300569   0.228300   2.414978   0.062500   0.187500
  0.371859   0.469643   0.457860   0.269324   0.312704   0.272057   3.358970   0.062500   0.187500
  0.376884   0.470996   0.459431   0.270691   0.329583   0.352100   4.431993   0.062500   0.187500
  0.381910   0.472357   0.461087   0.272461   0.351858   0.325147   5.764105   0.062500   0.187500
  0.386935   0.473726   0.462855   0.274094   0.380823  -0.072593   7.509587   0.062500   0.187500
  0.391960   0.475103   0.464769   0.273730   0.418559  -1.184134   9.769275   0.062500   0.187500
  0.396985   0.476479   0.466872   0.267779   0.467649  -3.288431  12.492981   0.062500   0.187500
  0.402010   0.477824   0.469222   0.251255   0.530426  -6.436340  15.457881   0.062500   0.187500
  0.407035   0.479087   0.471888   0.218912   0.608102 -10.431286  18.370305   0.062500   0.187500
  0.412060   0.480187   0.474943   0.166495   0.700413 -14.980579  20.997582   0.062500   0.187500
  0.417085   0.481023   0.478463   0.091218   0.805926 -19.856282  23.205541   0.062500   0.187500
  0.422111   0.481482   0.482514  -0.008580   0.922557 -24.932243  24.886164   0.062500   0.187500
  0.427136   0.481439   0.487149  -0.133864   1.047610 -30.080327  25.828698   0.062500   0.187500
  0.432161   0.480766   0.492414  -0.285018   1.177399 -34.982071  25.594719   0.062500   0.187500
  0.437186   0.479334   0.498330  -0.460803   1.306013 -38.902299  23.466129   0.062500   0.187500
  0.442211   0.477018   0.504893  -0.656287   1.423930 -40.612759  18.607073   0.062500   0.187500
  0.447236   0.473720   0.512048  -0.860366   1.517430 -38.720783  10.520236   0.062500   0.187500
  0.452261   0.469397   0.519673  -1.054938   1.570295 -32.405820  -0.449333   0.062500   0.187500
  0.457286   0.464096   0.527564  -1.217777   1.568037 -21.979698 -13.090200   0.062500   0.187500
  0.462312   0.457975   0.535445  -1.328247   1.502245  -8.674401 -25.901218   0.062500   0.187500
  0.467337   0.451301   0.542994  -1.371836   1.372092   6.075256 -37.698218   0.062500   0.187500
  0.472362   0.444408   0.549888  -1.341308   1.182658  21.196893 -47.810015   0.062500   0.187500
  0.477387   0.437667   0.555831  -1.234794   0.942413  36.044944 -55.861700   0.062500   0.187500
  0.482412   0.431463   0.560567  -1.053668   0.661708  50.141107 -61.458506   0.062500   0.187500
  0.487437   0.426168   0.563892  -0.801709   0.352879  62.782024 -63.958890   0.062500   0.187500
  0.492462   0.422139   0.565665  -0.486229   0.031485  72.727104 -62.504471   0.062500   0.187500
  0.497487   0.419696   0.565823  -0.120775  -0.282600  78.283055 -56.443707   0.062500   0.187500
  0.502513   0.419089   0.564403   0.272675  -0.566286  78.019072 -45.997324   0.062500   0.187500
  0.507538   0.420459   0.561557   0.664721  -0.797422  71.715052 -32.563667   0.062500   0.187500
  0.512563   0.423799   0.557550   1.025089  -0.961055  60.607709 -18.169573   0.062500   0.187500
  0.517588   0.428951   0.552721   1.329643  -1.052357  46.672081  -4.569035   0.062500   0.187500
  0.522613   0.435632   0.547433   1.564170  -1.075316  31.709368   7.246599   0.062500   0.187500
  0.527638   0.443492   0.542030   1.723510  -1.038902  16.924387  16.951566   0.062500   0.187500
  0.532663   0.452153   0.536809   1.808555  -0.953720   2.999804  24.539425   0.062500   0.187500
  0.537688   0.461241   0.532017   1.823629  -0.830410  -9.615333  30.018336   0.062500   0.187500
  0.542714   0.470406   0.527843   1.775302  -0.679538 -20.424865  33.263566   0.062500   0.187500
  0.547739   0.479327   0.524428   1.672667  -0.512388 -28.758884  34.073331   0.062500   0.187500
  0.552764   0.487732   0.521854   1.528154  -0.341170 -33.968914  32.429246   0.062500   0.187500
  0.557789   0.495411   0.520139   1.357460  -0.178213 -35.833650  28.757666   0.062500   0.187500
  0.562814   0.502232   0.519244   1.177396  -0.033705 -34.820396  23.901225   0.062500   0.187500
  0.567839   0.508149   0.519074   1.002423   0.086398 -31.880269  18.771575   0.062500   0.187500
  0.572864   0.513186   0.519508   0.842225   0.180725 -27.992591  14.015527   0.062500   0.187500
  0.577889   0.517418   0.520417   0.701562   0.251153 -23.859348   9.931515   0.062500   0.187500
  0.582915   0.520944   0.521679   0.581645   0.301069 -19.859742   6.572064   0.062500   0.187500
  0.587940   0.523867   0.523192   0.481850   0.334094 -16.148506   3.884219   0.062500   0.187500
  0.592965   0.526288   0.524871   0.400704   0.353612 -12.766649   1.800597   0.062500   0.187500
  0.597990   0.528302   0.526647   0.336551   0.362660  -9.733260   0.281786   0.062500   0.187500
  0.603015   0.529993   0.528470   0.287642   0.364076  -7.090516  -0.695866   0.062500   0.187500
  0.608040   0.531438   0.530299   0.252012   0.360579  -4.896891  -1.184056   0.062500   0.187500
  0.613065   0.532705   0.532111   0.227405   0.354629  -3.180963  -1.293684   0.062500   0.187500
  0.618090   0.533847   0.533893   0.211421   0.348129  -1.906236  -1.174637   0.062500   0.187500
  0.623116   0.534910   0.535643   0.201840   0.342225  -0.983559  -0.963553   0.062500   0.187500
  0.628141   0.535924   0.537363   0.196898   0.337383  -0.312490  -0.749519   0.062500   0.187500
  0.633166   0.536914   0.539058   0.195327   0.333617   0.188341  -0.573297   0.062500   0.187500
  0.638191   0.537895   0.540734   0.196274   0.330736   0.569606  -0.444041   0.062500   0.187500
  0.643216   0.538882   0.542396   0.199136   0.328505   0.853549  -0.355409   0.062500   0.187500
  0.648241   0.539882   0.544047   0.203425   0.326719   1.041370  -0.295663   0.062500   0.187500
  0.653266   0.540904   0.545689   0.208658   0.325233   1.125053  -0.252932   0.062500   0.187500
  0.658291   0.541953   0.547323   0.214311   0.323962   1.103705  -0.218126   0.062500   0.187500
  0.663317   0.543030   0.548951   0.219859   0.322866   0.996660  -0.186430   0.062500   0.187500
  0.668342   0.544135   0.550574   0.224867   0.321929   0.841412  -0.156998   0.062500   0.187500
  0.673367   0.545265   0.552191   0.229095   0.321140   0.677253  -0.130952   0.062500   0.187500
  0.678392   0.546416   0.553805   0.232498   0.320482   0.530927  -0.109444   0.062500   0.187500
  0.683417   0.547584   0.555416   0.235166   0.319932   0.413712  -0.092840   0.062500   0.187500
  0.688442   0.548766   0.557023   0.237245   0.319465   0.326254  -0.080837   0.062500   0.187500
  0.693467   0.549958   0.558629   0.238884   0.319059   0.264290  -0.072793   0.062500   0.187500
  0.698492   0.551159   0.560232   0.240212   0.318693   0.222191  -0.067904   0.062500   0.187500
  0.703518   0.552366   0.561834   0.241329   0.318352   0.194345  -0.065184   0.062500   0.187500
  0.708543   0.553579   0.563433   0.242306   0.318025   0.175477  -0.063452   0.062500   0.187500
  0.713568   0.554796   0.565031   0.243187   0.317706   0.160915  -0.061557   0.062500   0.187500
  0.718593   0.556018   0.566628   0.243996   0.317396   0.147312  -0.058830   0.062500   0.187500
  0.723618   0.557244   0.568223   0.244736   0.317101   0.133176  -0.055375   0.062500   0.187500
  0.728643   0.558474   0.569816   0.245406   0.316823   0.118621  -0.051913   0.062500   0.187500
  0.733668   0.559707   0.571408   0.246002   0.316562   0.104627  -0.049382   0.062500   0.187500
  0.738693   0.560943   0.572999   0.246527   0.316314   0.092394  -0.048584   0.062500   0.187500
  0.743719   0.562182   0.574589   0.246992   0.316069   0.083023  -0.049930   0.062500   0.187500
  0.748744   0.563424   0.576177   0.247409   0.315818   0.077330  -0.053170   0.062500   0.187500
  0.753769   0.564667   0.577764   0.247798   0.315551   0.075510  -0.057106   0.062500   0.187500
  0.758794   0.565912   0.579350   0.248177   0.315264   0.076702  -0.059597   0.062500   0.187500
  0.763819   0.567159   0.580934   0.248562   0.314965   0.078808  -0.058361   0.062500   0.187500
  0.768844   0.568408   0.582517   0.248958   0.314672   0.079183  -0.052466   0.062500   0.187500
  0.773869   0.569659   0.584098   0.249356   0.314408   0.075953  -0.043319   0.062500   0.187500
  0.778894   0.570912   0.585678   0.249738   0.314190   0.068872  -0.034135   0.062500   0.187500
  0.783920   0.572167   0.587257   0.250084   0.314019   0.059116  -0.028498   0.062500   0.187500
  0.788945   0.573424   0.588835   0.250381   0.313875   0.048592  -0.029175   0.062500   0.187500
  0.793970   0.574682   0.590412   0.250625   0.313729   0.039420  -0.037449   0.062500   0.187500
  0.798995   0.575941   0.591988   0.250823   0.313541   0.033693  -0.052518   0.062500   0.187500
  0.804020   0.577202   0.593564   0.250993   0.313277   0.033180  -0.070717   0.062500   0.187500
  0.809045   0.578463   0.595138   0.251159   0.312921   0.038604  -0.085256   0.062500   0.187500
  0.814070   0.579725   0.596711   0.251353   0.312493   0.048632  -0.088083   0.062500   0.187500
  0.819095   0.580988   0.598281   0.251598   0.312050   0.059539  -0.074451   0.062500   0.187500
  0.824121   0.582253   0.599849   0.251897   0.311676   0.066573  -0.047182   0.062500   0.187500
  0.829146   0.583519   0.601415   0.252232   0.311439   0.066270  -0.016251   0.062500   0.187500
  0.834171   0.584786   0.602980   0.252565   0.311357   0.057818   0.006067   0.062500   0.187500
  0.839196   0.586055   0.604545   0.252855   0.311388   0.042830   0.009956   0.062500   0.187500
  0.844221   0.587326   0.606110   0.253070   0.311438   0.024569  -0.009510   0.062500   0.187500
  0.849246   0.588597   0.607675   0.253194   0.311390   0.007510  -0.051141   0.062500   0.187500
  0.854271   0.589870   0.609239   0.253232   0.311133  -0.002922  -0.106128   0.062500   0.187500
  0.859296   0.591142   0.610803   0.253217   0.310600  -0.001282  -0.156981   0.062500   0.187500
  0.864322   0.592415   0.612364   0.253210   0.309811   0.015401  -0.180620   0.062500   0.187500
  0.869347   0.593687   0.613921   0.253288   0.308903   0.044304  -0.158979   0.062500   0.187500
  0.874372   0.594960   0.615473   0.253510   0.308104   0.075990  -0.092557   0.062500   0.187500
  0.879397   0.596234   0.617021   0.253892   0.307639   0.098384  -0.003850   0.062500   0.187500
  0.884422   0.597510   0.618567   0.254387   0.307620   0.102722   0.074066   0.062500   0.187500
  0.889447   0.598788   0.620113   0.254903   0.307992   0.086680   0.112925   0.062500   0.187500
  0.894472   0.600069   0.621661   0.255338   0.308560   0.053990   0.097798   0.062500   0.187500
  0.899497   0.601352   0.623211   0.255610   0.309051   0.013019   0.029135   0.062500   0.187500
  0.904523   0.602637   0.624764   0.255675   0.309197  -0.024207  -0.076603   0.062500   0.187500
  0.909548   0.603921   0.626318   0.255554   0.308813  -0.043309  -0.186082   0.062500   0.187500
  0.914573   0.605206   0.627870   0.255336   0.307878  -0.031592  -0.253239   0.062500   0.187500
  0.919598   0.606489   0.629417   0.255177   0.306605   0.014546  -0.235564   0.062500   0.187500
  0.924623   0.607771   0.630958   0.255250   0.305421   0.083347  -0.120143   0.062500   0.187500
  0.929648   0.609054   0.632492   0.255669   0.304818   0.150752   0.062294   0.062500   0.187500
  0.934673   0.610338   0.634024   0.256427   0.305131   0.192827   0.253216   0.062500   0.187500
  0.939698   0.611627   0.635557   0.257396   0.306403   0.196780   0.397855   0.062500   0.187500
  0.944724   0.612921   0.637097   0.258385   0.308403   0.163084   0.465532   0.062500   0.187500
  0.949749   0.614219   0.638647   0.259204   0.310742   0.101597   0.451806   0.062500   0.187500
  0.954774   0.615521   0.640209   0.259715   0.313012   0.026951   0.372276   0.062500   0.187500
  0.959799   0.616826   0.641781   0.259850   0.314883  -0.044907   0.255779   0.062500   0.187500
  0.964824   0.618132   0.643364   0.259624   0.316168  -0.100512   0.137524   0.062500   0.187500
  0.969849   0.619437   0.644952   0.259119   0.316859  -0.134298   0.048150   0.062500   0.187500
  0.974874   0.620739   0.646545   0.258444   0.317101  -0.153296  -0.001005   0.062500   0.187500
  0.979899   0.622038   0.648138   0.257674   0.317096  -0.175255  -0.025772   0.062500   0.187500
  0.984925   0.623333   0.649732   0.256793   0.316967  -0.218795  -0.059236   0.062500   0.187500
  0.989950   0.624623   0.651325   0.255694   0.316669  -0.293609  -0.131212   0.062500   0.187500
  0.994975   0.625908   0.652916   0.254218   0.316010  -0.398531  -0.255285   0.062500   0.187500
  1.000000   0.627185   0.654504   0.252216   0.314727  -0.525742  -0.429261   0.062500   0.187500