  0.000000   0.373121   0.345398   0.000000   0.000000  18.228700  19.945523   0.062500   0.062500
  0.005025   0.373121   0.345398   0.091599   0.100226  14.726773  15.830920   0.062500   0.062500
  0.010050   0.373581   0.345902   0.165601   0.179777  11.363002  11.903907   0.062500   0.062500
  0.015075   0.374413   0.346805   0.222700   0.239594   8.233917   8.285278   0.062500   0.062500
  0.020101   0.375533   0.348009   0.264084   0.281236   5.492855   5.164363   0.062500   0.062500
  0.025126   0.376860   0.349422   0.291686   0.307186   3.312818   2.749875   0.062500   0.062500
  0.030151   0.378325   0.350966   0.308333   0.321005   1.791925   1.152319   0.062500   0.062500
  0.035176   0.379875   0.352579   0.317337   0.326795   0.880106   0.296611   0.062500   0.062500
  0.040201   0.381469   0.354221   0.321759   0.328285   0.399345  -0.047108   0.062500   0.062500
  0.045226   0.383086   0.355871   0.323766   0.328049   0.140375  -0.141046   0.062500   0.062500
  0.050251   0.384713   0.357519   0.324472   0.327340  -0.055693  -0.180295   0.062500   0.062500
  0.055276   0.386344   0.359164   0.324192   0.326434  -0.272754  -0.265645   0.062500   0.062500
  0.060302   0.387973   0.360805   0.322821   0.325099  -0.531231  -0.420521   0.062500   0.062500
  0.065327   0.389595   0.362438   0.320151   0.322986  -0.806341  -0.615346   0.062500   0.062500
  0.070352   0.391204   0.364061   0.316100   0.319894  -1.044808  -0.788348   0.062500   0.062500
  0.075377   0.392792   0.365669   0.310849   0.315932  -1.185580  -0.869631   0.062500   0.062500
  0.080402   0.394354   0.367256   0.304892   0.311562  -1.190586  -0.815170   0.062500   0.062500
  0.085427   0.395887   0.368822   0.298909   0.307466  -1.070432  -0.634764   0.062500   0.062500
  0.090452   0.397389   0.370367   0.293530   0.304276  -0.879839  -0.386736   0.062500   0.062500
  0.095477   0.398864   0.371896   0.289109   0.302333  -0.684936  -0.142036   0.062500   0.062500
  0.100503   0.400317   0.373416   0.285667   0.301619  -0.533162   0.048575   0.062500   0.062500
  0.105528   0.401752   0.374931   0.282987   0.301863  -0.444531   0.163885   0.062500   0.062500
  0.110553   0.403174   0.376448   0.280754   0.302687  -0.417153   0.206059   0.062500   0.062500
  0.115578   0.404585   0.377969   0.278657   0.303722  -0.435433   0.191591   0.062500   0.062500
  0.120603   0.405985   0.379495   0.276469   0.304685  -0.475422   0.145593   0.062500   0.062500
  0.125628   0.407374   0.381026   0.274080   0.305417  -0.509481   0.097276   0.062500   0.062500
  0.130653   0.408752   0.382561   0.271520   0.305905  -0.514135   0.072434   0.062500   0.062500
  0.135678   0.410116   0.384098   0.268937   0.306269  -0.480256   0.083143   0.062500   0.062500
  0.140704   0.411468   0.385638   0.266523   0.306687  -0.417269   0.122710   0.062500   0.062500
  0.145729   0.412807   0.387179   0.264426   0.307304  -0.345760   0.172130   0.062500   0.062500
  0.150754   0.414136   0.388723   0.262689   0.308169  -0.285038   0.212283   0.062500   0.062500
  0.155779   0.415456   0.390271   0.261256   0.309236  -0.245988   0.231566   0.062500   0.062500
  0.160804   0.416769   0.391825   0.260020   0.310399  -0.230687   0.226821   0.062500   0.062500
  0.165829   0.418075   0.393385   0.258861   0.311539  -0.234825   0.201271   0.062500   0.062500
  0.170854   0.419376   0.394951   0.257681   0.312550  -0.249833   0.162613   0.062500   0.062500
  0.175879   0.420671   0.396521   0.256426   0.313367  -0.264546   0.121651   0.062500   0.062500
  0.180905   0.421960   0.398096   0.255096   0.313979  -0.267930   0.089972   0.062500   0.062500
  0.185930   0.423241   0.399674   0.253750   0.314431  -0.253555   0.075636   0.062500   0.062500
  0.190955   0.424517   0.401254   0.252476   0.314811  -0.223164   0.078995   0.062500   0.062500
  0.195980   0.425785   0.402836   0.251354   0.315208  -0.185344   0.092991   0.062500   0.062500
  0.201005   0.427048   0.404420   0.250423   0.315675  -0.150073   0.107957   0.062500   0.062500
  0.206030   0.428307   0.406006   0.249669   0.316218  -0.124066   0.116441   0.062500   0.062500
  0.211055   0.429561   0.407595   0.249045   0.316803  -0.109557   0.114959   0.062500   0.062500
  0.216080   0.430813   0.409187   0.248495   0.317381  -0.105253   0.103464   0.062500   0.062500
  0.221106   0.432062   0.410782   0.247966   0.317901  -0.107566   0.084347   0.062500   0.062500
  0.226131   0.433308   0.412380   0.247425   0.318324  -0.111514   0.061782   0.062500   0.062500
  0.231156   0.434551   0.413979   0.246865   0.318635  -0.111790   0.040998   0.062500   0.062500
  0.236181   0.435791   0.415580   0.246303   0.318841  -0.104599   0.026782   0.062500   0.062500
  0.241206   0.437029   0.417182   0.245778   0.318975  -0.089633   0.021291   0.062500   0.062500
  0.246231   0.438264   0.418785   0.245327   0.319082  -0.070281   0.022916   0.062500   0.062500
  0.251256   0.439497   0.420389   0.244974   0.319198  -0.051425   0.027534   0.062500   0.062500
  0.256281   0.440728   0.421993   0.244716   0.319336  -0.036787   0.030941   0.062500   0.062500
  0.261307   0.441958   0.423598   0.244531   0.319491  -0.027808   0.030404   0.062500   0.062500
  0.266332   0.443187   0.425203   0.244391   0.319644  -0.023951   0.024864   0.062500   0.062500
  0.271357   0.444415   0.426809   0.244271   0.319769  -0.023386   0.014536   0.062500   0.062500
  0.276382   0.445642   0.428416   0.244153   0.319842  -0.023547   0.000553   0.062500   0.062500
  0.281407   0.446869   0.430023   0.244035   0.319845  -0.021643  -0.015284   0.062500   0.062500
  0.286432   0.448095   0.431631   0.243926   0.319768  -0.015424  -0.031036   0.062500   0.062500
  0.291457   0.449321   0.433237   0.243849   0.319612  -0.004094  -0.045775   0.062500   0.062500
  0.296482   0.450546   0.434843   0.243828   0.319382   0.011488  -0.060897   0.062500   0.062500
  0.301508   0.451772   0.436449   0.243886   0.319076   0.029891  -0.080531   0.062500   0.062500
  0.306533   0.452997   0.438052   0.244036   0.318672   0.050693  -0.110709   0.062500   0.062500
  0.311558   0.454224   0.439653   0.244291   0.318115   0.075332  -0.158200   0.062500   0.062500
  0.316583   0.455451   0.441252   0.244669   0.317320   0.106849  -0.229322   0.062500   0.062500
  0.321608   0.456681   0.442846   0.245206   0.316168   0.148875  -0.327990   0.062500   0.062500
  0.326633   0.457913   0.444435   0.245954   0.314520   0.203916  -0.451649   0.062500   0.062500
  0.331658   0.459149   0.446016   0.246979   0.312250   0.270983  -0.585140   0.062500   0.062500
  0.336683   0.460390   0.447585   0.248341   0.309310   0.343828  -0.696634   0.062500   0.062500
  0.341709   0.461638   0.449139   0.250069   0.305809   0.413062  -0.744630   0.062500   0.062500
  0.346734   0.462895   0.450676   0.252144   0.302067   0.474302  -0.700066   0.062500   0.062500
  0.351759   0.464162   0.452194   0.254528   0.298549   0.538058  -0.568794   0.062500   0.062500
  0.356784   0.465441   0.453694   0.257231   0.295691   0.632323  -0.391550   0.062500   0.062500
  0.361809   0.466733   0.455180   0.260409   0.293723   0.795719  -0.220932   0.062500   0.062500
  0.366834   0.468042   0.456656   0.264407   0.292613   1.065164  -0.092775   0.062500   0.062500
  0.371859   0.469370   0.458126   0.269760   0.292147   1.458117   0.000060   0.062500   0.062500
  0.376884   0.470726   0.459594   0.277087   0.292147   1.942715   0.137168   0.062500   0.062500
  0.381910   0.472119   0.461063   0.286851   0.292837   2.392228   0.503592   0.062500   0.062500
  0.386935   0.473560   0.462534   0.298872   0.295367   2.542627   1.398258   0.062500   0.062500
  0.391960   0.475062   0.464018   0.311649   0.302393   2.013107   3.162554   0.062500   0.062500
  0.396985   0.476628   0.465538   0.321764   0.318285   0.442299   6.007613   0.062500   0.062500
  0.402010   0.478245   0.467137   0.323987   0.348473  -2.322208   9.854816   0.062500   0.062500
  0.407035   0.479873   0.468888   0.312318   0.397994  -6.163000  14.359051   0.062500   0.062500
  0.412060   0.481442   0.470888   0.281349   0.470148 -10.826276  19.096570   0.062500   0.062500
  0.417085   0.482856   0.473251   0.226947   0.566108 -16.100258  23.718830   0.062500   0.062500
  0.422111   0.483997   0.476096   0.146027   0.685319 -21.880986  27.949498   0.062500   0.062500
  0.427136   0.484730   0.479540   0.036075   0.825766 -28.081332  31.444915   0.062500   0.062500
  0.432161   0.484912   0.483689  -0.105034   0.983776 -34.426882  33.611780   0.062500   0.062500
  0.437186   0.484384   0.488633  -0.278029   1.152675 -40.173889  33.480109   0.062500   0.062500
  0.442211   0.482987   0.494425  -0.479903   1.320913 -43.950968  29.842726   0.062500   0.062500
  0.447236   0.480575   0.501062  -0.700756   1.470873 -44.042642  21.815746   0.062500   0.062500
  0.452261   0.477054   0.508454  -0.922071   1.580497 -39.208013   9.563206   0.062500   0.062500
  0.457286   0.472421   0.516396  -1.119091   1.628552 -29.433083  -5.523911   0.062500   0.062500
  0.462312   0.466796   0.524581  -1.267021   1.600789 -15.853157 -21.482533   0.062500   0.062500
  0.467337   0.460429   0.532625  -1.346684   1.492839  -0.004502 -36.600326   0.062500   0.062500
  0.472362   0.453662   0.540126  -1.346706   1.308922  16.860929 -49.768293   0.062500   0.062500
  0.477387   0.446895   0.546703  -1.261980   1.058837  33.924016 -60.279643   0.062500   0.062500
  0.482412   0.440553   0.552024  -1.091512   0.755931  50.541517 -67.465031   0.062500   0.062500
  0.487437   0.435069   0.555823  -0.837541   0.416920  65.790458 -70.437920   0.062500   0.062500
  0.492462   0.430860   0.557918  -0.506944   0.062969  78.075727 -68.181895   0.062500   0.062500
  0.497487   0.428313   0.558234  -0.114613  -0.279645  85.208798 -60.120902   0.062500   0.062500
  0.502513   0.427737   0.556829   0.313646  -0.581813  85.280999 -46.901501   0.062500   0.062500
  0.507538   0.429313   0.553905   0.742183  -0.817493  77.869837 -30.604229   0.062500   0.062500
  0.512563   0.433042   0.549797   1.133479  -0.971279  64.405444 -13.888507   0.062500   0.062500
  0.517588   0.438738   0.544916   1.457117  -1.041069  47.316875   1.150847   0.062500   0.062500
  0.522613   0.446060   0.539685   1.694884  -1.035286  28.895180  13.484735   0.062500   0.062500
  0.527638   0.454577   0.534483   1.840082  -0.967525  10.747529  22.917511   0.062500   0.062500
  0.532663   0.463823   0.529621   1.894088  -0.852364  -6.122767  29.613319   0.062500   0.062500
  0.537688   0.473341   0.525338   1.863322  -0.703557 -20.964693  33.736176   0.062500   0.062500
  0.542714   0.482706   0.521802   1.757953  -0.533999 -32.960795  35.312064   0.062500   0.062500
  0.547739   0.491540   0.519118   1.592325  -0.356556 -41.156457  34.326727   0.062500   0.062500
  0.552764   0.499541   0.517327   1.385514  -0.184064 -44.821925  31.001460   0.062500   0.062500
  0.557789   0.506503   0.516402   1.160284  -0.028282 -44.004697  26.002961   0.062500   0.062500
  0.562814   0.512334   0.516260   0.939160   0.102383 -39.729675  20.317531   0.062500   0.062500
  0.567839   0.517053   0.516774   0.739518   0.204478 -33.534655  14.856251   0.062500   0.062500
  0.572864   0.520769   0.517802   0.571007   0.279131 -26.793241  10.162208   0.062500   0.062500
  0.577889   0.523638   0.519204   0.436371   0.330196 -20.370981   6.401215   0.062500   0.062500
  0.582915   0.525832   0.520864   0.333986   0.362369 -14.663637   3.512859   0.062500   0.062500
  0.587940   0.527510   0.522685   0.260301   0.380021  -9.795037   1.363056   0.062500   0.062500
  0.592965   0.528818   0.524594   0.211081   0.386870  -5.785495  -0.171917   0.062500   0.062500
  0.597990   0.529878   0.526538   0.182009   0.386006  -2.654542  -1.175513   0.062500   0.062500
  0.603015   0.530793   0.528478   0.168670   0.380099  -0.427488  -1.709182   0.062500   0.062500
  0.608040   0.531641   0.530388   0.166522   0.371511   0.926947  -1.851530   0.062500   0.062500
  0.613065   0.532477   0.532255   0.171180   0.362207   1.555128  -1.719778   0.062500   0.062500
  0.618090   0.533338   0.534075   0.178994   0.353565   1.694422  -1.448029   0.062500   0.062500
  0.623116   0.534237   0.535852   0.187511   0.346287   1.583811  -1.145712   0.062500   0.062500
  0.628141   0.535179   0.537592   0.195469   0.340530   1.393959  -0.876309   0.062500   0.062500
  0.633166   0.536162   0.539303   0.202474   0.336126   1.214422  -0.662949   0.062500   0.062500
  0.638191   0.537179   0.540992   0.208576   0.332795   1.075601  -0.505387   0.062500   0.062500
  0.643216   0.538227   0.542665   0.213981   0.330255   0.974766  -0.393793   0.062500   0.062500
  0.648241   0.539302   0.544324   0.218879   0.328277   0.894510  -0.316440   0.062500   0.062500
  0.653266   0.540402   0.545974   0.223374   0.326687   0.814846  -0.262883   0.062500   0.062500
  0.658291   0.541525   0.547615   0.227469   0.325366   0.722495  -0.224913   0.062500   0.062500
  0.663317   0.542668   0.549251   0.231100   0.324235   0.616465  -0.196689   0.062500   0.062500
  0.668342   0.543829   0.550880   0.234198   0.323247   0.506320  -0.174553   0.062500   0.062500
  0.673367   0.545006   0.552504   0.236742   0.322370   0.404212  -0.156493   0.062500   0.062500
  0.678392   0.546196   0.554124   0.238773   0.321583   0.318251  -0.141523   0.062500   0.062500
  0.683417   0.547396   0.555740   0.240373   0.320872   0.250961  -0.129162   0.062500   0.062500
  0.688442   0.548604   0.557352   0.241634   0.320223   0.201133  -0.119151   0.062500   0.062500
  0.693467   0.549818   0.558962   0.242644   0.319624   0.166055  -0.111284   0.062500   0.062500
  0.698492   0.551037   0.560568   0.243479   0.319065   0.142742  -0.105267   0.062500   0.062500
  0.703518   0.552261   0.562171   0.244196   0.318536   0.128182  -0.100560   0.062500   0.062500
  0.708543   0.553488   0.563772   0.244840   0.318031   0.119180  -0.096329   0.062500   0.062500
  0.713568   0.554718   0.565370   0.245439   0.317547   0.112457  -0.091680   0.062500   0.062500
  0.718593   0.555952   0.566966   0.246004   0.317086   0.105393  -0.086135   0.062500   0.062500
  0.723618   0.557188   0.568559   0.246534   0.316653   0.096771  -0.079923   0.062500   0.062500
  0.728643   0.558427   0.570150   0.247020   0.316252   0.086811  -0.073838   0.062500   0.062500
  0.733668   0.559668   0.571739   0.247456   0.315881   0.076589  -0.068850   0.062500   0.062500
  0.738693   0.560911   0.573327   0.247841   0.315535   0.067436  -0.065769   0.062500   0.062500
  0.743719   0.562157   0.574913   0.248180   0.315204   0.060597  -0.065005   0.062500   0.062500
  0.748744   0.563404   0.576497   0.248485   0.314877   0.057014  -0.066300   0.062500   0.062500
  0.753769   0.564653   0.578079   0.248771   0.314544   0.056988  -0.068446   0.062500   0.062500
  0.758794   0.565903   0.579659   0.249058   0.314200   0.059735  -0.069292   0.062500   0.062500
  0.763819   0.567154   0.581238   0.249358   0.313852   0.063215  -0.066548   0.062500   0.062500
  0.768844   0.568407   0.582815   0.249675   0.313518   0.064822  -0.059272   0.062500   0.062500
  0.773869   0.569662   0.584391   0.250001   0.313220   0.062714  -0.048860   0.062500   0.062500
  0.778894   0.570918   0.585965   0.250316   0.312974   0.056662  -0.038523   0.062500   0.062500
  0.783920   0.572176   0.587538   0.250601   0.312781   0.047856  -0.031833   0.062500   0.062500
  0.788945   0.573435   0.589109   0.250842   0.312621   0.038213  -0.031552   0.062500   0.062500
  0.793970   0.574696   0.590680   0.251034   0.312462   0.029858  -0.038957   0.062500   0.062500
  0.798995   0.575957   0.592250   0.251184   0.312266   0.024890  -0.053238   0.062500   0.062500
  0.804020   0.577220   0.593820   0.251309   0.311999   0.025082  -0.070724   0.062500   0.062500
  0.809045   0.578482   0.595387   0.251435   0.311644   0.031164  -0.084620   0.062500   0.062500
  0.814070   0.579746   0.596953   0.251591   0.311218   0.041802  -0.086869   0.062500   0.062500
  0.819095   0.581010   0.598517   0.251801   0.310782   0.053276  -0.072718   0.062500   0.062500
  0.824121   0.582276   0.600079   0.252069   0.310416   0.060838  -0.044985   0.062500   0.062500
  0.829146   0.583542   0.601639   0.252375   0.310190   0.061025  -0.013641   0.062500   0.062500
  0.834171   0.584811   0.603198   0.252681   0.310122   0.053028   0.009043   0.062500   0.062500
  0.839196   0.586080   0.604756   0.252948   0.310167   0.038462   0.013254   0.062500   0.062500
  0.844221   0.587351   0.606315   0.253141   0.310234   0.020594  -0.005930   0.062500   0.062500
  0.849246   0.588623   0.607874   0.253245   0.310204   0.003898  -0.047316   0.062500   0.062500
  0.854271   0.589896   0.609432   0.253264   0.309966  -0.006196  -0.102090   0.062500   0.062500
  0.859296   0.591169   0.610990   0.253233   0.309453  -0.004243  -0.152763   0.062500   0.062500
  0.864322   0.592441   0.612545   0.253212   0.308685   0.012730  -0.176249   0.062500   0.062500
  0.869347   0.593714   0.614096   0.253276   0.307800   0.041900  -0.154482   0.062500   0.062500
  0.874372   0.594986   0.615643   0.253486   0.307024   0.073835  -0.087957   0.062500   0.062500
  0.879397   0.596260   0.617186   0.253857   0.306582   0.096457   0.000832   0.062500   0.062500
  0.884422   0.597536   0.618727   0.254342   0.306586   0.101006   0.078809   0.062500   0.062500
  0.889447   0.598814   0.620267   0.254850   0.306982   0.085158   0.117711   0.062500   0.062500
  0.894472   0.600094   0.621810   0.255278   0.307573   0.052648   0.102611   0.062500   0.062500
  0.899497   0.601377   0.623355   0.255542   0.308089   0.011842   0.033960   0.062500   0.062500
  0.904523   0.602662   0.624904   0.255602   0.308260  -0.025232  -0.071779   0.062500   0.062500
  0.909548   0.603946   0.626453   0.255475   0.307899  -0.044194  -0.181271   0.062500   0.062500
  0.914573   0.605230   0.628000   0.255253   0.306988  -0.032348  -0.248453   0.062500   0.062500
  0.919598   0.606512   0.629543   0.255090   0.305739   0.013908  -0.230812   0.062500   0.062500
  0.924623   0.607794   0.631079   0.255160   0.304580   0.082817  -0.115435   0.062500   0.062500
  0.929648   0.609076   0.632609   0.255576   0.304000   0.150321   0.066952   0.062500   0.062500
  0.934673   0.610361   0.634137   0.256332   0.304336   0.192486   0.257816   0.062500   0.062500
  0.939698   0.611649   0.635666   0.257299   0.305632   0.196521   0.402392   0.062500   0.062500
  0.944724   0.612942   0.637202   0.258287   0.307654   0.162900   0.470000   0.062500   0.062500
  0.949749   0.614240   0.638748   0.259105   0.310016   0.101481   0.456201   0.062500   0.062500
  0.954774   0.615542   0.640306   0.259615   0.312308   0.026896   0.376594   0.062500   0.062500
  0.959799   0.616846   0.641876   0.259750   0.314200  -0.044906   0.260017   0.062500   0.062500
  0.964824   0.618152   0.643454   0.259525   0.315507  -0.100460   0.141678   0.062500   0.062500
  0.969849   0.619456   0.645040   0.259020   0.316219  -0.134201   0.052218   0.062500   0.062500
  0.974874   0.620757   0.646629   0.258345   0.316481  -0.153159   0.002976   0.062500   0.062500
  0.979899   0.622056   0.648219   0.257576   0.316496  -0.175082  -0.021879   0.062500   0.062500
  0.984925   0.623350   0.649810   0.256696   0.316386  -0.218591  -0.055433   0.062500   0.062500
  0.989950   0.624640   0.651400   0.255597   0.316108  -0.293377  -0.127500   0.062500   0.062500
  0.994975   0.625924   0.652988   0.254123   0.315467  -0.398275  -0.251665   0.062500   0.062500
  1.000000   0.627201   0.654573   0.252122   0.314203  -0.525464  -0.425732   0.062500   0.062500