  0.000000   0.405721   0.323616   0.000000   0.000000  16.826926  20.732650   0.187500   0.312500
  0.005025   0.405721   0.323616   0.084555   0.104182  13.781657  16.380485   0.187500   0.312500
  0.010050   0.406146   0.324140   0.153808   0.186494  10.851972  12.223060   0.187500   0.312500
  0.015075   0.406919   0.325077   0.208339   0.247914   8.114206   8.392781   0.187500   0.312500
  0.020101   0.407966   0.326323   0.249121   0.290096   5.689939   5.097503   0.187500   0.312500
  0.025126   0.409218   0.327780   0.277713   0.315711   3.717399   2.566857   0.187500   0.312500
  0.030151   0.410613   0.329367   0.296393   0.328610   2.276436   0.923544   0.187500   0.312500
  0.035176   0.412103   0.331018   0.307832   0.333251   1.329901   0.086996   0.187500   0.312500
  0.040201   0.413649   0.332693   0.314515   0.333688   0.738433  -0.193430   0.187500   0.312500
  0.045226   0.415230   0.334369   0.318226   0.332716   0.336535  -0.204547   0.187500   0.312500
  0.050251   0.416829   0.336041   0.319917   0.331688  -0.002296  -0.160165   0.187500   0.312500
  0.055276   0.418437   0.337708   0.319905   0.330883  -0.345124  -0.171120   0.187500   0.312500
  0.060302   0.420044   0.339371   0.318171   0.330023  -0.707702  -0.263875   0.187500   0.312500
  0.065327   0.421643   0.341029   0.314614   0.328697  -1.067891  -0.407588   0.187500   0.312500
  0.070352   0.423224   0.342681   0.309248   0.326649  -1.378694  -0.537046   0.187500   0.312500
  0.075377   0.424778   0.344323   0.302320   0.323950  -1.585696  -0.578709   0.187500   0.312500
  0.080402   0.426297   0.345950   0.294352   0.321042  -1.654805  -0.486466   0.187500   0.312500
  0.085427   0.427776   0.347564   0.286037   0.318598  -1.596216  -0.270545   0.187500   0.312500
  0.090452   0.429214   0.349165   0.278016   0.317238  -1.460963   0.008528   0.187500   0.312500
  0.095477   0.430611   0.350759   0.270674   0.317281  -1.311216   0.277608   0.187500   0.312500
  0.100503   0.431971   0.352353   0.264084   0.318677  -1.192369   0.484955   0.187500   0.312500
  0.105528   0.433298   0.353955   0.258093   0.321113  -1.124488   0.609640   0.187500   0.312500
  0.110553   0.434595   0.355568   0.252442   0.324177  -1.107060   0.654873   0.187500   0.312500
  0.115578   0.435864   0.357197   0.246879   0.327468  -1.126299   0.638421   0.187500   0.312500
  0.120603   0.437104   0.358843   0.241219   0.330676  -1.160023   0.586580   0.187500   0.312500
  0.125628   0.438316   0.360505   0.235390   0.333623  -1.182121   0.529487   0.187500   0.312500
  0.130653   0.439499   0.362181   0.229450   0.336284  -1.170388   0.493523   0.187500   0.312500
  0.135678   0.440652   0.363871   0.223569   0.338764  -1.116749   0.491064   0.187500   0.312500
  0.140704   0.441776   0.365573   0.217956   0.341232  -1.031481   0.515597   0.187500   0.312500
  0.145729   0.442871   0.367288   0.212773   0.343823  -0.935856   0.548376   0.187500   0.312500
  0.150754   0.443940   0.369016   0.208070   0.346578  -0.849704   0.570656   0.187500   0.312500
  0.155779   0.444986   0.370757   0.203801   0.349446  -0.784311   0.571282   0.187500   0.312500
  0.160804   0.446010   0.372513   0.199859   0.352317  -0.742076   0.547544   0.187500   0.312500
  0.165829   0.447014   0.374284   0.196130   0.355068  -0.718950   0.503066   0.187500   0.312500
  0.170854   0.448000   0.376068   0.192518   0.357596  -0.706584   0.445875   0.187500   0.312500
  0.175879   0.448967   0.377865   0.188967   0.359836  -0.694006   0.386991   0.187500   0.312500
  0.180905   0.449917   0.379673   0.185479   0.361781  -0.670341   0.338024   0.187500   0.312500
  0.185930   0.450849   0.381491   0.182111   0.363480  -0.629317   0.306861   0.187500   0.312500
  0.190955   0.451764   0.383318   0.178948   0.365022  -0.572797   0.293572   0.187500   0.312500
  0.195980   0.452663   0.385152   0.176070   0.366497  -0.509477   0.290899   0.187500   0.312500
  0.201005   0.453548   0.386994   0.173510   0.367959  -0.449411   0.289178   0.187500   0.312500
  0.206030   0.454420   0.388843   0.171252   0.369412  -0.399371   0.281127   0.187500   0.312500
  0.211055   0.455280   0.390699   0.169245   0.370825  -0.361629   0.263510   0.187500   0.312500
  0.216080   0.456131   0.392562   0.167428   0.372149  -0.334916   0.236532   0.187500   0.312500
  0.221106   0.456972   0.394433   0.165744   0.373338  -0.315653   0.202793   0.187500   0.312500
  0.226131   0.457805   0.396309   0.164158   0.374357  -0.298863   0.166608   0.187500   0.312500
  0.231156   0.458630   0.398190   0.162656   0.375194  -0.279224   0.133193   0.187500   0.312500
  0.236181   0.459447   0.400075   0.161253   0.375863  -0.252911   0.107112   0.187500   0.312500
  0.241206   0.460258   0.401964   0.159982   0.376401  -0.219550   0.090092   0.187500   0.312500
  0.246231   0.461062   0.403856   0.158879   0.376854  -0.182414   0.080027   0.187500   0.312500
  0.251256   0.461860   0.405749   0.157962   0.377256  -0.146193   0.072382   0.187500   0.312500
  0.256281   0.462654   0.407645   0.157228   0.377620  -0.114344   0.062664   0.187500   0.312500
  0.261307   0.463444   0.409543   0.156653   0.377935  -0.087969   0.047927   0.187500   0.312500
  0.266332   0.464231   0.411442   0.156211   0.378176  -0.066178   0.026985   0.187500   0.312500
  0.271357   0.465016   0.413342   0.155879   0.378311  -0.046859   0.000146   0.187500   0.312500
  0.276382   0.465799   0.415243   0.155643   0.378312  -0.027455  -0.030804   0.187500   0.312500
  0.281407   0.466582   0.417144   0.155505   0.378157  -0.005675  -0.062530   0.187500   0.312500
  0.286432   0.467363   0.419045   0.155477   0.377843   0.019831  -0.090841   0.187500   0.312500
  0.291457   0.468144   0.420943   0.155576   0.377387   0.049326  -0.112981   0.187500   0.312500
  0.296482   0.468926   0.422840   0.155824   0.376819   0.083029  -0.130620   0.187500   0.312500
  0.301508   0.469709   0.424733   0.156241   0.376162   0.122931  -0.150906   0.187500   0.312500
  0.306533   0.470494   0.426624   0.156859   0.375404   0.173841  -0.184396   0.187500   0.312500
  0.311558   0.471283   0.428510   0.157733   0.374478   0.242823  -0.241571   0.187500   0.312500
  0.316583   0.472075   0.430392   0.158953   0.373264   0.336797  -0.328986   0.187500   0.312500
  0.321608   0.472874   0.432268   0.160645   0.371611   0.458015  -0.443819   0.187500   0.312500
  0.326633   0.473681   0.434135   0.162947   0.369380   0.596393  -0.564836   0.187500   0.312500
  0.331658   0.474500   0.435991   0.165944   0.366542   0.719808  -0.641474   0.187500   0.312500
  0.336683   0.475334   0.437833   0.169561   0.363319   0.769983  -0.591363   0.187500   0.312500
  0.341709   0.476186   0.439659   0.173431   0.360346   0.677790  -0.322863   0.187500   0.312500
  0.346734   0.477057   0.441470   0.176837   0.358724   0.401007   0.217040   0.187500   0.312500
  0.351759   0.477946   0.443272   0.178852   0.359815  -0.043641   1.008346   0.187500   0.312500
  0.356784   0.478845   0.445080   0.178632   0.364882  -0.587484   1.974669   0.187500   0.312500
  0.361809   0.479742   0.446914   0.175680   0.374804  -1.149322   3.035186   0.187500   0.312500
  0.366834   0.480625   0.448797   0.169905   0.390056  -1.674323   4.145992   0.187500   0.312500
  0.371859   0.481479   0.450757   0.161491   0.410890  -2.158974   5.312135   0.187500   0.312500
  0.376884   0.482291   0.452822   0.150643   0.437583  -2.671062   6.577771   0.187500   0.312500
  0.381910   0.483048   0.455021   0.137218   0.470643  -3.369680   8.000510   0.187500   0.312500
  0.386935   0.483737   0.457386   0.120285   0.510846  -4.503607   9.605646   0.187500   0.312500
  0.391960   0.484342   0.459953   0.097655   0.559114  -6.346709  11.333855   0.187500   0.312500
  0.396985   0.484832   0.462763   0.065762   0.616067  -9.057722  13.019398   0.187500   0.312500
  0.402010   0.485163   0.465859   0.020247   0.681489 -12.563929  14.448845   0.187500   0.312500
  0.407035   0.485265   0.469283  -0.042886   0.754095 -16.599143  15.465219   0.187500   0.312500
  0.412060   0.485049   0.473072  -0.126297   0.831807 -20.867384  16.018986   0.187500   0.312500
  0.417085   0.484414   0.477252  -0.231156   0.912303 -25.167257  16.126222   0.187500   0.312500
  0.422111   0.483253   0.481837  -0.357646   0.993353 -29.382942  15.779813   0.187500   0.312500
  0.427136   0.481455   0.486829  -0.505296   1.072647 -33.355702  14.864510   0.187500   0.312500
  0.432161   0.478916   0.492219  -0.672908   1.147341 -36.699347  13.099980   0.187500   0.312500
  0.437186   0.475535   0.497984  -0.857322   1.213168 -38.617707  10.052470   0.187500   0.312500
  0.442211   0.471227   0.504081  -1.051376   1.263682 -37.911352   5.286239   0.187500   0.312500
  0.447236   0.465944   0.510431  -1.241881   1.290245 -33.387403  -1.330631   0.187500   0.312500
  0.452261   0.459703   0.516914  -1.409653   1.283559 -24.581092  -9.366116   0.187500   0.312500
  0.457286   0.452620   0.523364  -1.533172   1.236494 -12.168345 -17.918686   0.187500   0.312500
  0.462312   0.444914   0.529579  -1.594331   1.146435   2.406900 -26.043465   0.187500   0.312500
  0.467337   0.436903   0.535339  -1.582236   1.015566  17.682642 -33.100342   0.187500   0.312500
  0.472362   0.428952   0.540443  -1.493381   0.849237  32.666088 -38.799391   0.187500   0.312500
  0.477387   0.421448   0.544710  -1.329234   0.654270  46.804300 -43.007299   0.187500   0.312500
  0.482412   0.414768   0.547998  -1.094042   0.438159  59.680479 -45.528377   0.187500   0.312500
  0.487437   0.409271   0.550200  -0.794148   0.209378  70.634765 -45.967613   0.187500   0.312500
  0.492462   0.405280   0.551252  -0.439208  -0.021609  78.512373 -43.773479   0.187500   0.312500
  0.497487   0.403073   0.551143  -0.044683  -0.241571  81.819853 -38.542437   0.187500   0.312500
  0.502513   0.402848   0.549929   0.366543  -0.435285  79.446823 -30.470693   0.187500   0.312500
  0.507538   0.404690   0.547742   0.765764  -0.588400  71.504995 -20.543634   0.187500   0.312500
  0.512563   0.408538   0.544785   1.125076  -0.691632  59.419066 -10.142363   0.187500   0.312500
  0.517588   0.414192   0.541309   1.423657  -0.742597  45.156200  -0.432741   0.187500   0.312500
  0.522613   0.421346   0.537578   1.650567  -0.744772  30.378554   7.950609   0.187500   0.312500
  0.527638   0.429640   0.533835   1.803219  -0.704820  16.112856  14.821027   0.187500   0.312500
  0.532663   0.438701   0.530294   1.884186  -0.630344   2.875415  20.194252   0.187500   0.312500
  0.537688   0.448169   0.527126   1.898635  -0.528868  -9.033224  24.076006   0.187500   0.312500
  0.542714   0.457711   0.524468   1.853234  -0.407862 -19.259362  26.359586   0.187500   0.312500
  0.547739   0.467024   0.522419   1.756456  -0.275405 -27.269011  26.869131   0.187500   0.312500
  0.552764   0.475850   0.521035   1.619429  -0.140388 -32.508501  25.556260   0.187500   0.312500
  0.557789   0.483988   0.520329   1.456074  -0.011968 -34.761789  22.705154   0.187500   0.312500
  0.562814   0.491305   0.520269   1.281396   0.102126 -34.402133  18.924968   0.187500   0.312500
  0.567839   0.497744   0.520782   1.108525   0.197224 -32.239518  14.896080   0.187500   0.312500
  0.572864   0.503314   0.521773   0.946522   0.272077 -29.131361  11.114446   0.187500   0.312500
  0.577889   0.508070   0.523141   0.800137   0.327927 -25.706527   7.819385   0.187500   0.312500
  0.582915   0.512092   0.524789   0.670936   0.367227 -22.311718   5.064625   0.187500   0.312500
  0.587940   0.515463   0.526634   0.558819   0.392677 -19.086857   2.823371   0.187500   0.312500
  0.592965   0.518271   0.528607   0.462908   0.406864 -16.057204   1.058790   0.187500   0.312500
  0.597990   0.520597   0.530652   0.382220   0.412184 -13.216711  -0.242022   0.187500   0.312500
  0.603015   0.522518   0.532723   0.315806   0.410968 -10.582262  -1.079586   0.187500   0.312500
  0.608040   0.524105   0.534788   0.262631   0.405543  -8.209880  -1.482771   0.187500   0.312500
  0.613065   0.525425   0.536826   0.221376   0.398092  -6.164916  -1.539720   0.187500   0.312500
  0.618090   0.526537   0.538826   0.190397   0.390355  -4.475961  -1.381317   0.187500   0.312500
  0.623116   0.527494   0.540788   0.167901   0.383413  -3.118042  -1.132401   0.187500   0.312500
  0.628141   0.528338   0.542715   0.152233   0.377723  -2.033706  -0.877420   0.187500   0.312500
  0.633166   0.529103   0.544613   0.142013   0.373314  -1.160767  -0.657160   0.187500   0.312500
  0.638191   0.529816   0.546489   0.136181   0.370011  -0.452579  -0.483129   0.187500   0.312500
  0.643216   0.530501   0.548348   0.133906   0.367584   0.115034  -0.352434   0.187500   0.312500
  0.648241   0.531173   0.550195   0.134484   0.365813   0.544655  -0.257365   0.187500   0.312500
  0.653266   0.531849   0.552033   0.137221   0.364519   0.826348  -0.189979   0.187500   0.312500
  0.658291   0.532539   0.553865   0.141374   0.363565   0.955644  -0.143538   0.187500   0.312500
  0.663317   0.533249   0.555692   0.146177   0.362843   0.951561  -0.112496   0.187500   0.312500
  0.668342   0.533984   0.557516   0.150958   0.362278   0.857996  -0.092264   0.187500   0.312500
  0.673367   0.534742   0.559336   0.155270   0.361814   0.725867  -0.079197   0.187500   0.312500
  0.678392   0.535523   0.561154   0.158917   0.361416   0.593933  -0.070726   0.187500   0.312500
  0.683417   0.536321   0.562970   0.161902   0.361061   0.482469  -0.065263   0.187500   0.312500
  0.688442   0.537135   0.564785   0.164326   0.360733   0.397378  -0.061910   0.187500   0.312500
  0.693467   0.537961   0.566597   0.166323   0.360422   0.336693  -0.060122   0.187500   0.312500
  0.698492   0.538796   0.568409   0.168015   0.360120   0.295132  -0.059392   0.187500   0.312500
  0.703518   0.539641   0.570219   0.169498   0.359821   0.266338  -0.059032   0.187500   0.312500
  0.708543   0.540492   0.572027   0.170837   0.359525   0.244053  -0.058181   0.187500   0.312500
  0.713568   0.541351   0.573833   0.172063   0.359232   0.223281  -0.056162   0.187500   0.312500
  0.718593   0.542216   0.575638   0.173185   0.358950   0.201513  -0.052951   0.187500   0.312500
  0.723618   0.543086   0.577442   0.174198   0.358684   0.178912  -0.049311   0.187500   0.312500
  0.728643   0.543961   0.579245   0.175097   0.358436   0.157259  -0.046440   0.187500   0.312500
  0.733668   0.544841   0.581046   0.175887   0.358203   0.138633  -0.045477   0.187500   0.312500
  0.738693   0.545725   0.582846   0.176583   0.357974   0.124652  -0.047167   0.187500   0.312500
  0.743719   0.546612   0.584645   0.177210   0.357737   0.116203  -0.051600   0.187500   0.312500
  0.748744   0.547503   0.586442   0.177794   0.357478   0.113231  -0.057901   0.187500   0.312500
  0.753769   0.548396   0.588239   0.178363   0.357187   0.114338  -0.063946   0.187500   0.312500
  0.758794   0.549293   0.590034   0.178937   0.356866   0.116541  -0.066594   0.187500   0.312500
  0.763819   0.550192   0.591827   0.179523   0.356531   0.115966  -0.063035   0.187500   0.312500
  0.768844   0.551094   0.593618   0.180106   0.356214   0.109739  -0.052850   0.187500   0.312500
  0.773869   0.551999   0.595408   0.180657   0.355949   0.097782  -0.038959   0.187500   0.312500
  0.778894   0.552907   0.597197   0.181149   0.355753   0.082824  -0.026381   0.187500   0.312500
  0.783920   0.553817   0.598985   0.181565   0.355620   0.068847  -0.020047   0.187500   0.312500
  0.788945   0.554729   0.600772   0.181911   0.355520   0.059548  -0.023286   0.187500   0.312500
  0.793970   0.555644   0.602559   0.182210   0.355403   0.057471  -0.037107   0.187500   0.312500
  0.798995   0.556559   0.604344   0.182499   0.355216   0.063510  -0.059539   0.187500   0.312500
  0.804020   0.557476   0.606129   0.182818   0.354917   0.076223  -0.084750   0.187500   0.312500
  0.809045   0.558395   0.607913   0.183201   0.354491   0.091178  -0.103012   0.187500   0.312500
  0.814070   0.559315   0.609694   0.183659   0.353973   0.101523  -0.103649   0.187500   0.312500
  0.819095   0.560238   0.611473   0.184169   0.353453   0.100929  -0.081402   0.187500   0.312500
  0.824121   0.561164   0.613249   0.184677   0.353044   0.087538  -0.041703   0.187500   0.312500
  0.829146   0.562092   0.615023   0.185116   0.352834   0.065361   0.000795   0.187500   0.312500
  0.834171   0.563022   0.616796   0.185445   0.352838   0.041927   0.029362   0.187500   0.312500
  0.839196   0.563954   0.618569   0.185656   0.352986   0.024876   0.031524   0.187500   0.312500
  0.844221   0.564887   0.620343   0.185781   0.353144   0.019866   0.001963   0.187500   0.312500
  0.849246   0.565820   0.622118   0.185880   0.353154   0.029680  -0.056219   0.187500   0.312500
  0.854271   0.566755   0.623892   0.186030   0.352871   0.053377  -0.129839   0.187500   0.312500
  0.859296   0.567689   0.625665   0.186298   0.352219   0.085106  -0.194744   0.187500   0.312500
  0.864322   0.568626   0.627436   0.186726   0.351240   0.113934  -0.220600   0.187500   0.312500
  0.869347   0.569564   0.629201   0.187298   0.350132   0.127154  -0.185373   0.187500   0.312500
  0.874372   0.570505   0.630960   0.187937   0.349200   0.117157  -0.092600   0.187500   0.312500
  0.879397   0.571450   0.632715   0.188526   0.348735   0.086445   0.025697   0.187500   0.312500
  0.884422   0.572397   0.634467   0.188960   0.348864   0.045995   0.125382   0.187500   0.312500
  0.889447   0.573346   0.636220   0.189191   0.349494   0.009246   0.170534   0.187500   0.312500
  0.894472   0.574297   0.637976   0.189238   0.350351  -0.012768   0.143878   0.187500   0.312500
  0.899497   0.575248   0.639737   0.189174   0.351074  -0.013398   0.048631   0.187500   0.312500
  0.904523   0.576199   0.641501   0.189106   0.351318   0.008892  -0.091336   0.187500   0.312500
  0.909548   0.577149   0.643267   0.189151   0.350859   0.049321  -0.231117   0.187500   0.312500
  0.914573   0.578100   0.645030   0.189399   0.349698   0.095640  -0.311150   0.187500   0.312500
  0.919598   0.579051   0.646787   0.189879   0.348134   0.129902  -0.279079   0.187500   0.312500
  0.924623   0.580005   0.648537   0.190532   0.346732   0.135773  -0.122855   0.187500   0.312500
  0.929648   0.580963   0.650279   0.191214   0.346115   0.107741   0.113484   0.187500   0.312500
  0.934673   0.581924   0.652018   0.191756   0.346685   0.053749   0.352707   0.187500   0.312500
  0.939698   0.582887   0.653760   0.192026   0.348457  -0.010813   0.525564   0.187500   0.312500
  0.944724   0.583852   0.655512   0.191971   0.351099  -0.071026   0.595689   0.187500   0.312500
  0.949749   0.584817   0.657276   0.191615   0.354092  -0.116591   0.560873   0.187500   0.312500
  0.954774   0.585780   0.659055   0.191029   0.356910  -0.142584   0.444135   0.187500   0.312500
  0.959799   0.586740   0.660849   0.190312   0.359142  -0.149041   0.284492   0.187500   0.312500
  0.964824   0.587696   0.662653   0.189563   0.360572  -0.140930   0.127653   0.187500   0.312500
  0.969849   0.588649   0.664465   0.188855   0.361213  -0.127794   0.011559   0.187500   0.312500
  0.974874   0.589598   0.666280   0.188213   0.361271  -0.121122  -0.052276   0.187500   0.312500
  0.979899   0.590543   0.668096   0.187604   0.361009  -0.129211  -0.087420   0.187500   0.312500
  0.984925   0.591486   0.669910   0.186955   0.360569  -0.153249  -0.137990   0.187500   0.312500
  0.989950   0.592426   0.671722   0.186185   0.359876  -0.188189  -0.241702   0.187500   0.312500
  0.994975   0.593361   0.673530   0.185239   0.358661  -0.226954  -0.414109   0.187500   0.312500
  1.000000   0.594292   0.675333   0.184099   0.356580  -0.263827  -0.650357   0.187500   0.312500