  0.000000   0.480397   0.300963   0.000000   0.000000  13.820013  21.465181   0.437500   0.562500
  0.005025   0.480397   0.300963   0.069446   0.107863  11.729265  16.897426   0.437500   0.562500
  0.010050   0.480746   0.301505   0.128385   0.192772   9.713353  12.525907   0.437500   0.562500
  0.015075   0.481391   0.302474   0.177195   0.255715   7.804952   8.493743   0.437500   0.562500
  0.020101   0.482282   0.303759   0.216422   0.298404   6.056539   5.026780   0.437500   0.562500
  0.025126   0.483369   0.305258   0.246857   0.323664   4.529747   2.376218   0.437500   0.562500
  0.030151   0.484610   0.306885   0.269618   0.335604   3.262421   0.679269   0.437500   0.562500
  0.035176   0.485964   0.308571   0.286012   0.339018   2.242544  -0.146817   0.437500   0.562500
  0.040201   0.487402   0.310275   0.297281   0.338280   1.412351  -0.370667   0.437500   0.562500
  0.045226   0.488896   0.311975   0.304378   0.336417   0.700301  -0.302346   0.437500   0.562500
  0.050251   0.490425   0.313665   0.307897   0.334898   0.050176  -0.174365   0.437500   0.562500
  0.055276   0.491972   0.315348   0.308149   0.334022  -0.568078  -0.108262   0.437500   0.562500
  0.060302   0.493521   0.317027   0.305294   0.333478  -1.159565  -0.134330   0.437500   0.562500
  0.065327   0.495055   0.318703   0.299467   0.332803  -1.707477  -0.221155   0.437500   0.562500
  0.070352   0.496560   0.320375   0.290887   0.331691  -2.178140  -0.300671   0.437500   0.562500
  0.075377   0.498022   0.322042   0.279942   0.330181  -2.531241  -0.296249   0.437500   0.562500
  0.080402   0.499428   0.323701   0.267222   0.328692  -2.740994  -0.160257   0.437500   0.562500
  0.085427   0.500771   0.325352   0.253449   0.327887  -2.816401   0.096182   0.437500   0.562500
  0.090452   0.502045   0.327000   0.239297   0.328370  -2.800384   0.410143   0.437500   0.562500
  0.095477   0.503247   0.328650   0.225225   0.330431  -2.746658   0.706392   0.437500   0.562500
  0.100503   0.504379   0.330311   0.211420   0.333981  -2.696464   0.932515   0.437500   0.562500
  0.105528   0.505442   0.331989   0.197870   0.338667  -2.670355   1.068240   0.437500   0.562500
  0.110553   0.506436   0.333691   0.184452   0.344035  -2.671159   1.118194   0.437500   0.562500
  0.115578   0.507363   0.335420   0.171029   0.349654  -2.689352   1.101749   0.437500   0.562500
  0.120603   0.508222   0.337177   0.157515   0.355190  -2.706817   1.046620   0.437500   0.562500
  0.125628   0.509014   0.338962   0.143913   0.360450  -2.700816   0.983888   0.437500   0.562500
  0.130653   0.509737   0.340773   0.130342   0.365394  -2.651684   0.940212   0.437500   0.562500
  0.135678   0.510392   0.342609   0.117017   0.370118  -2.553166   0.927677   0.437500   0.562500
  0.140704   0.510980   0.344469   0.104185   0.374781  -2.416926   0.939365   0.437500   0.562500
  0.145729   0.511503   0.346352   0.092040   0.379501  -2.265524   0.956514   0.437500   0.562500
  0.150754   0.511966   0.348259   0.080655   0.384307  -2.120022   0.960871   0.437500   0.562500
  0.155779   0.512371   0.350191   0.070002   0.389136  -1.992897   0.942101   0.437500   0.562500
  0.160804   0.512723   0.352146   0.059988   0.393870  -1.887627   0.898399   0.437500   0.562500
  0.165829   0.513024   0.354125   0.050503   0.398384  -1.801103   0.834235   0.437500   0.562500
  0.170854   0.513278   0.356127   0.041452   0.402576  -1.725754   0.758324   0.437500   0.562500
  0.175879   0.513486   0.358150   0.032780   0.406387  -1.651168   0.682080   0.437500   0.562500
  0.180905   0.513651   0.360192   0.024482   0.409815  -1.566717   0.617018   0.437500   0.562500
  0.185930   0.513774   0.362252   0.016609   0.412916  -1.466080   0.570382   0.437500   0.562500
  0.190955   0.513858   0.364327   0.009242   0.415782  -1.350853   0.541319   0.437500   0.562500
  0.195980   0.513904   0.366416   0.002454   0.418502  -1.229560   0.521908   0.437500   0.562500
  0.201005   0.513916   0.368519  -0.003725   0.421124  -1.112341   0.502403   0.437500   0.562500
  0.206030   0.513898   0.370635  -0.009314   0.423649  -1.006270   0.475936   0.437500   0.562500
  0.211055   0.513851   0.372764  -0.014371   0.426041  -0.914009   0.439922   0.437500   0.562500
  0.216080   0.513779   0.374905  -0.018964   0.428251  -0.834668   0.395251   0.437500   0.562500
  0.221106   0.513683   0.377057  -0.023159   0.430238  -0.764991   0.345143   0.437500   0.562500
  0.226131   0.513567   0.379219  -0.027003   0.431972  -0.700283   0.294390   0.437500   0.562500
  0.231156   0.513431   0.381390  -0.030522   0.433451  -0.635309   0.248347   0.437500   0.562500
  0.236181   0.513278   0.383568  -0.033714   0.434699  -0.566028   0.211193   0.437500   0.562500
  0.241206   0.513109   0.385752  -0.036559   0.435761  -0.491429   0.183733   0.437500   0.562500
  0.246231   0.512925   0.387942  -0.039028   0.436684  -0.413781   0.162755   0.437500   0.562500
  0.251256   0.512729   0.390136  -0.041107   0.437502  -0.336621   0.142902   0.437500   0.562500
  0.256281   0.512522   0.392335  -0.042799   0.438220  -0.262290   0.119377   0.437500   0.562500
  0.261307   0.512307   0.394537  -0.044117   0.438820  -0.190938   0.089406   0.437500   0.562500
  0.266332   0.512085   0.396742  -0.045076   0.439269  -0.121223   0.052479   0.437500   0.562500
  0.271357   0.511859   0.398950  -0.045686   0.439533  -0.051782   0.010353   0.437500   0.562500
  0.276382   0.511629   0.401158  -0.045946   0.439585   0.016706  -0.032408   0.437500   0.562500
  0.281407   0.511398   0.403367  -0.045862   0.439422   0.079709  -0.067994   0.437500   0.562500
  0.286432   0.511168   0.405575  -0.045461   0.439080   0.128990  -0.086672   0.437500   0.562500
  0.291457   0.510940   0.407782  -0.044813   0.438645   0.156921  -0.081229   0.437500   0.562500
  0.296482   0.510714   0.409986  -0.044025   0.438237   0.163616  -0.052276   0.437500   0.562500
  0.301508   0.510493   0.412188  -0.043202   0.437974   0.160757  -0.009211   0.437500   0.562500
  0.306533   0.510276   0.414389  -0.042394   0.437928   0.168203   0.034547   0.437500   0.562500
  0.311558   0.510063   0.416590  -0.041549   0.438101   0.206317   0.067975   0.437500   0.562500
  0.316583   0.509854   0.418791  -0.040513   0.438443   0.287673   0.087010   0.437500   0.562500
  0.321608   0.509651   0.420994  -0.039067   0.438880   0.406815   0.098350   0.437500   0.562500
  0.326633   0.509454   0.423200  -0.037023   0.439374   0.525027   0.124401   0.437500   0.562500
  0.331658   0.509268   0.425408  -0.034384   0.439999   0.553219   0.207897   0.437500   0.562500
  0.336683   0.509095   0.427619  -0.031605   0.441044   0.351008   0.408596   0.437500   0.562500
  0.341709   0.508937   0.429835  -0.029840   0.443098  -0.230837   0.782757   0.437500   0.562500
  0.346734   0.508787   0.432062  -0.031000   0.447031  -1.267256   1.350567   0.437500   0.562500
  0.351759   0.508631   0.434308  -0.037368   0.453817  -2.704118   2.081567   0.437500   0.562500
  0.356784   0.508443   0.436589  -0.050956   0.464277  -4.391620   2.915804   0.437500   0.562500
  0.361809   0.508187   0.438922  -0.073024   0.478929  -6.173471   3.800526   0.437500   0.562500
  0.366834   0.507820   0.441328  -0.104046   0.498027  -7.952609   4.709074   0.437500   0.562500
  0.371859   0.507297   0.443831  -0.144008   0.521690  -9.705919   5.632886   0.437500   0.562500
  0.376884   0.506574   0.446452  -0.192780   0.549995 -11.466320   6.553896   0.437500   0.562500
  0.381910   0.505605   0.449217  -0.250410   0.582935 -13.289657   7.405700   0.437500   0.562500
  0.386935   0.504346   0.452146  -0.317190   0.620149 -15.206731   8.038201   0.437500   0.562500
  0.391960   0.502753   0.455262  -0.393604   0.660541 -17.175530   8.226183   0.437500   0.562500
  0.396985   0.500775   0.458581  -0.479911   0.701877 -19.064087   7.755091   0.437500   0.562500
  0.402010   0.498363   0.462108  -0.575708   0.740847 -20.707886   6.548221   0.437500   0.562500
  0.407035   0.495470   0.465831  -0.679765   0.773751 -22.005463   4.715025   0.437500   0.562500
  0.412060   0.492054   0.469719  -0.790343   0.797444 -22.962510   2.469876   0.437500   0.562500
  0.417085   0.488083   0.473726  -0.905730   0.809856 -23.649842   0.009691   0.437500   0.562500
  0.422111   0.483531   0.477797  -1.024594   0.809904 -24.114081  -2.553756   0.437500   0.562500
  0.427136   0.478382   0.481866  -1.145767   0.797072 -24.276660  -5.189758   0.437500   0.562500
  0.432161   0.472625   0.485872  -1.267757   0.770993 -23.834381  -7.906693   0.437500   0.562500
  0.437186   0.466254   0.489746  -1.387525   0.731262 -22.197741 -10.679549   0.437500   0.562500
  0.442211   0.459282   0.493421  -1.499069   0.677597 -18.580660 -13.375836   0.437500   0.562500
  0.447236   0.451749   0.496825  -1.592436   0.610384 -12.350341 -15.731714   0.437500   0.562500
  0.452261   0.443747   0.499893  -1.654497   0.531332  -3.494887 -17.440385   0.437500   0.562500
  0.457286   0.435433   0.502563  -1.672059   0.443694   7.234160 -18.312431   0.437500   0.562500
  0.462312   0.427029   0.504793  -1.635700   0.351656  18.712905 -18.360868   0.437500   0.562500
  0.467337   0.418810   0.506560  -1.541667   0.259392  29.972157 -17.741724   0.437500   0.562500
  0.472362   0.411063   0.507863  -1.391057   0.170240  40.451850 -16.631796   0.437500   0.562500
  0.477387   0.404073   0.508719  -1.187787   0.086665  49.893351 -15.138440   0.437500   0.562500
  0.482412   0.398104   0.509154  -0.937073   0.010595  58.086863 -13.265103   0.437500   0.562500
  0.487437   0.393396   0.509207  -0.645186  -0.056062  64.608884 -10.923277   0.437500   0.562500
  0.492462   0.390154   0.508926  -0.320526  -0.110952  68.681562  -7.995583   0.437500   0.562500
  0.497487   0.388543   0.508368   0.024598  -0.151130  69.334981  -4.453548   0.437500   0.562500
  0.502513   0.388667   0.507608   0.373076  -0.173513  65.943349  -0.470554   0.437500   0.562500
  0.507538   0.390541   0.506737   0.704441  -0.175878  58.779437   3.585354   0.437500   0.562500
  0.512563   0.394081   0.505853   0.999808  -0.157861  48.992962   7.320282   0.437500   0.562500
  0.517588   0.399105   0.505060   1.245998  -0.121077  38.017098  10.480286   0.437500   0.562500
  0.522613   0.405366   0.504451   1.437034  -0.068414  26.983066  12.989766   0.437500   0.562500
  0.527638   0.412587   0.504107   1.572623  -0.003140  16.526448  14.878634   0.437500   0.562500
  0.532663   0.420490   0.504092   1.655669   0.071625   6.900282  16.186341   0.437500   0.562500
  0.537688   0.428810   0.504451   1.690343   0.152961  -1.814445  16.892908   0.437500   0.562500
  0.542714   0.437305   0.505220   1.681223   0.237865  -9.521378  16.895935   0.437500   0.562500
  0.547739   0.445753   0.506416   1.633378   0.322767 -15.996835  16.055704   0.437500   0.562500
  0.552764   0.453961   0.508037   1.552994   0.403447 -20.941457  14.314437   0.437500   0.562500
  0.557789   0.461765   0.510065   1.447763   0.475377 -24.164849  11.815444   0.437500   0.562500
  0.562814   0.469040   0.512454   1.326335   0.534750 -25.766109   8.894000   0.437500   0.562500
  0.567839   0.475705   0.515141   1.196860   0.579442 -26.112366   5.927227   0.437500   0.562500
  0.572864   0.481719   0.518052   1.065646   0.609227 -25.653279   3.186607   0.437500   0.562500
  0.577889   0.487074   0.521114   0.936738   0.625239 -24.753107   0.799319   0.437500   0.562500
  0.582915   0.491782   0.524256   0.812329   0.629257 -23.627275  -1.206514   0.437500   0.562500
  0.587940   0.495864   0.527418   0.693602   0.623194 -22.353275  -2.835772   0.437500   0.562500
  0.592965   0.499349   0.530550   0.581277   0.608944 -20.904920  -4.081929   0.437500   0.562500
  0.597990   0.502270   0.533610   0.476229   0.588432 -19.202340  -4.909280   0.437500   0.562500
  0.603015   0.504663   0.536567   0.379738   0.563763 -17.182562  -5.276702   0.437500   0.562500
  0.608040   0.506571   0.539399   0.293395   0.537248 -14.875431  -5.191136   0.437500   0.562500
  0.613065   0.508046   0.542099   0.218646   0.511162 -12.425249  -4.744566   0.437500   0.562500
  0.618090   0.509144   0.544668   0.156209   0.487321 -10.025994  -4.089172   0.437500   0.562500
  0.623116   0.509929   0.547117   0.105819   0.466769  -7.829570  -3.372301   0.437500   0.562500
  0.628141   0.510461   0.549463   0.066475   0.449823  -5.907179  -2.692063   0.437500   0.562500
  0.633166   0.510795   0.551723   0.036792   0.436295  -4.263401  -2.092818   0.437500   0.562500
  0.638191   0.510980   0.553915   0.015368   0.425779  -2.874770  -1.584430   0.437500   0.562500
  0.643216   0.511057   0.556055   0.000922   0.417817  -1.719226  -1.161898   0.437500   0.562500
  0.648241   0.511062   0.558154  -0.007717   0.411979  -0.791618  -0.818169   0.437500   0.562500
  0.653266   0.511023   0.560225  -0.011695   0.407867  -0.102188  -0.549178   0.437500   0.562500
  0.658291   0.510964   0.562274  -0.012208   0.405108   0.342801  -0.352085   0.437500   0.562500
  0.663317   0.510903   0.564310  -0.010485   0.403338   0.566309  -0.219933   0.437500   0.562500
  0.668342   0.510850   0.566337  -0.007640   0.402233   0.626542  -0.139060   0.437500   0.562500
  0.673367   0.510812   0.568358  -0.004491   0.401534   0.595937  -0.092212   0.437500   0.562500
  0.678392   0.510789   0.570376  -0.001497   0.401071   0.533967  -0.064245   0.437500   0.562500
  0.683417   0.510782   0.572391   0.001187   0.400748   0.475699  -0.045089   0.437500   0.562500
  0.688442   0.510788   0.574405   0.003577   0.400521   0.435110  -0.029507   0.437500   0.562500
  0.693467   0.510806   0.576418   0.005763   0.400373   0.412981  -0.015523   0.437500   0.562500
  0.698492   0.510835   0.578429   0.007839   0.400295   0.403074  -0.002978   0.437500   0.562500
  0.703518   0.510874   0.580441   0.009864   0.400280   0.395956   0.007450   0.437500   0.562500
  0.708543   0.510924   0.582453   0.011854   0.400318   0.382297   0.014882   0.437500   0.562500
  0.713568   0.510983   0.584464   0.013775   0.400392   0.356688   0.018749   0.437500   0.562500
  0.718593   0.511053   0.586476   0.015568   0.400487   0.320174   0.019020   0.437500   0.562500
  0.723618   0.511131   0.588489   0.017176   0.400582   0.279015   0.016050   0.437500   0.562500
  0.728643   0.511217   0.590502   0.018578   0.400663   0.240741   0.010236   0.437500   0.562500
  0.733668   0.511310   0.592515   0.019788   0.400714   0.210991   0.001847   0.437500   0.562500
  0.738693   0.511410   0.594529   0.020848   0.400724   0.192564  -0.008812   0.437500   0.562500
  0.743719   0.511515   0.596543   0.021816   0.400679   0.185611  -0.020992   0.437500   0.562500
  0.748744   0.511624   0.598556   0.022749   0.400574   0.187716  -0.032969   0.437500   0.562500
  0.753769   0.511739   0.600569   0.023692   0.400408   0.193628  -0.041752   0.437500   0.562500
  0.758794   0.511858   0.602581   0.024665   0.400198   0.195762  -0.043678   0.437500   0.562500
  0.763819   0.511982   0.604592   0.025649   0.399979   0.186877  -0.036376   0.437500   0.562500
  0.768844   0.512110   0.606602   0.026588   0.399796   0.164431  -0.021106   0.437500   0.562500
  0.773869   0.512244   0.608611   0.027414   0.399690   0.132916  -0.003114   0.437500   0.562500
  0.778894   0.512382   0.610619   0.028082   0.399674   0.101646   0.010685   0.437500   0.562500
  0.783920   0.512523   0.612628   0.028593   0.399728   0.080294   0.014556   0.437500   0.562500
  0.788945   0.512667   0.614637   0.028996   0.399801   0.075727   0.005474   0.437500   0.562500
  0.793970   0.512812   0.616646   0.029377   0.399829   0.090625  -0.016363   0.437500   0.562500
  0.798995   0.512960   0.618655   0.029832   0.399747   0.122551  -0.046986   0.437500   0.562500
  0.804020   0.513110   0.620664   0.030448   0.399510   0.162615  -0.077876   0.437500   0.562500
  0.809045   0.513263   0.622671   0.031265   0.399119   0.195244  -0.096495   0.437500   0.562500
  0.814070   0.513420   0.624677   0.032246   0.398634   0.202441  -0.090615   0.437500   0.562500
  0.819095   0.513582   0.626680   0.033264   0.398179   0.173682  -0.056274   0.437500   0.562500
  0.824121   0.513749   0.628681   0.034137   0.397896   0.114765  -0.003171   0.437500   0.562500
  0.829146   0.513921   0.630681   0.034713   0.397880   0.046443   0.048806   0.437500   0.562500
  0.834171   0.514095   0.632680   0.034947   0.398125  -0.006201   0.079198   0.437500   0.562500
  0.839196   0.514271   0.634680   0.034916   0.398523  -0.023675   0.074420   0.437500   0.562500
  0.844221   0.514446   0.636683   0.034797   0.398897   0.003409   0.030552   0.437500   0.562500
  0.849246   0.514621   0.638687   0.034814   0.399051   0.072784  -0.045725   0.437500   0.562500
  0.854271   0.514796   0.640693   0.035179   0.398821   0.168675  -0.135677   0.437500   0.562500
  0.859296   0.514973   0.642697   0.036027   0.398139   0.260523  -0.208347   0.437500   0.562500
  0.864322   0.515154   0.644698   0.037336   0.397092   0.308390  -0.227686   0.437500   0.562500
  0.869347   0.515342   0.646693   0.038886   0.395948   0.280700  -0.170910   0.437500   0.562500
  0.874372   0.515537   0.648683   0.040297   0.395089   0.176731  -0.048131   0.437500   0.562500
  0.879397   0.515739   0.650668   0.041185   0.394847   0.032242   0.097271   0.437500   0.562500
  0.884422   0.515946   0.652652   0.041347   0.395336  -0.099488   0.210920   0.437500   0.562500
  0.889447   0.516154   0.654639   0.040847   0.396396  -0.172969   0.251995   0.437500   0.562500
  0.894472   0.516359   0.656631   0.039978   0.397662  -0.164094   0.204298   0.437500   0.562500
  0.899497   0.516560   0.658629   0.039153   0.398689  -0.072558   0.076986   0.437500   0.562500
  0.904523   0.516757   0.660633   0.038788   0.399076   0.078425  -0.096353   0.437500   0.562500
  0.909548   0.516952   0.662638   0.039182   0.398592   0.241779  -0.258533   0.437500   0.562500
  0.914573   0.517149   0.664641   0.040397   0.397292   0.352497  -0.338375   0.437500   0.562500
  0.919598   0.517352   0.666637   0.042169   0.395592   0.349728  -0.278554   0.437500   0.562500
  0.924623   0.517564   0.668625   0.043926   0.394192   0.212395  -0.074223   0.437500   0.562500
  0.929648   0.517784   0.670606   0.044993   0.393819  -0.020958   0.212820   0.437500   0.562500
  0.934673   0.518011   0.672585   0.044888   0.394889  -0.272827   0.486448   0.437500   0.562500
  0.939698   0.518236   0.674569   0.043517   0.397333  -0.469353   0.666440   0.437500   0.562500
  0.944724   0.518455   0.676566   0.041158   0.400683  -0.568210   0.715655   0.437500   0.562500
  0.949749   0.518662   0.678580   0.038303   0.404279  -0.561805   0.638570   0.437500   0.562500
  0.954774   0.518854   0.680611   0.035480   0.407488  -0.468953   0.468774   0.437500   0.562500
  0.959799   0.519032   0.682659   0.033123   0.409843  -0.325747   0.256998   0.437500   0.562500
  0.964824   0.519199   0.684718   0.031486   0.411135  -0.176923   0.059005   0.437500   0.562500
  0.969849   0.519357   0.686784   0.030597   0.411431  -0.062688  -0.082677   0.437500   0.562500
  0.974874   0.519511   0.688852   0.030282   0.411016  -0.000658  -0.160696   0.437500   0.562500
  0.979899   0.519663   0.690917   0.030279   0.410208   0.024727  -0.210345   0.437500   0.562500
  0.984925   0.519815   0.692979   0.030403   0.409151   0.051511  -0.288313   0.437500   0.562500
  0.989950   0.519968   0.695035   0.030662   0.407702   0.115803  -0.438977   0.437500   0.562500
  0.994975   0.520122   0.697084   0.031244   0.405496   0.235371  -0.677202   0.437500   0.562500
  1.000000   0.520279   0.699121   0.032427   0.402094   0.409233  -0.992906   0.437500   0.562500