  0.000000   0.441943   0.308612   0.000000   0.000000  15.858519  21.065617   0.312500   0.937500
  0.005025   0.441943   0.308612   0.079689   0.105855  13.067361  16.634975   0.312500   0.937500
  0.010050   0.442343   0.309144   0.145353   0.189445  10.400375  12.391152   0.312500   0.937500
  0.015075   0.443074   0.310096   0.197614   0.251711   7.919368   8.471561   0.312500   0.937500
  0.020101   0.444067   0.311361   0.237417   0.294289   5.720766   5.093399   0.312500   0.937500
  0.025126   0.445260   0.312840   0.266164   0.319883   3.911282   2.498918   0.312500   0.937500
  0.030151   0.446598   0.314447   0.285818   0.332440   2.547300   0.821528   0.312500   0.937500
  0.035176   0.448034   0.316118   0.298618   0.336569   1.590615  -0.016535   0.312500   0.937500
  0.040201   0.449534   0.317809   0.306611   0.336486   0.923669  -0.272251   0.312500   0.937500
  0.045226   0.451075   0.319500   0.311253   0.335117   0.411888  -0.243307   0.312500   0.937500
  0.050251   0.452639   0.321184   0.313322   0.333895  -0.045155  -0.153480   0.312500   0.937500
  0.055276   0.454214   0.322862   0.313096   0.333124  -0.498898  -0.120043   0.312500   0.937500
  0.060302   0.455787   0.324536   0.310588   0.332520  -0.958969  -0.172351   0.312500   0.937500
  0.065327   0.457348   0.326207   0.305769   0.331654  -1.403396  -0.279967   0.312500   0.937500
  0.070352   0.458884   0.327873   0.298717   0.330247  -1.788675  -0.376734   0.312500   0.937500
  0.075377   0.460385   0.329533   0.289729   0.328354  -2.064222  -0.388020   0.312500   0.937500
  0.080402   0.461841   0.331183   0.279356   0.326405  -2.197545  -0.267485   0.312500   0.937500
  0.085427   0.463245   0.332823   0.268314   0.325060  -2.197150  -0.026321   0.312500   0.937500
  0.090452   0.464593   0.334456   0.257273   0.324928  -2.110548   0.273465   0.312500   0.937500
  0.095477   0.465886   0.336089   0.246668   0.326302  -1.997167   0.557761   0.312500   0.937500
  0.100503   0.467126   0.337729   0.236630   0.329106  -1.901867   0.774849   0.312500   0.937500
  0.105528   0.468315   0.339383   0.227073   0.332999  -1.846137   0.904622   0.312500   0.937500
  0.110553   0.469456   0.341056   0.217796   0.337545  -1.831936   0.951512   0.312500   0.937500
  0.115578   0.470550   0.342752   0.208591   0.342326  -1.848168   0.934560   0.312500   0.937500
  0.120603   0.471599   0.344473   0.199304   0.347022  -1.874953   0.881119   0.312500   0.937500
  0.125628   0.472600   0.346216   0.189882   0.351450  -1.887565   0.821874   0.312500   0.937500
  0.130653   0.473554   0.347982   0.180397   0.355580  -1.863859   0.783014   0.312500   0.937500
  0.135678   0.474461   0.349769   0.171031   0.359515  -1.794692   0.776086   0.312500   0.937500
  0.140704   0.475320   0.351576   0.162011   0.363415  -1.689107   0.793686   0.312500   0.937500
  0.145729   0.476134   0.353402   0.153523   0.367404  -1.568051   0.816747   0.312500   0.937500
  0.150754   0.476906   0.355249   0.145644   0.371508  -1.452190   0.826928   0.312500   0.937500
  0.155779   0.477638   0.357115   0.138346   0.375663  -1.354399   0.813944   0.312500   0.937500
  0.160804   0.478333   0.359003   0.131541   0.379753  -1.278883   0.776103   0.312500   0.937500
  0.165829   0.478994   0.360911   0.125114   0.383653  -1.223295   0.717996   0.312500   0.937500
  0.170854   0.479623   0.362839   0.118967   0.387261  -1.180676   0.648441   0.312500   0.937500
  0.175879   0.480220   0.364785   0.113034   0.390519  -1.140819   0.578885   0.312500   0.937500
  0.180905   0.480789   0.366748   0.107300   0.393429  -1.092573   0.520752   0.312500   0.937500
  0.185930   0.481328   0.368725   0.101810   0.396046  -1.028196   0.481018   0.312500   0.937500
  0.190955   0.481839   0.370715   0.096644   0.398463  -0.947462   0.458449   0.312500   0.937500
  0.195980   0.482325   0.372717   0.091883   0.400766  -0.857500   0.444772   0.312500   0.937500
  0.201005   0.482787   0.374731   0.087574   0.403001  -0.768028   0.430012   0.312500   0.937500
  0.206030   0.483227   0.376756   0.083714   0.405162  -0.686557   0.407219   0.312500   0.937500
  0.211055   0.483647   0.378792   0.080264   0.407208  -0.616641   0.373832   0.312500   0.937500
  0.216080   0.484051   0.380838   0.077166   0.409087  -0.558469   0.330911   0.312500   0.937500
  0.221106   0.484439   0.382894   0.074359   0.410750  -0.510002   0.282126   0.312500   0.937500
  0.226131   0.484812   0.384958   0.071796   0.412168  -0.467841   0.233171   0.312500   0.937500
  0.231156   0.485173   0.387030   0.069445   0.413340  -0.427870   0.190748   0.312500   0.937500
  0.236181   0.485522   0.389107   0.067295   0.414298  -0.386300   0.160315   0.312500   0.937500
  0.241206   0.485860   0.391189   0.065354   0.415104  -0.340855   0.142924   0.312500   0.937500
  0.246231   0.486189   0.393274   0.063641   0.415822  -0.291159   0.133905   0.312500   0.937500
  0.251256   0.486508   0.395364   0.062178   0.416495  -0.237761   0.125109   0.312500   0.937500
  0.256281   0.486821   0.397457   0.060983   0.417123  -0.180773   0.108713   0.312500   0.937500
  0.261307   0.487127   0.399553   0.060075   0.417670  -0.119537   0.079756   0.312500   0.937500
  0.266332   0.487429   0.401652   0.059474   0.418070  -0.053930   0.037360   0.312500   0.937500
  0.271357   0.487728   0.403753   0.059203   0.418258   0.012937  -0.013859   0.312500   0.937500
  0.276382   0.488025   0.405855   0.059268   0.418189   0.070793  -0.061218   0.312500   0.937500
  0.281407   0.488323   0.407956   0.059624   0.417881   0.099394  -0.082097   0.312500   0.937500
  0.286432   0.488623   0.410056   0.060123   0.417468   0.071658  -0.047631   0.312500   0.937500
  0.291457   0.488925   0.412154   0.060483   0.417229  -0.033312   0.064369   0.312500   0.937500
  0.296482   0.489229   0.414250   0.060316   0.417553  -0.213972   0.254047   0.312500   0.937500
  0.301508   0.489532   0.416349   0.059241   0.418829  -0.442692   0.496898   0.312500   0.937500
  0.306533   0.489830   0.418453   0.057016   0.421326  -0.679186   0.757277   0.312500   0.937500
  0.311558   0.490116   0.420571   0.053603   0.425132  -0.889107   1.005617   0.312500   0.937500
  0.316583   0.490386   0.422707   0.049135   0.430185  -1.056180   1.227456   0.312500   0.937500
  0.321608   0.490633   0.424869   0.043828   0.436353  -1.190604   1.426385   0.312500   0.937500
  0.326633   0.490853   0.427061   0.037845   0.443520  -1.339230   1.625891   0.312500   0.937500
  0.331658   0.491043   0.429290   0.031116   0.451690  -1.595170   1.870494   0.312500   0.937500
  0.336683   0.491199   0.431560   0.023100   0.461090  -2.089889   2.219174   0.312500   0.937500
  0.341709   0.491315   0.433877   0.012596   0.472243  -2.946316   2.722932   0.312500   0.937500
  0.346734   0.491379   0.436250  -0.002209   0.485926  -4.203765   3.393304   0.312500   0.937500
  0.351759   0.491368   0.438692  -0.023333   0.502977  -5.782604   4.191936   0.312500   0.937500
  0.356784   0.491250   0.441219  -0.052391   0.524042  -7.530264   5.054451   0.312500   0.937500
  0.361809   0.490987   0.443853  -0.090230   0.549440  -9.305228   5.925856   0.312500   0.937500
  0.366834   0.490534   0.446614  -0.136989   0.579218 -11.025711   6.775396   0.312500   0.937500
  0.371859   0.489845   0.449524  -0.192393   0.613264 -12.666126   7.584940   0.312500   0.937500
  0.376884   0.488879   0.452606  -0.256040   0.651379 -14.223174   8.320478   0.312500   0.937500
  0.381910   0.487592   0.455880  -0.327526   0.693197 -15.671281   8.897548   0.312500   0.937500
  0.386935   0.485946   0.459363  -0.406274   0.737907 -16.920578   9.158573   0.312500   0.937500
  0.391960   0.483904   0.463071  -0.491300   0.783929 -17.811337   8.899757   0.312500   0.937500
  0.396985   0.481436   0.467010  -0.580802   0.828651 -18.173320   7.967557   0.312500   0.937500
  0.402010   0.478517   0.471174  -0.672123   0.868688 -17.933725   6.370026   0.312500   0.937500
  0.407035   0.475140   0.475539  -0.762240   0.900697 -17.175160   4.289853   0.312500   0.937500
  0.412060   0.471309   0.480065  -0.848545   0.922253 -16.085078   1.980550   0.312500   0.937500
  0.417085   0.467045   0.484700  -0.929373   0.932206 -14.852200  -0.350380   0.312500   0.937500
  0.422111   0.462374   0.489385  -1.004020   0.930445 -13.585554  -2.591283   0.312500   0.937500
  0.427136   0.457329   0.494060  -1.072287   0.917424 -12.269842  -4.713907   0.312500   0.937500
  0.432161   0.451941   0.498670  -1.133943   0.893736 -10.732595  -6.741870   0.312500   0.937500
  0.437186   0.446243   0.503161  -1.187875   0.859858  -8.635023  -8.708910   0.312500   0.937500
  0.442211   0.440274   0.507482  -1.231266   0.816096  -5.540676 -10.618598   0.312500   0.937500
  0.447236   0.434087   0.511583  -1.259107   0.762737  -1.118828 -12.416663   0.312500   0.937500
  0.452261   0.427760   0.515416  -1.264730   0.700344   4.604665 -14.003898   0.312500   0.937500
  0.457286   0.421404   0.518935  -1.241591   0.629974  11.190765 -15.291795   0.312500   0.937500
  0.462312   0.415164   0.522101  -1.185346   0.553118  18.020355 -16.252419   0.312500   0.937500
  0.467337   0.409208   0.524881  -1.094794   0.471449  24.583363 -16.917121   0.312500   0.937500
  0.472362   0.403707   0.527250  -0.971263   0.386441  30.607728 -17.337783   0.312500   0.937500
  0.477387   0.398826   0.529192  -0.817459   0.299318  35.990399 -17.539298   0.312500   0.937500
  0.482412   0.394718   0.530696  -0.636607   0.211183  40.656162 -17.481593   0.312500   0.937500
  0.487437   0.391519   0.531757  -0.432310   0.123338  44.414169 -17.035388   0.312500   0.937500
  0.492462   0.389347   0.532377  -0.209129   0.037736  46.877909 -15.993477   0.312500   0.937500
  0.497487   0.388296   0.532566   0.026433  -0.042632  47.542804 -14.153664   0.312500   0.937500
  0.502513   0.388429   0.532352   0.265383  -0.113768  46.064847 -11.463470   0.312500   0.937500
  0.507538   0.389762   0.531780   0.496859  -0.171372  42.561115  -8.116474   0.312500   0.937500
  0.512563   0.392259   0.530919   0.710728  -0.212157  37.616536  -4.476029   0.312500   0.937500
  0.517588   0.395831   0.529853   0.899752  -0.234649  31.981524  -0.898706   0.312500   0.937500
  0.522613   0.400352   0.528674   1.060459  -0.239165  26.257971   2.387224   0.312500   0.937500
  0.527638   0.405681   0.527472   1.192405  -0.227169  20.780053   5.285724   0.312500   0.937500
  0.532663   0.411672   0.526331   1.296825  -0.200609  15.651727   7.771555   0.312500   0.937500
  0.537688   0.418189   0.525323   1.375475  -0.161557  10.834775   9.821866   0.312500   0.937500
  0.542714   0.425102   0.524511   1.429930  -0.112192   6.235484  11.370713   0.312500   0.937500
  0.547739   0.432287   0.523947   1.461264  -0.055054   1.790968  12.306890   0.312500   0.937500
  0.552764   0.439630   0.523670   1.470263   0.006788  -2.470883  12.537230   0.312500   0.937500
  0.557789   0.447018   0.523704   1.457847   0.069788  -6.421888  12.078422   0.312500   0.937500
  0.562814   0.454344   0.524055   1.425577   0.130482  -9.909394  11.092750   0.312500   0.937500
  0.567839   0.461508   0.524711   1.375782   0.186223 -12.848078   9.819325   0.312500   0.937500
  0.572864   0.468421   0.525647   1.311221   0.235565 -15.247790   8.470244   0.312500   0.937500
  0.577889   0.475010   0.526830   1.234601   0.278128 -17.175181   7.176633   0.312500   0.937500
  0.582915   0.481215   0.528228   1.148278   0.314198 -18.696919   5.993002   0.312500   0.937500
  0.587940   0.486985   0.529807   1.054326   0.344312 -19.832748   4.926738   0.312500   0.937500
  0.592965   0.492283   0.531537   0.954667   0.369069 -20.530628   3.964039   0.312500   0.937500
  0.597990   0.497080   0.533392   0.851500   0.388989 -20.669909   3.090587   0.312500   0.937500
  0.603015   0.501359   0.535346   0.747634   0.404519 -20.121354   2.302872   0.312500   0.937500
  0.608040   0.505116   0.537379   0.646524   0.416091 -18.854810   1.609426   0.312500   0.937500
  0.613065   0.508365   0.539470   0.551779   0.424178 -17.012102   1.021144   0.312500   0.937500
  0.618090   0.511137   0.541601   0.466293   0.429309 -14.860084   0.539342   0.312500   0.937500
  0.623116   0.513481   0.543759   0.391606   0.432020 -12.664575   0.152622   0.312500   0.937500
  0.628141   0.515449   0.545930   0.327967   0.432787 -10.603154  -0.156694   0.312500   0.937500
  0.633166   0.517097   0.548105   0.274686   0.432000  -8.752931  -0.405252   0.312500   0.937500
  0.638191   0.518477   0.550276   0.230702   0.429963  -7.126821  -0.603491   0.312500   0.937500
  0.643216   0.519636   0.552436   0.194890   0.426931  -5.711058  -0.753969   0.312500   0.937500
  0.648241   0.520616   0.554581   0.166192   0.423142  -4.490827  -0.852138   0.312500   0.937500
  0.653266   0.521451   0.556708   0.143626   0.418860  -3.460939  -0.890601   0.312500   0.937500
  0.658291   0.522172   0.558813   0.126234   0.414385  -2.621467  -0.867178   0.312500   0.937500
  0.663317   0.522807   0.560895   0.113059   0.410026  -1.963440  -0.792079   0.312500   0.937500
  0.668342   0.523375   0.562956   0.103193   0.406046  -1.459815  -0.686782   0.312500   0.937500
  0.673367   0.523894   0.564996   0.095857   0.402595  -1.070353  -0.574434   0.312500   0.937500
  0.678392   0.524375   0.567019   0.090478   0.399708  -0.756243  -0.471151   0.312500   0.937500
  0.683417   0.524830   0.569028   0.086678   0.397341  -0.489566  -0.383911   0.312500   0.937500
  0.688442   0.525266   0.571024   0.084218   0.395412  -0.255167  -0.313163   0.312500   0.937500
  0.693467   0.525689   0.573011   0.082936   0.393838  -0.048698  -0.256194   0.312500   0.937500
  0.698492   0.526105   0.574990   0.082691   0.392551   0.125824  -0.209486   0.312500   0.937500
  0.703518   0.526521   0.576963   0.083324   0.391498   0.259041  -0.170050   0.312500   0.937500
  0.708543   0.526940   0.578930   0.084625   0.390643   0.341632  -0.136193   0.312500   0.937500
  0.713568   0.527365   0.580893   0.086342   0.389959   0.372120  -0.107632   0.312500   0.937500
  0.718593   0.527799   0.582853   0.088212   0.389418   0.361029  -0.084984   0.312500   0.937500
  0.723618   0.528242   0.584810   0.090026   0.388991   0.326867  -0.068825   0.312500   0.937500
  0.728643   0.528695   0.586764   0.091669   0.388645   0.287419  -0.059103   0.312500   0.937500
  0.733668   0.529155   0.588717   0.093113   0.388348   0.254071  -0.055135   0.312500   0.937500
  0.738693   0.529623   0.590669   0.094390   0.388071   0.231343  -0.055791   0.312500   0.937500
  0.743719   0.530097   0.592619   0.095552   0.387791   0.218894  -0.059486   0.312500   0.937500
  0.748744   0.530578   0.594568   0.096652   0.387492   0.213403  -0.063941   0.312500   0.937500
  0.753769   0.531063   0.596515   0.097725   0.387171   0.209740  -0.066070   0.312500   0.937500
  0.758794   0.531554   0.598461   0.098779   0.386839   0.202287  -0.062603   0.312500   0.937500
  0.763819   0.532051   0.600404   0.099795   0.386524   0.187167  -0.051792   0.312500   0.937500
  0.768844   0.532552   0.602347   0.100736   0.386264   0.164570  -0.035224   0.312500   0.937500
  0.773869   0.533058   0.604288   0.101563   0.386087   0.138931  -0.017765   0.312500   0.937500
  0.778894   0.533569   0.606228   0.102261   0.385997   0.116424  -0.005341   0.312500   0.937500
  0.783920   0.534083   0.608168   0.102846   0.385971   0.102056  -0.002521   0.312500   0.937500
  0.788945   0.534599   0.610107   0.103359   0.385958   0.098285  -0.011363   0.312500   0.937500
  0.793970   0.535119   0.612047   0.103853   0.385901   0.104819  -0.031097   0.312500   0.937500
  0.798995   0.535641   0.613986   0.104379   0.385745   0.118606  -0.057688   0.312500   0.937500
  0.804020   0.536165   0.615924   0.104975   0.385455   0.133631  -0.083246   0.312500   0.937500
  0.809045   0.536693   0.617861   0.105647   0.385036   0.141483  -0.096676   0.312500   0.937500
  0.814070   0.537224   0.619796   0.106358   0.384551   0.134234  -0.087702   0.312500   0.937500
  0.819095   0.537758   0.621728   0.107032   0.384110   0.109376  -0.053856   0.312500   0.937500
  0.824121   0.538296   0.623659   0.107582   0.383839   0.072917  -0.004788   0.312500   0.937500
  0.829146   0.538837   0.625588   0.107948   0.383815   0.036869   0.041376   0.312500   0.937500
  0.834171   0.539379   0.627516   0.108134   0.384023   0.013154   0.066733   0.312500   0.937500
  0.839196   0.539922   0.629446   0.108200   0.384358   0.009193   0.059995   0.312500   0.937500
  0.844221   0.540466   0.631378   0.108246   0.384660   0.026596   0.018672   0.312500   0.937500
  0.849246   0.541010   0.633310   0.108380   0.384754   0.061179  -0.050275   0.312500   0.937500
  0.854271   0.541555   0.635244   0.108687   0.384501   0.102820  -0.129300   0.312500   0.937500
  0.859296   0.542101   0.637176   0.109204   0.383851   0.135918  -0.190409   0.312500   0.937500
  0.864322   0.542650   0.639105   0.109887   0.382894   0.143258  -0.201949   0.312500   0.937500
  0.869347   0.543202   0.641029   0.110607   0.381880   0.114789  -0.145199   0.312500   0.937500
  0.874372   0.543758   0.642948   0.111183   0.381150   0.056234  -0.031331   0.312500   0.937500
  0.879397   0.544316   0.644863   0.111466   0.380992  -0.011799   0.099376   0.312500   0.937500
  0.884422   0.544876   0.646778   0.111407   0.381492  -0.064856   0.198193   0.312500   0.937500
  0.889447   0.545436   0.648695   0.111081   0.382488  -0.085782   0.229734   0.312500   0.937500
  0.894472   0.545994   0.650617   0.110650   0.383642  -0.069013   0.181263   0.312500   0.937500
  0.899497   0.546550   0.652545   0.110303   0.384553  -0.019916   0.062868   0.312500   0.937500
  0.904523   0.547105   0.654477   0.110203   0.384869   0.046690  -0.093658   0.312500   0.937500
  0.909548   0.547659   0.656411   0.110438   0.384398   0.107914  -0.235948   0.312500   0.937500
  0.914573   0.548214   0.658343   0.110980   0.383213   0.137313  -0.300330   0.312500   0.937500
  0.919598   0.548771   0.660269   0.111670   0.381704   0.115573  -0.237394   0.312500   0.937500
  0.924623   0.549332   0.662187   0.112251   0.380511   0.043804  -0.046298   0.312500   0.937500
  0.929648   0.549896   0.664099   0.112471   0.380278  -0.053352   0.214169   0.312500   0.937500
  0.934673   0.550462   0.666010   0.112203   0.381354  -0.141126   0.456337   0.312500   0.937500
  0.939698   0.551025   0.667926   0.111493   0.383647  -0.192727   0.609078   0.312500   0.937500
  0.944724   0.551586   0.669854   0.110525   0.386709  -0.197806   0.641273   0.312500   0.937500
  0.949749   0.552141   0.671797   0.109531   0.389931  -0.160626   0.559478   0.312500   0.937500
  0.954774   0.552692   0.673757   0.108724   0.392742  -0.094785   0.396067   0.312500   0.937500
  0.959799   0.553238   0.675730   0.108247   0.394733  -0.018583   0.198162   0.312500   0.937500
  0.964824   0.553782   0.677714   0.108154   0.395728   0.049370   0.016391   0.312500   0.937500
  0.969849   0.554325   0.679702   0.108402   0.395811   0.096191  -0.111952   0.312500   0.937500
  0.974874   0.554870   0.681691   0.108885   0.395248   0.121268  -0.182619   0.312500   0.937500
  0.979899   0.555417   0.683678   0.109495   0.394330   0.137407  -0.230120   0.312500   0.937500
  0.984925   0.555968   0.685659   0.110185   0.393174   0.162907  -0.307152   0.312500   0.937500
  0.989950   0.556521   0.687635   0.111004   0.391630   0.210754  -0.453596   0.312500   0.937500
  0.994975   0.557079   0.689603   0.112063   0.389351   0.283995  -0.681566   0.312500   0.937500
  1.000000   0.557642   0.691560   0.113490   0.385926   0.378022  -0.980417   0.312500   0.937500