  0.000000   0.441943   0.308612   0.000000   0.000000  15.858538  21.065655   0.312500   0.562500
  0.005025   0.441943   0.308612   0.079689   0.105855  13.067367  16.634986   0.312500   0.562500
  0.010050   0.442343   0.309144   0.145353   0.189446  10.400370  12.391140   0.312500   0.562500
  0.015075   0.443074   0.310096   0.197615   0.251711   7.919355   8.471532   0.312500   0.562500
  0.020101   0.444067   0.311361   0.237417   0.294289   5.720748   5.093359   0.312500   0.562500
  0.025126   0.445260   0.312840   0.266164   0.319883   3.911263   2.498873   0.312500   0.562500
  0.030151   0.446598   0.314447   0.285818   0.332440   2.547281   0.821487   0.312500   0.562500
  0.035176   0.448034   0.316118   0.298618   0.336568   1.590601  -0.016569   0.312500   0.562500
  0.040201   0.449534   0.317809   0.306611   0.336485   0.923658  -0.272276   0.312500   0.562500
  0.045226   0.451075   0.319500   0.311252   0.335117   0.411880  -0.243323   0.312500   0.562500
  0.050251   0.452639   0.321184   0.313322   0.333894  -0.045161  -0.153489   0.312500   0.562500
  0.055276   0.454214   0.322862   0.313095   0.333123  -0.498903  -0.120048   0.312500   0.562500
  0.060302   0.455787   0.324536   0.310588   0.332519  -0.958972  -0.172352   0.312500   0.562500
  0.065327   0.457348   0.326207   0.305769   0.331653  -1.403399  -0.279966   0.312500   0.562500
  0.070352   0.458884   0.327873   0.298717   0.330246  -1.788678  -0.376731   0.312500   0.562500
  0.075377   0.460385   0.329533   0.289729   0.328353  -2.064224  -0.388015   0.312500   0.562500
  0.080402   0.461841   0.331183   0.279356   0.326404  -2.197546  -0.267478   0.312500   0.562500
  0.085427   0.463245   0.332823   0.268313   0.325059  -2.197149  -0.026312   0.312500   0.562500
  0.090452   0.464593   0.334456   0.257273   0.324927  -2.110546   0.273476   0.312500   0.562500
  0.095477   0.465886   0.336089   0.246667   0.326301  -1.997164   0.557773   0.312500   0.562500
  0.100503   0.467126   0.337729   0.236629   0.329105  -1.901863   0.774862   0.312500   0.562500
  0.105528   0.468315   0.339383   0.227072   0.332998  -1.846133   0.904636   0.312500   0.562500
  0.110553   0.469456   0.341056   0.217796   0.337544  -1.831932   0.951527   0.312500   0.562500
  0.115578   0.470550   0.342752   0.208590   0.342326  -1.848165   0.934577   0.312500   0.562500
  0.120603   0.471599   0.344473   0.199303   0.347022  -1.874952   0.881138   0.312500   0.562500
  0.125628   0.472600   0.346216   0.189881   0.351450  -1.887566   0.821897   0.312500   0.562500
  0.130653   0.473554   0.347982   0.180396   0.355580  -1.863865   0.783043   0.312500   0.562500
  0.135678   0.474461   0.349769   0.171031   0.359515  -1.794706   0.776124   0.312500   0.562500
  0.140704   0.475320   0.351576   0.162010   0.363415  -1.689134   0.793740   0.312500   0.562500
  0.145729   0.476134   0.353402   0.153522   0.367404  -1.568098   0.816828   0.312500   0.562500
  0.150754   0.476906   0.355248   0.145643   0.371508  -1.452269   0.827049   0.312500   0.562500
  0.155779   0.477638   0.357115   0.138345   0.375664  -1.354524   0.814126   0.312500   0.562500
  0.160804   0.478333   0.359003   0.131539   0.379755  -1.279073   0.776371   0.312500   0.562500
  0.165829   0.478994   0.360911   0.125111   0.383657  -1.223572   0.718376   0.312500   0.562500
  0.170854   0.479623   0.362839   0.118963   0.387266  -1.181061   0.648957   0.312500   0.562500
  0.175879   0.480220   0.364785   0.113028   0.390527  -1.141333   0.579557   0.312500   0.562500
  0.180905   0.480788   0.366748   0.107292   0.393440  -1.093238   0.521593   0.312500   0.562500
  0.185930   0.481328   0.368725   0.101798   0.396061  -1.029059   0.482058   0.312500   0.562500
  0.190955   0.481839   0.370715   0.096627   0.398484  -0.948631   0.459783   0.312500   0.562500
  0.195980   0.482325   0.372718   0.091860   0.400794  -0.859190   0.446615   0.312500   0.562500
  0.201005   0.482786   0.374732   0.087543   0.403038  -0.770595   0.432745   0.312500   0.562500
  0.206030   0.483226   0.376757   0.083671   0.405213  -0.690506   0.411391   0.312500   0.562500
  0.211055   0.483647   0.378793   0.080201   0.407280  -0.622595   0.380127   0.312500   0.562500
  0.216080   0.484050   0.380840   0.077072   0.409190  -0.567066   0.340013   0.312500   0.562500
  0.221106   0.484437   0.382896   0.074222   0.410899  -0.521636   0.294424   0.312500   0.562500
  0.226131   0.484810   0.384961   0.071601   0.412379  -0.482254   0.248257   0.312500   0.562500
  0.231156   0.485170   0.387033   0.069178   0.413626  -0.443722   0.206879   0.312500   0.562500
  0.236181   0.485517   0.389112   0.066948   0.414666  -0.401161   0.174316   0.312500   0.562500
  0.241206   0.485854   0.391195   0.064932   0.415542  -0.352054   0.151048   0.312500   0.562500
  0.246231   0.486180   0.393283   0.063163   0.416301  -0.297305   0.133444   0.312500   0.562500
  0.251256   0.486497   0.395375   0.061669   0.416971  -0.240006   0.115758   0.312500   0.562500
  0.256281   0.486807   0.397471   0.060463   0.417553  -0.183114   0.092884   0.312500   0.562500
  0.261307   0.487111   0.399569   0.059543   0.418020  -0.128046   0.061804   0.312500   0.562500
  0.266332   0.487410   0.401670   0.058899   0.418330  -0.074855   0.021858   0.312500   0.562500
  0.271357   0.487706   0.403772   0.058523   0.418440  -0.023273  -0.025090   0.312500   0.562500
  0.276382   0.488000   0.405875   0.058406   0.418314   0.025722  -0.073784   0.312500   0.562500
  0.281407   0.488294   0.407977   0.058535   0.417943   0.068648  -0.114816   0.312500   0.562500
  0.286432   0.488588   0.410077   0.058880   0.417366   0.099890  -0.136145   0.312500   0.562500
  0.291457   0.488884   0.412174   0.059382   0.416682   0.115102  -0.128730   0.312500   0.562500
  0.296482   0.489182   0.414268   0.059961   0.416035   0.116301  -0.093607   0.312500   0.562500
  0.301508   0.489484   0.416359   0.060545   0.415565   0.114100  -0.043645   0.312500   0.562500
  0.306533   0.489788   0.418447   0.061119   0.415346   0.124637   0.002187   0.312500   0.562500
  0.311558   0.490095   0.420534   0.061745   0.415356   0.163644   0.027078   0.312500   0.562500
  0.316583   0.490405   0.422621   0.062567   0.415493   0.239953   0.022746   0.312500   0.562500
  0.321608   0.490720   0.424709   0.063773   0.415607   0.346967  -0.004484   0.312500   0.562500
  0.326633   0.491040   0.426798   0.065516   0.415584   0.449587  -0.024998   0.312500   0.562500
  0.331658   0.491369   0.428886   0.067776   0.415459   0.469714   0.023507   0.312500   0.562500
  0.336683   0.491710   0.430974   0.070136   0.415577   0.286199   0.234372   0.312500   0.562500
  0.341709   0.492063   0.433062   0.071574   0.416755  -0.227580   0.702724   0.312500   0.562500
  0.346734   0.492422   0.435156   0.070431   0.420286  -1.131793   1.472639   0.312500   0.562500
  0.351759   0.492776   0.437268   0.064744   0.427686  -2.374301   2.506322   0.312500   0.562500
  0.356784   0.493101   0.439418   0.052813   0.440280  -3.821518   3.709769   0.312500   0.562500
  0.361809   0.493367   0.441630   0.033610   0.458922  -5.336653   4.989605   0.312500   0.562500
  0.366834   0.493536   0.443936   0.006793   0.483995  -6.837098   6.288808   0.312500   0.562500
  0.371859   0.493570   0.446368  -0.027564   0.515596  -8.308695   7.583975   0.312500   0.562500
  0.376884   0.493431   0.448959  -0.069315   0.553705  -9.793882   8.855388   0.312500   0.562500
  0.381910   0.493083   0.451742  -0.118539   0.598213 -11.368013  10.043552   0.312500   0.562500
  0.386935   0.492487   0.454748  -0.175663   0.648681 -13.099664  11.008146   0.312500   0.562500
  0.391960   0.491605   0.458008  -0.241489   0.703997 -14.999843  11.530935   0.312500   0.562500
  0.396985   0.490391   0.461545  -0.316863   0.761940 -16.983605  11.396681   0.312500   0.562500
  0.402010   0.488799   0.465374  -0.402206   0.819209 -18.897841  10.521781   0.312500   0.562500
  0.407035   0.486778   0.469490  -0.497167   0.872081 -20.607681   9.009970   0.312500   0.562500
  0.412060   0.484280   0.473873  -0.600721   0.917356 -22.061869   7.077149   0.312500   0.562500
  0.417085   0.481261   0.478482  -0.711582   0.952918 -23.280092   4.926935   0.312500   0.562500
  0.422111   0.477684   0.483272  -0.828588   0.977681 -24.279242   2.672110   0.312500   0.562500
  0.427136   0.473521   0.488185  -0.950591   0.991108 -24.972167   0.319707   0.312500   0.562500
  0.432161   0.468744   0.493165  -1.076076   0.992715 -25.061301  -2.211857   0.312500   0.562500
  0.437186   0.463337   0.498153  -1.202009   0.981600 -23.965364  -5.042532   0.312500   0.562500
  0.442211   0.457297   0.503086  -1.322435   0.956262 -20.895902  -8.245859   0.312500   0.562500
  0.447236   0.450651   0.507891  -1.427437   0.914826 -15.197175 -11.747571   0.312500   0.562500
  0.452261   0.443479   0.512488  -1.503803   0.855795  -6.817707 -15.292480   0.312500   0.562500
  0.457286   0.435922   0.516788  -1.538062   0.778950   3.527591 -18.547319   0.312500   0.562500
  0.462312   0.428192   0.520703  -1.520332   0.685731  14.730196 -21.262520   0.312500   0.562500
  0.467337   0.420552   0.524149  -1.446313   0.578887  25.814669 -23.342276   0.312500   0.562500
  0.472362   0.413284   0.527058  -1.316594   0.461592  36.206413 -24.797677   0.312500   0.562500
  0.477387   0.406668   0.529378  -1.134657   0.336984  45.640144 -25.642658   0.312500   0.562500
  0.482412   0.400967   0.531071  -0.905315   0.208129  53.919170 -25.804148   0.312500   0.562500
  0.487437   0.396418   0.532117  -0.634371   0.078463  60.658596 -25.073073   0.312500   0.562500
  0.492462   0.393230   0.532511  -0.329562  -0.047529  65.137968 -23.136589   0.312500   0.562500
  0.497487   0.391574   0.532272  -0.002243  -0.163790  66.435655 -19.739019   0.312500   0.562500
  0.502513   0.391563   0.531449   0.331662  -0.262998  63.923121 -14.923995   0.312500   0.562500
  0.507538   0.393229   0.530127   0.652876  -0.337991  57.798154  -9.151861   0.312500   0.562500
  0.512563   0.396510   0.528429   0.943312  -0.383980  49.094329  -3.112444   0.312500   0.562500
  0.517588   0.401250   0.526500   1.190011  -0.399620  39.141157   2.589633   0.312500   0.562500
  0.522613   0.407230   0.524491   1.386695  -0.386607  29.009048   7.610104   0.312500   0.562500
  0.527638   0.414198   0.522549   1.532465  -0.348366  19.309868  11.831285   0.312500   0.562500
  0.532663   0.421899   0.520798   1.629497  -0.288914  10.287401  15.234286   0.312500   0.562500
  0.537688   0.430087   0.519346   1.681192  -0.212361   2.006365  17.779816   0.312500   0.562500
  0.542714   0.438536   0.518279   1.691276  -0.123000  -5.470792  19.345420   0.312500   0.562500
  0.547739   0.447035   0.517661   1.663785  -0.025789 -11.963585  19.752289   0.312500   0.562500
  0.552764   0.455396   0.517531   1.603668   0.073466 -17.193985  18.901326   0.312500   0.562500
  0.557789   0.463454   0.517901   1.517268   0.168445 -20.937487  16.929223   0.312500   0.562500
  0.562814   0.471078   0.518747   1.412057   0.253514 -23.203393  14.224397   0.312500   0.562500
  0.567839   0.478174   0.520021   1.295460   0.324992 -24.253319  11.258954   0.312500   0.562500
  0.572864   0.484684   0.521654   1.173587   0.381568 -24.457652   8.399648   0.312500   0.562500
  0.577889   0.490581   0.523571   1.050688   0.423777 -24.140728   5.840441   0.312500   0.562500
  0.582915   0.495862   0.525701   0.929356   0.453131 -23.506782   3.641721   0.312500   0.562500
  0.587940   0.500532   0.527978   0.811235   0.471430 -22.633706   1.802246   0.312500   0.562500
  0.592965   0.504608   0.530347   0.697500   0.480487 -21.495378   0.311260   0.312500   0.562500
  0.597990   0.508113   0.532762   0.589486   0.482051 -20.006346  -0.823755   0.312500   0.562500
  0.603015   0.511075   0.535184   0.488954   0.477911 -18.096759  -1.585057   0.312500   0.562500
  0.608040   0.513532   0.537585   0.398018   0.469946 -15.799411  -1.979031   0.312500   0.562500
  0.613065   0.515532   0.539947   0.318626   0.460002 -13.279208  -2.065764   0.312500   0.562500
  0.618090   0.517133   0.542258   0.251898   0.449621 -10.763240  -1.948875   0.312500   0.562500
  0.623116   0.518399   0.544518   0.197802   0.439826  -8.435376  -1.734218   0.312500   0.562500
  0.628141   0.519393   0.546728   0.155414   0.431112  -6.388290  -1.497326   0.312500   0.562500
  0.633166   0.520174   0.548895   0.123313   0.423588  -4.636626  -1.276970   0.312500   0.562500
  0.638191   0.520794   0.551023   0.100014   0.417171  -3.159562  -1.085391   0.312500   0.562500
  0.643216   0.521297   0.553120   0.084137   0.411717  -1.934218  -0.920611   0.312500   0.562500
  0.648241   0.521719   0.555188   0.074418   0.407091  -0.953512  -0.775536   0.312500   0.562500
  0.653266   0.522093   0.557234   0.069626   0.403194  -0.225394  -0.643835   0.312500   0.562500
  0.658291   0.522443   0.559260   0.068494   0.399958   0.246708  -0.523294   0.312500   0.562500
  0.663317   0.522787   0.561270   0.069734   0.397328   0.489224  -0.416019   0.312500   0.562500
  0.668342   0.523138   0.563267   0.072192   0.395238   0.563805  -0.325613   0.312500   0.562500
  0.673367   0.523501   0.565253   0.075025   0.393602   0.545347  -0.253682   0.312500   0.562500
  0.678392   0.523878   0.567231   0.077765   0.392327   0.494352  -0.198872   0.312500   0.562500
  0.683417   0.524268   0.569202   0.080249   0.391328   0.445760  -0.157942   0.312500   0.562500
  0.688442   0.524672   0.571169   0.082489   0.390534   0.412814  -0.127238   0.312500   0.562500
  0.693467   0.525086   0.573131   0.084564   0.389894   0.395426  -0.103552   0.312500   0.562500
  0.698492   0.525511   0.575090   0.086551   0.389374   0.386818  -0.084427   0.312500   0.562500
  0.703518   0.525946   0.577047   0.088495   0.388950   0.377846  -0.068239   0.312500   0.562500
  0.708543   0.526391   0.579002   0.090394   0.388607   0.360648  -0.054286   0.312500   0.562500
  0.713568   0.526845   0.580954   0.092206   0.388334   0.332104  -0.042736   0.312500   0.562500
  0.718593   0.527308   0.582906   0.093875   0.388119   0.295179  -0.034284   0.312500   0.562500
  0.723618   0.527780   0.584856   0.095358   0.387947   0.256550  -0.029592   0.312500   0.562500
  0.728643   0.528259   0.586806   0.096647   0.387798   0.222566  -0.028906   0.312500   0.562500
  0.733668   0.528745   0.588754   0.097766   0.387653   0.196840  -0.032002   0.312500   0.562500
  0.738693   0.529236   0.590702   0.098755   0.387492   0.180128  -0.038220   0.312500   0.562500
  0.743719   0.529732   0.592650   0.099660   0.387300   0.171106  -0.046347   0.312500   0.562500
  0.748744   0.530233   0.594596   0.100520   0.387067   0.166947  -0.054339   0.312500   0.562500
  0.753769   0.530738   0.596541   0.101359   0.386794   0.163650  -0.059220   0.312500   0.562500
  0.758794   0.531248   0.598485   0.102181   0.386497   0.156815  -0.057744   0.312500   0.562500
  0.763819   0.531761   0.600427   0.102969   0.386207   0.143422  -0.048194   0.312500   0.562500
  0.768844   0.532279   0.602367   0.103690   0.385964   0.123843  -0.032260   0.312500   0.562500
  0.773869   0.532800   0.604307   0.104312   0.385802   0.102068  -0.015004   0.312500   0.562500
  0.778894   0.533324   0.606246   0.104825   0.385727   0.083596  -0.002567   0.312500   0.562500
  0.783920   0.533851   0.608184   0.105245   0.385714   0.072914   0.000322   0.312500   0.562500
  0.788945   0.534379   0.610122   0.105612   0.385716   0.072241  -0.008481   0.312500   0.562500
  0.793970   0.534910   0.612061   0.105975   0.385673   0.081270  -0.028234   0.312500   0.562500
  0.798995   0.535443   0.613999   0.106383   0.385531   0.097040  -0.054899   0.312500   0.562500
  0.804020   0.535977   0.615936   0.106871   0.385255   0.113657  -0.080571   0.312500   0.562500
  0.809045   0.536514   0.617872   0.107442   0.384850   0.122828  -0.094136   0.312500   0.562500
  0.814070   0.537054   0.619806   0.108059   0.384377   0.116714  -0.085303   0.312500   0.562500
  0.819095   0.537597   0.621737   0.108645   0.383949   0.092872  -0.051594   0.312500   0.562500
  0.824121   0.538143   0.623667   0.109112   0.383689   0.057346  -0.002656   0.312500   0.562500
  0.829146   0.538692   0.625595   0.109400   0.383676   0.022162   0.043383   0.312500   0.562500
  0.834171   0.539241   0.627523   0.109512   0.383894  -0.000749   0.068621   0.312500   0.562500
  0.839196   0.539792   0.629452   0.109508   0.384239  -0.003963   0.061768   0.312500   0.562500
  0.844221   0.540342   0.631383   0.109488   0.384549   0.014134   0.020335   0.312500   0.562500
  0.849246   0.540892   0.633315   0.109559   0.384651   0.049366  -0.048719   0.312500   0.562500
  0.854271   0.541443   0.635248   0.109807   0.384407   0.091615  -0.127846   0.312500   0.562500
  0.859296   0.541994   0.637180   0.110267   0.383764   0.125284  -0.189051   0.312500   0.562500
  0.864322   0.542549   0.639109   0.110897   0.382814   0.133164  -0.200683   0.312500   0.562500
  0.869347   0.543106   0.641032   0.111566   0.381806   0.105204  -0.144019   0.312500   0.562500
  0.874372   0.543666   0.642951   0.112095   0.381082   0.047132  -0.030232   0.312500   0.562500
  0.879397   0.544230   0.644866   0.112332   0.380930  -0.020443   0.100398   0.312500   0.562500
  0.884422   0.544794   0.646780   0.112229   0.381434  -0.073064   0.199143   0.312500   0.562500
  0.889447   0.545358   0.648697   0.111862   0.382435  -0.093577   0.230617   0.312500   0.562500
  0.894472   0.545920   0.650618   0.111392   0.383594  -0.076416   0.182082   0.312500   0.562500
  0.899497   0.546480   0.652546   0.111008   0.384509  -0.026946   0.063627   0.312500   0.562500
  0.904523   0.547038   0.654478   0.110872   0.384829   0.040013  -0.092954   0.312500   0.562500
  0.909548   0.547595   0.656412   0.111073   0.384362   0.101572  -0.235296   0.312500   0.562500
  0.914573   0.548153   0.658344   0.111584   0.383179   0.131289  -0.299725   0.312500   0.562500
  0.919598   0.548714   0.660269   0.112243   0.381673   0.109851  -0.236833   0.312500   0.562500
  0.924623   0.549278   0.662187   0.112795   0.380483   0.038367  -0.045777   0.312500   0.562500
  0.929648   0.549845   0.664099   0.112988   0.380253  -0.058516   0.214652   0.312500   0.562500
  0.934673   0.550412   0.666010   0.112694   0.381332  -0.146032   0.456787   0.312500   0.562500
  0.939698   0.550979   0.667926   0.111960   0.383627  -0.197388   0.609494   0.312500   0.562500
  0.944724   0.551541   0.669854   0.110968   0.386690  -0.202234   0.641659   0.312500   0.562500
  0.949749   0.552099   0.671797   0.109952   0.389915  -0.164832   0.559836   0.312500   0.562500
  0.954774   0.552652   0.673756   0.109124   0.392728  -0.098781   0.396397   0.312500   0.562500
  0.959799   0.553200   0.675730   0.108627   0.394720  -0.022379   0.198466   0.312500   0.562500
  0.964824   0.553746   0.677713   0.108515   0.395717   0.045764   0.016672   0.312500   0.562500
  0.969849   0.554291   0.679702   0.108745   0.395801   0.092766  -0.111694   0.312500   0.562500
  0.974874   0.554837   0.681691   0.109211   0.395240   0.118015  -0.182380   0.312500   0.562500
  0.979899   0.555386   0.683677   0.109804   0.394323   0.134317  -0.229900   0.312500   0.562500
  0.984925   0.555938   0.685659   0.110479   0.393168   0.159972  -0.306949   0.312500   0.562500
  0.989950   0.556493   0.687634   0.111283   0.391625   0.207966  -0.453408   0.312500   0.562500
  0.994975   0.557053   0.689602   0.112328   0.389347   0.281346  -0.681393   0.312500   0.562500
  1.000000   0.557617   0.691559   0.113742   0.385923   0.375506  -0.980257   0.312500   0.562500