  0.000000   0.441943   0.308612   0.000000   0.000000  15.858516  21.065608   0.312500   0.812500
  0.005025   0.441943   0.308612   0.079689   0.105855  13.067355  16.634961   0.312500   0.812500
  0.010050   0.442343   0.309144   0.145353   0.189445  10.400367  12.391135   0.312500   0.812500
  0.015075   0.443074   0.310096   0.197614   0.251711   7.919360   8.471543   0.312500   0.812500
  0.020101   0.444067   0.311361   0.237417   0.294289   5.720758   5.093381   0.312500   0.812500
  0.025126   0.445260   0.312840   0.266164   0.319883   3.911274   2.498901   0.312500   0.812500
  0.030151   0.446598   0.314447   0.285818   0.332440   2.547293   0.821515   0.312500   0.812500
  0.035176   0.448034   0.316118   0.298618   0.336568   1.590611  -0.016545   0.312500   0.812500
  0.040201   0.449534   0.317809   0.306611   0.336485   0.923666  -0.272257   0.312500   0.812500
  0.045226   0.451075   0.319500   0.311252   0.335117   0.411886  -0.243311   0.312500   0.812500
  0.050251   0.452639   0.321184   0.313322   0.333894  -0.045156  -0.153481   0.312500   0.812500
  0.055276   0.454214   0.322862   0.313095   0.333123  -0.498899  -0.120043   0.312500   0.812500
  0.060302   0.455787   0.324536   0.310588   0.332520  -0.958970  -0.172350   0.312500   0.812500
  0.065327   0.457348   0.326207   0.305769   0.331654  -1.403397  -0.279965   0.312500   0.812500
  0.070352   0.458884   0.327873   0.298717   0.330247  -1.788676  -0.376732   0.312500   0.812500
  0.075377   0.460385   0.329533   0.289729   0.328354  -2.064222  -0.388017   0.312500   0.812500
  0.080402   0.461841   0.331183   0.279356   0.326404  -2.197545  -0.267481   0.312500   0.812500
  0.085427   0.463245   0.332823   0.268313   0.325060  -2.197149  -0.026316   0.312500   0.812500
  0.090452   0.464593   0.334456   0.257273   0.324928  -2.110547   0.273471   0.312500   0.812500
  0.095477   0.465886   0.336089   0.246667   0.326302  -1.997165   0.557768   0.312500   0.812500
  0.100503   0.467126   0.337729   0.236629   0.329105  -1.901865   0.774857   0.312500   0.812500
  0.105528   0.468315   0.339383   0.227073   0.332999  -1.846135   0.904630   0.312500   0.812500
  0.110553   0.469456   0.341056   0.217796   0.337545  -1.831934   0.951520   0.312500   0.812500
  0.115578   0.470550   0.342752   0.208590   0.342326  -1.848167   0.934569   0.312500   0.812500
  0.120603   0.471599   0.344473   0.199303   0.347022  -1.874953   0.881129   0.312500   0.812500
  0.125628   0.472600   0.346216   0.189882   0.351450  -1.887566   0.821887   0.312500   0.812500
  0.130653   0.473554   0.347982   0.180397   0.355580  -1.863863   0.783030   0.312500   0.812500
  0.135678   0.474461   0.349769   0.171031   0.359515  -1.794701   0.776108   0.312500   0.812500
  0.140704   0.475320   0.351576   0.162011   0.363415  -1.689122   0.793717   0.312500   0.812500
  0.145729   0.476134   0.353402   0.153523   0.367404  -1.568078   0.816793   0.312500   0.812500
  0.150754   0.476906   0.355248   0.145643   0.371508  -1.452235   0.826997   0.312500   0.812500
  0.155779   0.477638   0.357115   0.138346   0.375664  -1.354470   0.814048   0.312500   0.812500
  0.160804   0.478333   0.359003   0.131539   0.379754  -1.278991   0.776254   0.312500   0.812500
  0.165829   0.478994   0.360911   0.125112   0.383655  -1.223452   0.718209   0.312500   0.812500
  0.170854   0.479623   0.362839   0.118965   0.387264  -1.180890   0.648726   0.312500   0.812500
  0.175879   0.480220   0.364785   0.113031   0.390524  -1.141098   0.579247   0.312500   0.812500
  0.180905   0.480788   0.366748   0.107295   0.393435  -1.092922   0.521188   0.312500   0.812500
  0.185930   0.481328   0.368725   0.101804   0.396054  -1.028630   0.481529   0.312500   0.812500
  0.190955   0.481839   0.370715   0.096635   0.398474  -0.948024   0.459067   0.312500   0.812500
  0.195980   0.482325   0.372717   0.091871   0.400781  -0.858291   0.445588   0.312500   0.812500
  0.201005   0.482786   0.374731   0.087558   0.403020  -0.769223   0.431203   0.312500   0.812500
  0.206030   0.483226   0.376757   0.083693   0.405186  -0.688404   0.409045   0.312500   0.812500
  0.211055   0.483647   0.378793   0.080233   0.407242  -0.619445   0.376615   0.312500   0.812500
  0.216080   0.484050   0.380839   0.077121   0.409134  -0.562533   0.334967   0.312500   0.812500
  0.221106   0.484438   0.382895   0.074293   0.410818  -0.515484   0.287607   0.312500   0.812500
  0.226131   0.484811   0.384960   0.071703   0.412263  -0.474534   0.239811   0.312500   0.812500
  0.231156   0.485171   0.387031   0.069319   0.413468  -0.434965   0.197582   0.312500   0.812500
  0.236181   0.485520   0.389109   0.067133   0.414461  -0.392359   0.165614   0.312500   0.812500
  0.241206   0.485857   0.391192   0.065161   0.415293  -0.344225   0.144592   0.312500   0.812500
  0.246231   0.486184   0.393278   0.063431   0.416020  -0.290723   0.130246   0.312500   0.812500
  0.251256   0.486503   0.395369   0.061971   0.416674  -0.233560   0.115475   0.312500   0.812500
  0.256281   0.486815   0.397463   0.060797   0.417255  -0.174141   0.093639   0.312500   0.812500
  0.261307   0.487120   0.399560   0.059922   0.417725  -0.112734   0.060618   0.312500   0.812500
  0.266332   0.487421   0.401659   0.059355   0.418030  -0.049323   0.015680   0.312500   0.812500
  0.271357   0.487720   0.403760   0.059107   0.418109   0.014303  -0.037475   0.312500   0.812500
  0.276382   0.488017   0.405861   0.059179   0.417920   0.071476  -0.088640   0.312500   0.812500
  0.281407   0.488314   0.407961   0.059538   0.417475   0.108382  -0.119515   0.312500   0.812500
  0.286432   0.488613   0.410058   0.060083   0.416874   0.106112  -0.106630   0.312500   0.812500
  0.291457   0.488915   0.412153   0.060616   0.416339   0.050053  -0.031900   0.312500   0.812500
  0.296482   0.489220   0.414245   0.060868   0.416178  -0.058002   0.104584   0.312500   0.812500
  0.301508   0.489526   0.416337   0.060576   0.416704  -0.196654   0.282098   0.312500   0.812500
  0.306533   0.489830   0.418431   0.059588   0.418121  -0.334430   0.470255   0.312500   0.812500
  0.311558   0.490129   0.420532   0.057908   0.420484  -0.443765   0.643461   0.312500   0.812500
  0.316583   0.490420   0.422645   0.055678   0.423718  -0.511387   0.789354   0.312500   0.812500
  0.321608   0.490700   0.424774   0.053108   0.427684  -0.547434   0.913155   0.312500   0.812500
  0.326633   0.490967   0.426923   0.050357   0.432273  -0.597675   1.042199   0.312500   0.812500
  0.331658   0.491220   0.429095   0.047354   0.437510  -0.755829   1.230114   0.312500   0.812500
  0.336683   0.491458   0.431294   0.043556   0.443691  -1.158236   1.551451   0.312500   0.812500
  0.341709   0.491677   0.433524   0.037734   0.451489  -1.937379   2.075255   0.312500   0.812500
  0.346734   0.491867   0.435793   0.027999   0.461917  -3.143007   2.824083   0.312500   0.812500
  0.351759   0.492007   0.438114   0.012205   0.476108  -4.700530   3.756053   0.312500   0.812500
  0.356784   0.492069   0.440506  -0.011415   0.494982  -6.454405   4.791169   0.312500   0.812500
  0.361809   0.492011   0.442993  -0.043848   0.519058  -8.255350   5.856484   0.312500   0.812500
  0.366834   0.491791   0.445602  -0.085331   0.548487 -10.014992   6.908868   0.312500   0.812500
  0.371859   0.491362   0.448358  -0.135657   0.583204 -11.707713   7.925363   0.312500   0.812500
  0.376884   0.490680   0.451288  -0.194488   0.623029 -13.341135   8.872194   0.312500   0.812500
  0.381910   0.489703   0.454420  -0.261540   0.667620 -14.914691   9.665342   0.312500   0.812500
  0.386935   0.488389   0.457775  -0.336487   0.716189 -16.375641  10.141570   0.312500   0.812500
  0.391960   0.486698   0.461373  -0.418774   0.767150 -17.600640  10.080991   0.312500   0.812500
  0.396985   0.484593   0.465228  -0.507217   0.817807 -18.431687   9.305714   0.312500   0.812500
  0.402010   0.482045   0.469338  -0.599837   0.864568 -18.768419   7.802379   0.312500   0.812500
  0.407035   0.479031   0.473682  -0.694148   0.903775 -18.637312   5.746409   0.312500   0.812500
  0.412060   0.475542   0.478224  -0.787800   0.932651 -18.170048   3.398740   0.312500   0.812500
  0.417085   0.471584   0.482910  -0.879105   0.949730 -17.519185   0.980034   0.312500   0.812500
  0.422111   0.467165   0.487684  -0.967156   0.954655 -16.775523  -1.388854   0.312500   0.812500
  0.427136   0.462305   0.492481  -1.051453   0.947676 -15.907641  -3.679722   0.312500   0.812500
  0.432161   0.457022   0.497243  -1.131389   0.929186 -14.710476  -5.926490   0.312500   0.812500
  0.437186   0.451337   0.501912  -1.205309   0.899405 -12.781421  -8.179088   0.312500   0.812500
  0.442211   0.445280   0.506432  -1.269536   0.858305  -9.593791 -10.452084   0.312500   0.812500
  0.447236   0.438901   0.510745  -1.317745   0.805783  -4.738101 -12.681653   0.312500   0.812500
  0.452261   0.432279   0.514794  -1.341554   0.742058   1.770212 -14.731429   0.312500   0.812500
  0.457286   0.425538   0.518522  -1.332659   0.668033   9.410952 -16.461233   0.312500   0.812500
  0.462312   0.418840   0.521880  -1.285359   0.585299  17.432990 -17.800962   0.312500   0.812500
  0.467337   0.412381   0.524821  -1.197758   0.495849  25.205908 -18.761841   0.312500   0.812500
  0.472362   0.406362   0.527313  -1.071099   0.401570  32.382899 -19.393056   0.312500   0.812500
  0.477387   0.400980   0.529331  -0.908375   0.304120  38.823414 -19.720549   0.312500   0.812500
  0.482412   0.396415   0.530859  -0.713287   0.205025  44.424937 -19.697182   0.312500   0.812500
  0.487437   0.392831   0.531889  -0.490052   0.106046  48.949997 -19.172582   0.312500   0.812500
  0.492462   0.390368   0.532422  -0.244078   0.009704  51.929025 -17.908838   0.312500   0.812500
  0.497487   0.389142   0.532471   0.016865  -0.080288  52.752764 -15.682263   0.312500   0.812500
  0.502513   0.389227   0.532067   0.282001  -0.159107  51.006184 -12.454073   0.312500   0.812500
  0.507538   0.390644   0.531268   0.538307  -0.221689  46.828342  -8.476339   0.312500   0.812500
  0.512563   0.393349   0.530154   0.773619  -0.264282  40.919537  -4.191633   0.312500   0.812500
  0.517588   0.397236   0.528826   0.979240  -0.285345  34.178091  -0.021596   0.312500   0.812500
  0.522613   0.402157   0.527392   1.150985  -0.285454  27.324649   3.771173   0.312500   0.812500
  0.527638   0.407940   0.525957   1.288291  -0.266504  20.762197   7.080259   0.312500   0.812500
  0.532663   0.414414   0.524618   1.392621  -0.230925  14.626469   9.877918   0.312500   0.812500
  0.537688   0.421412   0.523458   1.466119  -0.181289   8.899068  12.132698   0.312500   0.812500
  0.542714   0.428781   0.522547   1.510846  -0.120310   3.517312  13.757656   0.312500   0.812500
  0.547739   0.436373   0.521942   1.528521  -0.051178  -1.528170  14.614397   0.312500   0.812500
  0.552764   0.444054   0.521685   1.520842   0.022260  -6.148735  14.597002   0.312500   0.812500
  0.557789   0.451696   0.521797   1.489944   0.095610 -10.184606  13.745541   0.312500   0.812500
  0.562814   0.459183   0.522277   1.438766   0.164681 -13.509048  12.281310   0.312500   0.812500
  0.567839   0.466413   0.523105   1.370884   0.226395 -16.108963  10.511672   0.312500   0.812500
  0.572864   0.473301   0.524242   1.289936   0.279216 -18.075287   8.699233   0.312500   0.812500
  0.577889   0.479783   0.525646   1.199108   0.322929 -19.535677   7.000080   0.312500   0.812500
  0.582915   0.485810   0.527269   1.100921   0.358112 -20.590280   5.475808   0.312500   0.812500
  0.587940   0.491342   0.529068   0.997455   0.385628 -21.271365   4.134906   0.312500   0.812500
  0.592965   0.496354   0.531006   0.890567   0.406406 -21.528047   2.966980   0.312500   0.812500
  0.597990   0.500829   0.533048   0.782388   0.421315 -21.240051   1.966688   0.312500   0.812500
  0.603015   0.504761   0.535165   0.675657   0.431197 -20.285750   1.140240   0.312500   0.812500
  0.608040   0.508156   0.537332   0.573721   0.436927 -18.651622   0.495835   0.312500   0.812500
  0.613065   0.511039   0.539527   0.479997   0.439419 -16.497804   0.026531   0.312500   0.812500
  0.618090   0.513451   0.541736   0.397095   0.439552 -14.100652  -0.296627   0.312500   0.812500
  0.623116   0.515447   0.543945   0.326225   0.438061 -11.722939  -0.514498   0.312500   0.812500
  0.628141   0.517086   0.546146   0.267317   0.435476  -9.531479  -0.664385   0.312500   0.812500
  0.633166   0.518429   0.548334   0.219422   0.432137  -7.591623  -0.771776   0.312500   0.812500
  0.638191   0.519532   0.550506   0.181274   0.428259  -5.908458  -0.849170   0.312500   0.812500
  0.643216   0.520443   0.552658   0.151584   0.423992  -4.466344  -0.898524   0.312500   0.812500
  0.648241   0.521205   0.554788   0.129141   0.419477  -3.254318  -0.914739   0.312500   0.812500
  0.653266   0.521853   0.556896   0.112788   0.414880  -2.273592  -0.890830   0.312500   0.812500
  0.658291   0.522420   0.558981   0.101363   0.410404  -1.526799  -0.825065   0.312500   0.812500
  0.663317   0.522930   0.561044   0.093689   0.406257  -0.997770  -0.726276   0.312500   0.812500
  0.668342   0.523400   0.563085   0.088675   0.402608  -0.643028  -0.611927   0.312500   0.812500
  0.673367   0.523846   0.565108   0.085444   0.399533  -0.404213  -0.499752   0.312500   0.812500
  0.678392   0.524275   0.567116   0.083413   0.397021  -0.229641  -0.401081   0.312500   0.812500
  0.683417   0.524695   0.569111   0.082259   0.395006  -0.085561  -0.319796   0.312500   0.812500
  0.688442   0.525108   0.571096   0.081829   0.393399   0.044096  -0.254867   0.312500   0.812500
  0.693467   0.525519   0.573073   0.082051   0.392118   0.162554  -0.203195   0.312500   0.812500
  0.698492   0.525931   0.575043   0.082867   0.391097   0.264681  -0.161460   0.312500   0.812500
  0.703518   0.526348   0.577009   0.084198   0.390286   0.340849  -0.127080   0.312500   0.812500
  0.708543   0.526771   0.578970   0.085910   0.389647   0.381943  -0.098665   0.312500   0.812500
  0.713568   0.527203   0.580928   0.087830   0.389151   0.385763  -0.075919   0.312500   0.812500
  0.718593   0.527644   0.582883   0.089768   0.388770   0.360199  -0.059111   0.312500   0.812500
  0.723618   0.528095   0.584837   0.091578   0.388473   0.319685  -0.048359   0.312500   0.812500
  0.728643   0.528555   0.586789   0.093185   0.388230   0.278031  -0.043301   0.312500   0.812500
  0.733668   0.529024   0.588740   0.094582   0.388012   0.243858  -0.043164   0.312500   0.812500
  0.738693   0.529499   0.590690   0.095807   0.387795   0.220293  -0.046888   0.312500   0.812500
  0.743719   0.529980   0.592639   0.096914   0.387560   0.206580  -0.053012   0.312500   0.812500
  0.748744   0.530467   0.594586   0.097952   0.387293   0.199537  -0.059370   0.312500   0.812500
  0.753769   0.530960   0.596532   0.098955   0.386995   0.194439  -0.062950   0.312500   0.812500
  0.758794   0.531457   0.598477   0.099932   0.386679   0.186128  -0.060516   0.312500   0.812500
  0.763819   0.531959   0.600420   0.100867   0.386375   0.171036  -0.050356   0.312500   0.812500
  0.768844   0.532466   0.602361   0.101727   0.386121   0.149346  -0.034118   0.312500   0.812500
  0.773869   0.532977   0.604302   0.102477   0.385950   0.125196  -0.016771   0.312500   0.812500
  0.778894   0.533492   0.606241   0.103106   0.385866   0.104364  -0.004344   0.312500   0.812500
  0.783920   0.534010   0.608181   0.103631   0.385844   0.091559  -0.001485   0.312500   0.812500
  0.788945   0.534531   0.610119   0.104091   0.385836   0.089095  -0.010297   0.312500   0.812500
  0.793970   0.535054   0.612058   0.104539   0.385785   0.096660  -0.030023   0.312500   0.812500
  0.798995   0.535579   0.613997   0.105024   0.385634   0.111240  -0.056630   0.312500   0.812500
  0.804020   0.536107   0.615935   0.105583   0.385349   0.126877  -0.082221   0.312500   0.812500
  0.809045   0.536638   0.617871   0.106221   0.384936   0.135220  -0.095693   0.312500   0.812500
  0.814070   0.537171   0.619805   0.106900   0.384455   0.128382  -0.086763   0.312500   0.812500
  0.819095   0.537708   0.621737   0.107546   0.384019   0.103890  -0.052958   0.312500   0.812500
  0.824121   0.538249   0.623667   0.108068   0.383753   0.067766  -0.003928   0.312500   0.812500
  0.829146   0.538792   0.625596   0.108408   0.383733   0.032027   0.042199   0.312500   0.812500
  0.834171   0.539337   0.627524   0.108569   0.383945   0.008598   0.067521   0.312500   0.812500
  0.839196   0.539882   0.629453   0.108612   0.384285   0.004900   0.060748   0.312500   0.812500
  0.844221   0.540428   0.631384   0.108637   0.384590   0.022543   0.019391   0.312500   0.812500
  0.849246   0.540974   0.633317   0.108750   0.384687   0.057349  -0.049591   0.312500   0.812500
  0.854271   0.541521   0.635250   0.109038   0.384438   0.099196  -0.128650   0.312500   0.812500
  0.859296   0.542068   0.637182   0.109537   0.383792   0.132487  -0.189791   0.312500   0.812500
  0.864322   0.542619   0.639111   0.110203   0.382838   0.140008  -0.201363   0.312500   0.812500
  0.869347   0.543173   0.641034   0.110906   0.381826   0.111708  -0.144643   0.312500   0.812500
  0.874372   0.543730   0.642953   0.111468   0.381099   0.053314  -0.030804   0.312500   0.812500
  0.879397   0.544290   0.644868   0.111736   0.380944  -0.014568   0.099875   0.312500   0.812500
  0.884422   0.544852   0.646782   0.111662   0.381446  -0.067481   0.198666   0.312500   0.812500
  0.889447   0.545413   0.648699   0.111323   0.382445  -0.088271   0.230182   0.312500   0.812500
  0.894472   0.545972   0.650621   0.110880   0.383601  -0.071373   0.181688   0.312500   0.812500
  0.899497   0.546529   0.652548   0.110521   0.384514  -0.022154   0.063270   0.312500   0.812500
  0.904523   0.547085   0.654481   0.110410   0.384832   0.044568  -0.093277   0.312500   0.812500
  0.909548   0.547640   0.656415   0.110634   0.384363   0.105901  -0.235587   0.312500   0.812500
  0.914573   0.548196   0.658346   0.111166   0.383180   0.135403  -0.299987   0.312500   0.812500
  0.919598   0.548754   0.660272   0.111846   0.381672   0.113762  -0.237069   0.312500   0.812500
  0.924623   0.549316   0.662190   0.112418   0.380481   0.042085  -0.045990   0.312500   0.812500
  0.929648   0.549881   0.664102   0.112629   0.380250  -0.054982   0.214462   0.312500   0.812500
  0.934673   0.550447   0.666012   0.112353   0.381328  -0.142673   0.456616   0.312500   0.812500
  0.939698   0.551012   0.667928   0.111636   0.383622  -0.194195   0.609342   0.312500   0.812500
  0.944724   0.551573   0.669857   0.110660   0.386685  -0.199198   0.641524   0.312500   0.812500
  0.949749   0.552129   0.671800   0.109659   0.389908  -0.161947   0.559717   0.312500   0.812500
  0.954774   0.552680   0.673759   0.108845   0.392721  -0.096038   0.396293   0.312500   0.812500
  0.959799   0.553227   0.675732   0.108363   0.394712  -0.019772   0.198376   0.312500   0.812500
  0.964824   0.553771   0.677716   0.108263   0.395709   0.048242   0.016595   0.312500   0.812500
  0.969849   0.554315   0.679704   0.108506   0.395792   0.095122  -0.111759   0.312500   0.812500
  0.974874   0.554861   0.681693   0.108984   0.395231   0.120254  -0.182436   0.312500   0.812500
  0.979899   0.555408   0.683679   0.109588   0.394314   0.136445  -0.229946   0.312500   0.812500
  0.984925   0.555959   0.685661   0.110274   0.393158   0.161995  -0.306988   0.312500   0.812500
  0.989950   0.556513   0.687637   0.111088   0.391616   0.209889  -0.453440   0.312500   0.812500
  0.994975   0.557071   0.689604   0.112143   0.389337   0.283175  -0.681418   0.312500   0.812500
  1.000000   0.557635   0.691561   0.113566   0.385913   0.377244  -0.980276   0.312500   0.812500