  0.000000   0.519603   0.300963   0.000000   0.000000  12.674210  21.465137   0.562500   0.312500
  0.005025   0.519603   0.300963   0.063688   0.107862  10.901908  16.897401   0.562500   0.312500
  0.010050   0.519923   0.301505   0.118470   0.192772   9.208423  12.525899   0.562500   0.312500
  0.015075   0.520518   0.302474   0.164742   0.255714   7.609446   8.493747   0.562500   0.312500
  0.020101   0.521346   0.303759   0.202987   0.298404   6.128498   5.026795   0.562500   0.312500
  0.025126   0.522366   0.305258   0.233783   0.323664   4.791698   2.376238   0.562500   0.312500
  0.030151   0.523541   0.306885   0.257861   0.335604   3.611664   0.679289   0.562500   0.312500
  0.035176   0.524837   0.308571   0.276010   0.339018   2.577464  -0.146799   0.562500   0.312500
  0.040201   0.526224   0.310275   0.288962   0.338280   1.658294  -0.370654   0.562500   0.312500
  0.045226   0.527676   0.311975   0.297295   0.336417   0.819084  -0.302337   0.562500   0.312500
  0.050251   0.529170   0.313665   0.301411   0.334898   0.033658  -0.174359   0.562500   0.312500
  0.055276   0.530684   0.315348   0.301580   0.334022  -0.710433  -0.108259   0.562500   0.312500
  0.060302   0.532200   0.317027   0.298009   0.333478  -1.411681  -0.134329   0.562500   0.312500
  0.065327   0.533698   0.318703   0.290915   0.332803  -2.053831  -0.221155   0.562500   0.312500
  0.070352   0.535159   0.320375   0.280595   0.331692  -2.607509  -0.300672   0.562500   0.312500
  0.075377   0.536569   0.322042   0.267492   0.330181  -3.037091  -0.296250   0.562500   0.312500
  0.080402   0.537914   0.323701   0.252231   0.328692  -3.318926  -0.160259   0.562500   0.312500
  0.085427   0.539181   0.325352   0.235553   0.327887  -3.460326   0.096181   0.562500   0.312500
  0.090452   0.540365   0.327000   0.218165   0.328370  -3.500253   0.410142   0.562500   0.312500
  0.095477   0.541461   0.328650   0.200576   0.330431  -3.489166   0.706391   0.562500   0.312500
  0.100503   0.542469   0.330311   0.183040   0.333981  -3.467466   0.932513   0.562500   0.312500
  0.105528   0.543389   0.331989   0.165616   0.338667  -3.457060   1.068238   0.562500   0.312500
  0.110553   0.544221   0.333691   0.148244   0.344035  -3.463348   1.118192   0.562500   0.312500
  0.115578   0.544966   0.335420   0.130841   0.349654  -3.479649   1.101747   0.562500   0.312500
  0.120603   0.545623   0.337177   0.113355   0.355190  -3.490320   1.046618   0.562500   0.312500
  0.125628   0.546193   0.338962   0.095817   0.360450  -3.474181   0.983886   0.562500   0.312500
  0.130653   0.546675   0.340773   0.078359   0.365394  -3.411822   0.940211   0.562500   0.312500
  0.135678   0.547068   0.342609   0.061214   0.370118  -3.296132   0.927678   0.562500   0.312500
  0.140704   0.547376   0.344469   0.044648   0.374781  -3.137734   0.939367   0.562500   0.312500
  0.145729   0.547600   0.346352   0.028881   0.379501  -2.958984   0.956518   0.562500   0.312500
  0.150754   0.547745   0.348259   0.014012   0.384308  -2.781828   0.960879   0.562500   0.312500
  0.155779   0.547816   0.350191   0.000033   0.389136  -2.620327   0.942115   0.562500   0.312500
  0.160804   0.547816   0.352146  -0.013134   0.393870  -2.479738   0.898420   0.562500   0.312500
  0.165829   0.547750   0.354125  -0.025595   0.398385  -2.358621   0.834267   0.562500   0.312500
  0.170854   0.547621   0.356127  -0.037447   0.402577  -2.250767   0.758372   0.562500   0.312500
  0.175879   0.547433   0.358150  -0.048757   0.406388  -2.146533   0.682152   0.562500   0.312500
  0.180905   0.547188   0.360192  -0.059545   0.409816  -2.035060   0.617123   0.562500   0.312500
  0.185930   0.546889   0.362252  -0.069771   0.412917  -1.908687   0.570536   0.562500   0.312500
  0.190955   0.546538   0.364327  -0.079362   0.415784  -1.767118   0.541547   0.562500   0.312500
  0.195980   0.546140   0.366416  -0.088242   0.418505  -1.617540   0.522253   0.562500   0.312500
  0.201005   0.545696   0.368519  -0.096370   0.421130  -1.469975   0.502930   0.562500   0.312500
  0.206030   0.545212   0.370635  -0.103757   0.423657  -1.332424   0.476740   0.562500   0.312500
  0.211055   0.544691   0.372764  -0.110452   0.426053  -1.208976   0.441132   0.562500   0.312500
  0.216080   0.544135   0.374905  -0.116528   0.428269  -1.100233   0.397026   0.562500   0.312500
  0.221106   0.543550   0.377057  -0.122057   0.430265  -1.004235   0.347653   0.562500   0.312500
  0.226131   0.542936   0.379220  -0.127104   0.432012  -0.917147   0.297772   0.562500   0.312500
  0.231156   0.542298   0.381390  -0.131712   0.433508  -0.833744   0.252659   0.562500   0.312500
  0.236181   0.541636   0.383569  -0.135902   0.434778  -0.748903   0.216409   0.562500   0.312500
  0.241206   0.540953   0.385754  -0.139665   0.435865  -0.659803   0.189872   0.562500   0.312500
  0.246231   0.540251   0.387944  -0.142981   0.436819  -0.567269   0.170116   0.562500   0.312500
  0.251256   0.539533   0.390139  -0.145831   0.437674  -0.474762   0.152316   0.562500   0.312500
  0.256281   0.538800   0.392338  -0.148217   0.438439  -0.385979   0.132336   0.562500   0.312500
  0.261307   0.538055   0.394542  -0.150157   0.439104  -0.303184   0.107998   0.562500   0.312500
  0.266332   0.537300   0.396748  -0.151680   0.439647  -0.226995   0.079023   0.562500   0.312500
  0.271357   0.536538   0.398957  -0.152821   0.440044  -0.156788   0.046524   0.562500   0.312500
  0.276382   0.535770   0.401169  -0.153609   0.440278  -0.091403   0.012755   0.562500   0.312500
  0.281407   0.534998   0.403381  -0.154068   0.440342  -0.029604  -0.019104   0.562500   0.312500
  0.286432   0.534224   0.405594  -0.154217   0.440246   0.029832  -0.045719   0.562500   0.312500
  0.291457   0.533449   0.407806  -0.154067   0.440016   0.088676  -0.065337   0.562500   0.312500
  0.296482   0.532675   0.410017  -0.153621   0.439688   0.150347  -0.079547   0.562500   0.312500
  0.301508   0.531903   0.412227  -0.152866   0.439288   0.220771  -0.093304   0.562500   0.312500
  0.306533   0.531135   0.414434  -0.151756   0.438819   0.308113  -0.113017   0.562500   0.312500
  0.311558   0.530372   0.416639  -0.150208   0.438251   0.421410  -0.144255   0.562500   0.312500
  0.316583   0.529618   0.418842  -0.148090   0.437527   0.567391  -0.189827   0.562500   0.312500
  0.321608   0.528873   0.421040  -0.145239   0.436573   0.744269  -0.247339   0.562500   0.312500
  0.326633   0.528144   0.423234  -0.141499   0.435330   0.930928  -0.305004   0.562500   0.312500
  0.331658   0.527432   0.425422  -0.136821   0.433797   1.073699  -0.336504   0.562500   0.312500
  0.336683   0.526745   0.427601  -0.131426   0.432106   1.082590  -0.299961   0.562500   0.312500
  0.341709   0.526084   0.429773  -0.125985   0.430599   0.856352  -0.148935   0.562500   0.312500
  0.346734   0.525451   0.431937  -0.121682   0.429850   0.337812   0.144621   0.562500   0.312500
  0.351759   0.524840   0.434097  -0.119984   0.430577  -0.444247   0.574406   0.562500   0.312500
  0.356784   0.524237   0.436261  -0.122217   0.433463  -1.391773   1.108229   0.562500   0.312500
  0.361809   0.523623   0.438439  -0.129210   0.439032  -2.397370   1.712236   0.562500   0.312500
  0.366834   0.522974   0.440645  -0.141257   0.447636  -3.396975   2.367586   0.562500   0.312500
  0.371859   0.522264   0.442894  -0.158327   0.459533  -4.396024   3.069111   0.562500   0.312500
  0.376884   0.521468   0.445203  -0.180417   0.474956  -5.480878   3.808085   0.562500   0.312500
  0.381910   0.520561   0.447590  -0.207964   0.494095  -6.822065   4.543548   0.562500   0.312500
  0.386935   0.519516   0.450073  -0.242245   0.516926  -8.647562   5.171208   0.562500   0.312500
  0.391960   0.518299   0.452671  -0.285699   0.542912 -11.157888   5.519908   0.562500   0.312500
  0.396985   0.516863   0.455399  -0.341767   0.570649 -14.393534   5.405414   0.562500   0.312500
  0.402010   0.515146   0.458266  -0.414095   0.597811 -18.168550   4.725819   0.562500   0.312500
  0.407035   0.513065   0.461270  -0.505392   0.621559 -22.162491   3.510924   0.562500   0.312500
  0.412060   0.510526   0.464394  -0.616758   0.639201 -26.090175   1.874303   0.562500   0.312500
  0.417085   0.507426   0.467606  -0.747861   0.648619 -29.785160  -0.077782   0.562500   0.312500
  0.422111   0.503668   0.470866  -0.897561   0.648229 -33.142684  -2.305230   0.562500   0.312500
  0.427136   0.499157   0.474123  -1.064103   0.636645 -35.963693  -4.834884   0.562500   0.312500
  0.432161   0.493810   0.477322  -1.244821   0.612349 -37.768306  -7.716804   0.562500   0.312500
  0.437186   0.487555   0.480399  -1.434607   0.573572 -37.650652 -10.930533   0.562500   0.312500
  0.442211   0.480346   0.483282  -1.623801   0.518647 -34.370932 -14.270542   0.562500   0.312500
  0.447236   0.472187   0.485888  -1.796515   0.446937 -26.869411 -17.296276   0.562500   0.312500
  0.452261   0.463159   0.488134  -1.931534   0.360023 -15.011713 -19.459942   0.562500   0.312500
  0.457286   0.453453   0.489943  -2.006968   0.262237   0.124881 -20.368010   0.562500   0.312500
  0.462312   0.443366   0.491261  -2.006340   0.159867  16.804317 -19.940978   0.562500   0.312500
  0.467337   0.433284   0.492064  -1.921898   0.059664  33.451414 -18.339708   0.562500   0.312500
  0.472362   0.423627   0.492364  -1.753805  -0.032493  49.080670 -15.776084   0.562500   0.312500
  0.477387   0.414814   0.492201  -1.507175  -0.111768  63.161370 -12.374460   0.562500   0.312500
  0.482412   0.407240   0.491639  -1.189789  -0.173949  75.241701  -8.140971   0.562500   0.312500
  0.487437   0.401262   0.490765  -0.811699  -0.214858  84.557379  -3.037935   0.562500   0.312500
  0.492462   0.397183   0.489685  -0.386798  -0.230123  89.847110   2.848480   0.562500   0.312500
  0.497487   0.395239   0.488529   0.064683  -0.215810  89.652486   9.115945   0.562500   0.312500
  0.502513   0.395564   0.487444   0.515277  -0.169993  83.167777  15.013392   0.562500   0.312500
  0.507538   0.398154   0.486590   0.933195  -0.094551  71.039332  19.706610   0.562500   0.312500
  0.512563   0.402843   0.486115   1.290167   0.004475  55.219804  22.682530   0.562500   0.312500
  0.517588   0.409326   0.486137   1.567647   0.118455  37.988720  23.903003   0.562500   0.312500
  0.522613   0.417203   0.486733   1.758540   0.238567  21.074995  23.650675   0.562500   0.312500
  0.527638   0.426040   0.487931   1.864442   0.357412   5.430562  22.281520   0.562500   0.312500
  0.532663   0.435409   0.489727   1.891731   0.469376  -8.528860  20.067471   0.562500   0.312500
  0.537688   0.444915   0.492086   1.848873   0.570216 -20.561445  17.159160   0.562500   0.312500
  0.542714   0.454207   0.494952   1.745531   0.656457 -30.319436  13.638568   0.562500   0.312500
  0.547739   0.462979   0.498251   1.593176   0.724991 -37.266926   9.633614   0.562500   0.312500
  0.552764   0.470984   0.501894   1.405910   0.773400 -40.920170   5.418480   0.562500   0.312500
  0.557789   0.478049   0.505780   1.200286   0.800628 -41.255746   1.406409   0.562500   0.312500
  0.562814   0.484080   0.509803   0.992976   0.807695 -38.915477  -2.008696   0.562500   0.312500
  0.567839   0.489070   0.513862   0.797426   0.797602 -34.942031  -4.619104   0.562500   0.312500
  0.572864   0.493077   0.517870   0.621842   0.774391 -30.316958  -6.431249   0.562500   0.312500
  0.577889   0.496202   0.521761   0.469499   0.742074 -25.692375  -7.575480   0.562500   0.312500
  0.582915   0.498562   0.525491   0.340369   0.703999 -21.384939  -8.203123   0.562500   0.312500
  0.587940   0.500272   0.529028   0.232910   0.662778 -17.495230  -8.426203   0.562500   0.312500
  0.592965   0.501442   0.532359   0.144996   0.620437 -14.022240  -8.301976   0.562500   0.312500
  0.597990   0.502171   0.535476   0.074535   0.578719 -10.951086  -7.848618   0.562500   0.312500
  0.603015   0.502545   0.538385   0.019505   0.539280  -8.292720  -7.086711   0.562500   0.312500
  0.608040   0.502643   0.541094  -0.022165   0.503669  -6.077044  -6.084306   0.562500   0.312500
  0.613065   0.502532   0.543625  -0.052703   0.473096  -4.312604  -4.965330   0.562500   0.312500
  0.618090   0.502267   0.546003  -0.074373   0.448145  -2.956520  -3.866457   0.562500   0.312500
  0.623116   0.501893   0.548255  -0.089233   0.428712  -1.924905  -2.884155   0.562500   0.312500
  0.628141   0.501445   0.550409  -0.098906   0.414219  -1.127583  -2.058001   0.562500   0.312500
  0.633166   0.500948   0.552491  -0.104572   0.403878  -0.492763  -1.385381   0.562500   0.312500
  0.638191   0.500423   0.554520  -0.107048   0.396916   0.023239  -0.846600   0.562500   0.312500
  0.643216   0.499885   0.556515  -0.106931   0.392662   0.437732  -0.422059   0.562500   0.312500
  0.648241   0.499347   0.558488  -0.104731   0.390541   0.747540  -0.100244   0.562500   0.312500
  0.653266   0.498821   0.560450  -0.100975   0.390038   0.939779   0.122755   0.562500   0.312500
  0.658291   0.498314   0.562410  -0.096253   0.390654   1.008733   0.250848   0.562500   0.312500
  0.663317   0.497830   0.564374  -0.091183   0.391915   0.971131   0.297244   0.562500   0.312500
  0.668342   0.497372   0.566343  -0.086303   0.393409   0.865764   0.286272   0.562500   0.312500
  0.673367   0.496938   0.568320  -0.081952   0.394847   0.736479   0.245520   0.562500   0.312500
  0.678392   0.496526   0.570304  -0.078252   0.396081   0.615309   0.196488   0.562500   0.312500
  0.683417   0.496133   0.572294  -0.075160   0.397068   0.517535   0.151264   0.562500   0.312500
  0.688442   0.495755   0.574290  -0.072559   0.397828   0.445765   0.114452   0.562500   0.312500
  0.693467   0.495391   0.576289  -0.070319   0.398404   0.395725   0.086528   0.562500   0.312500
  0.698492   0.495037   0.578291  -0.068331   0.398838   0.360223   0.066393   0.562500   0.312500
  0.703518   0.494694   0.580295  -0.066520   0.399172   0.331430   0.052666   0.562500   0.312500
  0.708543   0.494360   0.582301  -0.064855   0.399437   0.302841   0.044026   0.562500   0.312500
  0.713568   0.494034   0.584308  -0.063333   0.399658   0.271354   0.038982   0.562500   0.312500
  0.718593   0.493716   0.586317  -0.061969   0.399854   0.238271   0.035726   0.562500   0.312500
  0.723618   0.493404   0.588326  -0.060772   0.400033   0.207854   0.032356   0.562500   0.312500
  0.728643   0.493099   0.590336  -0.059727   0.400196   0.184573   0.027316   0.562500   0.312500
  0.733668   0.492799   0.592347  -0.058800   0.400333   0.171207   0.019673   0.562500   0.312500
  0.738693   0.492503   0.594359  -0.057940   0.400432   0.168345   0.009231   0.562500   0.312500
  0.743719   0.492212   0.596371  -0.057094   0.400478   0.174363  -0.003327   0.562500   0.312500
  0.748744   0.491925   0.598384  -0.056217   0.400462   0.185162  -0.016141   0.562500   0.312500
  0.753769   0.491643   0.600396  -0.055287   0.400381   0.193978  -0.026032   0.562500   0.312500
  0.758794   0.491365   0.602408  -0.054312   0.400250   0.192570  -0.029163   0.562500   0.312500
  0.763819   0.491092   0.604419  -0.053345   0.400103   0.174972  -0.023044   0.562500   0.312500
  0.768844   0.490824   0.606430  -0.052465   0.399988   0.142107  -0.008886   0.562500   0.312500
  0.773869   0.490560   0.608440  -0.051751   0.399943   0.102776   0.008062   0.562500   0.312500
  0.778894   0.490300   0.610449  -0.051235   0.399983   0.069435   0.020858   0.562500   0.312500
  0.783920   0.490043   0.612460  -0.050886   0.400088   0.052699   0.023749   0.562500   0.312500
  0.788945   0.489787   0.614470  -0.050621   0.400208   0.058354   0.013711   0.562500   0.312500
  0.793970   0.489533   0.616481  -0.050328   0.400276   0.086494  -0.009055   0.562500   0.312500
  0.798995   0.489280   0.618492  -0.049893   0.400231   0.130878  -0.040568   0.562500   0.312500
  0.804020   0.489029   0.620504  -0.049235   0.400027   0.177919  -0.072301   0.562500   0.312500
  0.809045   0.488781   0.622514  -0.048341   0.399664   0.207586  -0.091711   0.562500   0.312500
  0.814070   0.488539   0.624522  -0.047298   0.399203   0.200099  -0.086567   0.562500   0.312500
  0.819095   0.488301   0.626528  -0.046293   0.398768   0.148253  -0.052907   0.562500   0.312500
  0.824121   0.488068   0.628532  -0.045548   0.398502   0.065857  -0.000431   0.562500   0.312500
  0.829146   0.487839   0.630535  -0.045217   0.398500  -0.017499   0.050972   0.562500   0.312500
  0.834171   0.487612   0.632537  -0.045305   0.398756  -0.071209   0.080839   0.562500   0.312500
  0.839196   0.487384   0.634541  -0.045663   0.399162  -0.075027   0.075582   0.562500   0.312500
  0.844221   0.487155   0.636547  -0.046040   0.399542  -0.023046   0.031278   0.562500   0.312500
  0.849246   0.486924   0.638554  -0.046155   0.399699   0.075562  -0.045395   0.562500   0.312500
  0.854271   0.486692   0.640563  -0.045776   0.399471   0.195256  -0.135706   0.562500   0.312500
  0.859296   0.486462   0.642570  -0.044795   0.398789   0.294394  -0.208699   0.562500   0.312500
  0.864322   0.486237   0.644575  -0.043315   0.397740   0.324849  -0.228329   0.562500   0.312500
  0.869347   0.486019   0.646573  -0.041683   0.396593   0.256021  -0.171815   0.562500   0.312500
  0.874372   0.485809   0.648566  -0.040396   0.395729   0.100202  -0.049268   0.562500   0.312500
  0.879397   0.485606   0.650555  -0.039892   0.395482  -0.087264   0.095927   0.562500   0.312500
  0.884422   0.485406   0.652542  -0.040331   0.395964  -0.237111   0.209392   0.562500   0.312500
  0.889447   0.485203   0.654532  -0.041522   0.397016  -0.297812   0.250305   0.562500   0.312500
  0.894472   0.484995   0.656527  -0.043019   0.398274  -0.249323   0.202468   0.562500   0.312500
  0.899497   0.484779   0.658528  -0.044272   0.399291  -0.103075   0.075033   0.562500   0.312500
  0.904523   0.484556   0.660535  -0.044790   0.399668   0.100451  -0.098412   0.562500   0.312500
  0.909548   0.484331   0.662543  -0.044285   0.399174   0.293869  -0.260682   0.562500   0.312500
  0.914573   0.484108   0.664549  -0.042808   0.397864   0.394683  -0.340600   0.562500   0.312500
  0.919598   0.483893   0.666548  -0.040825   0.396152   0.337336  -0.280843   0.562500   0.312500
  0.924623   0.483688   0.668539  -0.039130   0.394741   0.116673  -0.076563   0.562500   0.312500
  0.929648   0.483492   0.670523  -0.038544   0.394357  -0.197050   0.210438   0.562500   0.312500
  0.934673   0.483298   0.672504  -0.039534   0.395414  -0.495688   0.484035   0.562500   0.312500
  0.939698   0.483099   0.674491  -0.042025   0.397846  -0.690045   0.664006   0.562500   0.312500
  0.944724   0.482888   0.676491  -0.045493   0.401184  -0.739872   0.713207   0.562500   0.312500
  0.949749   0.482659   0.678507  -0.049211   0.404767  -0.651405   0.636116   0.562500   0.312500
  0.954774   0.482412   0.680541  -0.052484   0.407964  -0.462665   0.466322   0.562500   0.312500
  0.959799   0.482148   0.682591  -0.054809   0.410307  -0.229704   0.254553   0.562500   0.312500
  0.964824   0.481873   0.684652  -0.055963   0.411586  -0.013188   0.056572   0.562500   0.312500
  0.969849   0.481592   0.686721  -0.056030   0.411871   0.141101  -0.085092   0.562500   0.312500
  0.974874   0.481310   0.688790  -0.055320   0.411443   0.225223  -0.163089   0.562500   0.312500
  0.979899   0.481032   0.690858  -0.054189   0.410623   0.276374  -0.212713   0.562500   0.312500
  0.984925   0.480760   0.692922  -0.052800   0.409554   0.353951  -0.290654   0.562500   0.312500
  0.989950   0.480495   0.694980  -0.051021   0.408094   0.503970  -0.441286   0.562500   0.312500
  0.994975   0.480238   0.697030  -0.048489   0.405876   0.741286  -0.679477   0.562500   0.312500
  1.000000   0.479995   0.699070  -0.044764   0.402462   1.054735  -0.995144   0.562500   0.312500