  0.000000   0.594279   0.323616   0.000000   0.000000   9.667268  20.732646   0.812500   0.062500
  0.005025   0.594279   0.323616   0.048578   0.104182   8.849496  16.380493   0.812500   0.062500
  0.010050   0.594523   0.324140   0.093047   0.186494   8.069792  12.223076   0.812500   0.062500
  0.015075   0.594991   0.325077   0.133597   0.247914   7.300187   8.392802   0.812500   0.062500
  0.020101   0.595662   0.326323   0.170288   0.290097   6.495099   5.097528   0.812500   0.062500
  0.025126   0.596518   0.327780   0.202926   0.315712   5.604050   2.566882   0.812500   0.062500
  0.030151   0.597538   0.329367   0.231086   0.328610   4.597655   0.923565   0.812500   0.062500
  0.035176   0.598699   0.331018   0.254190   0.333251   3.490114   0.087013   0.812500   0.062500
  0.040201   0.599976   0.332693   0.271727   0.333689   2.332219  -0.193418   0.812500   0.062500
  0.045226   0.601341   0.334369   0.283447   0.332717   1.182858  -0.204539   0.812500   0.062500
  0.050251   0.602766   0.336041   0.289391   0.331689   0.086139  -0.160160   0.812500   0.062500
  0.055276   0.604220   0.337708   0.289824   0.330884  -0.933378  -0.171118   0.812500   0.062500
  0.060302   0.605677   0.339371   0.285132   0.330024  -1.863535  -0.263875   0.812500   0.062500
  0.065327   0.607109   0.341030   0.275768   0.328698  -2.693406  -0.407588   0.812500   0.062500
  0.070352   0.608495   0.342681   0.262234   0.326650  -3.406944  -0.537049   0.812500   0.062500
  0.075377   0.609813   0.344323   0.245114   0.323951  -3.982626  -0.578713   0.812500   0.062500
  0.080402   0.611045   0.345950   0.225101   0.321043  -4.405105  -0.486471   0.812500   0.062500
  0.085427   0.612176   0.347564   0.202966   0.318599  -4.680503  -0.270551   0.812500   0.062500
  0.090452   0.613196   0.349165   0.179446   0.317239  -4.839668   0.008520   0.812500   0.062500
  0.095477   0.614097   0.350759   0.155127   0.317282  -4.924603   0.277599   0.812500   0.062500
  0.100503   0.614877   0.352353   0.130376   0.318677  -4.971558   0.484946   0.812500   0.062500
  0.105528   0.615532   0.353955   0.105394   0.321114  -5.002926   0.609630   0.812500   0.062500
  0.110553   0.616062   0.355568   0.080254   0.324177  -5.027448   0.654864   0.812500   0.062500
  0.115578   0.616465   0.357197   0.054991   0.327468  -5.042703   0.638412   0.812500   0.062500
  0.120603   0.616741   0.358843   0.029651   0.330676  -5.037116   0.586572   0.812500   0.062500
  0.125628   0.616890   0.360505   0.004340   0.333624  -4.992879   0.529478   0.812500   0.062500
  0.130653   0.616912   0.362181  -0.020749   0.336284  -4.893121   0.493515   0.812500   0.062500
  0.135678   0.616808   0.363871  -0.045337   0.338764  -4.732554   0.491056   0.812500   0.062500
  0.140704   0.616580   0.365574  -0.069123   0.341232  -4.523187   0.515589   0.812500   0.062500
  0.145729   0.616233   0.367288  -0.091852   0.343823  -4.288661   0.548368   0.812500   0.062500
  0.150754   0.615771   0.369016  -0.113403   0.346579  -4.052159   0.570650   0.812500   0.062500
  0.155779   0.615201   0.370757  -0.133765   0.349446  -3.828934   0.571276   0.812500   0.062500
  0.160804   0.614529   0.372513  -0.153005   0.352317  -3.625321   0.547539   0.812500   0.062500
  0.165829   0.613760   0.374284  -0.171222   0.355068  -3.440821   0.503062   0.812500   0.062500
  0.170854   0.612900   0.376068  -0.188513   0.357596  -3.270006   0.445874   0.812500   0.062500
  0.175879   0.611953   0.377865  -0.204944   0.359837  -3.103796   0.386993   0.812500   0.062500
  0.180905   0.610923   0.379674  -0.220544   0.361782  -2.931587   0.338032   0.812500   0.062500
  0.185930   0.609814   0.381491  -0.235275   0.363480  -2.745677   0.306880   0.812500   0.062500
  0.190955   0.608632   0.383318  -0.249072   0.365022  -2.545518   0.293608   0.812500   0.062500
  0.195980   0.607380   0.385152  -0.261863   0.366498  -2.338155   0.290962   0.812500   0.062500
  0.201005   0.606065   0.386994  -0.273613   0.367960  -2.133734   0.289285   0.812500   0.062500
  0.206030   0.604690   0.388843  -0.284335   0.369413  -1.940606   0.281303   0.812500   0.062500
  0.211055   0.603261   0.390699  -0.294086   0.370827  -1.763310   0.263788   0.812500   0.062500
  0.216080   0.601783   0.392563  -0.302947   0.372152  -1.602894   0.236962   0.812500   0.062500
  0.221106   0.600261   0.394433  -0.311003   0.373343  -1.457773   0.203443   0.812500   0.062500
  0.226131   0.598698   0.396309  -0.318328   0.374366  -1.324405   0.167571   0.812500   0.062500
  0.231156   0.597098   0.398190  -0.324983   0.375208  -1.197626   0.134597   0.812500   0.062500
  0.236181   0.595465   0.400076  -0.331002   0.375884  -1.072124   0.109147   0.812500   0.062500
  0.241206   0.593802   0.401964  -0.336389   0.376433  -0.944695   0.093064   0.812500   0.062500
  0.246231   0.592111   0.403856  -0.341136   0.376900  -0.815861   0.084441   0.812500   0.062500
  0.251256   0.590397   0.405750  -0.345236   0.377325  -0.689107   0.079045   0.812500   0.062500
  0.256281   0.588662   0.407646  -0.348699   0.377722  -0.568540   0.072787   0.812500   0.062500
  0.261307   0.586910   0.409544  -0.351556   0.378088  -0.457076   0.063211   0.812500   0.062500
  0.266332   0.585143   0.411444  -0.353853   0.378405  -0.356045   0.049615   0.812500   0.062500
  0.271357   0.583365   0.413346  -0.355642   0.378655  -0.265289   0.032601   0.812500   0.062500
  0.276382   0.581578   0.415249  -0.356975   0.378818  -0.183494   0.013695   0.812500   0.062500
  0.281407   0.579784   0.417152  -0.357897   0.378887  -0.108219  -0.004928   0.812500   0.062500
  0.286432   0.577986   0.419056  -0.358441   0.378862  -0.036000  -0.020940   0.812500   0.062500
  0.291457   0.576185   0.420960  -0.358622   0.378757   0.037079  -0.032816   0.812500   0.062500
  0.296482   0.574383   0.422863  -0.358435   0.378592   0.114508  -0.040741   0.812500   0.062500
  0.301508   0.572581   0.424766  -0.357860   0.378388   0.199048  -0.046569   0.812500   0.062500
  0.306533   0.570783   0.426667  -0.356860   0.378154   0.293359  -0.052808   0.812500   0.062500
  0.311558   0.568990   0.428567  -0.355386   0.377888   0.401062  -0.061567   0.812500   0.062500
  0.316583   0.567204   0.430466  -0.353370   0.377579   0.526663  -0.074035   0.812500   0.062500
  0.321608   0.565428   0.432364  -0.350724   0.377207   0.673715  -0.090188   0.812500   0.062500
  0.326633   0.563666   0.434259  -0.347338   0.376754   0.840452  -0.108202   0.812500   0.062500
  0.331658   0.561920   0.436152  -0.343115   0.376210   1.013425  -0.123374   0.812500   0.062500
  0.336683   0.560196   0.438043  -0.338023   0.375590   1.163427  -0.127255   0.812500   0.062500
  0.341709   0.558497   0.439931  -0.332175   0.374950   1.252627  -0.108467   0.812500   0.062500
  0.346734   0.556828   0.441815  -0.325881   0.374405   1.256826  -0.055934   0.812500   0.062500
  0.351759   0.555191   0.443696  -0.319565   0.374124   1.188231   0.038005   0.812500   0.062500
  0.356784   0.553585   0.445576  -0.313594   0.374315   1.095725   0.178085   0.812500   0.062500
  0.361809   0.552009   0.447457  -0.308088   0.375210   1.041935   0.369613   0.812500   0.062500
  0.366834   0.550461   0.449342  -0.302853   0.377067   1.073434   0.620522   0.812500   0.062500
  0.371859   0.548939   0.451237  -0.297459   0.380185   1.190256   0.937882   0.812500   0.062500
  0.376884   0.547444   0.453148  -0.291478   0.384898   1.306529   1.316032   0.812500   0.062500
  0.381910   0.545979   0.455082  -0.284911   0.391513   1.200638   1.715127   0.812500   0.062500
  0.386935   0.544548   0.457049  -0.278878   0.400131   0.488528   2.036070   0.812500   0.062500
  0.391960   0.543146   0.459060  -0.276423   0.410362  -1.303675   2.116739   0.812500   0.062500
  0.396985   0.541757   0.461122  -0.282974   0.420999  -4.525085   1.776864   0.812500   0.062500
  0.402010   0.540335   0.463238  -0.305712   0.429928  -9.173126   0.898135   0.812500   0.062500
  0.407035   0.538799   0.465398  -0.351807   0.434441 -14.886639  -0.535474   0.812500   0.062500
  0.412060   0.537031   0.467581  -0.426613   0.431750 -21.172297  -2.481511   0.812500   0.062500
  0.417085   0.534888   0.469751  -0.533004   0.419281 -27.620841  -4.918585   0.812500   0.062500
  0.422111   0.532209   0.471858  -0.671826   0.394560 -33.933318  -7.890736   0.812500   0.062500
  0.427136   0.528833   0.473841  -0.842341   0.354909 -39.756007 -11.481042   0.812500   0.062500
  0.432161   0.524600   0.475624  -1.042115   0.297217 -44.427868 -15.713889   0.812500   0.062500
  0.437186   0.519363   0.477118  -1.265365   0.218254 -46.745304 -20.373750   0.812500   0.062500
  0.442211   0.513005   0.478214  -1.500260   0.115876 -45.023012 -24.819532   0.812500   0.062500
  0.447236   0.505466   0.478797  -1.726501  -0.008842 -37.726817 -27.993592   0.812500   0.062500
  0.452261   0.496790   0.478752  -1.916078  -0.149510 -24.482715 -28.805201   0.812500   0.062500
  0.457286   0.487162   0.478001  -2.039103  -0.294256  -6.558401 -26.678192   0.812500   0.062500
  0.462312   0.476914   0.476522  -2.072066  -0.428340  13.768912 -21.749546   0.812500   0.062500
  0.467337   0.466501   0.474370  -2.002877  -0.537632  34.281358 -14.582658   0.812500   0.062500
  0.472362   0.456437   0.471668  -1.830613  -0.610910  53.431662  -5.743289   0.812500   0.062500
  0.477387   0.447238   0.468598  -1.562119  -0.639770  70.220358   4.403092   0.812500   0.062500
  0.482412   0.439389   0.465383  -1.209262  -0.617644  83.751850  15.621366   0.812500   0.062500
  0.487437   0.433312   0.462280  -0.788409  -0.539147  92.808548  27.519958   0.812500   0.062500
  0.492462   0.429350   0.459570  -0.322046  -0.400859  95.768654  39.168448   0.812500   0.062500
  0.497487   0.427732   0.457556   0.159191  -0.204038  91.171008  48.911674   0.812500   0.062500
  0.502513   0.428532   0.456531   0.617417   0.041792  78.811493  54.785476   0.812500   0.062500
  0.507538   0.431635   0.456741   1.013445   0.317089  60.448088  55.481880   0.812500   0.062500
  0.512563   0.436727   0.458334   1.317196   0.595886  39.159116  51.056802   0.812500   0.062500
  0.517588   0.443346   0.461328   1.513971   0.852446  17.919528  42.696285   0.812500   0.062500
  0.522613   0.450954   0.465612   1.604017   1.066995  -1.343742  31.943953   0.812500   0.062500
  0.527638   0.459014   0.470973   1.597264   1.227514 -17.764236  20.116736   0.812500   0.062500
  0.532663   0.467040   0.477142   1.507999   1.328600 -31.060049   8.161760   0.812500   0.062500
  0.537688   0.474618   0.483818   1.351922   1.369613 -41.050744  -3.195641   0.812500   0.062500
  0.542714   0.481413   0.490702   1.145601   1.353552 -47.398675 -13.230017   0.812500   0.062500
  0.547739   0.487169   0.497503   0.907423   1.287071 -49.680789 -21.102708   0.812500   0.062500
  0.552764   0.491729   0.503971   0.657777   1.181030 -47.810892 -26.051177   0.812500   0.062500
  0.557789   0.495034   0.509905   0.417527   1.050123 -42.470975 -27.784710   0.812500   0.062500
  0.562814   0.497132   0.515182   0.204110   0.910504 -35.062128 -26.732074   0.812500   0.062500
  0.567839   0.498158   0.519758   0.027923   0.776176 -27.117687 -23.823636   0.812500   0.062500
  0.572864   0.498298   0.523658  -0.108343   0.656462 -19.735080 -20.027929   0.812500   0.062500
  0.577889   0.497754   0.526957  -0.207512   0.555822 -13.428328 -16.044877   0.812500   0.062500
  0.582915   0.496711   0.529750  -0.275003   0.475180  -8.295968 -12.263278   0.812500   0.062500
  0.587940   0.495329   0.532138  -0.316690   0.413557  -4.254215  -8.862424   0.812500   0.062500
  0.592965   0.493738   0.534216  -0.338067   0.369023  -1.188551  -5.922348   0.812500   0.062500
  0.597990   0.492039   0.536070  -0.344040   0.339264   0.976933  -3.503054   0.812500   0.062500
  0.603015   0.490310   0.537775  -0.339131   0.321661   2.297935  -1.661438   0.812500   0.062500
  0.608040   0.488606   0.539392  -0.327584   0.313312   2.875375  -0.415180   0.812500   0.062500
  0.613065   0.486960   0.540966  -0.313135   0.311226   2.897348   0.301497   0.812500   0.062500
  0.618090   0.485386   0.542530  -0.298576   0.312741   2.602148   0.630566   0.812500   0.062500
  0.623116   0.483886   0.544102  -0.285497   0.315910   2.197633   0.732062   0.812500   0.062500
  0.628141   0.482451   0.545689  -0.274454   0.319589   1.812990   0.730482   0.812500   0.062500
  0.633166   0.481072   0.547295  -0.265344   0.323259   1.501965   0.698473   0.812500   0.062500
  0.638191   0.479739   0.548919  -0.257796   0.326769   1.270794   0.666715   0.812500   0.062500
  0.643216   0.478443   0.550561  -0.251411   0.330119   1.103314   0.640108   0.812500   0.062500
  0.648241   0.477180   0.552220  -0.245867   0.333336   0.976464   0.610747   0.812500   0.062500
  0.653266   0.475944   0.553895  -0.240960   0.336405   0.869057   0.567613   0.812500   0.062500
  0.658291   0.474734   0.555586  -0.236593   0.339257   0.767505   0.504605   0.812500   0.062500
  0.663317   0.473545   0.557291  -0.232735   0.341793   0.668471   0.425208   0.812500   0.062500
  0.668342   0.472375   0.559008  -0.229376   0.343930   0.576539   0.340521   0.812500   0.062500
  0.673367   0.471222   0.560737  -0.226479   0.345641   0.498104   0.262210   0.812500   0.062500
  0.678392   0.470084   0.562473  -0.223976   0.346959   0.436831   0.197184   0.812500   0.062500
  0.683417   0.468959   0.564217  -0.221781   0.347950   0.392662   0.146913   0.812500   0.062500
  0.688442   0.467844   0.565965  -0.219808   0.348688   0.362926   0.109539   0.812500   0.062500
  0.693467   0.466740   0.567718  -0.217984   0.349238   0.343448   0.082126   0.812500   0.062500
  0.698492   0.465645   0.569472  -0.216258   0.349651   0.329042   0.062045   0.812500   0.062500
  0.703518   0.464558   0.571230  -0.214605   0.349963   0.313960   0.047541   0.812500   0.062500
  0.708543   0.463479   0.572988  -0.213027   0.350202   0.293304   0.037695   0.812500   0.062500
  0.713568   0.462409   0.574748  -0.211553   0.350391   0.265371   0.031875   0.812500   0.062500
  0.718593   0.461346   0.576509  -0.210220   0.350551   0.233100   0.029130   0.812500   0.062500
  0.723618   0.460289   0.578270  -0.209048   0.350698   0.202694   0.027986   0.812500   0.062500
  0.728643   0.459239   0.580033  -0.208030   0.350838   0.180493   0.026772   0.812500   0.062500
  0.733668   0.458194   0.581796  -0.207123   0.350973   0.170654   0.024067   0.812500   0.062500
  0.738693   0.457153   0.583559  -0.206265   0.351094   0.174398   0.018982   0.812500   0.062500
  0.743719   0.456116   0.585324  -0.205389   0.351189   0.189768   0.011350   0.812500   0.062500
  0.748744   0.455084   0.587089  -0.204435   0.351246   0.211055   0.002016   0.812500   0.062500
  0.753769   0.454057   0.588854  -0.203375   0.351256   0.228416  -0.006912   0.812500   0.062500
  0.758794   0.453035   0.590619  -0.202227   0.351222   0.229640  -0.012301   0.812500   0.062500
  0.763819   0.452019   0.592383  -0.201073   0.351160   0.205846  -0.011348   0.812500   0.062500
  0.768844   0.451008   0.594148  -0.200039   0.351103   0.158544  -0.003643   0.812500   0.062500
  0.773869   0.450003   0.595912  -0.199242   0.351084   0.101207   0.007887   0.812500   0.062500
  0.778894   0.449002   0.597677  -0.198733   0.351124   0.052912   0.018214   0.812500   0.062500
  0.783920   0.448003   0.599441  -0.198467   0.351216   0.029983   0.022403   0.812500   0.062500
  0.788945   0.447006   0.601206  -0.198317   0.351328   0.041404   0.017119   0.812500   0.062500
  0.793970   0.446009   0.602972  -0.198109   0.351414   0.087440   0.001349   0.812500   0.062500
  0.798995   0.445014   0.604737  -0.197669   0.351421   0.158551  -0.022940   0.812500   0.062500
  0.804020   0.444020   0.606503  -0.196873   0.351306   0.233731  -0.049920   0.812500   0.062500
  0.809045   0.443031   0.608269  -0.195698   0.351055   0.281825  -0.069866   0.812500   0.062500
  0.814070   0.442048   0.610033  -0.194282   0.350704   0.271923  -0.072107   0.812500   0.062500
  0.819095   0.441071   0.611795  -0.192915   0.350341   0.192633  -0.051386   0.812500   0.062500
  0.824121   0.440102   0.613556  -0.191947   0.350083   0.065425  -0.013140   0.812500   0.062500
  0.829146   0.439137   0.615315  -0.191619   0.350017  -0.063368   0.027976   0.812500   0.062500
  0.834171   0.438174   0.617074  -0.191937   0.350158  -0.145587   0.055227   0.812500   0.062500
  0.839196   0.437210   0.618833  -0.192669   0.350435  -0.149131   0.056138   0.812500   0.062500
  0.844221   0.436242   0.620594  -0.193418   0.350717  -0.064364   0.025385   0.812500   0.062500
  0.849246   0.435270   0.622357  -0.193741   0.350845   0.094492  -0.033931   0.812500   0.062500
  0.854271   0.434296   0.624120  -0.193267   0.350674   0.287059  -0.108630   0.812500   0.062500
  0.859296   0.433325   0.625882  -0.191824   0.350128   0.446988  -0.174562   0.812500   0.062500
  0.864322   0.432361   0.627642  -0.189578   0.349251   0.497147  -0.201395   0.812500   0.062500
  0.869347   0.431408   0.629396  -0.187079   0.348239   0.388063  -0.167099   0.812500   0.062500
  0.874372   0.430468   0.631146  -0.185129   0.347399   0.138919  -0.075211   0.812500   0.062500
  0.879397   0.429538   0.632892  -0.184431   0.347022  -0.161690   0.042243   0.812500   0.062500
  0.884422   0.428611   0.634636  -0.185244   0.347234  -0.402196   0.141127   0.812500   0.062500
  0.889447   0.427680   0.636381  -0.187265   0.347943  -0.499018   0.185517   0.812500   0.062500
  0.894472   0.426739   0.638129  -0.189772   0.348875  -0.419042   0.158134   0.812500   0.062500
  0.899497   0.425786   0.639882  -0.191878   0.349670  -0.180043   0.062197   0.812500   0.062500
  0.904523   0.424821   0.641640  -0.192783   0.349982   0.152750  -0.078427   0.812500   0.062500
  0.909548   0.423853   0.643398  -0.192015   0.349588   0.469654  -0.218834   0.812500   0.062500
  0.914573   0.422888   0.645155  -0.189655   0.348489   0.635415  -0.299462   0.812500   0.062500
  0.919598   0.421935   0.646906  -0.186462   0.346984   0.541575  -0.267958   0.812500   0.062500
  0.924623   0.420998   0.648650  -0.183741   0.345637   0.178235  -0.112275   0.812500   0.062500
  0.929648   0.420074   0.650387  -0.182845   0.345073  -0.340296   0.123550   0.812500   0.062500
  0.934673   0.419156   0.652121  -0.184555   0.345694  -0.836309   0.362284   0.812500   0.062500
  0.939698   0.418228   0.653858  -0.188758   0.347515  -1.162143   0.534675   0.812500   0.062500
  0.944724   0.417280   0.655604  -0.194599   0.350202  -1.250140   0.604357   0.812500   0.062500
  0.949749   0.416302   0.657364  -0.200881   0.353239  -1.109245   0.569120   0.812500   0.062500
  0.954774   0.415292   0.659139  -0.206455   0.356099  -0.801214   0.451982   0.812500   0.062500
  0.959799   0.414255   0.660928  -0.210481   0.358370  -0.418159   0.291957   0.812500   0.062500
  0.964824   0.413197   0.662729  -0.212582   0.359837  -0.060513   0.134756   0.812500   0.062500
  0.969849   0.412129   0.664537  -0.212886   0.360514   0.195282   0.018317   0.812500   0.062500
  0.974874   0.411059   0.666349  -0.211905   0.360606   0.335159  -0.045846   0.812500   0.062500
  0.979899   0.409994   0.668161  -0.210221   0.360376   0.420171  -0.081303   0.812500   0.062500
  0.984925   0.408938   0.669972  -0.208109   0.359967   0.548945  -0.132170   0.812500   0.062500
  0.989950   0.407892   0.671781  -0.205350   0.359303   0.798563  -0.236165   0.812500   0.062500
  0.994975   0.406860   0.673587  -0.201338   0.358116   1.194564  -0.408841   0.812500   0.062500
  1.000000   0.405848   0.675386  -0.195335   0.356062   1.719090  -0.645345   0.812500   0.062500