  0.000000   0.594279   0.323616   0.000000   0.000000   9.667268  20.732646   0.812500   0.937500
  0.005025   0.594279   0.323616   0.048578   0.104182   8.849496  16.380493   0.812500   0.937500
  0.010050   0.594523   0.324140   0.093047   0.186494   8.069792  12.223076   0.812500   0.937500
  0.015075   0.594991   0.325077   0.133597   0.247914   7.300187   8.392802   0.812500   0.937500
  0.020101   0.595662   0.326323   0.170288   0.290097   6.495099   5.097528   0.812500   0.937500
  0.025126   0.596518   0.327780   0.202926   0.315712   5.604050   2.566882   0.812500   0.937500
  0.030151   0.597538   0.329367   0.231086   0.328610   4.597655   0.923565   0.812500   0.937500
  0.035176   0.598699   0.331018   0.254190   0.333251   3.490114   0.087013   0.812500   0.937500
  0.040201   0.599976   0.332693   0.271727   0.333689   2.332219  -0.193418   0.812500   0.937500
  0.045226   0.601341   0.334369   0.283447   0.332717   1.182858  -0.204539   0.812500   0.937500
  0.050251   0.602766   0.336041   0.289391   0.331689   0.086139  -0.160160   0.812500   0.937500
  0.055276   0.604220   0.337708   0.289824   0.330884  -0.933378  -0.171118   0.812500   0.937500
  0.060302   0.605677   0.339371   0.285132   0.330024  -1.863534  -0.263875   0.812500   0.937500
  0.065327   0.607109   0.341030   0.275768   0.328698  -2.693406  -0.407588   0.812500   0.937500
  0.070352   0.608495   0.342681   0.262234   0.326650  -3.406944  -0.537049   0.812500   0.937500
  0.075377   0.609813   0.344323   0.245114   0.323951  -3.982626  -0.578713   0.812500   0.937500
  0.080402   0.611045   0.345950   0.225101   0.321043  -4.405105  -0.486471   0.812500   0.937500
  0.085427   0.612176   0.347564   0.202966   0.318599  -4.680502  -0.270551   0.812500   0.937500
  0.090452   0.613196   0.349165   0.179446   0.317239  -4.839667   0.008520   0.812500   0.937500
  0.095477   0.614097   0.350759   0.155127   0.317282  -4.924602   0.277599   0.812500   0.937500
  0.100503   0.614877   0.352353   0.130376   0.318677  -4.971557   0.484945   0.812500   0.937500
  0.105528   0.615532   0.353955   0.105394   0.321114  -5.002924   0.609630   0.812500   0.937500
  0.110553   0.616062   0.355568   0.080254   0.324177  -5.027444   0.654863   0.812500   0.937500
  0.115578   0.616465   0.357197   0.054991   0.327468  -5.042697   0.638411   0.812500   0.937500
  0.120603   0.616741   0.358843   0.029651   0.330676  -5.037107   0.586570   0.812500   0.937500
  0.125628   0.616890   0.360505   0.004340   0.333624  -4.992865   0.529476   0.812500   0.937500
  0.130653   0.616912   0.362181  -0.020749   0.336284  -4.893099   0.493511   0.812500   0.937500
  0.135678   0.616808   0.363871  -0.045337   0.338764  -4.732517   0.491050   0.812500   0.937500
  0.140704   0.616580   0.365574  -0.069123   0.341232  -4.523127   0.515579   0.812500   0.937500
  0.145729   0.616233   0.367288  -0.091851   0.343823  -4.288565   0.548352   0.812500   0.937500
  0.150754   0.615771   0.369016  -0.113401   0.346578  -4.052006   0.570624   0.812500   0.937500
  0.155779   0.615201   0.370757  -0.133763   0.349446  -3.828696   0.571237   0.812500   0.937500
  0.160804   0.614529   0.372513  -0.153002   0.352316  -3.624964   0.547480   0.812500   0.937500
  0.165829   0.613760   0.374284  -0.171217   0.355067  -3.440304   0.502978   0.812500   0.937500
  0.170854   0.612900   0.376068  -0.188505   0.357595  -3.269287   0.445759   0.812500   0.937500
  0.175879   0.611953   0.377865  -0.204933   0.359835  -3.102835   0.386846   0.812500   0.937500
  0.180905   0.610923   0.379673  -0.220528   0.361779  -2.930337   0.337856   0.812500   0.937500
  0.185930   0.609815   0.381491  -0.235253   0.363477  -2.744053   0.306680   0.812500   0.937500
  0.190955   0.608632   0.383318  -0.249042   0.365018  -2.543324   0.293384   0.812500   0.937500
  0.195980   0.607381   0.385152  -0.261822   0.366492  -2.335002   0.290696   0.812500   0.937500
  0.201005   0.606065   0.386994  -0.273555   0.367953  -2.128972   0.288931   0.812500   0.937500
  0.206030   0.604691   0.388843  -0.284253   0.369405  -1.933297   0.280785   0.812500   0.937500
  0.211055   0.603262   0.390699  -0.293968   0.370816  -1.752263   0.263006   0.812500   0.937500
  0.216080   0.601785   0.392562  -0.302773   0.372137  -1.586838   0.235808   0.812500   0.937500
  0.221106   0.600263   0.394433  -0.310749   0.373322  -1.435763   0.201848   0.812500   0.937500
  0.226131   0.598702   0.396309  -0.317964   0.374337  -1.296528   0.165596   0.812500   0.937500
  0.231156   0.597104   0.398190  -0.324479   0.375169  -1.165751   0.132544   0.812500   0.937500
  0.236181   0.595474   0.400075  -0.330336   0.375835  -1.039938   0.107645   0.812500   0.937500
  0.241206   0.593814   0.401963  -0.335562   0.376376  -0.916230   0.093033   0.812500   0.937500
  0.246231   0.592127   0.403855  -0.340166   0.376843  -0.792767   0.086926   0.812500   0.937500
  0.251256   0.590418   0.405748  -0.344150   0.377280  -0.668227   0.085038   0.812500   0.937500
  0.256281   0.588689   0.407644  -0.347508   0.377707  -0.541100   0.083164   0.812500   0.937500
  0.261307   0.586942   0.409543  -0.350227   0.378125  -0.409721   0.078745   0.812500   0.937500
  0.266332   0.585182   0.411443  -0.352286   0.378521  -0.273969   0.070953   0.812500   0.937500
  0.271357   0.583412   0.413345  -0.353663   0.378878  -0.138543   0.060079   0.812500   0.937500
  0.276382   0.581635   0.415249  -0.354359   0.379179  -0.018045   0.046930   0.812500   0.937500
  0.281407   0.579854   0.417154  -0.354450   0.379415   0.059372   0.032490   0.812500   0.937500
  0.286432   0.578073   0.419060  -0.354151   0.379579   0.056323   0.017886   0.812500   0.937500
  0.291457   0.576294   0.420968  -0.353868   0.379668  -0.056268   0.004623   0.812500   0.937500
  0.296482   0.574515   0.422876  -0.354151   0.379692  -0.277414  -0.005132   0.812500   0.937500
  0.301508   0.572735   0.424784  -0.355545   0.379666  -0.571360  -0.008516   0.812500   0.937500
  0.306533   0.570949   0.426692  -0.358416   0.379623  -0.885693  -0.002388   0.812500   0.937500
  0.311558   0.569148   0.428599  -0.362867   0.379611  -1.175802   0.015741   0.812500   0.937500
  0.316583   0.567324   0.430507  -0.368775   0.379690  -1.419670   0.045865   0.812500   0.937500
  0.321608   0.565471   0.432415  -0.375909   0.379921  -1.626163   0.081991   0.812500   0.937500
  0.326633   0.563582   0.434324  -0.384081   0.380333  -1.843978   0.106654   0.812500   0.937500
  0.331658   0.561652   0.436235  -0.393347   0.380869  -2.169893   0.085503   0.812500   0.937500
  0.336683   0.559676   0.438149  -0.404250   0.381298  -2.739264  -0.031085   0.812500   0.937500
  0.341709   0.557644   0.440065  -0.418018   0.381142  -3.677341  -0.290612   0.812500   0.937500
  0.346734   0.555543   0.441981  -0.436497   0.379682  -5.023131  -0.708841   0.812500   0.937500
  0.351759   0.553350   0.443889  -0.461738   0.376120  -6.695289  -1.254233   0.812500   0.937500
  0.356784   0.551030   0.445779  -0.495382   0.369817  -8.540329  -1.864684   0.812500   0.937500
  0.361809   0.548540   0.447637  -0.538297   0.360447 -10.417299  -2.481204   0.812500   0.937500
  0.366834   0.545836   0.449448  -0.590644   0.347979 -12.243728  -3.070501   0.812500   0.937500
  0.371859   0.542868   0.451197  -0.652168   0.332550 -13.985689  -3.629956   0.812500   0.937500
  0.376884   0.539590   0.452868  -0.722447   0.314309 -15.613949  -4.183898   0.812500   0.937500
  0.381910   0.535959   0.454448  -0.800922   0.293281 -17.048213  -4.777090   0.812500   0.937500
  0.386935   0.531935   0.455921  -0.886590   0.269276 -18.111966  -5.461360   0.812500   0.937500
  0.391960   0.527480   0.457274  -0.977602   0.241833 -18.548640  -6.271865   0.812500   0.937500
  0.396985   0.522567   0.458490  -1.070809   0.210317 -18.132545  -7.198810   0.812500   0.937500
  0.402010   0.517186   0.459546  -1.161925   0.174143 -16.823086  -8.183151   0.812500   0.937500
  0.407035   0.511348   0.460422  -1.246461   0.133022 -14.812718  -9.148791   0.812500   0.937500
  0.412060   0.505084   0.461090  -1.320895   0.087050 -12.416093 -10.042735   0.812500   0.937500
  0.417085   0.498447   0.461527  -1.383286   0.036585  -9.914245 -10.846659   0.812500   0.937500
  0.422111   0.491494   0.461711  -1.433115  -0.017930  -7.463047 -11.555552   0.812500   0.937500
  0.427136   0.484293   0.461621  -1.470617  -0.075997  -5.070935 -12.137064   0.812500   0.937500
  0.432161   0.476903   0.461239  -1.496098  -0.136986  -2.597398 -12.485880   0.812500   0.937500
  0.437186   0.469385   0.460551  -1.509150  -0.199727   0.225626 -12.388263   0.812500   0.937500
  0.442211   0.461802   0.459547  -1.508016  -0.261978   3.718211 -11.542952   0.812500   0.937500
  0.447236   0.454224   0.458231  -1.489332  -0.319982   8.088018  -9.685100   0.812500   0.937500
  0.452261   0.446740   0.456623  -1.448690  -0.368649  13.257000  -6.770137   0.812500   0.937500
  0.457286   0.439460   0.454771  -1.382074  -0.402669  18.854908  -3.049542   0.812500   0.937500
  0.462312   0.432514   0.452747  -1.287309  -0.417996  24.418345   1.059984   0.812500   0.937500
  0.467337   0.426045   0.450646  -1.164607  -0.412670  29.598333   5.180037   0.812500   0.937500
  0.472362   0.420193   0.448573  -1.015875  -0.386640  34.228718   9.086497   0.812500   0.937500
  0.477387   0.415088   0.446630  -0.843876  -0.340980  38.245581  12.693225   0.812500   0.937500
  0.482412   0.410848   0.444916  -0.651692  -0.277197  41.560110  15.979574   0.812500   0.937500
  0.487437   0.407573   0.443523  -0.442852  -0.196900  43.939022  18.907374   0.812500   0.937500
  0.492462   0.405348   0.442534  -0.222059  -0.101890  44.956170  21.357211   0.812500   0.937500
  0.497487   0.404232   0.442022   0.003846   0.005430  44.108483  23.123424   0.812500   0.937500
  0.502513   0.404251   0.442049   0.225535   0.121648  41.118740  24.004878   0.812500   0.937500
  0.507538   0.405385   0.442661   0.432157   0.242273  36.216823  23.945377   0.812500   0.937500
  0.512563   0.407556   0.443878   0.614147   0.362598  30.086268  23.092761   0.812500   0.937500
  0.517588   0.410642   0.445700   0.765330   0.478639  23.520098  21.714469   0.812500   0.937500
  0.522613   0.414488   0.448105   0.883519   0.587755  17.110544  20.065730   0.812500   0.937500
  0.527638   0.418928   0.451059   0.969499   0.688585  11.163058  18.309367   0.812500   0.937500
  0.532663   0.423800   0.454519   1.025594   0.780589   5.768261  16.497966   0.812500   0.937500
  0.537688   0.428953   0.458441   1.054579   0.863492   0.913695  14.586411   0.812500   0.937500
  0.542714   0.434253   0.462781   1.059171   0.936803  -3.422852  12.460325   0.812500   0.937500
  0.547739   0.439576   0.467489   1.041971   0.999416  -7.211629   9.995964   0.812500   0.937500
  0.552764   0.444812   0.472511   1.005733   1.049646 -10.373474   7.148627   0.812500   0.937500
  0.557789   0.449866   0.477785   0.953606   1.085568 -12.836250   4.024920   0.812500   0.937500
  0.562814   0.454657   0.483240   0.889104   1.105793 -14.610774   0.853175   0.812500   0.937500
  0.567839   0.459125   0.488797   0.815685   1.110080 -15.805653  -2.132479   0.812500   0.937500
  0.572864   0.463224   0.494375   0.736262   1.099364 -16.574672  -4.786655   0.812500   0.937500
  0.577889   0.466924   0.499899   0.652974   1.075312 -17.053552  -7.063537   0.812500   0.937500
  0.582915   0.470206   0.505304   0.567263   1.039810 -17.324125  -8.972737   0.812500   0.937500
  0.587940   0.473056   0.510529   0.480209   0.994722 -17.402163 -10.524552   0.812500   0.937500
  0.592965   0.475469   0.515527   0.392763   0.941836 -17.237905 -11.693720   0.812500   0.937500
  0.597990   0.477443   0.520260   0.306143   0.883075 -16.732918 -12.406865   0.812500   0.937500
  0.603015   0.478981   0.524697   0.222060   0.820731 -15.791362 -12.576562   0.812500   0.937500
  0.608040   0.480097   0.528822   0.142708   0.757534 -14.398297 -12.175999   0.812500   0.937500
  0.613065   0.480814   0.532628   0.070357   0.696349 -12.664789 -11.297044   0.812500   0.937500
  0.618090   0.481168   0.536127   0.006716   0.639582 -10.784885 -10.125928   0.812500   0.937500
  0.623116   0.481201   0.539342  -0.047489   0.588689  -8.942221  -8.857170   0.812500   0.937500
  0.628141   0.480963   0.542300  -0.092423   0.544181  -7.251931  -7.627914   0.812500   0.937500
  0.633166   0.480498   0.545035  -0.128864   0.505851  -5.757435  -6.504114   0.812500   0.937500
  0.638191   0.479851   0.547576  -0.157795   0.473168  -4.460528  -5.502249   0.812500   0.937500
  0.643216   0.479058   0.549954  -0.180210   0.445519  -3.349728  -4.614344   0.812500   0.937500
  0.648241   0.478152   0.552193  -0.197042   0.422332  -2.418102  -3.826407   0.812500   0.937500
  0.653266   0.477162   0.554315  -0.209193   0.403104  -1.667567  -3.128958   0.812500   0.937500
  0.658291   0.476111   0.556341  -0.217572   0.387381  -1.099461  -2.519904   0.812500   0.937500
  0.663317   0.475017   0.558288  -0.223098   0.374716  -0.698832  -1.999998   0.812500   0.937500
  0.668342   0.473896   0.560171  -0.226610   0.364666  -0.429096  -1.565936   0.812500   0.937500
  0.673367   0.472758   0.562003  -0.228766   0.356798  -0.243206  -1.206786   0.812500   0.937500
  0.678392   0.471608   0.563796  -0.229988   0.350733  -0.100886  -0.907683   0.812500   0.937500
  0.683417   0.470452   0.565558  -0.230495   0.346172   0.023024  -0.654699   0.812500   0.937500
  0.688442   0.469294   0.567298  -0.230380   0.342882   0.139236  -0.437908   0.812500   0.937500
  0.693467   0.468136   0.569021  -0.229680   0.340682   0.247836  -0.252363   0.812500   0.937500
  0.698492   0.466982   0.570733  -0.228435   0.339414   0.341577  -0.097934   0.812500   0.937500
  0.703518   0.465834   0.572439  -0.226718   0.338922   0.409031   0.021966   0.812500   0.937500
  0.708543   0.464695   0.574142  -0.224662   0.339032   0.439718   0.103459   0.812500   0.937500
  0.713568   0.463566   0.575845  -0.222453   0.339552   0.431267   0.146939   0.812500   0.937500
  0.718593   0.462448   0.577552  -0.220286   0.340290   0.393180   0.159531   0.812500   0.937500
  0.723618   0.461341   0.579262  -0.218310   0.341092   0.342781   0.152718   0.812500   0.937500
  0.728643   0.460244   0.580976  -0.216587   0.341859   0.296817   0.137220   0.812500   0.937500
  0.733668   0.459156   0.582693  -0.215096   0.342549   0.265903   0.119790   0.812500   0.937500
  0.738693   0.458075   0.584415  -0.213760   0.343151   0.253742   0.103242   0.812500   0.937500
  0.743719   0.457001   0.586139  -0.212485   0.343670   0.258349   0.088108   0.812500   0.937500
  0.748744   0.455933   0.587866  -0.211186   0.344112   0.272847   0.074402   0.812500   0.937500
  0.753769   0.454872   0.589596  -0.209815   0.344486   0.285897   0.062819   0.812500   0.937500
  0.758794   0.453817   0.591327  -0.208379   0.344802   0.283915   0.055071   0.812500   0.937500
  0.763819   0.452770   0.593059  -0.206952   0.345079   0.257058   0.052958   0.812500   0.937500
  0.768844   0.451730   0.594793  -0.205660   0.345345   0.206442   0.056607   0.812500   0.937500
  0.773869   0.450697   0.596529  -0.204623   0.345629   0.145646   0.063452   0.812500   0.937500
  0.778894   0.449669   0.598265  -0.203891   0.345948   0.094047   0.069069   0.812500   0.937500
  0.783920   0.448644   0.600004  -0.203418   0.346295   0.068212   0.068989   0.812500   0.937500
  0.788945   0.447622   0.601744  -0.203076   0.346642   0.077209   0.060077   0.812500   0.937500
  0.793970   0.446601   0.603486  -0.202688   0.346944   0.121268   0.041313   0.812500   0.937500
  0.798995   0.445583   0.605230  -0.202078   0.347151   0.190763   0.014559   0.812500   0.937500
  0.804020   0.444567   0.606974  -0.201120   0.347225   0.264589  -0.014482   0.812500   0.937500
  0.809045   0.443557   0.608719  -0.199790   0.347152   0.311511  -0.036207   0.812500   0.937500
  0.814070   0.442553   0.610463  -0.198225   0.346970   0.300556  -0.040035   0.812500   0.937500
  0.819095   0.441557   0.612207  -0.196714   0.346769   0.220286  -0.020773   0.812500   0.937500
  0.824121   0.440568   0.613950  -0.195607   0.346664   0.092149   0.016105   0.812500   0.937500
  0.829146   0.439585   0.615692  -0.195144   0.346745  -0.037537   0.055931   0.812500   0.937500
  0.834171   0.438605   0.617434  -0.195333   0.347026  -0.120613   0.081962   0.812500   0.937500
  0.839196   0.437623   0.619178  -0.195939   0.347438  -0.124986   0.081718   0.812500   0.937500
  0.844221   0.436638   0.620924  -0.196567   0.347849  -0.041019   0.049871   0.812500   0.937500
  0.849246   0.435651   0.622672  -0.196773   0.348099   0.117061  -0.010484   0.812500   0.937500
  0.854271   0.434662   0.624421  -0.196185   0.348047   0.308876  -0.086173   0.812500   0.937500
  0.859296   0.433676   0.626170  -0.194633   0.347614   0.468074  -0.153050   0.812500   0.937500
  0.864322   0.432698   0.627917  -0.192280   0.346844   0.517522  -0.180787   0.812500   0.937500
  0.869347   0.431732   0.629660  -0.189680   0.345936   0.407747  -0.147355   0.812500   0.937500
  0.874372   0.430778   0.631398  -0.187631   0.345195   0.157931  -0.056295   0.812500   0.937500
  0.879397   0.429836   0.633133  -0.186837   0.344913  -0.143333   0.060364   0.812500   0.937500
  0.884422   0.428897   0.634866  -0.187557   0.345216  -0.384475   0.158486   0.812500   0.937500
  0.889447   0.427954   0.636601  -0.189489   0.346012  -0.481915   0.202144   0.812500   0.937500
  0.894472   0.427002   0.638339  -0.191911   0.347028  -0.402540   0.174061   0.812500   0.937500
  0.899497   0.426038   0.640083  -0.193934   0.347903  -0.164125   0.077451   0.812500   0.937500
  0.904523   0.425063   0.641832  -0.194759   0.348292   0.168101  -0.063818   0.812500   0.937500
  0.909548   0.424084   0.643582  -0.193914   0.347971   0.484455  -0.204844   0.812500   0.937500
  0.914573   0.423110   0.645330  -0.191480   0.346942   0.649682  -0.286066   0.812500   0.937500
  0.919598   0.422148   0.647074  -0.188215   0.345505   0.555325  -0.255131   0.812500   0.937500
  0.924623   0.421202   0.648810  -0.185424   0.344222   0.191483  -0.099993   0.812500   0.937500
  0.929648   0.420270   0.650540  -0.184462   0.343720  -0.327533   0.135309   0.812500   0.937500
  0.934673   0.419343   0.652267  -0.186108   0.344400  -0.824017   0.373540   0.812500   0.937500
  0.939698   0.418408   0.653997  -0.190249   0.346277  -1.150305   0.545451   0.812500   0.937500
  0.944724   0.417452   0.655738  -0.196030   0.349018  -1.238743   0.614672   0.812500   0.937500
  0.949749   0.416467   0.657492  -0.202255   0.352107  -1.098273   0.578993   0.812500   0.937500
  0.954774   0.415451   0.659261  -0.207774   0.355017  -0.790655   0.461431   0.812500   0.937500
  0.959799   0.414406   0.661045  -0.211747   0.357335  -0.407998   0.301000   0.812500   0.937500
  0.964824   0.413342   0.662841  -0.213797   0.358848  -0.050737   0.143410   0.812500   0.937500
  0.969849   0.412268   0.664644  -0.214052   0.359568   0.204686   0.026598   0.812500   0.937500
  0.974874   0.411193   0.666451  -0.213023   0.359702   0.344204  -0.037922   0.812500   0.937500
  0.979899   0.410122   0.668258  -0.211294   0.359512   0.428869  -0.073721   0.812500   0.937500
  0.984925   0.409060   0.670065  -0.209138   0.359141   0.557308  -0.124916   0.812500   0.937500
  0.989950   0.408009   0.671870  -0.206338   0.358513   0.806602  -0.229225   0.812500   0.937500
  0.994975   0.406972   0.673671  -0.202285   0.357361   1.202292  -0.402202   0.812500   0.937500
  1.000000   0.405956   0.675467  -0.196243   0.355340   1.726517  -0.638994   0.812500   0.937500