  0.000000   0.626879   0.345398   0.000000   0.000000   8.265490  19.945524   0.937500   0.937500
  0.005025   0.626879   0.345398   0.041534   0.100226   7.904386  15.830920   0.937500   0.937500
  0.010050   0.627088   0.345902   0.081254   0.179777   7.558775  11.903907   0.937500   0.937500
  0.015075   0.627496   0.346805   0.119236   0.239594   7.180495   8.285278   0.937500   0.937500
  0.020101   0.628095   0.348009   0.155326   0.281236   6.692205   5.164363   0.937500   0.937500
  0.025126   0.628876   0.349422   0.188954   0.307186   6.008652   2.749875   0.937500   0.937500
  0.030151   0.629825   0.350966   0.219147   0.321005   5.082184   1.152319   0.937500   0.937500
  0.035176   0.630927   0.352579   0.244685   0.326795   3.939924   0.296611   0.937500   0.937500
  0.040201   0.632156   0.354221   0.264484   0.328285   2.671318  -0.047108   0.937500   0.937500
  0.045226   0.633485   0.355871   0.277907   0.328049   1.379026  -0.141046   0.937500   0.937500
  0.050251   0.634882   0.357519   0.284837   0.327340   0.139541  -0.180295   0.937500   0.937500
  0.055276   0.636313   0.359164   0.285538   0.326434  -1.005743  -0.265645   0.937500   0.937500
  0.060302   0.637748   0.360805   0.280483   0.325099  -2.040002  -0.420521   0.937500   0.937500
  0.065327   0.639157   0.362438   0.270232   0.322986  -2.954952  -0.615346   0.937500   0.937500
  0.070352   0.640515   0.364061   0.255383   0.319894  -3.740826  -0.788348   0.937500   0.937500
  0.075377   0.641799   0.365669   0.236586   0.315932  -4.382739  -0.869631   0.937500   0.937500
  0.080402   0.642987   0.367256   0.214562   0.311562  -4.869323  -0.815170   0.937500   0.937500
  0.085427   0.644066   0.368822   0.190094   0.307466  -5.206287  -0.634764   0.937500   0.937500
  0.090452   0.645021   0.370367   0.163932   0.304276  -5.420793  -0.386736   0.937500   0.937500
  0.095477   0.645845   0.371896   0.136693   0.302333  -5.550886  -0.142036   0.937500   0.937500
  0.100503   0.646532   0.373416   0.108794   0.301619  -5.630768   0.048575   0.937500   0.937500
  0.105528   0.647078   0.374931   0.080500   0.301863  -5.682887   0.163885   0.937500   0.937500
  0.110553   0.647483   0.376448   0.051943   0.302687  -5.717357   0.206059   0.937500   0.937500
  0.115578   0.647744   0.377969   0.023213   0.303722  -5.733570   0.191591   0.937500   0.937500
  0.120603   0.647861   0.379495  -0.005598   0.304685  -5.721715   0.145593   0.937500   0.937500
  0.125628   0.647832   0.381026  -0.034350   0.305417  -5.665511   0.097276   0.937500   0.937500
  0.130653   0.647660   0.382561  -0.062819   0.305905  -5.549359   0.072434   0.937500   0.937500
  0.135678   0.647344   0.384098  -0.090704   0.306269  -5.369018   0.083144   0.937500   0.937500
  0.140704   0.646888   0.385638  -0.117689   0.306687  -5.137346   0.122711   0.937500   0.937500
  0.145729   0.646297   0.387179  -0.143504   0.307304  -4.878668   0.172132   0.937500   0.937500
  0.150754   0.645576   0.388723  -0.168019   0.308169  -4.616677   0.212288   0.937500   0.937500
  0.155779   0.644731   0.390271  -0.191218   0.309236  -4.367024   0.231574   0.937500   0.937500
  0.160804   0.643771   0.391825  -0.213162   0.310399  -4.136355   0.226833   0.937500   0.937500
  0.165829   0.642699   0.393385  -0.233948   0.311539  -3.924428   0.201289   0.937500   0.937500
  0.170854   0.641524   0.394951  -0.253668   0.312551  -3.726035   0.162639   0.937500   0.937500
  0.175879   0.640249   0.396521  -0.272391   0.313368  -3.532289   0.121691   0.937500   0.937500
  0.180905   0.638880   0.398096  -0.290145   0.313979  -3.332742   0.090040   0.937500   0.937500
  0.185930   0.637422   0.399674  -0.306892   0.314432  -3.119813   0.075752   0.937500   0.937500
  0.190955   0.635880   0.401254  -0.322569   0.314813  -2.892967   0.079198   0.937500   0.937500
  0.195980   0.634259   0.402836  -0.337106   0.315211  -2.659162   0.093338   0.937500   0.937500
  0.201005   0.632565   0.404420  -0.350468   0.315680  -2.428361   0.108529   0.937500   0.937500
  0.206030   0.630804   0.406006  -0.362671   0.316225  -2.208687   0.117345   0.937500   0.937500
  0.211055   0.628982   0.407595  -0.373769   0.316815  -2.004470   0.116326   0.937500   0.937500
  0.216080   0.627103   0.409187  -0.383842   0.317399  -1.816707   0.105436   0.937500   0.937500
  0.221106   0.625174   0.410782  -0.392972   0.317929  -1.644161   0.087044   0.937500   0.937500
  0.226131   0.623200   0.412380  -0.401234   0.318366  -1.484357   0.065254   0.937500   0.937500
  0.231156   0.621183   0.413980  -0.408693   0.318694  -1.333944   0.045200   0.937500   0.937500
  0.236181   0.619130   0.415581  -0.415396   0.318921  -1.189479   0.031659   0.937500   0.937500
  0.241206   0.617042   0.417184  -0.421373   0.319081  -1.048164   0.027038   0.937500   0.937500
  0.246231   0.614925   0.418787  -0.426641   0.319216  -0.908196   0.030351   0.937500   0.937500
  0.251256   0.612781   0.420391  -0.431204   0.319369  -0.768296   0.038410   0.937500   0.937500
  0.256281   0.610614   0.421996  -0.435065   0.319562  -0.626980   0.048057   0.937500   0.937500
  0.261307   0.608428   0.423602  -0.438216   0.319803  -0.482586   0.057451   0.937500   0.937500
  0.266332   0.606226   0.425209  -0.440641   0.320092  -0.334949   0.065837   0.937500   0.937500
  0.271357   0.604011   0.426818  -0.442324   0.320423  -0.188600   0.072382   0.937500   0.937500
  0.276382   0.601789   0.428428  -0.443272   0.320787  -0.057752   0.074693   0.937500   0.937500
  0.281407   0.599561   0.430040  -0.443562   0.321162   0.030096   0.067846   0.937500   0.937500
  0.286432   0.597332   0.431654  -0.443411   0.321503   0.038324   0.045312   0.937500   0.937500
  0.291457   0.595104   0.433269  -0.443218   0.321731  -0.061732   0.002746   0.937500   0.937500
  0.296482   0.592877   0.434886  -0.443529   0.321744  -0.269514  -0.057404   0.937500   0.937500
  0.301508   0.590648   0.436503  -0.444883   0.321456  -0.550569  -0.125065   0.937500   0.937500
  0.306533   0.588412   0.438118  -0.447650   0.320827  -0.854131  -0.186661   0.937500   0.937500
  0.311558   0.586163   0.439730  -0.451942   0.319890  -1.136871  -0.230952   0.937500   0.937500
  0.316583   0.583892   0.441338  -0.457654   0.318729  -1.377093  -0.253728   0.937500   0.937500
  0.321608   0.581592   0.442939  -0.464574   0.317454  -1.582261  -0.262814   0.937500   0.937500
  0.326633   0.579258   0.444535  -0.472525   0.316133  -1.796834  -0.285157   0.937500   0.937500
  0.331658   0.576883   0.446123  -0.481554   0.314700  -2.109430  -0.373681   0.937500   0.937500
  0.336683   0.574463   0.447705  -0.492154   0.312823  -2.643857  -0.603743   0.937500   0.937500
  0.341709   0.571990   0.449277  -0.505442   0.309788  -3.514550  -1.046407   0.937500   0.937500
  0.346734   0.569450   0.450833  -0.523103   0.304530  -4.757197  -1.724430   0.937500   0.937500
  0.351759   0.566821   0.452364  -0.547008   0.295865  -6.297950  -2.590483   0.937500   0.937500
  0.356784   0.564073   0.453850  -0.578655   0.282848  -7.997570  -3.553244   0.937500   0.937500
  0.361809   0.561165   0.455272  -0.618843   0.264993  -9.728364  -4.527152   0.937500   0.937500
  0.366834   0.558055   0.456603  -0.667728   0.242244 -11.415191  -5.463546   0.937500   0.937500
  0.371859   0.554700   0.457821  -0.725089   0.214789 -13.024765  -6.353535   0.937500   0.937500
  0.376884   0.551056   0.458900  -0.790539   0.182863 -14.523162  -7.215765   0.937500   0.937500
  0.381910   0.547083   0.459819  -0.863532   0.146596 -15.822113  -8.079148   0.937500   0.937500
  0.386935   0.542744   0.460556  -0.943038   0.105999 -16.737137  -8.960875   0.937500   0.937500
  0.391960   0.538005   0.461088  -1.027142   0.060970 -17.008252  -9.846050   0.937500   0.937500
  0.396985   0.532844   0.461395  -1.112609   0.011494 -16.415040 -10.681182   0.937500   0.937500
  0.402010   0.527253   0.461452  -1.195094  -0.042179 -14.929552 -11.399840   0.937500   0.937500
  0.407035   0.521247   0.461240  -1.270115  -0.099463 -12.757083 -11.963853   0.937500   0.937500
  0.412060   0.514865   0.460741  -1.334220  -0.159582 -10.218745 -12.381603   0.937500   0.937500
  0.417085   0.508161   0.459939  -1.385569  -0.221799  -7.595488 -12.689287   0.937500   0.937500
  0.422111   0.501197   0.458824  -1.423744  -0.285576  -5.042048 -12.912038   0.937500   0.937500
  0.427136   0.494043   0.457389  -1.449080  -0.350459  -2.572965 -13.019421   0.937500   0.937500
  0.432161   0.486761   0.455628  -1.462009  -0.415881  -0.069942 -12.880113   0.937500   0.937500
  0.437186   0.479414   0.453538  -1.462361  -0.480604   2.690302 -12.231164   0.937500   0.937500
  0.442211   0.472066   0.451123  -1.448842  -0.542065   5.965742 -10.713465   0.937500   0.937500
  0.447236   0.464786   0.448399  -1.418864  -0.595900   9.910898  -8.026101   0.937500   0.937500
  0.452261   0.457656   0.445405  -1.369062  -0.636232  14.441196  -4.141254   0.937500   0.937500
  0.457286   0.450776   0.442208  -1.296495  -0.657041  19.240723   0.620218   0.937500   0.937500
  0.462312   0.444260   0.438905  -1.199791  -0.653924  23.932974   5.756885   0.937500   0.937500
  0.467337   0.438231   0.435620  -1.079528  -0.624996  28.246356  10.827829   0.937500   0.937500
  0.472362   0.432806   0.432479  -0.937590  -0.570586  32.059541  15.580112   0.937500   0.937500
  0.477387   0.428095   0.429612  -0.776491  -0.492296  35.325336  19.916815   0.937500   0.937500
  0.482412   0.424193   0.427138  -0.598981  -0.392214  37.959353  23.800744   0.937500   0.937500
  0.487437   0.421183   0.425167  -0.408235  -0.272615  39.738133  27.149327   0.937500   0.937500
  0.492462   0.419132   0.423797  -0.208551  -0.136190  40.263877  29.762393   0.937500   0.937500
  0.497487   0.418084   0.423113  -0.006225   0.013366  39.080080  31.339715   0.937500   0.937500
  0.502513   0.418053   0.423180   0.190192   0.170880  35.952895  31.629242   0.937500   0.937500
  0.507538   0.419008   0.424039   0.370855   0.329817  31.121261  30.620110   0.937500   0.937500
  0.512563   0.420872   0.425696   0.527239   0.483683  25.232136  28.590580   0.937500   0.937500
  0.517588   0.423521   0.428126   0.654031   0.627350  19.016827  25.958072   0.937500   0.937500
  0.522613   0.426808   0.431279   0.749590   0.757790  13.010346  23.089012   0.937500   0.937500
  0.527638   0.430574   0.435087   0.814967   0.873812   7.482378  20.203061   0.937500   0.937500
  0.532663   0.434670   0.439478   0.852566   0.975332   2.511960  17.369456   0.937500   0.937500
  0.537688   0.438954   0.444379   0.865189   1.062614  -1.904580  14.541039   0.937500   0.937500
  0.542714   0.443302   0.449719   0.855616   1.135697  -5.767130  11.600478   0.937500   0.937500
  0.547739   0.447602   0.455426   0.826637   1.193989  -9.022680   8.431453   0.937500   0.937500
  0.552764   0.451756   0.461426   0.781298   1.236357 -11.585122   5.005539   0.937500   0.937500
  0.557789   0.455682   0.467639   0.723082   1.261510 -13.404834   1.442531   0.937500   0.937500
  0.562814   0.459315   0.473978   0.655723   1.268759 -14.537486  -2.033737   0.937500   0.937500
  0.567839   0.462610   0.480353   0.582672   1.258539 -15.135901  -5.212952   0.937500   0.937500
  0.572864   0.465538   0.486678   0.506614   1.232344 -15.379815  -7.981471   0.937500   0.937500
  0.577889   0.468084   0.492870   0.429331   1.192237 -15.411606 -10.320610   0.937500   0.937500
  0.582915   0.470242   0.498862   0.351872   1.140366 -15.309704 -12.255982   0.937500   0.937500
  0.587940   0.472010   0.504593   0.274941   1.078780 -15.087284 -13.801026   0.937500   0.937500
  0.592965   0.473391   0.510014   0.199127   1.009430 -14.699848 -14.921304   0.937500   0.937500
  0.597990   0.474392   0.515086   0.125260   0.934450 -14.064302 -15.525389   0.937500   0.937500
  0.603015   0.475021   0.519782   0.054587   0.856435 -13.102977 -15.508447   0.937500   0.937500
  0.608040   0.475296   0.524085  -0.011255   0.778505 -11.806430 -14.841138   0.937500   0.937500
  0.613065   0.475239   0.527997  -0.070582   0.703928 -10.266638 -13.635708   0.937500   0.937500
  0.618090   0.474884   0.531534  -0.122172   0.635409  -8.639143 -12.113643   0.937500   0.937500
  0.623116   0.474270   0.534728  -0.165593   0.574526  -7.067510 -10.502598   0.937500   0.937500
  0.628141   0.473438   0.537615  -0.201107   0.521750  -5.638740  -8.960302   0.937500   0.937500
  0.633166   0.472428   0.540237  -0.229442   0.476725  -4.382846  -7.560296   0.937500   0.937500
  0.638191   0.471275   0.542632  -0.251465   0.438734  -3.298387  -6.319183   0.937500   0.937500
  0.643216   0.470011   0.544837  -0.268040   0.406980  -2.375628  -5.226805   0.937500   0.937500
  0.648241   0.468664   0.546882  -0.279977   0.380716  -1.610558  -4.267887   0.937500   0.937500
  0.653266   0.467257   0.548795  -0.288070   0.359269  -1.007050  -3.433258   0.937500   0.937500
  0.658291   0.465810   0.550600  -0.293131   0.342017  -0.566881  -2.720945   0.937500   0.937500
  0.663317   0.464337   0.552319  -0.295980   0.328342  -0.275007  -2.128742   0.937500   0.937500
  0.668342   0.462849   0.553969  -0.297362   0.317645  -0.095646  -1.646438   0.937500   0.937500
  0.673367   0.461355   0.555565  -0.297842   0.309372   0.015867  -1.254380   0.937500   0.937500
  0.678392   0.459858   0.557120  -0.297763   0.303068   0.096654  -0.930354   0.937500   0.937500
  0.683417   0.458362   0.558643  -0.297277   0.298393   0.168956  -0.655923   0.937500   0.937500
  0.688442   0.456868   0.560142  -0.296428   0.295097   0.241395  -0.419291   0.937500   0.937500
  0.693467   0.455379   0.561625  -0.295215   0.292990   0.312920  -0.215498   0.937500   0.937500
  0.698492   0.453895   0.563097  -0.293643   0.291907   0.376005  -0.045587   0.937500   0.937500
  0.703518   0.452419   0.564565  -0.291753   0.291678   0.419512   0.085292   0.937500   0.937500
  0.708543   0.450953   0.566030  -0.289645   0.292107   0.433295   0.171802   0.937500   0.937500
  0.713568   0.449498   0.567498  -0.287467   0.292970   0.414670   0.214212   0.937500   0.937500
  0.718593   0.448053   0.568970  -0.285384   0.294047   0.371905   0.221279   0.937500   0.937500
  0.723618   0.446619   0.570448  -0.283515   0.295159   0.320608   0.207125   0.937500   0.937500
  0.728643   0.445195   0.571931  -0.281904   0.296199   0.276072   0.184832   0.937500   0.937500
  0.733668   0.443778   0.573419  -0.280517   0.297128   0.248099   0.162501   0.937500   0.937500
  0.738693   0.442369   0.574913  -0.279270   0.297945   0.240094   0.143280   0.937500   0.937500
  0.743719   0.440965   0.576410  -0.278063   0.298665   0.249895   0.127305   0.937500   0.937500
  0.748744   0.439568   0.577911  -0.276807   0.299305   0.270127   0.113693   0.937500   0.937500
  0.753769   0.438177   0.579415  -0.275450   0.299876   0.288323   0.101891   0.937500   0.937500
  0.758794   0.436793   0.580922  -0.274001   0.300388   0.289211   0.092322   0.937500   0.937500
  0.763819   0.435416   0.582431  -0.272548   0.300852   0.261469   0.086058   0.937500   0.937500
  0.768844   0.434046   0.583943  -0.271234   0.301284   0.206108   0.083647   0.937500   0.937500
  0.773869   0.432683   0.585457  -0.270198   0.301705   0.138465   0.084039   0.937500   0.937500
  0.778894   0.431325   0.586973  -0.269503   0.302127   0.080796   0.084658   0.937500   0.937500
  0.783920   0.429971   0.588491  -0.269097   0.302552   0.052391   0.082413   0.937500   0.937500
  0.788945   0.428619   0.590012  -0.268833   0.302966   0.064079   0.074741   0.937500   0.937500
  0.793970   0.427268   0.591534  -0.268511   0.303342   0.116526   0.060336   0.937500   0.937500
  0.798995   0.425919   0.593058  -0.267926   0.303645   0.198932   0.039873   0.937500   0.937500
  0.804020   0.424572   0.594584  -0.266926   0.303846   0.287015   0.016864   0.937500   0.937500
  0.809045   0.423231   0.596111  -0.265484   0.303930   0.344409  -0.002042   0.937500   0.937500
  0.814070   0.421897   0.597638  -0.263753   0.303920   0.334648  -0.008903   0.937500   0.937500
  0.819095   0.420572   0.599166  -0.262072   0.303875   0.243702   0.000953   0.937500   0.937500
  0.824121   0.419254   0.600693  -0.260847   0.303880   0.095923   0.024655   0.937500   0.937500
  0.829146   0.417944   0.602220  -0.260365   0.304004  -0.054891   0.052207   0.937500   0.937500
  0.834171   0.416635   0.603747  -0.260641   0.304266  -0.152239   0.071322   0.937500   0.937500
  0.839196   0.415326   0.605276  -0.261406   0.304625  -0.157995   0.072170   0.937500   0.937500
  0.844221   0.414012   0.606807  -0.262199   0.304987  -0.060131   0.049819   0.937500   0.937500
  0.849246   0.412694   0.608340  -0.262502   0.305238   0.125441   0.005444   0.937500   0.937500
  0.854271   0.411375   0.609873  -0.261871   0.305265   0.351976  -0.052151   0.937500   0.937500
  0.859296   0.410059   0.611407  -0.260103   0.305003   0.541828  -0.105489   0.937500   0.937500
  0.864322   0.408752   0.612940  -0.257379   0.304473   0.603963  -0.131496   0.937500   0.937500
  0.869347   0.407459   0.614470  -0.254344   0.303812   0.479024  -0.112113   0.937500   0.937500
  0.874372   0.406181   0.615997  -0.251937   0.303249   0.188020  -0.047844   0.937500   0.937500
  0.879397   0.404915   0.617521  -0.250993   0.303008  -0.165873   0.038808   0.937500   0.937500
  0.884422   0.403654   0.619043  -0.251826   0.303203  -0.451347   0.114764   0.937500   0.937500
  0.889447   0.402388   0.620567  -0.254094   0.303780  -0.569057   0.151752   0.937500   0.937500
  0.894472   0.401111   0.622094  -0.256954   0.304543  -0.478588   0.134839   0.937500   0.937500
  0.899497   0.399820   0.623624  -0.259358   0.305220  -0.199429   0.064472   0.937500   0.937500
  0.904523   0.398517   0.625158  -0.260361   0.305544   0.192697  -0.042893   0.937500   0.937500
  0.909548   0.397208   0.626693  -0.259393   0.305329   0.568950  -0.153924   0.937500   0.937500
  0.914573   0.395905   0.628228  -0.256534   0.304555   0.769133  -0.222562   0.937500   0.937500
  0.919598   0.394616   0.629758  -0.252669   0.303437   0.663239  -0.206301   0.937500   0.937500
  0.924623   0.393346   0.631283  -0.249336   0.302400   0.236791  -0.092230   0.937500   0.937500
  0.929648   0.392093   0.632802  -0.248146   0.301937  -0.377351   0.088920   0.937500   0.937500
  0.934673   0.390846   0.634320  -0.250042   0.302384  -0.969603   0.278613   0.937500   0.937500
  0.939698   0.389590   0.635839  -0.254914   0.303784  -1.364121   0.422080   0.937500   0.937500
  0.944724   0.388309   0.637366  -0.261771   0.305905  -1.478802   0.488637   0.937500   0.937500
  0.949749   0.386993   0.638903  -0.269201   0.308360  -1.322149   0.473844   0.937500   0.937500
  0.954774   0.385640   0.640452  -0.275845   0.310741  -0.965629   0.393296   0.937500   0.937500
  0.959799   0.384254   0.642014  -0.280698   0.312718  -0.517332   0.275828   0.937500   0.937500
  0.964824   0.382844   0.643585  -0.283297   0.314104  -0.096127   0.156645   0.937500   0.937500
  0.969849   0.381420   0.645164  -0.283780   0.314891   0.206436   0.066386   0.937500   0.937500
  0.974874   0.379994   0.646746  -0.282743   0.315224   0.371833   0.016388   0.937500   0.937500
  0.979899   0.378573   0.648330  -0.280874   0.315307   0.470568  -0.009184   0.937500   0.937500
  0.984925   0.377162   0.649915  -0.278509   0.315261   0.618703  -0.043416   0.937500   0.937500
  0.989950   0.375762   0.651499  -0.275400   0.315042   0.908055  -0.116125   0.937500   0.937500
  0.994975   0.374378   0.653082  -0.270837   0.314459   1.370079  -0.240897   0.937500   0.937500
  1.000000   0.373017   0.654662  -0.263953   0.313248   1.984809  -0.415540   0.937500   0.937500