      0.000000       0.358176       0.356491       0.000000       0.000000       0.000000       0.000000       0.000000       0.250000
      0.005025       0.361137       0.358941       0.589176       0.487493     117.248945      97.013532       0.000000       0.250000
      0.010050       0.361668       0.360083       0.105708       0.227337     -96.212476     -51.772328       0.000000       0.250000
      0.015075       0.362911       0.362282       0.247254       0.437659      28.168361      41.855139       0.000000       0.250000
      0.020101       0.364577       0.364501       0.331709       0.441615      16.806825       0.787158       0.000000       0.250000
      0.025126       0.367604       0.367728       0.602283       0.642025      53.845650      39.882644       0.000000       0.250000
      0.030151       0.366857       0.370477      -0.148566       0.547223    -149.422613     -18.866083       0.000000       0.250000
      0.035176       0.367349       0.370853       0.097875       0.074806      49.042828     -94.013223       0.000000       0.250000
      0.040201       0.371366       0.370919       0.799341       0.012995     139.595379     -12.300744       0.000000       0.250000
      0.045226       0.372485       0.368841       0.222609      -0.413435    -114.772622     -84.861691       0.000000       0.250000
      0.050251       0.371528       0.369796      -0.190294       0.190091     -82.169821     120.104638       0.000000       0.250000
      0.055276       0.372486       0.373250       0.190617       0.687371      75.803306      98.961135       0.000000       0.250000
      0.060302       0.374688       0.377126       0.438146       0.771197      49.259536      16.681925       0.000000       0.250000
      0.065327       0.378763       0.378635       0.811048       0.300402      74.209273     -93.690703       0.000000       0.250000
      0.070352       0.379581       0.379038       0.162641       0.080120    -129.036122     -43.837044       0.000000       0.250000
      0.075377       0.380915       0.380114       0.265639       0.214178      20.497069      26.678144       0.000000       0.250000
      0.080402       0.381096       0.380469       0.035940       0.070632     -45.711306     -28.566444       0.000000       0.250000
      0.085427       0.383559       0.383090       0.490235       0.521559      90.406916      89.736759       0.000000       0.250000
      0.090452       0.384424       0.384709       0.172069       0.322309     -63.316473     -39.651734       0.000000       0.250000
      0.095477       0.385233       0.387354       0.160900       0.526236      -2.222815      40.582563       0.000000       0.250000
      0.100503       0.387337       0.388301       0.418689       0.188569      51.301436     -67.197394       0.000000       0.250000
      0.105528       0.388370       0.388925       0.205582       0.124100     -42.409451     -12.829650       0.000000       0.250000
      0.110553       0.389800       0.390925       0.284562       0.398144      15.717335      54.535949       0.000000       0.250000
      0.115578       0.391847       0.391715       0.407393       0.157034      24.444007     -47.981939       0.000000       0.250000
      0.120603       0.394149       0.392756       0.458160       0.207201      10.103005       9.983471       0.000000       0.250000
      0.125628       0.394832       0.394970       0.135947       0.440712     -64.122090      46.469759       0.000000       0.250000
      0.130653       0.396029       0.398901       0.238286       0.782200      20.366081      67.957822       0.000000       0.250000
      0.135678       0.396736       0.401204       0.140533       0.458423     -19.453321     -64.433267       0.000000       0.250000
      0.140704       0.396606       0.401872      -0.025839       0.132786     -33.108965     -64.803236       0.000000       0.250000
      0.145729       0.398365       0.401016       0.350108      -0.170350      74.815348     -60.325603       0.000000       0.250000
      0.150754       0.401097       0.400674       0.543594      -0.068071      38.504691      20.353916       0.000000       0.250000
      0.155779       0.402323       0.402094       0.243986       0.282597     -59.623404      69.784778       0.000000       0.250000
      0.160804       0.402094       0.403822      -0.045445       0.344004     -57.598273      12.220194       0.000000       0.250000
      0.165829       0.405059       0.405906       0.590075       0.414721     126.471601      14.073103       0.000000       0.250000
      0.170854       0.407950       0.407078       0.575154       0.233138      -2.969415     -36.135912       0.000000       0.250000
      0.175879       0.409673       0.407776       0.343028       0.138946     -46.194055     -18.744780       0.000000       0.250000
      0.180905       0.409795       0.409040       0.024179       0.251619     -63.452542      22.422524       0.000000       0.250000
      0.185930       0.410289       0.410622       0.098338       0.314782      14.757931      12.569725       0.000000       0.250000
      0.190955       0.412203       0.413993       0.380988       0.670894      56.248651      70.868068       0.000000       0.250000
      0.195980       0.414762       0.415622       0.509085       0.324148      25.491959     -69.004132       0.000000       0.250000
      0.201005       0.417465       0.417077       0.538005       0.289557       5.755252      -6.883798       0.000000       0.250000
      0.206030       0.419650       0.417435       0.434774       0.071141     -20.543352     -43.465905       0.000000       0.250000
      0.211055       0.420050       0.418157       0.079617       0.143827     -70.678093      14.464870       0.000000       0.250000
      0.216080       0.420722       0.419451       0.133703       0.257347      10.763420      22.591042       0.000000       0.250000
      0.221106       0.422365       0.420211       0.327000       0.151241      38.467094     -21.115567       0.000000       0.250000
      0.226131       0.423022       0.421783       0.130859       0.312954     -39.033188      32.181691       0.000000       0.250000
      0.231156       0.422976       0.424137      -0.009319       0.468415     -27.895991      30.937461       0.000000       0.250000
      0.236181       0.423499       0.426106       0.104119       0.391903      22.574624     -15.226093       0.000000       0.250000
      0.241206       0.424177       0.428228       0.134895       0.422182       6.124699       6.025516       0.000000       0.250000
      0.246231       0.426971       0.428272       0.556018       0.008806      83.805495     -82.263901       0.000000       0.250000
      0.251256       0.429466       0.429359       0.496586       0.216388     -11.827336      41.309979       0.000000       0.250000
      0.256281       0.431537       0.429703       0.412133       0.068431     -16.806479     -29.444266       0.000000       0.250000
      0.261307       0.433255       0.430481       0.341985       0.154739     -13.959772      17.175683       0.000000       0.250000
      0.266332       0.434285       0.432729       0.204895       0.447486     -27.281592      58.258170       0.000000       0.250000
      0.271357       0.434095       0.434883      -0.037893       0.428488     -48.316026      -3.780733       0.000000       0.250000
      0.276382       0.433870       0.436491      -0.044636       0.320052      -1.341814     -21.579346       0.000000       0.250000
      0.281407       0.434431       0.438235       0.111585       0.347022      31.088645       5.367327       0.000000       0.250000
      0.286432       0.436429       0.440447       0.397690       0.440193      56.936273      18.541527       0.000000       0.250000
      0.291457       0.440204       0.442475       0.751241       0.403660      70.358401      -7.270368       0.000000       0.250000
      0.296482       0.443151       0.443349       0.586375       0.173892     -32.809041     -45.724970       0.000000       0.250000
      0.301508       0.445854       0.444106       0.537866       0.150737      -9.653579      -4.608021       0.000000       0.250000
      0.306533       0.447929       0.445185       0.413049       0.214667     -24.839266      12.722502       0.000000       0.250000
      0.311558       0.448195       0.446065       0.052797       0.175076     -71.691784      -7.878870       0.000000       0.250000
      0.316583       0.449147       0.446775       0.189603       0.141263      27.224970      -6.728974       0.000000       0.250000
      0.321608       0.450251       0.448079       0.219588       0.259568       5.967164      23.543272       0.000000       0.250000
      0.326633       0.450636       0.449955       0.076605       0.373325     -28.454412      22.638175       0.000000       0.250000
      0.331658       0.451144       0.452189       0.101183       0.444583       4.891186      14.180782       0.000000       0.250000
      0.336683       0.453164       0.454252       0.401984       0.410500      59.860887      -6.782742       0.000000       0.250000
      0.341709       0.453749       0.455527       0.116324       0.253788     -56.847698     -31.186432       0.000000       0.250000
      0.346734       0.454229       0.456387       0.095564       0.171069      -4.131255     -16.461413       0.000000       0.250000
      0.351759       0.456348       0.456731       0.421615       0.068552      64.885777     -20.401369       0.000000       0.250000
      0.356784       0.458511       0.457060       0.430560       0.065412       1.780067      -0.624988       0.000000       0.250000
      0.361809       0.460423       0.457546       0.380420       0.096870      -9.978129       6.260293       0.000000       0.250000
      0.366834       0.461611       0.457911       0.236397       0.072489     -28.661428      -4.851804       0.000000       0.250000
      0.371859       0.462903       0.459344       0.257188       0.285280       4.137659      42.346434       0.000000       0.250000
      0.376884       0.464451       0.461351       0.308131       0.399322      10.137799      22.694907       0.000000       0.250000
      0.381910       0.466235       0.463409       0.355029       0.409535       9.333042       2.032443       0.000000       0.250000
      0.386935       0.467858       0.466514       0.322971       0.617873      -6.379846      41.460307       0.000000       0.250000
      0.391960       0.470121       0.469169       0.450385       0.528449      25.356075     -17.795796       0.000000       0.250000
      0.396985       0.471933       0.471487       0.360495       0.461347     -17.888448     -13.353620       0.000000       0.250000
      0.402010       0.473747       0.474252       0.361022       0.550098       0.104821      17.661772       0.000000       0.250000
      0.407035       0.475103       0.476990       0.269915       0.545065     -18.130742      -1.001489       0.000000       0.250000
      0.412060       0.477062       0.480100       0.389821       0.618805      23.861963      14.674538       0.000000       0.250000
      0.417085       0.478511       0.483734       0.288227       0.723123     -20.217752      20.759844       0.000000       0.250000
      0.422111       0.479809       0.488029       0.258338       0.854730      -5.948036      26.190460       0.000000       0.250000
      0.427136       0.479486       0.494025      -0.064327       1.193212     -64.212039      67.359632       0.000000       0.250000
      0.432161       0.478265       0.500277      -0.242861       1.244253     -35.529118      10.157320       0.000000       0.250000
      0.437186       0.476167       0.508138      -0.417573       1.564337     -34.768654      63.698348       0.000000       0.250000
      0.442211       0.473470       0.517402      -0.536742       1.843579     -23.715144      55.570516       0.000000       0.250000
      0.447236       0.469399       0.527821      -0.810103       2.073477     -54.400158      45.750939       0.000000       0.250000
      0.452261       0.464410       0.538233      -0.992818       2.072123     -36.361212      -0.269583       0.000000       0.250000
      0.457286       0.459012       0.547869      -1.074239       1.917602     -16.203254     -30.750402       0.000000       0.250000
      0.462312       0.453606       0.556763      -1.075750       1.769839      -0.300746     -29.405586       0.000000       0.250000
      0.467337       0.446983       0.563145      -1.318163       1.270082     -48.241332     -99.454075       0.000000       0.250000
      0.472362       0.440187       0.568100      -1.352428       0.986025      -6.818870     -56.528743       0.000000       0.250000
      0.477387       0.434158       0.570643      -1.199739       0.506068      30.385958     -95.513850       0.000000       0.250000
      0.482412       0.429377       0.572469      -0.951498       0.363428      49.401073     -28.386202       0.000000       0.250000
      0.487437       0.425100       0.572761      -0.851102       0.058112      19.979430     -60.759335       0.000000       0.250000
      0.492462       0.422095       0.571413      -0.597964      -0.268309      50.375555     -64.959428       0.000000       0.250000
      0.497487       0.420784       0.568603      -0.260853      -0.559191      67.086800     -57.886844       0.000000       0.250000
      0.502513       0.421242       0.564265       0.091102      -0.863284      70.040916     -60.516019       0.000000       0.250000
      0.507538       0.422966       0.558849       0.343070      -1.077688      50.142792     -42.667436       0.000000       0.250000
      0.512563       0.427211       0.552517       0.844787      -1.260232      99.844255     -36.327349       0.000000       0.250000
      0.517588       0.434179       0.546420       1.386670      -1.213225     107.837427       9.354685       0.000000       0.250000
      0.522613       0.443291       0.540190       1.813249      -1.239915      84.891202      -5.311493       0.000000       0.250000
      0.527638       0.452294       0.534678       1.791669      -1.096934      -4.294496      28.454002       0.000000       0.250000
      0.532663       0.460750       0.529834       1.682781      -0.963934     -21.669215      26.467655       0.000000       0.250000
      0.537688       0.469634       0.525667       1.767975      -0.829313      16.953935      26.790219       0.000000       0.250000
      0.542714       0.478609       0.522455       1.786199      -0.639109       3.626710      37.851589       0.000000       0.250000
      0.547739       0.487017       0.520629       1.673147      -0.363449     -22.497819      54.857764       0.000000       0.250000
      0.552764       0.494298       0.519627       1.448869      -0.199408     -44.632540      32.644945       0.000000       0.250000
      0.557789       0.500862       0.518760       1.306423      -0.172482     -28.347495       5.358328       0.000000       0.250000
      0.562814       0.506412       0.518212       1.104360      -0.109018     -40.211355      12.629680       0.000000       0.250000
      0.567839       0.511360       0.518145       0.984800      -0.013448     -23.793102      19.018922       0.000000       0.250000
      0.572864       0.515494       0.518069       0.822598      -0.015096     -32.278946      -0.327997       0.000000       0.250000
      0.577889       0.518541       0.518958       0.606464       0.176985     -43.011913      38.225088       0.000000       0.250000
      0.582915       0.520814       0.520394       0.452168       0.285687     -30.705607      21.632257       0.000000       0.250000
      0.587940       0.523079       0.522212       0.450867       0.361883      -0.258864      15.163383       0.000000       0.250000
      0.592965       0.525283       0.524202       0.438596       0.396023      -2.441917       6.794020       0.000000       0.250000
      0.597990       0.526897       0.526283       0.321136       0.414158     -23.375266       3.609049       0.000000       0.250000
      0.603015       0.528591       0.528147       0.337064       0.370988       3.169755      -8.591042       0.000000       0.250000
      0.608040       0.530708       0.529922       0.421277       0.353175      16.758828      -3.544967       0.000000       0.250000
      0.613065       0.532610       0.531834       0.378651       0.380376      -8.482688       5.413094       0.000000       0.250000
      0.618090       0.534440       0.533854       0.364075       0.402110      -2.900754       4.325294       0.000000       0.250000
      0.623116       0.536148       0.535434       0.339944       0.314430      -4.802157     -17.448786       0.000000       0.250000
      0.628141       0.537850       0.537080       0.338689       0.327544      -0.249759       2.609632       0.000000       0.250000
      0.633166       0.539581       0.538298       0.344489       0.242361       1.154186     -16.951752       0.000000       0.250000
      0.638191       0.541139       0.539440       0.310137       0.227377      -6.836274      -2.981935       0.000000       0.250000
      0.643216       0.542580       0.540361       0.286699       0.183106      -4.664322      -8.810169       0.000000       0.250000
      0.648241       0.543826       0.541298       0.247903       0.186458      -7.720510       0.667192       0.000000       0.250000
      0.653266       0.544829       0.542608       0.199740       0.260701      -9.584646      14.774608       0.000000       0.250000
      0.658291       0.545800       0.543918       0.193158       0.260696      -1.309775      -0.000914       0.000000       0.250000
      0.663317       0.546793       0.545097       0.197598       0.234655       0.883441      -5.182382       0.000000       0.250000
      0.668342       0.547633       0.546616       0.167253       0.302314      -6.038834      13.464559       0.000000       0.250000
      0.673367       0.548363       0.548430       0.145275       0.361114      -4.373738      11.701436       0.000000       0.250000
      0.678392       0.548950       0.550349       0.116824       0.381887      -5.661768       4.134053       0.000000       0.250000
      0.683417       0.549800       0.552277       0.168972       0.383621      10.377764       0.344964       0.000000       0.250000
      0.688442       0.550867       0.553739       0.212432       0.290936       8.648658     -18.444644       0.000000       0.250000
      0.693467       0.551965       0.555149       0.218448       0.280678       1.197124      -2.041413       0.000000       0.250000
      0.698492       0.553576       0.556315       0.320714       0.231989      20.351512      -9.689475       0.000000       0.250000
      0.703518       0.554987       0.557356       0.280729       0.207027      -7.957099      -4.967546       0.000000       0.250000
      0.708543       0.556258       0.558452       0.252942       0.218152      -5.529902       2.213882       0.000000       0.250000
      0.713568       0.557937       0.559555       0.334148       0.219510      16.160510       0.270300       0.000000       0.250000
      0.718593       0.559850       0.560798       0.380756       0.247492       9.275179       5.568539       0.000000       0.250000
      0.723618       0.561609       0.561993       0.349977       0.237799      -6.125185      -1.929008       0.000000       0.250000
      0.728643       0.563424       0.563262       0.361250       0.252495       2.243339       2.924591       0.000000       0.250000
      0.733668       0.564900       0.564753       0.293579       0.296781     -13.466905       8.813268       0.000000       0.250000
      0.738693       0.566489       0.566198       0.316264       0.287500       4.514510      -1.847051       0.000000       0.250000
      0.743719       0.567783       0.567759       0.257481       0.310680     -11.698102       4.612945       0.000000       0.250000
      0.748744       0.569014       0.569368       0.245070       0.320058      -2.469895       1.866242       0.000000       0.250000
      0.753769       0.570165       0.570836       0.229096       0.292300      -3.178883      -5.523931       0.000000       0.250000
      0.758794       0.571314       0.572121       0.228550       0.255575      -0.108559      -7.308408       0.000000       0.250000
      0.763819       0.572652       0.573654       0.266369       0.305097       7.526013       9.855162       0.000000       0.250000
      0.768844       0.573987       0.575400       0.265535       0.347441      -0.165860       8.426484       0.000000       0.250000
      0.773869       0.575012       0.577226       0.204004       0.363368     -12.245092       3.169742       0.000000       0.250000
      0.778894       0.576355       0.578824       0.267313       0.318126      12.598974      -9.003386       0.000000       0.250000
      0.783920       0.578111       0.580280       0.349525       0.289814      16.360486      -5.634409       0.000000       0.250000
      0.788945       0.580108       0.581734       0.397349       0.289318       9.517201      -0.098681       0.000000       0.250000
      0.793970       0.582013       0.583335       0.379164       0.318465      -3.618865       5.800448       0.000000       0.250000
      0.798995       0.583546       0.584814       0.304934       0.294413     -14.772179      -4.786548       0.000000       0.250000
      0.804020       0.584943       0.586317       0.278074       0.299163      -5.345164       0.945274       0.000000       0.250000
      0.809045       0.586377       0.587550       0.285373       0.245273       1.452547     -10.724366       0.000000       0.250000
      0.814070       0.587827       0.588769       0.288648       0.242719       0.651571      -0.508079       0.000000       0.250000
      0.819095       0.589243       0.589863       0.281817       0.217594      -1.359337      -5.000021       0.000000       0.250000
      0.824121       0.590598       0.590753       0.269513       0.177093      -2.448623      -8.059994       0.000000       0.250000
      0.829146       0.591893       0.591833       0.257839       0.214886      -2.323010       7.520975       0.000000       0.250000
      0.834171       0.593293       0.593173       0.278555       0.266712       4.122407      10.313725       0.000000       0.250000
      0.839196       0.594799       0.594523       0.299731       0.268769       4.214263       0.409245       0.000000       0.250000
      0.844221       0.596321       0.596022       0.302772       0.298315       0.605232       5.879811       0.000000       0.250000
      0.849246       0.597786       0.597578       0.291647       0.309568      -2.213996       2.239526       0.000000       0.250000
      0.854271       0.599526       0.598898       0.346132       0.262777      10.842798      -9.311751       0.000000       0.250000
      0.859296       0.601216       0.600239       0.336426       0.266838      -1.931652       0.808099       0.000000       0.250000
      0.864322       0.602623       0.601768       0.280017       0.304128     -11.225547       7.420926       0.000000       0.250000
      0.869347       0.604011       0.603271       0.276118       0.299113      -0.776050      -0.997978       0.000000       0.250000
      0.874372       0.605370       0.604731       0.270481       0.290601      -1.121762      -1.693814       0.000000       0.250000
      0.879397       0.606546       0.606192       0.234072       0.290701      -7.245468       0.019840       0.000000       0.250000
      0.884422       0.607681       0.607704       0.225813       0.301009      -1.643563       2.051229       0.000000       0.250000
      0.889447       0.608764       0.609145       0.215614       0.286763      -2.029660      -2.834848       0.000000       0.250000
      0.894472       0.610145       0.610518       0.274800       0.273164      11.778230      -2.706379       0.000000       0.250000
      0.899497       0.611488       0.611983       0.267323       0.291618      -1.488008       3.672469       0.000000       0.250000
      0.904523       0.612832       0.613495       0.267325       0.300784       0.000548       1.824119       0.000000       0.250000
      0.909548       0.614110       0.615014       0.254443       0.302300      -2.563779       0.301598       0.000000       0.250000
      0.914573       0.615541       0.616508       0.284731       0.297380       6.027493      -0.978964       0.000000       0.250000
      0.919598       0.617001       0.618173       0.290433       0.331243       1.134738       6.738842       0.000000       0.250000
      0.924623       0.618533       0.619766       0.304914       0.317027       2.881906      -2.829111       0.000000       0.250000
      0.929648       0.620047       0.621528       0.301294       0.350677      -0.720374       6.696632       0.000000       0.250000
      0.934673       0.621405       0.623258       0.270209       0.344290      -6.186222      -1.271227       0.000000       0.250000
      0.939698       0.622710       0.624998       0.259815       0.346262      -2.068401       0.392436       0.000000       0.250000
      0.944724       0.624044       0.626546       0.265360       0.308135       1.103596      -7.587300       0.000000       0.250000
      0.949749       0.625361       0.627967       0.262147       0.282842      -0.639584      -5.033485       0.000000       0.250000
      0.954774       0.626860       0.629291       0.298332       0.263403       7.201081      -3.868448       0.000000       0.250000
      0.959799       0.628468       0.630546       0.320094       0.249730       4.330677      -2.720992       0.000000       0.250000
      0.964824       0.630018       0.631855       0.308397       0.260500      -2.327740       2.143170       0.000000       0.250000
      0.969849       0.631416       0.633072       0.278195       0.242116      -6.010392      -3.658395       0.000000       0.250000
      0.974874       0.632740       0.634317       0.263423       0.247752      -2.939683       1.121659       0.000000       0.250000
      0.979899       0.634028       0.635474       0.256319       0.230370      -1.413706      -3.459140       0.000000       0.250000
      0.984925       0.635127       0.636454       0.218827       0.195040      -7.461055      -7.030905       0.000000       0.250000
      0.989950       0.635966       0.637259       0.166894       0.160179     -10.334905      -6.937504       0.000000       0.250000
      0.994975       0.636795       0.637961       0.165043       0.139773      -0.368319      -4.060923       0.000000       0.250000
      1.000000       0.637570       0.638588       0.154147       0.124743      -2.168466      -2.991073       0.000000       0.250000
      1.005025       0.638288       0.639077       0.142850       0.097247      -2.248197      -5.471849       0.000000       0.250000
      1.010050       0.638886       0.639566       0.119159       0.097218      -4.714571      -0.005639       0.000000       0.250000
      1.015075       0.639389       0.639961       0.100031       0.078679      -3.806609      -3.689354       0.000000       0.250000
      1.020100       0.639899       0.640261       0.101393       0.059769       0.271162      -3.763200       0.000000       0.250000
      1.025125       0.640381       0.640576       0.095893       0.062624      -1.094641       0.568179       0.000000       0.250000
      1.030150       0.640765       0.640786       0.076417       0.041724      -3.875700      -4.159318       0.000000       0.250000
      1.035175       0.641116       0.640956       0.069879       0.033844      -1.301110      -1.568052       0.000000       0.250000
      1.040200       0.641374       0.641100       0.051474       0.028677      -3.662769      -1.028264       0.000000       0.250000
      1.045225       0.641549       0.641217       0.034680       0.023286      -3.342140      -1.072808       0.000000       0.250000
      1.050250       0.641681       0.641248       0.026258       0.006174      -1.675838      -3.405431       0.000000       0.250000
      1.055275       0.641883       0.641244       0.040229      -0.000659       2.780264      -1.359874       0.000000       0.250000
      1.060300       0.642067       0.641331       0.036762       0.017194      -0.690029       3.552865       0.000000       0.250000
      1.065325       0.642186       0.641326       0.023612      -0.000951      -2.616803      -3.610867       0.000000       0.250000
      1.070350       0.642269       0.641263       0.016550      -0.012581      -1.405506      -2.314545       0.000000       0.250000
      1.075375       0.642400       0.641224       0.026013      -0.007759       1.883171       0.959653       0.000000       0.250000
      1.080400       0.642485       0.641206       0.016933      -0.003582      -1.806921       0.831222       0.000000       0.250000
      1.085425       0.642493       0.641167       0.001502      -0.007804      -3.070813      -0.840272       0.000000       0.250000
      1.090450       0.642448       0.641166      -0.008773      -0.000151      -2.044689       1.523063       0.000000       0.250000
      1.095475       0.642366       0.641242      -0.016339       0.015227      -1.505839       3.060404       0.000000       0.250000
      1.100500       0.642279       0.641285      -0.017321       0.008522      -0.195422      -1.334446       0.000000       0.250000
      1.105525       0.642101       0.641313      -0.035474       0.005506      -3.612415      -0.600232       0.000000       0.250000
      1.110550       0.641968       0.641415      -0.026523       0.020323       1.781192       2.948803       0.000000       0.250000
      1.115575       0.641944       0.641573      -0.004731       0.031361       4.336701       2.196619       0.000000       0.250000
      1.120600       0.641844       0.641695      -0.019847       0.024396      -3.008188      -1.386162       0.000000       0.250000
      1.125625       0.641783       0.641862      -0.012189       0.033098       1.524054       1.731674       0.000000       0.250000
      1.130650       0.641721       0.642061      -0.012325       0.039779      -0.026957       1.329614       0.000000       0.250000
      1.135675       0.641666       0.642273      -0.010977       0.042083       0.268261       0.458533       0.000000       0.250000
      1.140700       0.641563       0.642489      -0.020442       0.043050      -1.883705       0.192354       0.000000       0.250000
      1.145725       0.641411       0.642572      -0.030336       0.016509      -1.968983      -5.281775       0.000000       0.250000
      1.150750       0.641271       0.642517      -0.027813      -0.011072       0.502150      -5.488704       0.000000       0.250000
      1.155775       0.641234       0.642371      -0.007300      -0.028902       4.082239      -3.548264       0.000000       0.250000
      1.160800       0.641273       0.642152       0.007715      -0.043590       2.988089      -2.923063       0.000000       0.250000
      1.165825       0.641321       0.641972       0.009594      -0.035814       0.373822       1.547504       0.000000       0.250000
      1.170850       0.641423       0.641835       0.020282      -0.027348       2.127068       1.684783       0.000000       0.250000
      1.175875       0.641440       0.641680       0.003389      -0.030784      -3.361950      -0.683780       0.000000       0.250000
      1.180900       0.641483       0.641539       0.008568      -0.028086       1.030735       0.536960       0.000000       0.250000
      1.185925       0.641535       0.641431       0.010365      -0.021482       0.357646       1.314138       0.000000       0.250000
      1.190950       0.641584       0.641318       0.009662      -0.022520      -0.139871      -0.206594       0.000000       0.250000
      1.195975       0.641621       0.641234       0.007351      -0.016746      -0.459942       1.149101       0.000000       0.250000
      1.201000       0.641714       0.641100       0.018507      -0.026550       2.220031      -1.950944       0.000000       0.250000
      1.206025       0.641804       0.640963       0.017888      -0.027371      -0.123186      -0.163461       0.000000       0.250000
      1.211050       0.641900       0.640811       0.019193      -0.030270       0.259765      -0.576791       0.000000       0.250000
      1.216075       0.641983       0.640688       0.016459      -0.024463      -0.544128       1.155556       0.000000       0.250000
      1.221100       0.642021       0.640570       0.007477      -0.023492      -1.787469       0.193142       0.000000       0.250000
      1.226125       0.642036       0.640493       0.003050      -0.015207      -0.880963       1.648902       0.000000       0.250000
      1.231150       0.641998       0.640476      -0.007585      -0.003511      -2.116497       2.327438       0.000000       0.250000
      1.236175       0.641897       0.640558      -0.020089       0.016401      -2.488314       3.962590       0.000000       0.250000
      1.241200       0.641796       0.640670      -0.020015       0.022341       0.014713       1.182095       0.000000       0.250000
      1.246225       0.641677       0.640756      -0.023816       0.017069      -0.756361      -1.049024       0.000000       0.250000
      1.251250       0.641591       0.640788      -0.016995       0.006383       1.357368      -2.126732       0.000000       0.250000
      1.256275       0.641568       0.640820      -0.004539       0.006270       2.478850      -0.022477       0.000000       0.250000
      1.261300       0.641555       0.640897      -0.002691       0.015455       0.367780       1.827880       0.000000       0.250000
      1.266325       0.641568       0.640989       0.002625       0.018136       1.057861       0.533605       0.000000       0.250000
      1.271350       0.641629       0.641051       0.012128       0.012471       1.891251      -1.127341       0.000000       0.250000
      1.276375       0.641716       0.641121       0.017352       0.013993       1.039587       0.302868       0.000000       0.250000
      1.281400       0.641800       0.641218       0.016687       0.019216      -0.132381       1.039446       0.000000       0.250000
      1.286425       0.641868       0.641300       0.013601       0.016321      -0.614104      -0.576188       0.000000       0.250000
      1.291450       0.641903       0.641364       0.006916       0.012657      -1.330411      -0.729187       0.000000       0.250000
      1.296475       0.641883       0.641383      -0.004054       0.003914      -2.183135      -1.739900       0.000000       0.250000
      1.301500       0.641859       0.641373      -0.004775      -0.002050      -0.143502      -1.186788       0.000000       0.250000
      1.306525       0.641896       0.641365       0.007426      -0.001569       2.428172       0.095743       0.000000       0.250000
      1.311550       0.641912       0.641340       0.003156      -0.005019      -0.849845      -0.686737       0.000000       0.250000
      1.316575       0.641903       0.641340      -0.001716      -0.000018      -0.969471       0.995239       0.000000       0.250000
      1.321600       0.641835       0.641312      -0.013622      -0.005625      -2.369406      -1.115820       0.000000       0.250000
      1.326625       0.641806       0.641284      -0.005667      -0.005491       1.583203       0.026716       0.000000       0.250000
      1.331650       0.641787       0.641270      -0.003812      -0.002699       0.369033       0.555566       0.000000       0.250000
      1.336675       0.641782       0.641245      -0.001051      -0.004990       0.549552      -0.455778       0.000000       0.250000
      1.341700       0.641797       0.641186       0.002955      -0.011869       0.797068      -1.368968       0.000000       0.250000
      1.346725       0.641799       0.641122       0.000444      -0.012594      -0.499699      -0.144341       0.000000       0.250000
      1.351750       0.641767       0.641059      -0.006354      -0.012589      -1.352741       0.000911       0.000000       0.250000
      1.356775       0.641719       0.641017      -0.009478      -0.008405      -0.621712       0.832711       0.000000       0.250000
      1.361800       0.641699       0.641012      -0.004145      -0.000929       1.061256       1.487685       0.000000       0.250000
      1.366825       0.641670       0.640972      -0.005784      -0.008011      -0.326031      -1.409220       0.000000       0.250000
      1.371850       0.641635       0.640926      -0.006930      -0.009065      -0.228098      -0.209867       0.000000       0.250000
      1.376875       0.641607       0.640892      -0.005562      -0.006767       0.272284       0.457420       0.000000       0.250000
      1.381900       0.641590       0.640892      -0.003401       0.000011       0.429890       1.348751       0.000000       0.250000
      1.386925       0.641581       0.640888      -0.001762      -0.000887       0.326181      -0.178712       0.000000       0.250000
      1.391950       0.641580       0.640891      -0.000091       0.000492       0.332590       0.274573       0.000000       0.250000
      1.396975       0.641572       0.640900      -0.001635       0.001947      -0.307322       0.289460       0.000000       0.250000
      1.402000       0.641537       0.640907      -0.006990       0.001320      -1.065670      -0.124698       0.000000       0.250000
      1.407025       0.641509       0.640926      -0.005580       0.003750       0.280721       0.483539       0.000000       0.250000
      1.412050       0.641469       0.640963      -0.007971       0.007461      -0.475986       0.738461       0.000000       0.250000
      1.417075       0.641420       0.640994      -0.009735       0.006066      -0.351006      -0.277477       0.000000       0.250000
      1.422100       0.641367       0.641033      -0.010585       0.007779      -0.169159       0.340788       0.000000       0.250000
      1.427125       0.641307       0.641072      -0.011864       0.007788      -0.254427       0.001764       0.000000       0.250000
      1.432150       0.641263       0.641059      -0.008876      -0.002483       0.594558      -2.043957       0.000000       0.250000
      1.437175       0.641173       0.641026      -0.017886      -0.006571      -1.793011      -0.813416       0.000000       0.250000
      1.442200       0.641072       0.641027      -0.020047       0.000081      -0.430118       1.323708       0.000000       0.250000
      1.447225       0.640978       0.641017      -0.018793      -0.001989       0.249626      -0.411927       0.000000       0.250000
      1.452250       0.640893       0.640982      -0.016814      -0.006890       0.393874      -0.975291       0.000000       0.250000
      1.457275       0.640780       0.640934      -0.022555      -0.009585      -1.142443      -0.536439       0.000000       0.250000
      1.462300       0.640693       0.640885      -0.017328      -0.009770       1.040208      -0.036835       0.000000       0.250000
      1.467325       0.640607       0.640851      -0.016947      -0.006759       0.075641       0.599240       0.000000       0.250000
      1.472350       0.640501       0.640828      -0.021178      -0.004568      -0.841848       0.436040       0.000000       0.250000
      1.477375       0.640398       0.640816      -0.020487      -0.002474       0.137463       0.416715       0.000000       0.250000
      1.482400       0.640320       0.640822      -0.015567       0.001174       0.979179       0.725897       0.000000       0.250000
      1.487425       0.640244       0.640820      -0.015063      -0.000312       0.100126      -0.295682       0.000000       0.250000
      1.492450       0.640178       0.640824      -0.013118       0.000778       0.387120       0.216949       0.000000       0.250000
      1.497475       0.640125       0.640829      -0.010696       0.001008       0.482009       0.045701       0.000000       0.250000
      1.502500       0.640109       0.640863      -0.003147       0.006725       1.502270       1.137789       0.000000       0.250000
