      0.000000       0.355706       0.355513       0.000000       0.000000       0.000000       0.000000       0.000000       0.375000
      0.005025       0.357047       0.359127       0.267014       0.719315      53.137134     143.147336       0.000000       0.375000
      0.010050       0.358791       0.360198       0.346937       0.213125      15.905120    -100.734479       0.000000       0.375000
      0.015075       0.360183       0.363010       0.277034       0.559605     -13.911032      68.951366       0.000000       0.375000
      0.020101       0.363295       0.366042       0.619341       0.603314      68.120659       8.698305       0.000000       0.375000
      0.025126       0.366538       0.366725       0.645421       0.135915       5.190030     -93.014835       0.000000       0.375000
      0.030151       0.368154       0.367141       0.321621       0.082838     -64.437749     -10.562460       0.000000       0.375000
      0.035176       0.369137       0.368552       0.195517       0.280724     -25.095353      39.380218       0.000000       0.375000
      0.040201       0.369200       0.369097       0.012589       0.108459     -36.403464     -34.281627       0.000000       0.375000
      0.045226       0.370210       0.370715       0.201021       0.322068      37.498889      42.509301       0.000000       0.375000
      0.050251       0.371982       0.373960       0.352532       0.645830      30.151378      64.430243       0.000000       0.375000
      0.055276       0.373720       0.375270       0.345865       0.260646      -1.326765     -76.653508       0.000000       0.375000
      0.060302       0.374424       0.377390       0.140127       0.421788     -40.942906      32.067986       0.000000       0.375000
      0.065327       0.375172       0.378569       0.148926       0.234728       1.751138     -37.225901       0.000000       0.375000
      0.070352       0.376614       0.378323       0.286958      -0.048976      27.469068     -56.458367       0.000000       0.375000
      0.075377       0.380704       0.378483       0.813984       0.031833     104.880771      16.081437       0.000000       0.375000
      0.080402       0.381977       0.380906       0.253281       0.482268    -111.582674      89.638690       0.000000       0.375000
      0.085427       0.383501       0.383602       0.303311       0.536342       9.956166      10.761040       0.000000       0.375000
      0.090452       0.386121       0.386222       0.521390       0.521529      43.398759      -2.947849       0.000000       0.375000
      0.095477       0.386986       0.387019       0.172064       0.158602     -69.517654     -72.224352       0.000000       0.375000
      0.100503       0.388024       0.387560       0.206569       0.107592       6.866685     -10.151170       0.000000       0.375000
      0.105528       0.388072       0.387165       0.009569      -0.078642     -39.203929     -37.061455       0.000000       0.375000
      0.110553       0.388394       0.387394       0.064116       0.045623      10.855209      24.729182       0.000000       0.375000
      0.115578       0.388546       0.388422       0.030157       0.204559      -6.758065      31.629242       0.000000       0.375000
      0.120603       0.390808       0.390441       0.450206       0.401734      83.591739      39.238813       0.000000       0.375000
      0.125628       0.392332       0.392927       0.303299       0.494820     -29.235202      18.524482       0.000000       0.375000
      0.130653       0.394696       0.394535       0.470517       0.319943      33.277364     -34.801364       0.000000       0.375000
      0.135678       0.396658       0.394807       0.390358       0.054185     -15.952147     -52.887245       0.000000       0.375000
      0.140704       0.397692       0.395825       0.205838       0.202515     -36.720337      29.518395       0.000000       0.375000
      0.145729       0.397865       0.398157       0.034375       0.464233     -34.122133      52.083283       0.000000       0.375000
      0.150754       0.399254       0.398603       0.276479       0.088708      48.180046     -74.731427       0.000000       0.375000
      0.155779       0.400920       0.401031       0.331499       0.483234      10.949244      78.512714       0.000000       0.375000
      0.160804       0.402483       0.403433       0.310985       0.477910      -4.082380      -1.059463       0.000000       0.375000
      0.165829       0.403478       0.404579       0.198134       0.227985     -22.458045     -49.736465       0.000000       0.375000
      0.170854       0.406892       0.405842       0.679414       0.251525      95.777202       4.684658       0.000000       0.375000
      0.175879       0.409045       0.406775       0.428348       0.185639     -49.963457     -13.111709       0.000000       0.375000
      0.180905       0.410291       0.409223       0.247945       0.487121     -35.900964      59.996510       0.000000       0.375000
      0.185930       0.411588       0.411838       0.258124       0.520456       2.025708       6.633768       0.000000       0.375000
      0.190955       0.413668       0.412645       0.413950       0.160548      31.009993     -71.623466       0.000000       0.375000
      0.195980       0.415226       0.412906       0.310047       0.051975     -20.677130     -21.606511       0.000000       0.375000
      0.201005       0.416316       0.414491       0.216908       0.315413     -18.535133      52.425493       0.000000       0.375000
      0.206030       0.418041       0.416025       0.343205       0.305143      25.133762      -2.043758       0.000000       0.375000
      0.211055       0.419881       0.417535       0.366310       0.300605       4.598007      -0.903112       0.000000       0.375000
      0.216080       0.421259       0.418521       0.274242       0.196185     -18.322078     -20.780102       0.000000       0.375000
      0.221106       0.422022       0.419124       0.151809       0.120062     -24.364697     -15.148933       0.000000       0.375000
      0.226131       0.422467       0.421499       0.088536       0.472479     -12.591576      70.132722       0.000000       0.375000
      0.231156       0.423183       0.423917       0.142450       0.481376      10.729116       1.770632       0.000000       0.375000
      0.236181       0.424696       0.426162       0.301188       0.446773      31.589650      -6.886137       0.000000       0.375000
      0.241206       0.427112       0.427788       0.480637       0.323516      35.711264     -24.528861       0.000000       0.375000
      0.246231       0.429948       0.428878       0.564476       0.216901      16.684297     -21.216828       0.000000       0.375000
      0.251256       0.434076       0.429927       0.821392       0.208687      51.127549      -1.634696       0.000000       0.375000
      0.256281       0.437326       0.431013       0.646756       0.216242     -34.753482       1.503567       0.000000       0.375000
      0.261307       0.438075       0.432427       0.149059       0.281382     -99.044170      12.963179       0.000000       0.375000
      0.266332       0.437982       0.433425      -0.018401       0.198613     -33.325321     -16.471481       0.000000       0.375000
      0.271357       0.437098       0.434114      -0.175976       0.136995     -31.358134     -12.262360       0.000000       0.375000
      0.276382       0.436158       0.436270      -0.186996       0.429095      -2.193130      58.129322       0.000000       0.375000
      0.281407       0.435851       0.439044      -0.061111       0.552006      25.051802      24.460058       0.000000       0.375000
      0.286432       0.437492       0.440647       0.326546       0.318962      77.145611     -46.377013       0.000000       0.375000
      0.291457       0.440104       0.441745       0.519716       0.218605      38.441900     -19.971496       0.000000       0.375000
      0.296482       0.443353       0.443092       0.646681       0.267994      25.266576       9.828549       0.000000       0.375000
      0.301508       0.446806       0.444339       0.687101       0.248169       8.043744      -3.945238       0.000000       0.375000
      0.306533       0.447834       0.445296       0.204584       0.190462     -96.023239     -11.484009       0.000000       0.375000
      0.311558       0.447384       0.446237      -0.089440       0.187370     -58.512260      -0.615237       0.000000       0.375000
      0.316583       0.447723       0.447490       0.067427       0.249339      31.217286      12.332148       0.000000       0.375000
      0.321608       0.448959       0.448907       0.246029       0.281949      35.542639       6.489498       0.000000       0.375000
      0.326633       0.450524       0.450825       0.311342       0.381767      12.997727      19.864321       0.000000       0.375000
      0.331658       0.452025       0.452650       0.298677       0.363056      -2.520444      -3.723637       0.000000       0.375000
      0.336683       0.452157       0.454890       0.026368       0.445766     -54.190808      16.459783       0.000000       0.375000
      0.341709       0.453963       0.456264       0.359351       0.273578      66.265221     -34.266322       0.000000       0.375000
      0.346734       0.456063       0.457096       0.417927       0.165393      11.656873     -21.529297       0.000000       0.375000
      0.351759       0.458522       0.458131       0.489399       0.206037      14.223383       8.088291       0.000000       0.375000
      0.356784       0.461313       0.459607       0.555374       0.293657      13.129392      17.436908       0.000000       0.375000
      0.361809       0.463432       0.461654       0.421617       0.407506     -26.618387      22.656443       0.000000       0.375000
      0.366834       0.464994       0.463432       0.310840       0.353814     -22.045105     -10.684909       0.000000       0.375000
      0.371859       0.466255       0.465527       0.251068       0.416929     -11.895059      12.560197       0.000000       0.375000
      0.376884       0.466808       0.466880       0.110059       0.269244     -28.061492     -29.390117       0.000000       0.375000
      0.381910       0.467137       0.468622       0.065401       0.346591      -8.887046      15.392496       0.000000       0.375000
      0.386935       0.466646       0.470097      -0.097727       0.293527     -32.463387     -10.559970       0.000000       0.375000
      0.391960       0.466547       0.471740      -0.019736       0.327071      15.520737       6.675278       0.000000       0.375000
      0.396985       0.467595       0.474774       0.208679       0.603665      45.455753      55.043700       0.000000       0.375000
      0.402010       0.469290       0.477895       0.337296       0.621074      25.595232       3.464485       0.000000       0.375000
      0.407035       0.471248       0.481850       0.389559       0.787229      10.400689      33.065626       0.000000       0.375000
      0.412060       0.472819       0.486658       0.312608       0.956673     -15.313720      33.720096       0.000000       0.375000
      0.417085       0.473851       0.492107       0.205496       1.084445     -21.315782      25.427382       0.000000       0.375000
      0.422111       0.474088       0.497586       0.047112       1.090281     -31.519082       1.161359       0.000000       0.375000
      0.427136       0.473570       0.503280      -0.103145       1.133116     -29.902026       8.524395       0.000000       0.375000
      0.432161       0.471890       0.509493      -0.334301       1.236488     -46.001053      20.571433       0.000000       0.375000
      0.437186       0.468965       0.516307      -0.582118       1.355927     -49.316795      23.768959       0.000000       0.375000
      0.442211       0.465280       0.524068      -0.733331       1.544516     -30.092283      37.530310       0.000000       0.375000
      0.447236       0.460106       0.533450      -1.029519       1.867157     -58.942904      64.207099       0.000000       0.375000
      0.452261       0.453912       0.543678      -1.232650       2.035361     -40.423914      33.473388       0.000000       0.375000
      0.457286       0.448232       0.552951      -1.130442       1.845336      20.339853     -37.815799       0.000000       0.375000
      0.462312       0.443157       0.561034      -1.009958       1.608627      23.976916     -47.106398       0.000000       0.375000
      0.467337       0.437223       0.567042      -1.180869       1.195681     -34.012123     -82.178256       0.000000       0.375000
      0.472362       0.431674       0.572153      -1.104353       1.017048      15.226902     -35.548803       0.000000       0.375000
      0.477387       0.426752       0.575072      -0.979470       0.580804      24.852333     -86.814874       0.000000       0.375000
      0.482412       0.422678       0.576628      -0.810692       0.309775      33.587731     -53.936078       0.000000       0.375000
      0.487437       0.419517       0.577316      -0.629163       0.136937      36.125117     -34.395497       0.000000       0.375000
      0.492462       0.418185       0.576786      -0.264969      -0.105594      72.476483     -48.265034       0.000000       0.375000
      0.497487       0.417695       0.573801      -0.097461      -0.593871      33.334899     -97.169417       0.000000       0.375000
      0.502513       0.417878       0.569558       0.036315      -0.844462      26.622209     -49.868917       0.000000       0.375000
      0.507538       0.418811       0.564146       0.185649      -1.077046      29.718115     -46.285448       0.000000       0.375000
      0.512563       0.422524       0.558230       0.738954      -1.177342     110.110436     -19.959306       0.000000       0.375000
      0.517588       0.427902       0.552793       1.070203      -1.081921      65.920155      18.989185       0.000000       0.375000
      0.522613       0.434692       0.547466       1.351226      -1.060023      55.925145       4.357813       0.000000       0.375000
      0.527638       0.443569       0.541944       1.766627      -1.099066      82.666869      -7.769742       0.000000       0.375000
      0.532663       0.452978       0.537067       1.872552      -0.970412      21.079522      25.602842       0.000000       0.375000
      0.537688       0.462445       0.532976       1.883919      -0.814296       2.262095      31.067819       0.000000       0.375000
      0.542714       0.471135       0.529902       1.729243      -0.611585     -30.781233      40.340563       0.000000       0.375000
      0.547739       0.479376       0.527449       1.639993      -0.488207     -17.761270      24.552886       0.000000       0.375000
      0.552764       0.486369       0.525320       1.391698      -0.423696     -49.412025      12.838003       0.000000       0.375000
      0.557789       0.492766       0.523723       1.273142      -0.317862     -23.593119      21.061491       0.000000       0.375000
      0.562814       0.498737       0.523044       1.188105      -0.135111     -16.922811      36.368374       0.000000       0.375000
      0.567839       0.504335       0.522465       1.114180      -0.115148     -14.711365       3.972651       0.000000       0.375000
      0.572864       0.509921       0.522173       1.111543      -0.058118      -0.524772      11.349195       0.000000       0.375000
      0.577889       0.515427       0.522363       1.095696       0.037765      -3.153636      19.081292       0.000000       0.375000
      0.582915       0.520231       0.523102       0.956093       0.147134     -27.781794      21.764963       0.000000       0.375000
      0.587940       0.523420       0.524493       0.634557       0.276822     -63.987168      25.808425       0.000000       0.375000
      0.592965       0.525663       0.525688       0.446513       0.237692     -37.421787      -7.786933       0.000000       0.375000
      0.597990       0.527756       0.526965       0.416336       0.254124      -6.005369       3.269920       0.000000       0.375000
      0.603015       0.529440       0.528396       0.335167       0.284892     -16.153048       6.123060       0.000000       0.375000
      0.608040       0.531050       0.530074       0.320494       0.333924      -2.920072       9.757730       0.000000       0.375000
      0.613065       0.532526       0.531591       0.293774       0.301835      -5.317227      -6.385957       0.000000       0.375000
      0.618090       0.533701       0.533041       0.233827       0.288534     -11.929826      -2.647002       0.000000       0.375000
      0.623116       0.534848       0.534353       0.228216       0.261181      -1.116578      -5.443423       0.000000       0.375000
      0.628141       0.536383       0.535680       0.305365       0.263984      15.352934       0.557843       0.000000       0.375000
      0.633166       0.537917       0.537486       0.305317       0.359410      -0.009470      18.990218       0.000000       0.375000
      0.638191       0.539148       0.539460       0.245028       0.392818     -11.997833       6.648331       0.000000       0.375000
      0.643216       0.540019       0.541190       0.173293       0.344411     -14.275565      -9.633075       0.000000       0.375000
      0.648241       0.540773       0.542738       0.150079       0.307987      -4.619820      -7.248577       0.000000       0.375000
      0.653266       0.541877       0.544087       0.219680       0.268424      13.850974      -7.873353       0.000000       0.375000
      0.658291       0.543104       0.545199       0.244080       0.221301       4.855804      -9.377614       0.000000       0.375000
      0.663317       0.544640       0.546006       0.305744       0.160642      12.271399     -12.071561       0.000000       0.375000
      0.668342       0.546536       0.547060       0.377361       0.209780      14.252047       9.778777       0.000000       0.375000
      0.673367       0.548680       0.548008       0.426549       0.188679       9.788739      -4.199275       0.000000       0.375000
      0.678392       0.550609       0.549402       0.384060       0.277318      -8.455581      17.639729       0.000000       0.375000
      0.683417       0.552408       0.551221       0.357877       0.362029      -5.210545      16.857950       0.000000       0.375000
      0.688442       0.554156       0.553201       0.347905       0.393985      -1.984419       6.359316       0.000000       0.375000
      0.693467       0.555895       0.555202       0.346072       0.398175      -0.364757       0.833786       0.000000       0.375000
      0.698492       0.557656       0.556789       0.350369       0.315973       0.855004     -16.358480       0.000000       0.375000
      0.703518       0.559009       0.558032       0.269427       0.247259     -16.107746     -13.674535       0.000000       0.375000
      0.708543       0.560430       0.558741       0.282687       0.141068       2.638701     -21.132409       0.000000       0.375000
      0.713568       0.561742       0.559602       0.261184       0.171332      -4.279035       6.022631       0.000000       0.375000
      0.718593       0.563105       0.560610       0.271118       0.200660       1.976781       5.836332       0.000000       0.375000
      0.723618       0.564563       0.561626       0.290233       0.202245       3.804090       0.315454       0.000000       0.375000
      0.728643       0.566189       0.562816       0.323613       0.236677       6.642790       6.852062       0.000000       0.375000
      0.733668       0.568031       0.564224       0.366549       0.280228       8.544315       8.666979       0.000000       0.375000
      0.738693       0.569835       0.565663       0.359037       0.286510      -1.494744       1.250173       0.000000       0.375000
      0.743719       0.571694       0.567277       0.369954       0.321151       2.172351       6.893723       0.000000       0.375000
      0.748744       0.573349       0.568945       0.329256       0.331919      -8.099071       2.142827       0.000000       0.375000
      0.753769       0.574805       0.570661       0.289696       0.341518      -7.872557       1.910204       0.000000       0.375000
      0.758794       0.575781       0.572306       0.194341       0.327329     -18.976171      -2.823566       0.000000       0.375000
      0.763819       0.576703       0.573769       0.183455       0.291127      -2.166308      -7.204495       0.000000       0.375000
      0.768844       0.577258       0.575279       0.110360       0.300505     -14.546366       1.866249       0.000000       0.375000
      0.773869       0.577823       0.576778       0.112465       0.298227       0.418970      -0.453253       0.000000       0.375000
      0.778894       0.578804       0.578379       0.195186       0.318736      16.461976       4.081421       0.000000       0.375000
      0.783920       0.579772       0.580033       0.192802       0.329032      -0.474456       2.048866       0.000000       0.375000
      0.788945       0.580922       0.581704       0.228808       0.332563       7.165241       0.702733       0.000000       0.375000
      0.793970       0.582275       0.583358       0.269272       0.329283       8.052599      -0.652638       0.000000       0.375000
      0.798995       0.583688       0.584907       0.281163       0.308236       2.366426      -4.188435       0.000000       0.375000
      0.804020       0.584987       0.586247       0.258378       0.266559      -4.534404      -8.294110       0.000000       0.375000
      0.809045       0.586125       0.587405       0.226612       0.230407      -6.321530      -7.194269       0.000000       0.375000
      0.814070       0.587471       0.588544       0.267894       0.226646       8.215397      -0.748569       0.000000       0.375000
      0.819095       0.588958       0.589627       0.295893       0.215709       5.571788      -2.176443       0.000000       0.375000
      0.824121       0.590707       0.590667       0.348063       0.206830      10.382231      -1.766958       0.000000       0.375000
      0.829146       0.592475       0.591841       0.351877       0.233740       0.758825       5.355132       0.000000       0.375000
      0.834171       0.594123       0.593095       0.327896       0.249394      -4.772216       3.115337       0.000000       0.375000
      0.839196       0.595751       0.594412       0.324016       0.262209      -0.772110       2.550192       0.000000       0.375000
      0.844221       0.597367       0.595936       0.321458       0.303349      -0.509083       8.187090       0.000000       0.375000
      0.849246       0.598727       0.597387       0.270643       0.288718     -10.112544      -2.911760       0.000000       0.375000
      0.854271       0.600120       0.598933       0.277191       0.307679       1.303074       3.773428       0.000000       0.375000
      0.859296       0.601563       0.600599       0.287185       0.331386       1.988993       4.717832       0.000000       0.375000
      0.864322       0.603011       0.602091       0.288176       0.296928       0.197094      -6.857403       0.000000       0.375000
      0.869347       0.604376       0.603549       0.271617       0.290292      -3.295259      -1.320567       0.000000       0.375000
      0.874372       0.605726       0.604992       0.268803       0.287158      -0.559952      -0.623632       0.000000       0.375000
      0.879397       0.607050       0.606371       0.263331       0.274432      -1.089078      -2.532516       0.000000       0.375000
      0.884422       0.608417       0.607792       0.272153       0.282629       1.755695       1.631149       0.000000       0.375000
      0.889447       0.609695       0.609282       0.254223       0.296512      -3.568182       2.762934       0.000000       0.375000
      0.894472       0.610937       0.610721       0.247148       0.286423      -1.407957      -2.007919       0.000000       0.375000
      0.899497       0.612364       0.612090       0.284104       0.272437       7.354545      -2.783283       0.000000       0.375000
      0.904523       0.613779       0.613391       0.281489       0.258942      -0.520586      -2.685519       0.000000       0.375000
      0.909548       0.615070       0.614777       0.256922       0.275861      -4.888889       3.366957       0.000000       0.375000
      0.914573       0.616434       0.616313       0.271416       0.305557       2.884378       5.909653       0.000000       0.375000
      0.919598       0.618060       0.617980       0.323773       0.331894      10.419328       5.241266       0.000000       0.375000
      0.924623       0.619727       0.619710       0.331698       0.344280       1.577114       2.464801       0.000000       0.375000
      0.929648       0.621362       0.621444       0.325243       0.344983      -1.284494       0.139883       0.000000       0.375000
      0.934673       0.623108       0.622984       0.347454       0.306525       4.420114      -7.653370       0.000000       0.375000
      0.939698       0.624768       0.624463       0.330353       0.294350      -3.403249      -2.422864       0.000000       0.375000
      0.944724       0.626319       0.625923       0.308669       0.290411      -4.315309      -0.783844       0.000000       0.375000
      0.949749       0.627775       0.627228       0.289786       0.259813      -3.757840      -6.089058       0.000000       0.375000
      0.954774       0.629174       0.628473       0.278363       0.247785      -2.273065      -2.393705       0.000000       0.375000
      0.959799       0.630505       0.629646       0.264923       0.233405      -2.674648      -2.861669       0.000000       0.375000
      0.964824       0.631909       0.630880       0.279534       0.245514       2.907567       2.409728       0.000000       0.375000
      0.969849       0.633143       0.632140       0.245534       0.250706      -6.766149       1.033235       0.000000       0.375000
      0.974874       0.634073       0.633432       0.185065       0.257241     -12.033657       1.300490       0.000000       0.375000
      0.979899       0.635013       0.634567       0.187109       0.225847       0.406738      -6.247611       0.000000       0.375000
      0.984925       0.635876       0.635614       0.171613       0.208354      -3.083750      -3.481227       0.000000       0.375000
      0.989950       0.636676       0.636551       0.159224       0.186383      -2.465438      -4.372236       0.000000       0.375000
      0.994975       0.637416       0.637429       0.147273       0.174729      -2.378208      -2.319289       0.000000       0.375000
      1.000000       0.638131       0.638158       0.142360       0.145053      -0.977900      -5.905613       0.000000       0.375000
      1.005025       0.638797       0.638664       0.132417       0.100691      -1.978689      -8.828351       0.000000       0.375000
      1.010050       0.639463       0.639017       0.132671       0.070376       0.050586      -6.032771       0.000000       0.375000
      1.015075       0.640073       0.639378       0.121314       0.071712      -2.260140       0.265859       0.000000       0.375000
      1.020100       0.640565       0.639694       0.097920       0.062921      -4.655399      -1.749500       0.000000       0.375000
      1.025125       0.640996       0.639882       0.085757       0.037529      -2.420486      -5.052960       0.000000       0.375000
      1.030150       0.641274       0.640041       0.055393       0.031505      -6.042594      -1.198986       0.000000       0.375000
      1.035175       0.641453       0.640209       0.035466       0.033527      -3.965584       0.402395       0.000000       0.375000
      1.040200       0.641589       0.640373       0.027243       0.032584      -1.636376      -0.187575       0.000000       0.375000
      1.045225       0.641775       0.640424       0.036845       0.010269       1.910763      -4.440730       0.000000       0.375000
      1.050250       0.641866       0.640419       0.018277      -0.001135      -3.695149      -2.269479       0.000000       0.375000
      1.055275       0.641919       0.640448       0.010520       0.005755      -1.543608       1.371020       0.000000       0.375000
      1.060300       0.641850       0.640487      -0.013877       0.007877      -4.855226       0.422378       0.000000       0.375000
      1.065325       0.641746       0.640440      -0.020649      -0.009451      -1.347639      -3.448295       0.000000       0.375000
      1.070350       0.641608       0.640276      -0.027447      -0.032530      -1.352860      -4.592926       0.000000       0.375000
      1.075375       0.641518       0.640129      -0.017929      -0.029264       1.894189       0.649950       0.000000       0.375000
      1.080400       0.641459       0.639951      -0.011671      -0.035542       1.245273      -1.249344       0.000000       0.375000
      1.085425       0.641368       0.639864      -0.018235      -0.017242      -1.306085       3.641897       0.000000       0.375000
      1.090450       0.641197       0.639895      -0.034013       0.006167      -3.140034       4.658415       0.000000       0.375000
      1.095475       0.640980       0.639899      -0.043035       0.000731      -1.795411      -1.081856       0.000000       0.375000
      1.100500       0.640779       0.639890      -0.040008      -0.001650       0.602507      -0.473672       0.000000       0.375000
      1.105525       0.640583       0.639962      -0.038985       0.014273       0.203448       3.168619       0.000000       0.375000
      1.110550       0.640472       0.640031      -0.022216       0.013683       3.337145      -0.117387       0.000000       0.375000
      1.115575       0.640466       0.640169      -0.001214       0.027417       4.179522       2.733244       0.000000       0.375000
      1.120600       0.640535       0.640287       0.013702       0.023618       2.968381      -0.756046       0.000000       0.375000
      1.125625       0.640687       0.640359       0.030346       0.014338       3.312190      -1.846913       0.000000       0.375000
      1.130650       0.640854       0.640381       0.033264       0.004228       0.580734      -2.011835       0.000000       0.375000
      1.135675       0.641003       0.640436       0.029522       0.010942      -0.744747       1.336020       0.000000       0.375000
      1.140700       0.641127       0.640510       0.024828       0.014829      -0.934024       0.773530       0.000000       0.375000
      1.145725       0.641213       0.640551       0.016996       0.008159      -1.558668      -1.327194       0.000000       0.375000
      1.150750       0.641227       0.640600       0.002845       0.009755      -2.816034       0.317492       0.000000       0.375000
      1.155775       0.641224       0.640649      -0.000501       0.009683      -0.665992      -0.014202       0.000000       0.375000
      1.160800       0.641218       0.640740      -0.001293       0.018131      -0.157487       1.681155       0.000000       0.375000
      1.165825       0.641215       0.640866      -0.000494       0.025102       0.159008       1.387284       0.000000       0.375000
      1.170850       0.641150       0.640977      -0.012968       0.022031      -2.482512      -0.611267       0.000000       0.375000
      1.175875       0.641122       0.641077      -0.005536       0.019890       1.479125      -0.426090       0.000000       0.375000
      1.180900       0.641084       0.641119      -0.007580       0.008477      -0.406775      -2.271154       0.000000       0.375000
      1.185925       0.641088       0.641127       0.000778       0.001583       1.663263      -1.372038       0.000000       0.375000
      1.190950       0.641122       0.641112       0.006730      -0.002982       1.184385      -0.908300       0.000000       0.375000
      1.195975       0.641173       0.641100       0.010130      -0.002412       0.676584       0.113387       0.000000       0.375000
      1.201000       0.641217       0.641079       0.008657      -0.004130      -0.292969      -0.341929       0.000000       0.375000
      1.206025       0.641250       0.641020       0.006595      -0.011806      -0.410480      -1.527490       0.000000       0.375000
      1.211050       0.641270       0.640977       0.004035      -0.008659      -0.509480       0.626257       0.000000       0.375000
      1.216075       0.641306       0.640970       0.007164      -0.001288       0.622712       1.466825       0.000000       0.375000
      1.221100       0.641413       0.640957       0.021250      -0.002574       2.803145      -0.256004       0.000000       0.375000
      1.226125       0.641533       0.640929       0.023885      -0.005512       0.524384      -0.584545       0.000000       0.375000
      1.231150       0.641619       0.640924       0.017165      -0.001094      -1.337163       0.879067       0.000000       0.375000
      1.236175       0.641698       0.640951       0.015680       0.005426      -0.295500       1.297523       0.000000       0.375000
      1.241200       0.641739       0.640981       0.008214       0.005920      -1.485769       0.098346       0.000000       0.375000
      1.246225       0.641779       0.641049       0.007936       0.013536      -0.055355       1.515644       0.000000       0.375000
      1.251250       0.641775       0.641097      -0.000760       0.009585      -1.730572      -0.786302       0.000000       0.375000
      1.256275       0.641789       0.641177       0.002750       0.015837       0.698463       1.244309       0.000000       0.375000
      1.261300       0.641766       0.641273      -0.004621       0.019168      -1.466878       0.662822       0.000000       0.375000
      1.266325       0.641696       0.641315      -0.013915       0.008392      -1.849480      -2.144499       0.000000       0.375000
      1.271350       0.641583       0.641326      -0.022544       0.002081      -1.717361      -1.255891       0.000000       0.375000
      1.276375       0.641527       0.641324      -0.011077      -0.000431       2.282068      -0.499968       0.000000       0.375000
      1.281400       0.641548       0.641356       0.004213       0.006493       3.042805       1.377849       0.000000       0.375000
      1.286425       0.641612       0.641338       0.012799      -0.003626       1.708603      -2.013678       0.000000       0.375000
      1.291450       0.641678       0.641295       0.013128      -0.008549       0.065460      -0.979689       0.000000       0.375000
      1.296475       0.641732       0.641258       0.010753      -0.007271      -0.472642       0.254308       0.000000       0.375000
      1.301500       0.641768       0.641229       0.007071      -0.005887      -0.732636       0.275536       0.000000       0.375000
      1.306525       0.641808       0.641214       0.007920      -0.002909       0.168853       0.592531       0.000000       0.375000
      1.311550       0.641823       0.641191       0.003023      -0.004692      -0.974360      -0.354877       0.000000       0.375000
      1.316575       0.641890       0.641163       0.013382      -0.005597       2.061331      -0.179919       0.000000       0.375000
      1.321600       0.641926       0.641123       0.007177      -0.007862      -1.234690      -0.450765       0.000000       0.375000
      1.326625       0.641937       0.641061       0.002091      -0.012253      -1.012175      -0.873844       0.000000       0.375000
      1.331650       0.641921       0.640961      -0.003130      -0.020010      -1.038958      -1.543685       0.000000       0.375000
      1.336675       0.641895       0.640848      -0.005158      -0.022390      -0.403695      -0.473653       0.000000       0.375000
      1.341700       0.641855       0.640753      -0.007884      -0.019000      -0.542435       0.674674       0.000000       0.375000
      1.346725       0.641843       0.640741      -0.002486      -0.002437       1.074182       3.296017       0.000000       0.375000
      1.351750       0.641806       0.640765      -0.007292       0.004888      -0.956340       1.457788       0.000000       0.375000
      1.356775       0.641757       0.640830      -0.009836       0.012978      -0.506389       1.609901       0.000000       0.375000
      1.361800       0.641704       0.640903      -0.010600       0.014437      -0.152040       0.290299       0.000000       0.375000
      1.366825       0.641662       0.640969      -0.008321       0.013187       0.453593      -0.248784       0.000000       0.375000
      1.371850       0.641609       0.640981      -0.010441       0.002299      -0.421924      -2.166720       0.000000       0.375000
      1.376875       0.641588       0.641013      -0.004254       0.006328       1.231245       0.801719       0.000000       0.375000
      1.381900       0.641574       0.641017      -0.002858       0.000917       0.277910      -1.076631       0.000000       0.375000
      1.386925       0.641523       0.641018      -0.009974       0.000190      -1.416124      -0.144821       0.000000       0.375000
      1.391950       0.641442       0.641038      -0.016165       0.003887      -1.232179       0.735825       0.000000       0.375000
      1.396975       0.641364       0.641079      -0.015564       0.008170       0.119624       0.852362       0.000000       0.375000
      1.402000       0.641305       0.641130      -0.011731       0.010258       0.762917       0.415538       0.000000       0.375000
      1.407025       0.641269       0.641169      -0.007228       0.007748       0.895983      -0.499671       0.000000       0.375000
      1.412050       0.641221       0.641198      -0.009479       0.005715      -0.447801      -0.404438       0.000000       0.375000
      1.417075       0.641152       0.641210      -0.013682       0.002459      -0.836435      -0.647929       0.000000       0.375000
      1.422100       0.641099       0.641231      -0.010638       0.004069       0.605662       0.320347       0.000000       0.375000
      1.427125       0.641055       0.641221      -0.008737      -0.001971       0.378331      -1.202123       0.000000       0.375000
      1.432150       0.641042       0.641221      -0.002630       0.000045       1.215285       0.401377       0.000000       0.375000
      1.437175       0.641024       0.641241      -0.003545       0.003905      -0.182138       0.768001       0.000000       0.375000
      1.442200       0.640961       0.641276      -0.012572       0.007054      -1.796277       0.626815       0.000000       0.375000
      1.447225       0.640867       0.641302      -0.018676       0.005105      -1.214772      -0.387989       0.000000       0.375000
      1.452250       0.640793       0.641338      -0.014662       0.007161       0.798873       0.409249       0.000000       0.375000
      1.457275       0.640736       0.641371      -0.011422       0.006700       0.644722      -0.091817       0.000000       0.375000
      1.462300       0.640696       0.641373      -0.007875       0.000372       0.705768      -1.259241       0.000000       0.375000
      1.467325       0.640656       0.641365      -0.008052      -0.001595      -0.035153      -0.391392       0.000000       0.375000
      1.472350       0.640609       0.641356      -0.009417      -0.001829      -0.271612      -0.046733       0.000000       0.375000
      1.477375       0.640548       0.641347      -0.012013      -0.001887      -0.516717      -0.011474       0.000000       0.375000
      1.482400       0.640480       0.641349      -0.013465       0.000393      -0.288809       0.453790       0.000000       0.375000
      1.487425       0.640445       0.641341      -0.007096      -0.001593       1.267335      -0.395361       0.000000       0.375000
      1.492450       0.640431       0.641314      -0.002842      -0.005282       0.846720      -0.734103       0.000000       0.375000
      1.497475       0.640417       0.641297      -0.002654      -0.003314       0.037250       0.391769       0.000000       0.375000
      1.502500       0.640490       0.641281       0.014442      -0.003271       3.402221       0.008490       0.000000       0.375000
