      0.000000       0.386389       0.331620       0.000000       0.000000       0.000000       0.000000       0.125000       0.125000
      0.005025       0.387791       0.333874       0.278943       0.448625      55.511133      89.278667       0.125000       0.125000
      0.010050       0.389434       0.337542       0.326902       0.729867       9.544061      55.968433       0.125000       0.125000
      0.015075       0.394888       0.338911       1.085488       0.272547     150.962341     -91.008972       0.125000       0.125000
      0.020101       0.395400       0.340242       0.101906       0.264781    -195.737743      -1.545389       0.125000       0.125000
      0.025126       0.393482       0.342108      -0.381716       0.371385     -96.243272      21.214638       0.125000       0.125000
      0.030151       0.395169       0.345223       0.335665       0.619890     142.762511      49.453812       0.125000       0.125000
      0.035176       0.395939       0.345623       0.153234       0.079643     -36.304679    -107.511776       0.125000       0.125000
      0.040201       0.397340       0.346514       0.278799       0.177205      24.987998      19.415333       0.125000       0.125000
      0.045226       0.399006       0.348757       0.331590       0.446502      10.505740      53.591398       0.125000       0.125000
      0.050251       0.400468       0.349877       0.290842       0.222858      -8.109109     -44.506294       0.125000       0.125000
      0.055276       0.400726       0.351550       0.051318       0.332903     -47.666485      21.899420       0.125000       0.125000
      0.060302       0.401195       0.352463       0.093505       0.181720       8.395560     -30.086031       0.125000       0.125000
      0.065327       0.403594       0.354580       0.477247       0.421346      76.366494      47.686715       0.125000       0.125000
      0.070352       0.404308       0.356724       0.142144       0.426579     -66.687227       1.041386       0.125000       0.125000
      0.075377       0.405129       0.358459       0.163387       0.345261       4.227550     -16.182750       0.125000       0.125000
      0.080402       0.406563       0.361260       0.285310       0.557374      24.263255      42.211622       0.125000       0.125000
      0.085427       0.408060       0.362261       0.298067       0.199291       2.538623     -71.260315       0.125000       0.125000
      0.090452       0.409438       0.362804       0.274151       0.107997      -4.759245     -18.167890       0.125000       0.125000
      0.095477       0.410292       0.365384       0.170058       0.513386     -20.715118      80.674362       0.125000       0.125000
      0.100503       0.411629       0.368208       0.265991       0.562153      19.091117       9.704971       0.125000       0.125000
      0.105528       0.412476       0.369399       0.168611       0.236873     -19.379022     -64.732489       0.125000       0.125000
      0.110553       0.412538       0.369958       0.012266       0.111387     -31.113424     -24.972237       0.125000       0.125000
      0.115578       0.413404       0.371186       0.172300       0.244301      31.847508      26.450481       0.125000       0.125000
      0.120603       0.416209       0.371259       0.558196       0.014586      76.795269     -45.714389       0.125000       0.125000
      0.125628       0.418223       0.372119       0.400776       0.171139     -31.327387      31.154724       0.125000       0.125000
      0.130653       0.419854       0.375931       0.324710       0.758470     -15.137635     116.881884       0.125000       0.125000
      0.135678       0.421568       0.378523       0.341058       0.515975       3.253327     -48.257755       0.125000       0.125000
      0.140704       0.421721       0.379547       0.030431       0.203627     -61.816154     -62.158850       0.125000       0.125000
      0.145729       0.423195       0.380348       0.293309       0.159480      52.314027      -8.785313       0.125000       0.125000
      0.150754       0.423290       0.383483       0.018852       0.623966     -54.618453      92.435003       0.125000       0.125000
      0.155779       0.423551       0.385333       0.052011       0.368058       6.598938     -50.926953       0.125000       0.125000
      0.160804       0.424319       0.387693       0.152815       0.469685      20.060515      20.224130       0.125000       0.125000
      0.165829       0.424425       0.387685       0.021180      -0.001697     -26.196181     -93.807358       0.125000       0.125000
      0.170854       0.425001       0.388168       0.114502       0.096294      18.571608      19.500693       0.125000       0.125000
      0.175879       0.425826       0.390182       0.164265       0.400730       9.903137      60.584365       0.125000       0.125000
      0.180905       0.427358       0.392376       0.304855       0.436504      27.977996       7.119104       0.125000       0.125000
      0.185930       0.429213       0.394186       0.369059       0.360276      12.776972     -15.169637       0.125000       0.125000
      0.190955       0.430520       0.395560       0.260272       0.273366     -21.649172     -17.295634       0.125000       0.125000
      0.195980       0.432117       0.397439       0.317662       0.374067      11.420907      20.040060       0.125000       0.125000
      0.201005       0.434311       0.399275       0.436706       0.365228      23.690428      -1.758993       0.125000       0.125000
      0.206030       0.436693       0.400743       0.473958       0.292144       7.413347     -14.544008       0.125000       0.125000
      0.211055       0.437106       0.403145       0.082234       0.478163     -77.955182      37.018642       0.125000       0.125000
      0.216080       0.437558       0.405650       0.090022       0.498436       1.549897       4.034396       0.125000       0.125000
      0.221106       0.438653       0.409091       0.217863       0.684741      25.441052      37.075709       0.125000       0.125000
      0.226131       0.440476       0.410034       0.362863       0.187706      28.855766     -98.912423       0.125000       0.125000
      0.231156       0.441163       0.409485       0.136700      -0.109242     -45.007607     -59.094221       0.125000       0.125000
      0.236181       0.441779       0.409335       0.122585      -0.029952      -2.808943      15.779188       0.125000       0.125000
      0.241206       0.442503       0.411687       0.143936       0.468097       4.248990      99.114181       0.125000       0.125000
      0.246231       0.442278       0.415165      -0.044736       0.692105     -37.546638      44.578783       0.125000       0.125000
      0.251256       0.443085       0.419197       0.160678       0.802480      40.878307      21.965053       0.125000       0.125000
      0.256281       0.445264       0.422438       0.433655       0.644921      54.323769     -31.355070       0.125000       0.125000
      0.261307       0.447150       0.423772       0.375261       0.265500     -11.620688     -75.506561       0.125000       0.125000
      0.266332       0.449217       0.423231       0.411409      -0.107548       7.193631     -74.238333       0.125000       0.125000
      0.271357       0.450393       0.423546       0.233870       0.062574     -35.331043      33.855027       0.125000       0.125000
      0.276382       0.450370       0.424506      -0.004580       0.191139     -47.452798      25.584992       0.125000       0.125000
      0.281407       0.450386       0.425803       0.003202       0.258131       1.548576      13.331817       0.125000       0.125000
      0.286432       0.452991       0.427967       0.518570       0.430532     102.560888      34.308696       0.125000       0.125000
      0.291457       0.454787       0.429887       0.357364       0.382152     -32.080760      -9.627861       0.125000       0.125000
      0.296482       0.455240       0.432040       0.090040       0.428424     -53.198944       9.208236       0.125000       0.125000
      0.301508       0.455890       0.435085       0.129426       0.605865       7.838004      35.311657       0.125000       0.125000
      0.306533       0.456936       0.437883       0.208189       0.557000      15.674344      -9.724363       0.125000       0.125000
      0.311558       0.458346       0.438587       0.280566       0.140050      14.403415     -82.975058       0.125000       0.125000
      0.316583       0.459139       0.439877       0.157893       0.256733     -24.412687      23.220488       0.125000       0.125000
      0.321608       0.459361       0.441829       0.044181       0.388387     -22.629253      26.199874       0.125000       0.125000
      0.326633       0.459858       0.443410       0.098850       0.314681      10.879550     -14.667889       0.125000       0.125000
      0.331658       0.462034       0.445059       0.432913       0.328139      66.480113       2.678182       0.125000       0.125000
      0.336683       0.463705       0.447138       0.332542       0.413779     -19.974343      17.042848       0.125000       0.125000
      0.341709       0.465345       0.448837       0.326377       0.338000      -1.226876     -15.080457       0.125000       0.125000
      0.346734       0.467010       0.450369       0.331320       0.304905       0.983654      -6.586118       0.125000       0.125000
      0.351759       0.467719       0.452323       0.141220       0.388953     -37.830858      16.726018       0.125000       0.125000
      0.356784       0.468302       0.454084       0.115908       0.350354      -5.037205      -7.681425       0.125000       0.125000
      0.361809       0.468797       0.455220       0.098537       0.226056      -3.456850     -24.735866       0.125000       0.125000
      0.366834       0.469713       0.456147       0.182284       0.184576      16.666137      -8.254682       0.125000       0.125000
      0.371859       0.470144       0.457331       0.085865       0.235491     -19.187875      10.132344       0.125000       0.125000
      0.376884       0.471196       0.458777       0.209277       0.287893      24.559481      10.428108       0.125000       0.125000
      0.381910       0.472454       0.460490       0.250469       0.340829       8.197445      10.534507       0.125000       0.125000
      0.386935       0.473385       0.462115       0.185137       0.323460     -13.001426      -3.456345       0.125000       0.125000
      0.391960       0.474841       0.463222       0.289725       0.220157      20.813521     -20.557914       0.125000       0.125000
      0.396985       0.477028       0.464111       0.435275       0.176973      28.965269      -8.593778       0.125000       0.125000
      0.402010       0.479476       0.465532       0.487150       0.282790      10.323460      21.058137       0.125000       0.125000
      0.407035       0.480679       0.466618       0.239459       0.216207     -49.291841     -13.250401       0.125000       0.125000
      0.412060       0.480446       0.467802      -0.046326       0.235480     -56.872561       3.835373       0.125000       0.125000
      0.417085       0.480057       0.469999      -0.077549       0.437356      -6.213640      40.174334       0.125000       0.125000
      0.422111       0.479885       0.473361      -0.034061       0.668960       8.654387      46.090457       0.125000       0.125000
      0.427136       0.480391       0.478015       0.100595       0.926140      26.797280      51.180094       0.125000       0.125000
      0.432161       0.481596       0.483932       0.239807       1.177566      27.703844      50.035014       0.125000       0.125000
      0.437186       0.482173       0.491569       0.114801       1.519687     -24.876795      68.083733       0.125000       0.125000
      0.442211       0.479944       0.501743      -0.443476       2.024680    -111.099915     100.496182       0.125000       0.125000
      0.447236       0.475773       0.512867      -0.830116       2.213799     -76.943379      37.635538       0.125000       0.125000
      0.452261       0.469984       0.524450      -1.152072       2.305162     -64.070799      18.181754       0.125000       0.125000
      0.457286       0.463329       0.535429      -1.324348       2.184796     -34.283863     -23.953442       0.125000       0.125000
      0.462312       0.455306       0.544929      -1.596712       1.890522     -54.201604     -58.561978       0.125000       0.125000
      0.467337       0.445753       0.551602      -1.901093       1.328054     -60.573419    -111.934000       0.125000       0.125000
      0.472362       0.436817       0.556646      -1.778246       1.003796      24.447163     -64.529018       0.125000       0.125000
      0.477387       0.428135       0.558391      -1.727825       0.347258      10.034075    -130.654285       0.125000       0.125000
      0.482412       0.420176       0.557528      -1.583816      -0.171806      28.658465    -103.296247       0.125000       0.125000
      0.487437       0.414348       0.554358      -1.159766      -0.630763      84.388096     -91.334812       0.125000       0.125000
      0.492462       0.410476       0.551081      -0.770545      -0.652136      77.456946      -4.253212       0.125000       0.125000
      0.497487       0.408843       0.546588      -0.324924      -0.894258      88.680778     -48.183595       0.125000       0.125000
      0.502513       0.410606       0.540837       0.350831      -1.144532     134.478512     -49.805802       0.125000       0.125000
      0.507538       0.415668       0.534133       1.007294      -1.334037     130.639425     -37.712379       0.125000       0.125000
      0.512563       0.423953       0.527994       1.648696      -1.221632     127.642234      22.369186       0.125000       0.125000
      0.517588       0.434404       0.522923       2.079886      -1.009139      85.808828      42.287080       0.125000       0.125000
      0.522613       0.445305       0.518674       2.169373      -0.845622      17.808357      32.540663       0.125000       0.125000
      0.527638       0.456333       0.515536       2.194660      -0.624602       5.032253      43.984190       0.125000       0.125000
      0.532663       0.467133       0.513695       2.149127      -0.366326      -9.061224      51.398109       0.125000       0.125000
      0.537688       0.476639       0.512971       1.891830      -0.144108     -51.203302      44.222485       0.125000       0.125000
      0.542714       0.485791       0.512848       1.821186      -0.024321     -14.058618      23.838330       0.125000       0.125000
      0.547739       0.494476       0.513519       1.728415       0.133423     -18.461887      31.391734       0.125000       0.125000
      0.552764       0.501355       0.514759       1.368982       0.246847     -71.528988      22.572042       0.125000       0.125000
      0.557789       0.507063       0.516162       1.135906       0.279227     -46.383235       6.443713       0.125000       0.125000
      0.562814       0.511405       0.518000       0.864104       0.365671     -54.089979      17.202799       0.125000       0.125000
      0.567839       0.514825       0.520700       0.680682       0.537278     -36.501856      34.150575       0.125000       0.125000
      0.572864       0.517257       0.523275       0.483820       0.512571     -39.176579      -4.916648       0.125000       0.125000
      0.577889       0.519058       0.525723       0.358401       0.487169     -24.958875      -5.055284       0.125000       0.125000
      0.582915       0.520232       0.528331       0.233763       0.518854     -24.803716       6.305616       0.125000       0.125000
      0.587940       0.521383       0.530863       0.229092       0.503981      -0.929474      -2.959831       0.125000       0.125000
      0.592965       0.521889       0.532261       0.100696       0.278104     -25.551374     -44.950655       0.125000       0.125000
      0.597990       0.522344       0.533434       0.090534       0.233499      -2.022322      -8.876698       0.125000       0.125000
      0.603015       0.522989       0.534656       0.128376       0.243277       7.530783       1.945988       0.125000       0.125000
      0.608040       0.523522       0.536058       0.106037       0.279004      -4.445609       7.109786       0.125000       0.125000
      0.613065       0.524190       0.537499       0.132965       0.286753       5.358768       1.542104       0.125000       0.125000
      0.618090       0.524925       0.538703       0.146134       0.239465       2.620762      -9.410647       0.125000       0.125000
      0.623116       0.525765       0.539813       0.167180       0.220989       4.188192      -3.676747       0.125000       0.125000
      0.628141       0.527158       0.541530       0.277275       0.341734      21.909462      24.028806       0.125000       0.125000
      0.633166       0.528587       0.543108       0.284436       0.313990       1.425154      -5.521113       0.125000       0.125000
      0.638191       0.529769       0.544496       0.235113       0.276179      -9.815531      -7.524635       0.125000       0.125000
      0.643216       0.530972       0.546011       0.239517       0.301491       0.876387       5.037175       0.125000       0.125000
      0.648241       0.532174       0.547665       0.239102       0.329145      -0.082612       5.503280       0.125000       0.125000
      0.653266       0.533336       0.549548       0.231197       0.374684      -1.573133       9.062579       0.125000       0.125000
      0.658291       0.534427       0.551719       0.217116       0.432138      -2.802211      11.433653       0.125000       0.125000
      0.663317       0.535548       0.553980       0.223214       0.449953       1.213503       3.545175       0.125000       0.125000
      0.668342       0.536869       0.555987       0.262892       0.399451       7.896253     -10.049974       0.125000       0.125000
      0.673367       0.538108       0.557872       0.246462       0.375108      -3.269803      -4.844506       0.125000       0.125000
      0.678392       0.539329       0.559818       0.243025       0.387270      -0.684022       2.420246       0.125000       0.125000
      0.683417       0.540380       0.561596       0.209053       0.353783      -6.760446      -6.663947       0.125000       0.125000
      0.688442       0.541384       0.562979       0.199861       0.275263      -1.829368     -15.625851       0.125000       0.125000
      0.693467       0.542285       0.564113       0.179337       0.225609      -4.084302      -9.881439       0.125000       0.125000
      0.698492       0.543243       0.565240       0.190551       0.224271       2.231672      -0.266372       0.125000       0.125000
      0.703518       0.544342       0.566404       0.218789       0.231749       5.619480       1.488257       0.125000       0.125000
      0.708543       0.545647       0.567771       0.259698       0.272026       8.141040       8.015293       0.125000       0.125000
      0.713568       0.546847       0.569300       0.238829       0.304162      -4.152981       6.395256       0.125000       0.125000
      0.718593       0.547816       0.571173       0.192760       0.372847      -9.167973      13.668672       0.125000       0.125000
      0.723618       0.548505       0.573255       0.137145       0.414336     -11.067739       8.256450       0.125000       0.125000
      0.728643       0.549039       0.575396       0.106285       0.425929      -6.141197       2.307052       0.125000       0.125000
      0.733668       0.550137       0.577231       0.218556       0.365202      22.342480     -12.085001       0.125000       0.125000
      0.738693       0.551643       0.578735       0.299667       0.299333      16.141548     -13.108103       0.125000       0.125000
      0.743719       0.553312       0.580113       0.332154       0.274286       6.465081      -4.984561       0.125000       0.125000
      0.748744       0.554908       0.581437       0.317657       0.263518      -2.885159      -2.142810       0.125000       0.125000
      0.753769       0.555991       0.582790       0.215462       0.269106     -20.337210       1.111968       0.125000       0.125000
      0.758794       0.556614       0.584053       0.123953       0.251368     -18.210685      -3.529908       0.125000       0.125000
      0.763819       0.557264       0.585540       0.129395       0.295861       1.082989       8.854382       0.125000       0.125000
      0.768844       0.557978       0.587338       0.142001       0.357840       2.508668      12.333941       0.125000       0.125000
      0.773869       0.558614       0.588986       0.126671       0.327987      -3.050739      -5.940873       0.125000       0.125000
      0.778894       0.559589       0.590759       0.193949       0.352847      13.388546       4.947408       0.125000       0.125000
      0.783920       0.560743       0.592802       0.229768       0.406695       7.128140      10.715980       0.125000       0.125000
      0.788945       0.561916       0.594915       0.233356       0.420395       0.714121       2.726374       0.125000       0.125000
      0.793970       0.563285       0.596959       0.272366       0.406697       7.763155      -2.725940       0.125000       0.125000
      0.798995       0.564715       0.598796       0.284624       0.365729       2.439414      -8.152852       0.125000       0.125000
      0.804020       0.566070       0.600538       0.269743       0.346657      -2.961451      -3.795424       0.125000       0.125000
      0.809045       0.567484       0.602284       0.281395       0.347407       2.318806       0.149205       0.125000       0.125000
      0.814070       0.568917       0.604040       0.285118       0.349452       0.740968       0.407021       0.125000       0.125000
      0.819095       0.570427       0.605702       0.300437       0.330668       3.048580      -3.738239       0.125000       0.125000
      0.824121       0.571808       0.607316       0.274862       0.321174      -5.089523      -1.889239       0.125000       0.125000
      0.829146       0.573150       0.608980       0.267009       0.331179      -1.562971       1.991098       0.125000       0.125000
      0.834171       0.574330       0.610708       0.234938       0.343849      -6.382287       2.521337       0.125000       0.125000
      0.839196       0.575564       0.612462       0.245483       0.349052       2.098671       1.035307       0.125000       0.125000
      0.844221       0.576628       0.614220       0.211816       0.349874      -6.700072       0.163714       0.125000       0.125000
      0.849246       0.577611       0.616026       0.195529       0.359411      -3.241157       1.897850       0.125000       0.125000
      0.854271       0.578681       0.617732       0.212966       0.339538       3.470080      -3.954793       0.125000       0.125000
      0.859296       0.579862       0.619366       0.234970       0.325137       4.378951      -2.865961       0.125000       0.125000
      0.864322       0.580731       0.620914       0.173031       0.308106     -12.326229      -3.389264       0.125000       0.125000
      0.869347       0.581650       0.622257       0.182819       0.267296       1.947980      -8.121420       0.125000       0.125000
      0.874372       0.582709       0.623631       0.210725       0.273442       5.553281       1.223118       0.125000       0.125000
      0.879397       0.583730       0.624861       0.203347       0.244708      -1.468215      -5.718203       0.125000       0.125000
      0.884422       0.584654       0.625966       0.183883       0.219926      -3.873421      -4.931604       0.125000       0.125000
      0.889447       0.585501       0.627527       0.168474       0.310600      -3.066359      18.044491       0.125000       0.125000
      0.894472       0.586325       0.629240       0.163954       0.341004      -0.899644       6.050504       0.125000       0.125000
      0.899497       0.587245       0.630993       0.183215       0.348808       3.833092       1.553049       0.125000       0.125000
      0.904523       0.588211       0.632759       0.192149       0.351465       1.777827       0.528770       0.125000       0.125000
      0.909548       0.589284       0.634682       0.213553       0.382746       4.259661       6.225056       0.125000       0.125000
      0.914573       0.590450       0.636599       0.231980       0.381476       3.666915      -0.252770       0.125000       0.125000
      0.919598       0.591546       0.638477       0.218233       0.373574      -2.735593      -1.572384       0.125000       0.125000
      0.924623       0.592814       0.640394       0.252316       0.381569       6.782693       1.590918       0.125000       0.125000
      0.929648       0.594049       0.642353       0.245785       0.389957      -1.299842       1.669205       0.125000       0.125000
      0.934673       0.595380       0.644306       0.264836       0.388527       3.791326      -0.284567       0.125000       0.125000
      0.939698       0.596768       0.646325       0.276132       0.401888       2.247902       2.659072       0.125000       0.125000
      0.944724       0.598173       0.648213       0.279604       0.375654       0.690981      -5.220683       0.125000       0.125000
      0.949749       0.599736       0.650075       0.311065       0.370539       6.260980      -1.017905       0.125000       0.125000
      0.954774       0.601174       0.651810       0.286162       0.345371      -4.955947      -5.008683       0.125000       0.125000
      0.959799       0.602553       0.653496       0.274418       0.335376      -2.337075      -1.988962       0.125000       0.125000
      0.964824       0.603560       0.655118       0.200532       0.322877     -14.703723      -2.487409       0.125000       0.125000
      0.969849       0.604468       0.656619       0.180504       0.298663      -3.985579      -4.818752       0.125000       0.125000
      0.974874       0.605314       0.657939       0.168553       0.262775      -2.378328      -7.141869       0.125000       0.125000
      0.979899       0.606193       0.659177       0.174837       0.246355       1.250487      -3.267751       0.125000       0.125000
      0.984925       0.607230       0.660407       0.206425       0.244674       6.286184      -0.334340       0.125000       0.125000
      0.989950       0.608170       0.661547       0.187027       0.226962      -3.860323      -3.524933       0.125000       0.125000
      0.994975       0.609013       0.662550       0.167679       0.199644      -3.850234      -5.436440       0.125000       0.125000
      1.000000       0.609671       0.663530       0.131007       0.194956      -7.298008      -0.932770       0.125000       0.125000
      1.005025       0.610262       0.664473       0.117568       0.187635      -2.674345      -1.456971       0.125000       0.125000
      1.010050       0.610770       0.665308       0.101070       0.166222      -3.283282      -4.261360       0.125000       0.125000
      1.015075       0.611156       0.666039       0.076886       0.145326      -4.812649      -4.158369       0.125000       0.125000
      1.020100       0.611442       0.666601       0.056848       0.111962      -3.987660      -6.639660       0.125000       0.125000
      1.025125       0.611628       0.667078       0.037133       0.094885      -3.923443      -3.398415       0.125000       0.125000
      1.030150       0.611740       0.667469       0.022168       0.077837      -2.978062      -3.392473       0.125000       0.125000
      1.035175       0.611870       0.667804       0.025886       0.066749       0.739871      -2.206689       0.125000       0.125000
      1.040200       0.612035       0.667980       0.032949       0.034899       1.405534      -6.338345       0.125000       0.125000
      1.045225       0.612121       0.668118       0.017078       0.027589      -3.158416      -1.454610       0.125000       0.125000
      1.050250       0.612186       0.668200       0.012938       0.016258      -0.823852      -2.254891       0.125000       0.125000
      1.055275       0.612259       0.668148       0.014432      -0.010403       0.297282      -5.305723       0.125000       0.125000
      1.060300       0.612338       0.668048       0.015706      -0.019945       0.253512      -1.898930       0.125000       0.125000
      1.065325       0.612426       0.667955       0.017631      -0.018384       0.383182       0.310569       0.125000       0.125000
      1.070350       0.612501       0.667906       0.014852      -0.009738      -0.553102       1.720761       0.125000       0.125000
      1.075375       0.612536       0.667888       0.007062      -0.003564      -1.550125       1.228542       0.125000       0.125000
      1.080400       0.612575       0.667867       0.007675      -0.004309       0.121996      -0.148281       0.125000       0.125000
      1.085425       0.612634       0.667880       0.011836       0.002554       0.828069       1.365885       0.125000       0.125000
      1.090450       0.612642       0.667798       0.001604      -0.016345      -2.036405      -3.761096       0.125000       0.125000
      1.095475       0.612586       0.667587      -0.011281      -0.041992      -2.564172      -5.103827       0.125000       0.125000
      1.100500       0.612497       0.667262      -0.017743      -0.064645      -1.285863      -4.508168       0.125000       0.125000
      1.105525       0.612338       0.666918      -0.031581      -0.068492      -2.753821      -0.765397       0.125000       0.125000
      1.110550       0.612048       0.666574      -0.057652      -0.068343      -5.188382       0.029589       0.125000       0.125000
      1.115575       0.611680       0.666349      -0.073265      -0.044771      -3.107031       4.690834       0.125000       0.125000
      1.120600       0.611326       0.666204      -0.070528      -0.028948       0.544789       3.148898       0.125000       0.125000
      1.125625       0.611033       0.666199      -0.058201      -0.000850       2.453136       5.591697       0.125000       0.125000
      1.130650       0.610864       0.666243      -0.033605       0.008605       4.894612       1.881655       0.125000       0.125000
      1.135675       0.610742       0.666414      -0.024379       0.034069       1.835994       5.067434       0.125000       0.125000
      1.140700       0.610603       0.666612      -0.027689       0.039472      -0.658599       1.075222       0.125000       0.125000
      1.145725       0.610496       0.666769      -0.021224       0.031226       1.286584      -1.641144       0.125000       0.125000
      1.150750       0.610448       0.666931      -0.009455       0.032228       2.342081       0.199557       0.125000       0.125000
      1.155775       0.610457       0.667057       0.001784       0.025118       2.236601      -1.415052       0.125000       0.125000
      1.160800       0.610493       0.667105       0.007043       0.009524       1.046489      -3.103268       0.125000       0.125000
      1.165825       0.610535       0.667105       0.008347       0.000019       0.259488      -1.891511       0.125000       0.125000
      1.170850       0.610613       0.667066       0.015500      -0.007781       1.423485      -1.552207       0.125000       0.125000
      1.175875       0.610797       0.666966       0.036669      -0.019993       4.212796      -2.430250       0.125000       0.125000
      1.180900       0.610972       0.666838       0.034813      -0.025409      -0.369305      -1.077798       0.125000       0.125000
      1.185925       0.611113       0.666736       0.028179      -0.020281      -1.320324       1.020542       0.125000       0.125000
      1.190950       0.611148       0.666595       0.006892      -0.028065      -4.236100      -1.549120       0.125000       0.125000
      1.195975       0.611184       0.666439       0.007173      -0.031095       0.055821      -0.603032       0.125000       0.125000
      1.201000       0.611253       0.666270       0.013751      -0.033587       1.309170      -0.495807       0.125000       0.125000
      1.206025       0.611382       0.666114       0.025593      -0.031092       2.356505       0.496401       0.125000       0.125000
      1.211050       0.611535       0.665971       0.030458      -0.028450       0.968184       0.525781       0.125000       0.125000
      1.216075       0.611694       0.665850       0.031705      -0.023943       0.248206       0.897011       0.125000       0.125000
      1.221100       0.611865       0.665829       0.034046      -0.004222       0.465893       3.924473       0.125000       0.125000
      1.226125       0.612000       0.665854       0.026779       0.004866      -1.446208       1.808599       0.125000       0.125000
      1.231150       0.612022       0.665920       0.004487       0.013121      -4.436287       1.642810       0.125000       0.125000
      1.236175       0.612000       0.665980      -0.004478       0.011963      -1.783967      -0.230406       0.125000       0.125000
      1.241200       0.611911       0.666078      -0.017681       0.019585      -2.627540       1.516855       0.125000       0.125000
      1.246225       0.611831       0.666190      -0.015908       0.022192       0.352820       0.518776       0.125000       0.125000
      1.251250       0.611712       0.666290      -0.023717       0.020009      -1.553868      -0.434425       0.125000       0.125000
      1.256275       0.611614       0.666413      -0.019455       0.024510       0.847977       0.895568       0.125000       0.125000
      1.261300       0.611568       0.666548      -0.009173       0.026847       2.046157       0.465228       0.125000       0.125000
      1.266325       0.611570       0.666691       0.000290       0.028302       1.883336       0.289485       0.125000       0.125000
      1.271350       0.611582       0.666760       0.002563       0.013799       0.452271      -2.886116       0.125000       0.125000
      1.276375       0.611601       0.666846       0.003791       0.017189       0.244451       0.674663       0.125000       0.125000
      1.281400       0.611622       0.666942       0.004049       0.018967       0.051296       0.353694       0.125000       0.125000
      1.286425       0.611628       0.666994       0.001214       0.010526      -0.564139      -1.679785       0.125000       0.125000
      1.291450       0.611595       0.667021      -0.006519       0.005329      -1.538912      -1.034140       0.125000       0.125000
      1.296475       0.611485       0.667020      -0.021969      -0.000302      -3.074650      -1.120574       0.125000       0.125000
      1.301500       0.611359       0.667016      -0.025067      -0.000778      -0.616630      -0.094766       0.125000       0.125000
      1.306525       0.611246       0.667025      -0.022401       0.001823       0.530635       0.517571       0.125000       0.125000
      1.311550       0.611177       0.667025      -0.013784      -0.000001       1.714859      -0.363009       0.125000       0.125000
      1.316575       0.611103       0.667003      -0.014709      -0.004394      -0.184057      -0.874169       0.125000       0.125000
      1.321600       0.611024       0.666977      -0.015711      -0.005055      -0.199498      -0.131562       0.125000       0.125000
      1.326625       0.610966       0.666930      -0.011544      -0.009505       0.829309      -0.885598       0.125000       0.125000
      1.331650       0.610952       0.666896      -0.002829      -0.006788       1.734243       0.540721       0.125000       0.125000
      1.336675       0.610976       0.666904       0.004825       0.001723       1.523207       1.693636       0.125000       0.125000
      1.341700       0.610982       0.666906       0.001188       0.000360      -0.723779      -0.271183       0.125000       0.125000
      1.346725       0.610935       0.666913      -0.009440       0.001327      -2.114948       0.192411       0.125000       0.125000
      1.351750       0.610887       0.666911      -0.009448      -0.000281      -0.001660      -0.319959       0.125000       0.125000
      1.356775       0.610809       0.666882      -0.015485      -0.005740      -1.201352      -1.086451       0.125000       0.125000
      1.361800       0.610745       0.666816      -0.012779      -0.013176       0.538604      -1.479790       0.125000       0.125000
      1.366825       0.610668       0.666797      -0.015366      -0.003864      -0.514999       1.853159       0.125000       0.125000
      1.371850       0.610576       0.666778      -0.018248      -0.003673      -0.573437       0.037983       0.125000       0.125000
      1.376875       0.610490       0.666758      -0.017113      -0.004126       0.225764      -0.090079       0.125000       0.125000
      1.381900       0.610416       0.666715      -0.014784      -0.008494       0.463626      -0.869191       0.125000       0.125000
      1.386925       0.610380       0.666678      -0.007134      -0.007394       1.522332       0.218859       0.125000       0.125000
      1.391950       0.610391       0.666635       0.002216      -0.008582       1.860615      -0.236384       0.125000       0.125000
      1.396975       0.610427       0.666566       0.007071      -0.013635       0.966345      -1.005650       0.125000       0.125000
      1.402000       0.610453       0.666482       0.005311      -0.016844      -0.350414      -0.638502       0.125000       0.125000
      1.407025       0.610460       0.666394       0.001216      -0.017433      -0.814787      -0.117198       0.125000       0.125000
      1.412050       0.610436       0.666308      -0.004594      -0.017070      -1.156324       0.072126       0.125000       0.125000
      1.417075       0.610410       0.666235      -0.005219      -0.014564      -0.124269       0.498716       0.125000       0.125000
      1.422100       0.610365       0.666154      -0.008938      -0.016108      -0.740127      -0.307344       0.125000       0.125000
      1.427125       0.610271       0.666090      -0.018834      -0.012768      -1.969479       0.664832       0.125000       0.125000
      1.432150       0.610192       0.666043      -0.015606      -0.009331       0.642487       0.683905       0.125000       0.125000
      1.437175       0.610100       0.666005      -0.018307      -0.007634      -0.537562       0.337683       0.125000       0.125000
      1.442200       0.610009       0.665969      -0.018129      -0.007057       0.035544       0.114921       0.125000       0.125000
      1.447225       0.609924       0.665952      -0.016988      -0.003426       0.226991       0.722627       0.125000       0.125000
      1.452250       0.609893       0.665950      -0.006090      -0.000318       2.168835       0.618394       0.125000       0.125000
      1.457275       0.609927       0.665981       0.006715       0.006092       2.548217       1.275690       0.125000       0.125000
      1.462300       0.609976       0.666041       0.009783       0.011857       0.610548       1.147279       0.125000       0.125000
      1.467325       0.610040       0.666121       0.012737       0.016003       0.587833       0.825094       0.125000       0.125000
      1.472350       0.610129       0.666217       0.017619       0.019190       0.971459       0.634108       0.125000       0.125000
      1.477375       0.610217       0.666310       0.017506       0.018484      -0.022371      -0.140558       0.125000       0.125000
      1.482400       0.610318       0.666384       0.020162       0.014648       0.528556      -0.763214       0.125000       0.125000
      1.487425       0.610422       0.666427       0.020632       0.008565       0.093464      -1.210637       0.125000       0.125000
      1.492450       0.610530       0.666476       0.021518       0.009835       0.176307       0.252808       0.125000       0.125000
      1.497475       0.610645       0.666507       0.022980       0.006006       0.290951      -0.762139       0.125000       0.125000
      1.502500       0.610748       0.666509       0.020380       0.000406      -0.517303      -1.114352       0.125000       0.125000
