      0.000000       0.463254       0.304967       0.000000       0.000000       0.000000       0.000000       0.375000       0.250000
      0.005025       0.463424       0.306370       0.033947       0.279345       6.755680      55.591103       0.375000       0.250000
      0.010050       0.461773       0.307669      -0.328655       0.258338     -72.159744      -4.180483       0.375000       0.250000
      0.015075       0.460412       0.309218      -0.270901       0.308348      11.493451       9.952091       0.375000       0.250000
      0.020101       0.459800       0.313132      -0.121699       0.778862      29.691845      93.634795       0.375000       0.250000
      0.025126       0.460726       0.315480       0.184362       0.467232      60.907800     -62.016089       0.375000       0.250000
      0.030151       0.460951       0.316095       0.044739       0.122454     -27.785809     -68.612507       0.375000       0.250000
      0.035176       0.461971       0.316088       0.202934      -0.001323      31.481697     -24.632138       0.375000       0.250000
      0.040201       0.461994       0.317157       0.004655       0.212663     -39.458501      42.584147       0.375000       0.250000
      0.045226       0.461628       0.319701      -0.072985       0.506360     -15.450866      58.447302       0.375000       0.250000
      0.050251       0.461351       0.322687      -0.055074       0.594142       3.564386      17.469007       0.375000       0.250000
      0.055276       0.463654       0.324713       0.458337       0.403132     102.171498     -38.012047       0.375000       0.250000
      0.060302       0.466916       0.325573       0.649081       0.171198      37.959010     -46.155875       0.375000       0.250000
      0.065327       0.466494       0.326976      -0.083891       0.279270    -145.865156      21.506867       0.375000       0.250000
      0.070352       0.465848       0.329999      -0.128670       0.601522      -8.911305      64.129656       0.375000       0.250000
      0.075377       0.465446       0.333648      -0.079984       0.726160       9.688705      24.803587       0.375000       0.250000
      0.080402       0.466441       0.335147       0.198050       0.298409      55.330267     -85.124589       0.375000       0.250000
      0.085427       0.467970       0.336740       0.304263       0.316967      21.136864       3.693177       0.375000       0.250000
      0.090452       0.470068       0.339042       0.417519       0.457968      22.538622      28.059900       0.375000       0.250000
      0.095477       0.470303       0.340963       0.046835       0.382421     -73.768085     -15.034292       0.375000       0.250000
      0.100503       0.470895       0.344733       0.117746       0.750307      14.111655      73.211296       0.375000       0.250000
      0.105528       0.471458       0.346969       0.112049       0.444837      -1.133747     -60.790116       0.375000       0.250000
      0.110553       0.472626       0.348103       0.232546       0.225692      23.979486     -43.610917       0.375000       0.250000
      0.115578       0.471052       0.349643      -0.313368       0.306512    -108.639520      16.083586       0.375000       0.250000
      0.120603       0.470710       0.350997      -0.068069       0.269394      48.815709      -7.386800       0.375000       0.250000
      0.125628       0.471924       0.351528       0.241729       0.105747      61.651331     -32.566437       0.375000       0.250000
      0.130653       0.473365       0.354412       0.286620       0.573914       8.933586      93.167421       0.375000       0.250000
      0.135678       0.474394       0.357702       0.204941       0.654643     -16.254492      16.065617       0.375000       0.250000
      0.140704       0.474591       0.360225       0.039047       0.502209     -33.013734     -30.335127       0.375000       0.250000
      0.145729       0.474479       0.362473      -0.022147       0.447322     -12.178017     -10.922915       0.375000       0.250000
      0.150754       0.473335       0.363372      -0.227649       0.178840     -40.895852     -53.429142       0.375000       0.250000
      0.155779       0.473533       0.363950       0.039312       0.115042      53.126507     -12.696106       0.375000       0.250000
      0.160804       0.472924       0.366494      -0.121127       0.506235     -31.928069      77.849280       0.375000       0.250000
      0.165829       0.472086       0.369670      -0.166775       0.632167      -9.084159      25.061172       0.375000       0.250000
      0.170854       0.474056       0.370989       0.391936       0.262467     111.186103     -73.572209       0.375000       0.250000
      0.175879       0.474411       0.373285       0.070671       0.456831     -63.933216      38.679521       0.375000       0.250000
      0.180905       0.474685       0.374959       0.054556       0.333091      -3.206942     -24.624913       0.375000       0.250000
      0.185930       0.475239       0.375525       0.110332       0.112715      11.099618     -43.855945       0.375000       0.250000
      0.190955       0.476325       0.377362       0.216009       0.365569      21.030274      50.319224       0.375000       0.250000
      0.195980       0.477087       0.380572       0.151601       0.638818     -12.817501      54.377902       0.375000       0.250000
      0.201005       0.477802       0.383579       0.142351       0.598487      -1.840818      -8.026188       0.375000       0.250000
      0.206030       0.476474       0.386457      -0.264288       0.572735     -80.923199      -5.124794       0.375000       0.250000
      0.211055       0.475108       0.389097      -0.271847       0.525235      -1.504245      -9.452720       0.375000       0.250000
      0.216080       0.474279       0.389849      -0.164897       0.149760      21.283608     -74.721236       0.375000       0.250000
      0.221106       0.476409       0.391386       0.423882       0.305818     117.169952      31.056293       0.375000       0.250000
      0.226131       0.478517       0.393558       0.419397       0.432213      -0.892647      25.153235       0.375000       0.250000
      0.231156       0.479503       0.395094       0.196231       0.305676     -44.411016     -25.181536       0.375000       0.250000
      0.236181       0.480297       0.396304       0.158095       0.240895      -7.589388     -12.891730       0.375000       0.250000
      0.241206       0.480444       0.398074       0.029126       0.352114     -25.665312      22.133121       0.375000       0.250000
      0.246231       0.479290       0.400402      -0.229644       0.463420     -51.496587      22.150501       0.375000       0.250000
      0.251256       0.479852       0.401955       0.112003       0.308989      67.989405     -30.732509       0.375000       0.250000
      0.256281       0.480134       0.403526       0.056001       0.312628     -11.144640       0.724026       0.375000       0.250000
      0.261307       0.479478       0.405028      -0.130432       0.298869     -37.101079      -2.737957       0.375000       0.250000
      0.266332       0.480457       0.407434       0.194710       0.478815      64.704926      35.810101       0.375000       0.250000
      0.271357       0.480895       0.410015       0.087249       0.513721     -21.385388       6.946454       0.375000       0.250000
      0.276382       0.481460       0.411563       0.112307       0.307969       4.986633     -40.945663       0.375000       0.250000
      0.281407       0.481798       0.412816       0.067438       0.249328      -8.929118     -11.669880       0.375000       0.250000
      0.286432       0.481166       0.414867      -0.125856       0.408270     -38.466532      31.630317       0.375000       0.250000
      0.291457       0.481201       0.417652       0.006918       0.554240      26.422692      29.048675       0.375000       0.250000
      0.296482       0.482686       0.420510       0.295599       0.568769      57.449093       2.891351       0.375000       0.250000
      0.301508       0.484333       0.423155       0.327808       0.526185       6.409791      -8.474410       0.375000       0.250000
      0.306533       0.485235       0.425995       0.179412       0.565343     -29.531560       7.792529       0.375000       0.250000
      0.311558       0.484855       0.427710      -0.075600       0.341161     -50.748631     -44.613296       0.375000       0.250000
      0.316583       0.484600       0.428914      -0.050801       0.239668       4.935018     -20.197569       0.375000       0.250000
      0.321608       0.485160       0.430582       0.111557       0.332019      32.310049      18.378331       0.375000       0.250000
      0.326633       0.486613       0.432522       0.289069       0.385924      35.325749      10.727333       0.375000       0.250000
      0.331658       0.487616       0.434264       0.199573       0.346703     -17.810056      -7.805161       0.375000       0.250000
      0.336683       0.487724       0.435736       0.021521       0.293022     -35.433261     -10.682721       0.375000       0.250000
      0.341709       0.487672       0.437424      -0.010338       0.335824      -6.340063       8.517742       0.375000       0.250000
      0.346734       0.488398       0.439631       0.144529       0.439198      30.819322      20.571953       0.375000       0.250000
      0.351759       0.488764       0.441602       0.072783       0.392324     -14.277811      -9.328189       0.375000       0.250000
      0.356784       0.489580       0.444180       0.162369       0.512944      17.827922      24.003902       0.375000       0.250000
      0.361809       0.489995       0.447450       0.082619       0.650865     -15.870690      27.447150       0.375000       0.250000
      0.366834       0.489550       0.450074      -0.088479       0.522159     -34.049168     -25.613260       0.375000       0.250000
      0.371859       0.489825       0.451563       0.054623       0.296231      28.477973     -44.960854       0.375000       0.250000
      0.376884       0.491317       0.452971       0.296827       0.280243      48.199830      -3.181540       0.375000       0.250000
      0.381910       0.492196       0.454139       0.174947       0.232453     -24.254860      -9.510464       0.375000       0.250000
      0.386935       0.492351       0.455910       0.030845       0.352455     -28.677012      23.881006       0.375000       0.250000
      0.391960       0.492288       0.458010      -0.012437       0.417970      -8.613266      13.037772       0.375000       0.250000
      0.396985       0.492920       0.460428       0.125757       0.481189      27.501193      12.580817       0.375000       0.250000
      0.402010       0.493443       0.463373       0.104043       0.586074      -4.321202      20.872662       0.375000       0.250000
      0.407035       0.493487       0.466868       0.008745       0.695511     -18.964753      21.778484       0.375000       0.250000
      0.412060       0.492394       0.470785      -0.217481       0.779408     -45.019984      16.695936       0.375000       0.250000
      0.417085       0.490310       0.474245      -0.414756       0.688556     -39.258690     -18.079944       0.375000       0.250000
      0.422111       0.487978       0.478055      -0.464139       0.758310      -9.827512      13.881388       0.375000       0.250000
      0.427136       0.484804       0.482444      -0.631542       0.873393     -33.314008      22.902095       0.375000       0.250000
      0.432161       0.480916       0.487533      -0.773740       1.012724     -28.298215      27.727555       0.375000       0.250000
      0.437186       0.475814       0.493239      -1.015413       1.135420     -48.094021      24.417199       0.375000       0.250000
      0.442211       0.469158       0.499453      -1.324502       1.236768     -61.510370      20.168592       0.375000       0.250000
      0.447236       0.461318       0.505377      -1.560269       1.178842     -46.918771     -11.527430       0.375000       0.250000
      0.452261       0.451643       0.510787      -1.925235       1.076542     -72.630073     -20.358245       0.375000       0.250000
      0.457286       0.441383       0.515737      -2.041889       0.985156     -23.214669     -18.186222       0.375000       0.250000
      0.462312       0.430968       0.519615      -2.072683       0.771783      -6.128105     -42.462431       0.375000       0.250000
      0.467337       0.420358       0.522350      -2.111323       0.544206      -7.689542     -45.288800       0.375000       0.250000
      0.472362       0.410538       0.524004      -1.954207       0.329079      31.266860     -42.811516       0.375000       0.250000
      0.477387       0.402038       0.524871      -1.691510       0.172530      52.277919     -31.153944       0.375000       0.250000
      0.482412       0.394627       0.524966      -1.474863       0.019005      43.113856     -30.552238       0.375000       0.250000
      0.487437       0.389273       0.523571      -1.065601      -0.277703      81.445203     -59.046328       0.375000       0.250000
      0.492462       0.387154       0.520737      -0.421663      -0.563922     128.146840     -56.958967       0.375000       0.250000
      0.497487       0.388553       0.516189       0.278452      -0.904977     139.326426     -67.871711       0.375000       0.250000
      0.502513       0.392152       0.510968       0.716279      -1.039004      87.129763     -26.671954       0.375000       0.250000
      0.507538       0.399659       0.506524       1.493792      -0.884441     154.728927      30.758775       0.375000       0.250000
      0.512563       0.409407       0.503421       1.939914      -0.617520      88.780375      53.118485       0.375000       0.250000
      0.517588       0.420290       0.501418       2.165829      -0.398526      44.958280      43.580884       0.375000       0.250000
      0.522613       0.430671       0.500067       2.065886      -0.268914     -19.889214      25.793464       0.375000       0.250000
      0.527638       0.440727       0.499758       2.001221      -0.061560     -12.868563      41.264440       0.375000       0.250000
      0.532663       0.450658       0.501130       1.976350       0.273126      -4.949374      66.604200       0.375000       0.250000
      0.537688       0.460031       0.502590       1.865313       0.290475     -22.096991       3.452548       0.375000       0.250000
      0.542714       0.469008       0.505175       1.786383       0.514372     -15.707441      44.556659       0.375000       0.250000
      0.547739       0.477191       0.508502       1.628494       0.662124     -31.420685      29.403306       0.375000       0.250000
      0.552764       0.485331       0.512196       1.619810       0.735091      -1.728292      14.520985       0.375000       0.250000
      0.557789       0.492472       0.516136       1.421224       0.784177     -39.519508       9.768249       0.375000       0.250000
      0.562814       0.497517       0.519846       1.003921       0.738354     -83.045347      -9.118947       0.375000       0.250000
      0.567839       0.501704       0.523424       0.833265       0.712007     -33.961363      -5.243209       0.375000       0.250000
      0.572864       0.504938       0.527090       0.643597       0.729546     -37.744978       3.490426       0.375000       0.250000
      0.577889       0.507305       0.530162       0.470934       0.611333     -34.360792     -23.525022       0.375000       0.250000
      0.582915       0.508098       0.532344       0.157918       0.434219     -62.291791     -35.246718       0.375000       0.250000
      0.587940       0.508443       0.534298       0.068527       0.388847     -17.789189      -9.029244       0.375000       0.250000
      0.592965       0.508752       0.536267       0.061555       0.391865      -1.387411       0.600777       0.375000       0.250000
      0.597990       0.508773       0.538317       0.004246       0.407885     -11.404814       3.187890       0.375000       0.250000
      0.603015       0.508580       0.540660      -0.038478       0.466218      -8.502192      11.608646       0.375000       0.250000
      0.608040       0.508266       0.542992      -0.062485       0.464194      -4.777627      -0.402733       0.375000       0.250000
      0.613065       0.508306       0.545049       0.007899       0.409365      14.006838     -10.911214       0.375000       0.250000
      0.618090       0.508236       0.546867      -0.013860       0.361786      -4.330274      -9.468640       0.375000       0.250000
      0.623116       0.508324       0.548808       0.017441       0.386284       6.229091       4.875340       0.375000       0.250000
      0.628141       0.508568       0.550926       0.048687       0.421440       6.218174       6.996148       0.375000       0.250000
      0.633166       0.508808       0.553062       0.047646       0.425090      -0.207180       0.726414       0.375000       0.250000
      0.638191       0.509131       0.555045       0.064231       0.394692       3.300488      -6.049414       0.375000       0.250000
      0.643216       0.509504       0.557001       0.074364       0.389136       2.016553      -1.105691       0.375000       0.250000
      0.648241       0.510192       0.558630       0.136918       0.324171      12.448530     -12.928280       0.375000       0.250000
      0.653266       0.511160       0.560046       0.192639       0.281799      11.088811      -8.432180       0.375000       0.250000
      0.658291       0.512117       0.561242       0.190433       0.238140      -0.439125      -8.688513       0.375000       0.250000
      0.663317       0.512779       0.562566       0.131807       0.263495     -11.666729       5.045873       0.375000       0.250000
      0.668342       0.513314       0.564162       0.106432       0.317556      -5.049924      10.758480       0.375000       0.250000
      0.673367       0.513649       0.566029       0.066615       0.371417      -7.923652      10.718440       0.375000       0.250000
      0.678392       0.514175       0.567934       0.104596       0.379210       7.558320       1.550988       0.375000       0.250000
      0.683417       0.514985       0.570213       0.161341       0.453614      11.292618      14.806721       0.375000       0.250000
      0.688442       0.515697       0.572761       0.141628       0.506989      -3.923019      10.621823       0.375000       0.250000
      0.693467       0.515888       0.575378       0.037914       0.520809     -20.639545       2.750330       0.375000       0.250000
      0.698492       0.515981       0.578032       0.018679       0.528172      -3.827839       1.465319       0.375000       0.250000
      0.703518       0.515991       0.580500       0.001932       0.491081      -3.332852      -7.381327       0.375000       0.250000
      0.708543       0.516103       0.582632       0.022228       0.424211       4.039101     -13.307559       0.375000       0.250000
      0.713568       0.516079       0.584659      -0.004746       0.403501      -5.367923      -4.121340       0.375000       0.250000
      0.718593       0.516067       0.586629      -0.002298       0.391922       0.487099      -2.304217       0.375000       0.250000
      0.723618       0.515950       0.588431      -0.023394       0.358741      -4.198324      -6.603179       0.375000       0.250000
      0.728643       0.516109       0.589908       0.031582       0.293953      10.940646     -12.893216       0.375000       0.250000
      0.733668       0.516673       0.591324       0.112248       0.281696      16.052821      -2.439126       0.375000       0.250000
      0.738693       0.516980       0.592882       0.061175       0.310082     -10.163785       5.648873       0.375000       0.250000
      0.743719       0.517209       0.594555       0.045616       0.332884      -3.096284       4.537734       0.375000       0.250000
      0.748744       0.517543       0.596381       0.066349       0.363417       4.125909       6.076198       0.375000       0.250000
      0.753769       0.517941       0.598423       0.079225       0.406404       2.562396       8.554625       0.375000       0.250000
      0.758794       0.518552       0.600580       0.121719       0.429190       8.456610       4.534545       0.375000       0.250000
      0.763819       0.519205       0.602350       0.129824       0.352295       1.612988     -15.302442       0.375000       0.250000
      0.768844       0.519824       0.604247       0.123203       0.377535      -1.317702       5.022858       0.375000       0.250000
      0.773869       0.520365       0.606110       0.107774       0.370703      -3.070390      -1.359659       0.375000       0.250000
      0.778894       0.520915       0.607856       0.109291       0.347536       0.301951      -4.610322       0.375000       0.250000
      0.783920       0.521474       0.609752       0.111254       0.377214       0.390460       5.906034       0.375000       0.250000
      0.788945       0.521813       0.611810       0.067453       0.409660      -8.716618       6.456884       0.375000       0.250000
      0.793970       0.522059       0.613901       0.049083       0.416039      -3.655615       1.269582       0.375000       0.250000
      0.798995       0.522278       0.615987       0.043597       0.415216      -1.091690      -0.163850       0.375000       0.250000
      0.804020       0.522759       0.618196       0.095707       0.439445      10.370064       4.821780       0.375000       0.250000
      0.809045       0.523439       0.620508       0.135273       0.460126       7.873941       4.115654       0.375000       0.250000
      0.814070       0.524121       0.622553       0.135656       0.407006       0.076058     -10.571289       0.375000       0.250000
      0.819095       0.524880       0.624361       0.151080       0.359820       3.069509      -9.390239       0.375000       0.250000
      0.824121       0.525508       0.626180       0.125100       0.361996      -5.170101       0.433030       0.375000       0.250000
      0.829146       0.526100       0.628203       0.117782       0.402520      -1.456394       8.064477       0.375000       0.250000
      0.834171       0.526422       0.630394       0.063984       0.436004     -10.706019       6.663518       0.375000       0.250000
      0.839196       0.526729       0.632425       0.061123       0.404152      -0.569268      -6.338594       0.375000       0.250000
      0.844221       0.526968       0.634376       0.047486       0.388423      -2.713830      -3.130224       0.375000       0.250000
      0.849246       0.527214       0.636255       0.049029       0.373832       0.306942      -2.903703       0.375000       0.250000
      0.854271       0.527642       0.638194       0.085200       0.385953       7.198212       2.412066       0.375000       0.250000
      0.859296       0.527862       0.640052       0.043741       0.369679      -8.250485      -3.238607       0.375000       0.250000
      0.864322       0.528109       0.641744       0.049258       0.336636       1.097972      -6.575554       0.375000       0.250000
      0.869347       0.528634       0.643552       0.104402       0.359900      10.973803       4.629593       0.375000       0.250000
      0.874372       0.529092       0.645640       0.091060       0.415421      -2.655186      11.048847       0.375000       0.250000
      0.879397       0.529530       0.647686       0.087209       0.407341      -0.766314      -1.607813       0.375000       0.250000
      0.884422       0.530078       0.649723       0.108999       0.405227       4.336365      -0.420865       0.375000       0.250000
      0.889447       0.530465       0.651777       0.077174       0.408825      -6.333382       0.716024       0.375000       0.250000
      0.894472       0.531131       0.653794       0.132420       0.401449      10.994354      -1.467736       0.375000       0.250000
      0.899497       0.531694       0.655708       0.112086       0.380796      -4.046576      -4.110130       0.375000       0.250000
      0.904523       0.531966       0.657897       0.054221       0.435718     -11.515538      10.929723       0.375000       0.250000
      0.909548       0.532091       0.660170       0.024764       0.452275      -5.862004       3.295038       0.375000       0.250000
      0.914573       0.532105       0.662341       0.002754       0.432090      -4.380091      -4.017037       0.375000       0.250000
      0.919598       0.532128       0.664445       0.004538       0.418644       0.354900      -2.675744       0.375000       0.250000
      0.924623       0.532200       0.666585       0.014380       0.425937       1.958674       1.451359       0.375000       0.250000
      0.929648       0.532260       0.668630       0.012005       0.406941      -0.472570      -3.780240       0.375000       0.250000
      0.934673       0.532377       0.670582       0.023308       0.388480       2.249323      -3.673851       0.375000       0.250000
      0.939698       0.532522       0.672509       0.028864       0.383465       1.105645      -0.997974       0.375000       0.250000
      0.944724       0.532809       0.674494       0.057042       0.394938       5.607607       2.283081       0.375000       0.250000
      0.949749       0.533178       0.676386       0.073470       0.376645       3.269216      -3.640388       0.375000       0.250000
      0.954774       0.533745       0.678317       0.112850       0.384272       7.836716       1.517887       0.375000       0.250000
      0.959799       0.534364       0.680211       0.123086       0.376794       2.037119      -1.488314       0.375000       0.250000
      0.964824       0.534996       0.682069       0.125837       0.369818       0.547416      -1.388233       0.375000       0.250000
      0.969849       0.535727       0.683985       0.145365       0.381295       3.886178       2.284036       0.375000       0.250000
      0.974874       0.536421       0.685760       0.138236       0.353229      -1.418666      -5.585329       0.375000       0.250000
      0.979899       0.537049       0.687481       0.124976       0.342532      -2.638790      -2.128645       0.375000       0.250000
      0.984925       0.537480       0.689168       0.085669       0.335690      -7.822336      -1.361682       0.375000       0.250000
      0.989950       0.538002       0.690688       0.104003       0.302440       3.648507      -6.616786       0.375000       0.250000
      0.994975       0.538518       0.691966       0.102620       0.254424      -0.275100      -9.555607       0.375000       0.250000
      1.000000       0.538992       0.693178       0.094385       0.241072      -1.638809      -2.656936       0.375000       0.250000
      1.005025       0.539421       0.694237       0.085331       0.210710      -1.801902      -6.042201       0.375000       0.250000
      1.010050       0.539685       0.695131       0.052526       0.177967      -6.528368      -6.516119       0.375000       0.250000
      1.015075       0.539886       0.695809       0.040062       0.134963      -2.480322      -8.558037       0.375000       0.250000
      1.020100       0.540002       0.696405       0.022952       0.118643      -3.405037      -3.247759       0.375000       0.250000
      1.025125       0.539998       0.696790      -0.000713       0.076559      -4.709405      -8.374971       0.375000       0.250000
      1.030150       0.539985       0.697032      -0.002490       0.048245      -0.353712      -5.634563       0.375000       0.250000
      1.035175       0.539967       0.697170      -0.003776       0.027366      -0.255745      -4.154997       0.375000       0.250000
      1.040200       0.539884       0.697160      -0.016333      -0.002057      -2.499088      -5.855240       0.375000       0.250000
      1.045225       0.539734       0.697068      -0.030001      -0.018307      -2.719956      -3.233937       0.375000       0.250000
      1.050250       0.539485       0.696910      -0.049542      -0.031277      -3.888806      -2.581061       0.375000       0.250000
      1.055275       0.539189       0.696738      -0.058767      -0.034390      -1.835636      -0.619511       0.375000       0.250000
      1.060300       0.538812       0.696533      -0.075037      -0.040789      -3.237913      -1.273453       0.375000       0.250000
      1.065325       0.538420       0.696274      -0.078121      -0.051367      -0.613690      -2.104988       0.375000       0.250000
      1.070350       0.538029       0.696116      -0.077711      -0.031632       0.081637       3.927374       0.375000       0.250000
      1.075375       0.537735       0.695759      -0.058619      -0.070880       3.799271      -7.810671       0.375000       0.250000
      1.080400       0.537597       0.695460      -0.027420      -0.059587       6.208742       2.247330       0.375000       0.250000
      1.085425       0.537497       0.695159      -0.019818      -0.059916       1.512988      -0.065303       0.375000       0.250000
      1.090450       0.537530       0.694845       0.006460      -0.062490       5.229441      -0.512381       0.375000       0.250000
      1.095475       0.537520       0.694635      -0.001871      -0.041704      -1.658066       4.136519       0.375000       0.250000
      1.100500       0.537497       0.694557      -0.004672      -0.015526      -0.557345       5.209694       0.375000       0.250000
      1.105525       0.537459       0.694539      -0.007656      -0.003676      -0.593740       2.358116       0.375000       0.250000
      1.110550       0.537528       0.694669       0.013746       0.025990       4.258992       5.903730       0.375000       0.250000
      1.115575       0.537619       0.694775       0.018270       0.021074       0.900405      -0.978317       0.375000       0.250000
      1.120600       0.537862       0.694867       0.048203       0.018278       5.956706      -0.556406       0.375000       0.250000
      1.125625       0.538151       0.694952       0.057633       0.016850       1.876677      -0.284127       0.375000       0.250000
      1.130650       0.538339       0.695021       0.037388       0.013703      -4.028835      -0.626349       0.375000       0.250000
      1.135675       0.538519       0.695098       0.035730       0.015431      -0.329937       0.343791       0.375000       0.250000
      1.140700       0.538743       0.695222       0.044718       0.024643       1.788640       1.833304       0.375000       0.250000
      1.145725       0.539025       0.695332       0.056017       0.021965       2.248512      -0.532837       0.375000       0.250000
      1.150750       0.539231       0.695410       0.041002       0.015352      -2.988093      -1.316090       0.375000       0.250000
      1.155775       0.539416       0.695500       0.036860       0.017941      -0.824277       0.515106       0.375000       0.250000
      1.160800       0.539630       0.695595       0.042510       0.018880       1.124336       0.186861       0.375000       0.250000
      1.165825       0.539872       0.695700       0.048304       0.020947       1.153186       0.411497       0.375000       0.250000
      1.170850       0.540126       0.695821       0.050549       0.024124       0.446702       0.632129       0.375000       0.250000
      1.175875       0.540303       0.695902       0.035200       0.016206      -3.054624      -1.575585       0.375000       0.250000
      1.180900       0.540349       0.695972       0.009176       0.013931      -5.178830      -0.452745       0.375000       0.250000
      1.185925       0.540352       0.696092       0.000450       0.023722      -1.736581       1.948471       0.375000       0.250000
      1.190950       0.540367       0.696218       0.003030       0.025115       0.513536       0.277219       0.375000       0.250000
      1.195975       0.540292       0.696333      -0.014971       0.022858      -3.582323      -0.449220       0.375000       0.250000
      1.201000       0.540242       0.696452      -0.009875       0.023689       1.014198       0.165305       0.375000       0.250000
      1.206025       0.540208       0.696519      -0.006855       0.013379       0.600851      -2.051645       0.375000       0.250000
      1.211050       0.540139       0.696560      -0.013691       0.008134      -1.360313      -1.043862       0.375000       0.250000
      1.216075       0.540045       0.696599      -0.018705       0.007708      -0.997881      -0.084664       0.375000       0.250000
      1.221100       0.539973       0.696635      -0.014234       0.007311       0.889862      -0.079128       0.375000       0.250000
      1.226125       0.539937       0.696626      -0.007182      -0.001904       1.403259      -1.833833       0.375000       0.250000
      1.231150       0.539974       0.696645       0.007388       0.003757       2.899669       1.126528       0.375000       0.250000
      1.236175       0.540010       0.696718       0.007010       0.014677      -0.075387       2.173232       0.375000       0.250000
      1.241200       0.539997       0.696796      -0.002506       0.015469      -1.893637       0.157635       0.375000       0.250000
      1.246225       0.539989       0.696837      -0.001600       0.008217       0.180217      -1.443170       0.375000       0.250000
      1.251250       0.539988       0.696868      -0.000144       0.005987       0.289791      -0.443800       0.375000       0.250000
      1.256275       0.539971       0.696860      -0.003424      -0.001565      -0.652609      -1.502854       0.375000       0.250000
      1.261300       0.539970       0.696832      -0.000280      -0.005602       0.625513      -0.803414       0.375000       0.250000
      1.266325       0.540003       0.696783       0.006584      -0.009712       1.366020      -0.817962       0.375000       0.250000
      1.271350       0.540026       0.696725       0.004608      -0.011561      -0.393188      -0.367869       0.375000       0.250000
      1.276375       0.540001       0.696674      -0.004907      -0.010029      -1.893601       0.304724       0.375000       0.250000
      1.281400       0.539973       0.696594      -0.005615      -0.015964      -0.140845      -1.181097       0.375000       0.250000
      1.286425       0.540006       0.696489       0.006531      -0.020913       2.417194      -0.984734       0.375000       0.250000
      1.291450       0.540048       0.696344       0.008392      -0.028914       0.370236      -1.592337       0.375000       0.250000
      1.296475       0.540084       0.696201       0.007220      -0.028359      -0.233290       0.110395       0.375000       0.250000
      1.301500       0.540102       0.696053       0.003606      -0.029527      -0.719207      -0.232322       0.375000       0.250000
      1.306525       0.540046       0.695956      -0.011205      -0.019208      -2.947480       2.053436       0.375000       0.250000
      1.311550       0.539951       0.695869      -0.018828      -0.017454      -1.516826       0.349198       0.375000       0.250000
      1.316575       0.539854       0.695780      -0.019480      -0.017712      -0.129842      -0.051363       0.375000       0.250000
      1.321600       0.539780       0.695731      -0.014673      -0.009747       0.956561       1.585043       0.375000       0.250000
      1.326625       0.539718       0.695664      -0.012243      -0.013232       0.483651      -0.693517       0.375000       0.250000
      1.331650       0.539652       0.695547      -0.013127      -0.023247      -0.175970      -1.993140       0.375000       0.250000
      1.336675       0.539611       0.695488      -0.008209      -0.011777       0.978662       2.282602       0.375000       0.250000
      1.341700       0.539530       0.695415      -0.016040      -0.014458      -1.558310      -0.533506       0.375000       0.250000
      1.346725       0.539481       0.695391      -0.009889      -0.004803       1.223986       1.921360       0.375000       0.250000
      1.351750       0.539427       0.695385      -0.010641      -0.001305      -0.149639       0.696103       0.375000       0.250000
      1.356775       0.539395       0.695411      -0.006356       0.005158       0.852835       1.286245       0.375000       0.250000
      1.361800       0.539339       0.695464      -0.011306       0.010617      -0.985188       1.086388       0.375000       0.250000
      1.366825       0.539236       0.695563      -0.020497       0.019719      -1.829015       1.811219       0.375000       0.250000
      1.371850       0.539115       0.695650      -0.023964       0.017372      -0.689882      -0.467024       0.375000       0.250000
      1.376875       0.539006       0.695728      -0.021660       0.015531       0.458546      -0.366346       0.375000       0.250000
      1.381900       0.538956       0.695779      -0.010048       0.010121       2.310868      -1.076494       0.375000       0.250000
      1.386925       0.538929       0.695830      -0.005362       0.010136       0.932375       0.002932       0.375000       0.250000
      1.391950       0.538880       0.695840      -0.009742       0.001994      -0.871671      -1.620346       0.375000       0.250000
      1.396975       0.538796       0.695844      -0.016770       0.000718      -1.398409      -0.253926       0.375000       0.250000
      1.402000       0.538800       0.695832       0.000944      -0.002295       3.525018      -0.599558       0.375000       0.250000
      1.407025       0.538848       0.695815       0.009405      -0.003482       1.683852      -0.236184       0.375000       0.250000
      1.412050       0.538879       0.695789       0.006245      -0.005047      -0.628840      -0.311505       0.375000       0.250000
      1.417075       0.538892       0.695757       0.002522      -0.006478      -0.740982      -0.284710       0.375000       0.250000
      1.422100       0.538917       0.695702       0.005113      -0.010972       0.515633      -0.894486       0.375000       0.250000
      1.427125       0.538948       0.695670       0.006038      -0.006259       0.184219       0.938052       0.375000       0.250000
      1.432150       0.539032       0.695647       0.016749      -0.004558       2.131444       0.338522       0.375000       0.250000
      1.437175       0.539088       0.695655       0.011243       0.001508      -1.095725       1.207082       0.375000       0.250000
      1.442200       0.539155       0.695658       0.013333       0.000683       0.416002      -0.164247       0.375000       0.250000
      1.447225       0.539227       0.695678       0.014285       0.003969       0.189471       0.654026       0.375000       0.250000
      1.452250       0.539275       0.695709       0.009484       0.006123      -0.955436       0.428621       0.375000       0.250000
      1.457275       0.539324       0.695729       0.009753       0.003893       0.053547      -0.443852       0.375000       0.250000
      1.462300       0.539377       0.695737       0.010562       0.001578       0.160875      -0.460614       0.375000       0.250000
      1.467325       0.539413       0.695752       0.007204       0.003021      -0.668194       0.287125       0.375000       0.250000
      1.472350       0.539450       0.695758       0.007411       0.001276       0.041066      -0.347281       0.375000       0.250000
      1.477375       0.539482       0.695751       0.006301      -0.001512      -0.220758      -0.554684       0.375000       0.250000
      1.482400       0.539510       0.695746       0.005523      -0.000890      -0.154945       0.123670       0.375000       0.250000
      1.487425       0.539547       0.695733       0.007408      -0.002549       0.375237      -0.330041       0.375000       0.250000
      1.492450       0.539589       0.695733       0.008263      -0.000131       0.170176       0.481112       0.375000       0.250000
      1.497475       0.539625       0.695728       0.007363      -0.000965      -0.179160      -0.165943       0.375000       0.250000
      1.502500       0.539691       0.695724       0.012951      -0.000751       1.112070       0.042485       0.375000       0.250000
