      0.000000       0.425099       0.318918       0.000000       0.000000       0.000000       0.000000       0.250000       0.375000
      0.005025       0.424267       0.317973      -0.165715      -0.187955     -32.978124     -37.404049       0.250000       0.375000
      0.010050       0.425454       0.318710       0.236292       0.146634      80.001346      66.584918       0.250000       0.375000
      0.015075       0.426002       0.319390       0.108993       0.135222     -25.333033      -2.270926       0.250000       0.375000
      0.020101       0.424743       0.322427      -0.250526       0.604484     -71.546112      93.385373       0.250000       0.375000
      0.025126       0.425708       0.324104       0.192110       0.333668      88.086727     -53.893722       0.250000       0.375000
      0.030151       0.428591       0.325896       0.573746       0.356593      75.947408       4.562134       0.250000       0.375000
      0.035176       0.430258       0.328402       0.331736       0.498802     -48.161056      28.300372       0.250000       0.375000
      0.040201       0.430009       0.331004      -0.049640       0.517743     -75.895799       3.769301       0.250000       0.375000
      0.045226       0.430475       0.332258       0.092891       0.249625      28.364444     -53.356816       0.250000       0.375000
      0.050251       0.431528       0.334355       0.209418       0.417236      23.189469      33.355512       0.250000       0.375000
      0.055276       0.433110       0.337473       0.314914       0.620437      20.994096      40.437929       0.250000       0.375000
      0.060302       0.434025       0.339564       0.182071       0.416249     -26.436251     -40.634385       0.250000       0.375000
      0.065327       0.435140       0.340129       0.221950       0.112402       7.936026     -60.466992       0.250000       0.375000
      0.070352       0.437033       0.342159       0.376596       0.403931      30.775400      58.015558       0.250000       0.375000
      0.075377       0.436123       0.343787      -0.181087       0.324107    -110.981658     -15.885258       0.250000       0.375000
      0.080402       0.435951       0.344434      -0.034277       0.128693      29.215833     -38.888422       0.250000       0.375000
      0.085427       0.437221       0.346080       0.252856       0.327636      57.140794      39.590647       0.250000       0.375000
      0.090452       0.436978       0.346532      -0.048353       0.089925     -59.942040     -47.305558       0.250000       0.375000
      0.095477       0.436743       0.349520      -0.046788       0.594558       0.311541     100.424382       0.250000       0.375000
      0.100503       0.438581       0.352691       0.365814       0.631042      82.109868       7.260527       0.250000       0.375000
      0.105528       0.440496       0.355482       0.380949       0.555403       3.011932     -15.052521       0.250000       0.375000
      0.110553       0.440602       0.356617       0.021140       0.225975     -71.603800     -65.557897       0.250000       0.375000
      0.115578       0.440460       0.358192      -0.028273       0.313258      -9.833503      17.369784       0.250000       0.375000
      0.120603       0.439615       0.359593      -0.168035       0.278938     -27.813262      -6.829846       0.250000       0.375000
      0.125628       0.440771       0.361993       0.229944       0.477645      79.199706      39.543597       0.250000       0.375000
      0.130653       0.443266       0.364391       0.496471       0.477194      53.040173      -0.089709       0.250000       0.375000
      0.135678       0.444451       0.366485       0.235878       0.416678     -51.859295     -12.042941       0.250000       0.375000
      0.140704       0.445616       0.369297       0.231946       0.559625      -0.782341      28.447223       0.250000       0.375000
      0.145729       0.447106       0.370436       0.296516       0.226532      12.849678     -66.287187       0.250000       0.375000
      0.150754       0.446664       0.370171      -0.088043      -0.052644     -76.529140     -55.557474       0.250000       0.375000
      0.155779       0.446076       0.371563      -0.117064       0.276993      -5.775438      65.599388       0.250000       0.375000
      0.160804       0.447109       0.373843       0.205511       0.453810      64.194044      35.187432       0.250000       0.375000
      0.165829       0.448998       0.375622       0.376113       0.354048      33.950810     -19.853077       0.250000       0.375000
      0.170854       0.450275       0.377471       0.254106       0.367908     -24.279986       2.758161       0.250000       0.375000
      0.175879       0.450848       0.379218       0.113981       0.347640     -27.885656      -4.033323       0.250000       0.375000
      0.180905       0.451520       0.380808       0.133681       0.316511       3.920306      -6.194815       0.250000       0.375000
      0.185930       0.451673       0.381190       0.030456       0.075947     -20.542236     -47.873489       0.250000       0.375000
      0.190955       0.452005       0.381798       0.066093       0.121012       7.091890       8.968229       0.250000       0.375000
      0.195980       0.452643       0.384315       0.127003       0.500838      12.121385      75.587191       0.250000       0.375000
      0.201005       0.454185       0.387476       0.306785       0.629060      35.777655      25.516767       0.250000       0.375000
      0.206030       0.455720       0.390239       0.305576       0.549950      -0.240619     -15.743186       0.250000       0.375000
      0.211055       0.457700       0.391639       0.394034       0.278588      17.603502     -54.002450       0.250000       0.375000
      0.216080       0.458774       0.392340       0.213577       0.139449     -35.911695     -27.689350       0.250000       0.375000
      0.221106       0.459148       0.394136       0.074598       0.357435     -27.657554      43.380227       0.250000       0.375000
      0.226131       0.459931       0.396447       0.155823       0.459929      16.164137      20.396877       0.250000       0.375000
      0.231156       0.460373       0.397876       0.087901       0.284407     -13.516849     -34.929729       0.250000       0.375000
      0.236181       0.460255       0.400228      -0.023588       0.467903     -22.186791      36.516557       0.250000       0.375000
      0.241206       0.461005       0.403370       0.149426       0.625424      34.430582      31.347470       0.250000       0.375000
      0.246231       0.461358       0.405979       0.070061       0.519154     -15.794048     -21.148285       0.250000       0.375000
      0.251256       0.461006       0.408382      -0.070028       0.478093     -27.878372      -8.171169       0.250000       0.375000
      0.256281       0.462380       0.410146       0.273589       0.351089      68.381501     -25.274457       0.250000       0.375000
      0.261307       0.464188       0.412571       0.359797       0.482662      17.155709      26.183590       0.250000       0.375000
      0.266332       0.465223       0.414515       0.205944       0.386771     -30.617463     -19.082696       0.250000       0.375000
      0.271357       0.466155       0.415540       0.185489       0.203995      -4.070583     -36.373301       0.250000       0.375000
      0.276382       0.467070       0.417334       0.181961       0.357025      -0.702161      30.453657       0.250000       0.375000
      0.281407       0.467962       0.418946       0.177669       0.320741      -0.854129      -7.220783       0.250000       0.375000
      0.286432       0.467961       0.420754      -0.000337       0.359919     -35.423960       7.796640       0.250000       0.375000
      0.291457       0.467282       0.422840      -0.135127       0.415005     -26.823986      10.962347       0.250000       0.375000
      0.296482       0.467666       0.425620       0.076368       0.553276      42.088495      27.516772       0.250000       0.375000
      0.301508       0.469343       0.427749       0.333911       0.423831      51.252422     -25.760175       0.250000       0.375000
      0.306533       0.470454       0.429308       0.220917       0.310199     -22.486452     -22.613438       0.250000       0.375000
      0.311558       0.471420       0.430844       0.192273       0.305645      -5.700220      -0.906247       0.250000       0.375000
      0.316583       0.472069       0.432674       0.129309       0.364067     -12.530070      11.626161       0.250000       0.375000
      0.321608       0.473359       0.434536       0.256622       0.370657      25.335893       1.311487       0.250000       0.375000
      0.326633       0.474844       0.436689       0.295609       0.428398       7.758600      11.490769       0.250000       0.375000
      0.331658       0.476006       0.438877       0.231057       0.435447     -12.846105       1.402808       0.250000       0.375000
      0.336683       0.476750       0.440318       0.148150       0.286751     -16.498949     -29.591204       0.250000       0.375000
      0.341709       0.477288       0.440731       0.107165       0.082188      -8.156272     -40.709148       0.250000       0.375000
      0.346734       0.476566       0.441341      -0.143748       0.121511     -49.932954       7.825554       0.250000       0.375000
      0.351759       0.476417       0.442377      -0.029720       0.206056      22.692101      16.824891       0.250000       0.375000
      0.356784       0.477680       0.444171       0.251380       0.357131      55.940330      30.064635       0.250000       0.375000
      0.361809       0.479566       0.446971       0.375353       0.557078      24.671282      39.790485       0.250000       0.375000
      0.366834       0.480852       0.449854       0.255892       0.573746     -23.773350       3.316994       0.250000       0.375000
      0.371859       0.481375       0.452188       0.104143       0.464486     -30.198715     -21.743307       0.250000       0.375000
      0.376884       0.480358       0.453730      -0.202381       0.306820     -60.999875     -31.376296       0.250000       0.375000
      0.381910       0.479585       0.455306      -0.153939       0.313706       9.640205       1.370354       0.250000       0.375000
      0.386935       0.479223       0.457515      -0.072041       0.439623      16.298011      25.058030       0.250000       0.375000
      0.391960       0.478841       0.460185      -0.076070       0.531289      -0.801641      18.242092       0.250000       0.375000
      0.396985       0.479182       0.463848       0.068030       0.729011      28.676471      39.347702       0.250000       0.375000
      0.402010       0.479917       0.467011       0.146212       0.629408      15.558753     -19.821591       0.250000       0.375000
      0.407035       0.480088       0.470613       0.034038       0.716780     -22.323253      17.387523       0.250000       0.375000
      0.412060       0.479736       0.474961      -0.070157       0.865354     -20.735264      29.566940       0.250000       0.375000
      0.417085       0.478561       0.479663      -0.233767       0.935606     -32.559176      13.980572       0.250000       0.375000
      0.422111       0.476406       0.484778      -0.428864       1.017974     -38.825384      16.391646       0.250000       0.375000
      0.427136       0.473720       0.490249      -0.534442       1.088789     -21.010556      14.092495       0.250000       0.375000
      0.432161       0.469975       0.496613      -0.745313       1.266408     -41.964345      35.346938       0.250000       0.375000
      0.437186       0.465709       0.502542      -0.848931       1.179856     -20.620556     -17.224184       0.250000       0.375000
      0.442211       0.460492       0.508710      -1.038338       1.227531     -37.692920       9.487603       0.250000       0.375000
      0.447236       0.453283       0.515313      -1.434532       1.314133     -78.844579      17.234203       0.250000       0.375000
      0.452261       0.445777       0.521103      -1.493739       1.152129     -11.782494     -32.239695       0.250000       0.375000
      0.457286       0.437390       0.526937      -1.669024       1.161025     -34.882460       1.770349       0.250000       0.375000
      0.462312       0.428599       0.532300      -1.749394       1.067246     -15.994010     -18.662428       0.250000       0.375000
      0.467337       0.420534       0.536345      -1.605038       0.805026      28.727492     -52.182992       0.250000       0.375000
      0.472362       0.412868       0.539577      -1.525504       0.643098      15.827597     -32.224539       0.250000       0.375000
      0.477387       0.406663       0.541649      -1.234981       0.412480      57.815664     -45.894186       0.250000       0.375000
      0.482412       0.400801       0.542537      -1.166508       0.176712      13.626383     -46.918943       0.250000       0.375000
      0.487437       0.396096       0.541875      -0.936280      -0.131869      45.816605     -61.409179       0.250000       0.375000
      0.492462       0.393390       0.540095      -0.538490      -0.354226      79.162027     -44.250150       0.250000       0.375000
      0.497487       0.394209       0.536577       0.162991      -0.700087     139.598221     -68.828026       0.250000       0.375000
      0.502513       0.397542       0.532717       0.663297      -0.768048      99.563433     -13.524620       0.250000       0.375000
      0.507538       0.402854       0.529341       1.057040      -0.671882      78.356903      19.137555       0.250000       0.375000
      0.512563       0.409590       0.525956       1.340522      -0.673731      56.414182      -0.368099       0.250000       0.375000
      0.517588       0.417220       0.522299       1.518401      -0.727659      35.398841     -10.731928       0.250000       0.375000
      0.522613       0.426177       0.519320       1.782379      -0.592931      52.532967      26.811573       0.250000       0.375000
      0.527638       0.435621       0.517165       1.879455      -0.428703      19.318593      32.682331       0.250000       0.375000
      0.532663       0.444916       0.515527       1.849696      -0.326010      -5.922137      20.436357       0.250000       0.375000
      0.537688       0.453978       0.514346       1.803504      -0.235155      -9.192395      18.080516       0.250000       0.375000
      0.542714       0.462607       0.513893       1.717141      -0.089998     -17.186720      28.886972       0.250000       0.375000
      0.547739       0.470264       0.514561       1.523780       0.132790     -38.479748      44.336001       0.250000       0.375000
      0.552764       0.477483       0.515685       1.436691       0.223798     -17.331161      18.111055       0.250000       0.375000
      0.557789       0.484366       0.517370       1.369714       0.335340     -13.328737      22.197437       0.250000       0.375000
      0.562814       0.490828       0.519369       1.285886       0.397731     -16.682378      12.416076       0.250000       0.375000
      0.567839       0.495374       0.521286       0.904688       0.381442     -75.860163      -3.241655       0.250000       0.375000
      0.572864       0.499181       0.523190       0.757661       0.379011     -29.259062      -0.483747       0.250000       0.375000
      0.577889       0.502253       0.525289       0.611397       0.417610     -29.107323       7.681473       0.250000       0.375000
      0.582915       0.505419       0.527485       0.630053       0.437113       3.712602       3.881189       0.250000       0.375000
      0.587940       0.507958       0.530003       0.505187       0.501109     -24.848916      12.735410       0.250000       0.375000
      0.592965       0.510643       0.532319       0.534471       0.460774       5.827713      -8.026834       0.250000       0.375000
      0.597990       0.513114       0.534500       0.491733       0.434026      -8.505063      -5.322962       0.250000       0.375000
      0.603015       0.515117       0.536889       0.398604       0.475439     -18.533258       8.241291       0.250000       0.375000
      0.608040       0.516911       0.539185       0.356859       0.457021      -8.307445      -3.665193       0.250000       0.375000
      0.613065       0.518210       0.541047       0.258498       0.370487     -19.574222     -17.220662       0.250000       0.375000
      0.618090       0.519051       0.542864       0.167368       0.361588     -18.135473      -1.770943       0.250000       0.375000
      0.623116       0.520094       0.544421       0.207586       0.309802       8.003585     -10.305668       0.250000       0.375000
      0.628141       0.521185       0.546410       0.217193       0.395923       1.911926      17.138539       0.250000       0.375000
      0.633166       0.522037       0.548574       0.169553       0.430601      -9.480577       6.900936       0.250000       0.375000
      0.638191       0.522548       0.550348       0.101714       0.353013     -13.500292     -15.440265       0.250000       0.375000
      0.643216       0.522838       0.552063       0.057710       0.341301      -8.757153      -2.330799       0.250000       0.375000
      0.648241       0.523347       0.553868       0.101206       0.359274       8.655998       3.576779       0.250000       0.375000
      0.653266       0.523686       0.555591       0.067479       0.342886      -6.711803      -3.261434       0.250000       0.375000
      0.658291       0.524157       0.557468       0.093856       0.373471       5.249178       6.086701       0.250000       0.375000
      0.663317       0.524553       0.559202       0.078799       0.345183      -2.996420      -5.629460       0.250000       0.375000
      0.668342       0.524795       0.561052       0.048109       0.368014      -6.107450       4.543375       0.250000       0.375000
      0.673367       0.525204       0.562956       0.081448       0.378913       6.634506       2.169092       0.250000       0.375000
      0.678392       0.525906       0.564915       0.139645       0.389965      11.581539       2.199347       0.250000       0.375000
      0.683417       0.526854       0.566634       0.188653       0.342014       9.752835      -9.542420       0.250000       0.375000
      0.688442       0.527955       0.568433       0.219166       0.357940       6.072229       3.169185       0.250000       0.375000
      0.693467       0.529051       0.570156       0.217942       0.342889      -0.243590      -2.995075       0.250000       0.375000
      0.698492       0.529915       0.572011       0.172045       0.369242      -9.133796       5.244315       0.250000       0.375000
      0.703518       0.530661       0.573725       0.148437       0.341136      -4.698075      -5.593153       0.250000       0.375000
      0.708543       0.531652       0.575518       0.197177       0.356847       9.699631       3.126501       0.250000       0.375000
      0.713568       0.532858       0.577417       0.240055       0.377862       8.532913       4.182010       0.250000       0.375000
      0.718593       0.534064       0.579354       0.239978       0.385501      -0.015370       1.520269       0.250000       0.375000
      0.723618       0.535519       0.581182       0.289605       0.363774       9.875959      -4.323815       0.250000       0.375000
      0.728643       0.536763       0.582779       0.247427       0.317827      -8.393653      -9.143712       0.250000       0.375000
      0.733668       0.537661       0.584192       0.178715       0.281204     -13.674025      -7.288163       0.250000       0.375000
      0.738693       0.538153       0.585780       0.097945       0.315890     -16.073491       6.902676       0.250000       0.375000
      0.743719       0.538493       0.587539       0.067640       0.350084      -6.030870       6.804834       0.250000       0.375000
      0.748744       0.538746       0.589419       0.050439       0.374197      -3.423135       4.798548       0.250000       0.375000
      0.753769       0.539040       0.591490       0.058472       0.412123       1.598681       7.547502       0.250000       0.375000
      0.758794       0.539236       0.593621       0.038987       0.424081      -3.877619       2.379832       0.250000       0.375000
      0.763819       0.539768       0.595612       0.105973       0.396224      13.330580      -5.543678       0.250000       0.375000
      0.768844       0.540488       0.597566       0.143282       0.388797       7.424676      -1.478075       0.250000       0.375000
      0.773869       0.541166       0.599585       0.134846       0.401892      -1.678925       2.605966       0.250000       0.375000
      0.778894       0.541907       0.601705       0.147545       0.421754       2.527186       3.952585       0.250000       0.375000
      0.783920       0.542703       0.603961       0.158354       0.449089       2.150986       5.439917       0.250000       0.375000
      0.788945       0.543499       0.606218       0.158355       0.448969       0.000262      -0.023892       0.250000       0.375000
      0.793970       0.544476       0.608416       0.194467       0.437502       7.186516      -2.282035       0.250000       0.375000
      0.798995       0.545521       0.610403       0.207954       0.395517       2.683893      -8.355194       0.250000       0.375000
      0.804020       0.546617       0.612380       0.218041       0.393386       2.007380      -0.424078       0.250000       0.375000
      0.809045       0.547690       0.614263       0.213626       0.374716      -0.878579      -3.715547       0.250000       0.375000
      0.814070       0.548733       0.616165       0.207445       0.378501      -1.230069       0.753320       0.250000       0.375000
      0.819095       0.549605       0.617784       0.173696       0.322119      -6.716274     -11.220292       0.250000       0.375000
      0.824121       0.550178       0.619542       0.113998       0.349961     -11.880214       5.540592       0.250000       0.375000
      0.829146       0.550645       0.621394       0.092932       0.368497      -4.192076       3.688929       0.250000       0.375000
      0.834171       0.551069       0.623199       0.084418       0.359235      -1.694305      -1.843290       0.250000       0.375000
      0.839196       0.551774       0.624999       0.140295       0.358095      11.119670      -0.226823       0.250000       0.375000
      0.844221       0.552615       0.626706       0.167304       0.339806       5.374946      -3.639718       0.250000       0.375000
      0.849246       0.553668       0.628539       0.209607       0.364838       8.418467       4.981587       0.250000       0.375000
      0.854271       0.554751       0.630427       0.215419       0.375571       1.156671       2.135927       0.250000       0.375000
      0.859296       0.555652       0.632335       0.179302       0.379702      -7.187439       0.822150       0.250000       0.375000
      0.864322       0.556575       0.634244       0.183765       0.379978       0.888073       0.054861       0.250000       0.375000
      0.869347       0.557325       0.636056       0.149154       0.360631      -6.887684      -3.850172       0.250000       0.375000
      0.874372       0.557999       0.638004       0.134235       0.387679      -2.969043       5.382762       0.250000       0.375000
      0.879397       0.558408       0.639839       0.081379       0.365080     -10.518470      -4.497331       0.250000       0.375000
      0.884422       0.558809       0.641645       0.079683       0.359370      -0.337518      -1.136298       0.250000       0.375000
      0.889447       0.559147       0.643288       0.067397       0.327108      -2.444978      -6.420433       0.250000       0.375000
      0.894472       0.559545       0.645122       0.079222       0.364796       2.353130       7.500067       0.250000       0.375000
      0.899497       0.560138       0.646927       0.117984       0.359269       7.713962      -1.099892       0.250000       0.375000
      0.904523       0.560864       0.648692       0.144404       0.351355       5.257632      -1.574921       0.250000       0.375000
      0.909548       0.561581       0.650499       0.142623       0.359427      -0.354411       1.606463       0.250000       0.375000
      0.914573       0.562152       0.652466       0.113705       0.391541      -5.754803       6.390773       0.250000       0.375000
      0.919598       0.562634       0.654337       0.095995       0.372241      -3.524513      -3.840712       0.250000       0.375000
      0.924623       0.563183       0.656268       0.109214       0.384411       2.630775       2.421804       0.250000       0.375000
      0.929648       0.563682       0.658303       0.099327       0.404966      -1.967659       4.090595       0.250000       0.375000
      0.934673       0.564319       0.660381       0.126697       0.413476       5.446885       1.693490       0.250000       0.375000
      0.939698       0.565027       0.662478       0.140846       0.417406       2.815680       0.782195       0.250000       0.375000
      0.944724       0.565826       0.664545       0.158998       0.411189       3.612388      -1.237292       0.250000       0.375000
      0.949749       0.566663       0.666455       0.166547       0.380266       1.502169      -6.153783       0.250000       0.375000
      0.954774       0.567561       0.668296       0.178716       0.366276       2.421727      -2.784115       0.250000       0.375000
      0.959799       0.568468       0.670082       0.180485       0.355462       0.351970      -2.152061       0.250000       0.375000
      0.964824       0.569305       0.671811       0.166718       0.344086      -2.739708      -2.263935       0.250000       0.375000
      0.969849       0.570149       0.673584       0.167934       0.352766       0.242016       1.727513       0.250000       0.375000
      0.974874       0.570850       0.675196       0.139421       0.320803      -5.674194      -6.360873       0.250000       0.375000
      0.979899       0.571552       0.676702       0.139748       0.299735       0.065198      -4.192518       0.250000       0.375000
      0.984925       0.572109       0.677992       0.110891       0.256662      -5.742788      -8.571770       0.250000       0.375000
      0.989950       0.572545       0.679232       0.086686       0.246745      -4.816899      -1.973575       0.250000       0.375000
      0.994975       0.573039       0.680469       0.098359       0.246327       2.322900      -0.083143       0.250000       0.375000
      1.000000       0.573476       0.681573       0.086949       0.219678      -2.270486      -5.303356       0.250000       0.375000
      1.005025       0.574001       0.682535       0.104515       0.191454       3.495730      -5.616775       0.250000       0.375000
      1.010050       0.574474       0.683420       0.094104       0.175973      -2.071901      -3.080726       0.250000       0.375000
      1.015075       0.574974       0.684270       0.099540       0.169190       1.081718      -1.349940       0.250000       0.375000
      1.020100       0.575426       0.685063       0.089928       0.157883      -1.912747      -2.249993       0.250000       0.375000
      1.025125       0.575850       0.685665       0.084315       0.119802      -1.117034      -7.578407       0.250000       0.375000
      1.030150       0.576205       0.686163       0.070664       0.099072      -2.716665      -4.125361       0.250000       0.375000
      1.035175       0.576662       0.686528       0.090906       0.072536       4.028293      -5.280730       0.250000       0.375000
      1.040200       0.577151       0.686678       0.097455       0.029992       1.303285      -8.466605       0.250000       0.375000
      1.045225       0.577563       0.686798       0.081907       0.023871      -3.094160      -1.217984       0.250000       0.375000
      1.050250       0.577756       0.686738       0.038515      -0.012013      -8.635206      -7.141107       0.250000       0.375000
      1.055275       0.577918       0.686597       0.032118      -0.027991      -1.273005      -3.179753       0.250000       0.375000
      1.060300       0.577948       0.686446       0.006033      -0.030149      -5.190987      -0.429435       0.250000       0.375000
      1.065325       0.577885       0.686250      -0.012544      -0.038948      -3.696983      -1.751086       0.250000       0.375000
      1.070350       0.577813       0.686066      -0.014369      -0.036614      -0.363178       0.464454       0.250000       0.375000
      1.075375       0.577692       0.685854      -0.024076      -0.042274      -1.931738      -1.126383       0.250000       0.375000
      1.080400       0.577582       0.685651      -0.021942      -0.040350       0.424580       0.382987       0.250000       0.375000
      1.085425       0.577512       0.685454      -0.013893      -0.039079       1.601936       0.252909       0.250000       0.375000
      1.090450       0.577418       0.685266      -0.018718      -0.037404      -0.960220       0.333398       0.250000       0.375000
      1.095475       0.577433       0.685098       0.002918      -0.033468       4.305694       0.783157       0.250000       0.375000
      1.100500       0.577336       0.684950      -0.019292      -0.029481      -4.419917       0.793586       0.250000       0.375000
      1.105525       0.577308       0.684919      -0.005494      -0.006157       2.745708       4.641588       0.250000       0.375000
      1.110550       0.577287       0.684883      -0.004188      -0.007101       0.259978      -0.187947       0.250000       0.375000
      1.115575       0.577239       0.684807      -0.009444      -0.015164      -1.046029      -1.604582       0.250000       0.375000
      1.120600       0.577162       0.684711      -0.015322      -0.019122      -1.169763      -0.787700       0.250000       0.375000
      1.125625       0.577068       0.684668      -0.018757      -0.008693      -0.683499       2.075460       0.250000       0.375000
      1.130650       0.576938       0.684604      -0.025865      -0.012565      -1.414579      -0.770557       0.250000       0.375000
      1.135675       0.576835       0.684644      -0.020612       0.007843       1.045508       4.061417       0.250000       0.375000
      1.140700       0.576650       0.684684      -0.036664       0.008009      -3.194592       0.032940       0.250000       0.375000
      1.145725       0.576459       0.684761      -0.038013       0.015248      -0.268329       1.440659       0.250000       0.375000
      1.150750       0.576253       0.684889      -0.041040       0.025617      -0.602424       2.063469       0.250000       0.375000
      1.155775       0.576086       0.685068      -0.033364       0.035455       1.527542       1.957798       0.250000       0.375000
      1.160800       0.575965       0.685214      -0.023916       0.029150       1.880268      -1.254807       0.250000       0.375000
      1.165825       0.576039       0.685281       0.014573       0.013370       7.659536      -3.140321       0.250000       0.375000
      1.170850       0.576161       0.685332       0.024432       0.010086       1.961888      -0.653462       0.250000       0.375000
      1.175875       0.576336       0.685305       0.034717      -0.005383       2.046797      -3.078421       0.250000       0.375000
      1.180900       0.576513       0.685253       0.035340      -0.010329       0.123921      -0.984290       0.250000       0.375000
      1.185925       0.576675       0.685171       0.032110      -0.016327      -0.642761      -1.193644       0.250000       0.375000
      1.190950       0.576792       0.685129       0.023321      -0.008249      -1.749059       1.607687       0.250000       0.375000
      1.195975       0.576843       0.685111       0.010089      -0.003691      -2.633304       0.907023       0.250000       0.375000
      1.201000       0.576791       0.685017      -0.010315      -0.018695      -4.060369      -2.985839       0.250000       0.375000
      1.206025       0.576682       0.684871      -0.021580      -0.029143      -2.241927      -2.079299       0.250000       0.375000
      1.211050       0.576570       0.684764      -0.022350      -0.021253      -0.153226       1.570196       0.250000       0.375000
      1.216075       0.576526       0.684685      -0.008779      -0.015682       2.700843       1.108522       0.250000       0.375000
      1.221100       0.576510       0.684585      -0.003248      -0.019913       1.100707      -0.841823       0.250000       0.375000
      1.226125       0.576508       0.684538      -0.000307      -0.009293       0.585291       2.113340       0.250000       0.375000
      1.231150       0.576552       0.684558       0.008640       0.003916       1.780508       2.628590       0.250000       0.375000
      1.236175       0.576595       0.684572       0.008599       0.002858      -0.008183      -0.210434       0.250000       0.375000
      1.241200       0.576656       0.684599       0.012119       0.005336       0.700431       0.493039       0.250000       0.375000
      1.246225       0.576641       0.684650      -0.002842       0.010187      -2.977292       0.965391       0.250000       0.375000
      1.251250       0.576677       0.684689       0.007161       0.007747       1.990526      -0.485441       0.250000       0.375000
      1.256275       0.576736       0.684702       0.011636       0.002570       0.890580      -1.030396       0.250000       0.375000
      1.261300       0.576771       0.684685       0.007043      -0.003457      -0.913990      -1.199302       0.250000       0.375000
      1.266325       0.576821       0.684706       0.009879       0.004340       0.564329       1.551644       0.250000       0.375000
      1.271350       0.576851       0.684747       0.006022       0.008003      -0.767451       0.728935       0.250000       0.375000
      1.276375       0.576879       0.684750       0.005476       0.000745      -0.108734      -1.444337       0.250000       0.375000
      1.281400       0.576886       0.684764       0.001512       0.002627      -0.788889       0.374419       0.250000       0.375000
      1.286425       0.576877       0.684742      -0.001798      -0.004376      -0.658541      -1.393589       0.250000       0.375000
      1.291450       0.576847       0.684725      -0.005919      -0.003368      -0.820124       0.200593       0.250000       0.375000
      1.296475       0.576861       0.684711       0.002708      -0.002810       1.716694       0.111123       0.250000       0.375000
      1.301500       0.576884       0.684718       0.004498       0.001561       0.356302       0.869696       0.250000       0.375000
      1.306525       0.576941       0.684765       0.011332       0.009249       1.359952       1.530016       0.250000       0.375000
      1.311550       0.577013       0.684810       0.014426       0.008889       0.615685      -0.071563       0.250000       0.375000
      1.316575       0.577088       0.684875       0.014905       0.013055       0.095417       0.829027       0.250000       0.375000
      1.321600       0.577088       0.684943      -0.000024       0.013396      -2.971013       0.067756       0.250000       0.375000
      1.326625       0.577112       0.685029       0.004748       0.017165       0.949678       0.750159       0.250000       0.375000
      1.331650       0.577130       0.685143       0.003697       0.022792      -0.209149       1.119800       0.250000       0.375000
      1.336675       0.577129       0.685238      -0.000201       0.018772      -0.775637      -0.800121       0.250000       0.375000
      1.341700       0.577112       0.685307      -0.003462       0.013897      -0.649046      -0.969958       0.250000       0.375000
      1.346725       0.577090       0.685375      -0.004383       0.013346      -0.183258      -0.109722       0.250000       0.375000
      1.351750       0.577033       0.685400      -0.011396       0.005076      -1.395674      -1.645779       0.250000       0.375000
      1.356775       0.577010       0.685370      -0.004523      -0.005927       1.367824      -2.189715       0.250000       0.375000
      1.361800       0.576978       0.685326      -0.006420      -0.008842      -0.377581      -0.580085       0.250000       0.375000
      1.366825       0.576931       0.685310      -0.009312      -0.003176      -0.575568       1.127560       0.250000       0.375000
      1.371850       0.576887       0.685315      -0.008762       0.001037       0.109585       0.838397       0.250000       0.375000
      1.376875       0.576858       0.685315      -0.005656      -0.000065       0.618005      -0.219312       0.250000       0.375000
      1.381900       0.576830       0.685310      -0.005652      -0.000960       0.000838      -0.178144       0.250000       0.375000
      1.386925       0.576816       0.685308      -0.002711      -0.000476       0.585184       0.096450       0.250000       0.375000
      1.391950       0.576766       0.685277      -0.010000      -0.006150      -1.450452      -1.129218       0.250000       0.375000
      1.396975       0.576718       0.685208      -0.009562      -0.013605       0.087079      -1.483570       0.250000       0.375000
      1.402000       0.576686       0.685118      -0.006352      -0.018052       0.638821      -0.885035       0.250000       0.375000
      1.407025       0.576678       0.685014      -0.001631      -0.020692       0.939606      -0.525302       0.250000       0.375000
      1.412050       0.576655       0.684937      -0.004640      -0.015177      -0.598905       1.097459       0.250000       0.375000
      1.417075       0.576593       0.684876      -0.012194      -0.012245      -1.503193       0.583565       0.250000       0.375000
      1.422100       0.576544       0.684854      -0.009829      -0.004339       0.470704       1.573264       0.250000       0.375000
      1.427125       0.576492       0.684883      -0.010289       0.005803      -0.091560       2.018343       0.250000       0.375000
      1.432150       0.576449       0.684920      -0.008693       0.007269       0.317579       0.291684       0.250000       0.375000
      1.437175       0.576416       0.684950      -0.006511       0.006097       0.434190      -0.233107       0.250000       0.375000
      1.442200       0.576393       0.684990      -0.004559       0.007872       0.388569       0.353197       0.250000       0.375000
      1.447225       0.576366       0.685052      -0.005326       0.012313      -0.152789       0.883655       0.250000       0.375000
      1.452250       0.576320       0.685140      -0.009128       0.017482      -0.756598       1.028728       0.250000       0.375000
      1.457275       0.576256       0.685259      -0.012736       0.023674      -0.718040       1.232241       0.250000       0.375000
      1.462300       0.576207       0.685370      -0.009728       0.022241       0.598621      -0.285203       0.250000       0.375000
      1.467325       0.576157       0.685472      -0.010115       0.020153      -0.077063      -0.415467       0.250000       0.375000
      1.472350       0.576107       0.685562      -0.009836       0.017955       0.055530      -0.437415       0.250000       0.375000
      1.477375       0.576051       0.685681      -0.011224       0.023718      -0.276059       1.146951       0.250000       0.375000
      1.482400       0.576018       0.685790      -0.006445       0.021784       0.950977      -0.385044       0.250000       0.375000
      1.487425       0.575995       0.685882      -0.004718       0.018220       0.343586      -0.709229       0.250000       0.375000
      1.492450       0.576007       0.685969       0.002384       0.017348       1.413348      -0.173575       0.250000       0.375000
      1.497475       0.576006       0.686058      -0.000194       0.017750      -0.512908       0.080077       0.250000       0.375000
      1.502500       0.576015       0.686142       0.001878       0.016691       0.412205      -0.210764       0.250000       0.375000
