      0.000000       0.426299       0.316161       0.000000       0.000000       0.000000       0.000000       0.250000       0.875000
      0.005025       0.423510       0.318090      -0.555084       0.383961    -110.464412      76.410185       0.250000       0.875000
      0.010050       0.422506       0.319471      -0.199684       0.274843      70.726279     -21.715049       0.250000       0.875000
      0.015075       0.424440       0.319951       0.384928       0.095560     116.340809     -35.678146       0.250000       0.875000
      0.020101       0.425465       0.321826       0.203914       0.373030     -36.022775      55.217753       0.250000       0.875000
      0.025126       0.427627       0.324403       0.430251       0.512933      45.042180      27.841384       0.250000       0.875000
      0.030151       0.429458       0.327810       0.364351       0.678003     -13.114407      32.849847       0.250000       0.875000
      0.035176       0.430218       0.328295       0.151269       0.096491     -42.404473    -115.723770       0.250000       0.875000
      0.040201       0.429435       0.329717      -0.155800       0.282942     -61.108148      37.104617       0.250000       0.875000
      0.045226       0.428960       0.331637      -0.094573       0.381989      12.184467      19.710851       0.250000       0.875000
      0.050251       0.431714       0.333022       0.548047       0.275637     127.884566     -21.164582       0.250000       0.875000
      0.055276       0.435859       0.333519       0.824889       0.099069      55.092880     -35.137849       0.250000       0.875000
      0.060302       0.435612       0.335920      -0.049124       0.477828    -173.932835      75.374840       0.250000       0.875000
      0.065327       0.433885       0.338833      -0.343667       0.579544     -58.615672      20.242148       0.250000       0.875000
      0.070352       0.431715       0.341919      -0.431890       0.614239     -17.556638       6.904374       0.250000       0.875000
      0.075377       0.433900       0.343405       0.434877       0.295595     172.490918     -63.411800       0.250000       0.875000
      0.080402       0.436991       0.344827       0.615173       0.283116      35.879663      -2.483295       0.250000       0.875000
      0.085427       0.437919       0.347169       0.184570       0.466021     -85.691993      36.398939       0.250000       0.875000
      0.090452       0.438360       0.348082       0.087828       0.181666     -19.252202     -56.587936       0.250000       0.875000
      0.095477       0.437312       0.350121      -0.208709       0.405794     -59.012248      44.602505       0.250000       0.875000
      0.100503       0.437260       0.352231      -0.010322       0.419835      39.479941       2.794279       0.250000       0.875000
      0.105528       0.439628       0.352798       0.471353       0.112874      95.855641     -61.086711       0.250000       0.875000
      0.110553       0.440879       0.354932       0.249003       0.424616     -44.248671      62.038162       0.250000       0.875000
      0.115578       0.441597       0.356750       0.142884       0.361776     -21.118213     -12.505475       0.250000       0.875000
      0.120603       0.442241       0.357761       0.128049       0.201257      -2.952355     -31.944173       0.250000       0.875000
      0.125628       0.443692       0.360371       0.288747       0.519339      31.979744      63.300044       0.250000       0.875000
      0.130653       0.444346       0.362577       0.130264       0.439113     -31.538852     -15.965561       0.250000       0.875000
      0.135678       0.444858       0.363966       0.101845       0.276326      -5.655531     -32.395346       0.250000       0.875000
      0.140704       0.445169       0.366132       0.061851       0.431066      -7.958979      30.794065       0.250000       0.875000
      0.145729       0.445095       0.368554      -0.014667       0.482115     -15.227510      10.159071       0.250000       0.875000
      0.150754       0.445491       0.371375       0.078736       0.561293      18.587755      15.756727       0.250000       0.875000
      0.155779       0.445104       0.374198      -0.077027       0.561869     -30.997654       0.114601       0.250000       0.875000
      0.160804       0.443609       0.375314      -0.297424       0.222139     -43.860055     -67.607856       0.250000       0.875000
      0.165829       0.444998       0.376432       0.276303       0.222349     114.174437       0.041741       0.250000       0.875000
      0.170854       0.447098       0.377577       0.417884       0.227927      28.175353       1.109999       0.250000       0.875000
      0.175879       0.448807       0.378922       0.340187       0.267609     -15.462154       7.896872       0.250000       0.875000
      0.180905       0.449366       0.380050       0.111176       0.224609     -45.574242      -8.557081       0.250000       0.875000
      0.185930       0.450135       0.382899       0.153026       0.566800       8.328391      68.097676       0.250000       0.875000
      0.190955       0.451483       0.385308       0.268413       0.479377      22.962454     -17.397560       0.250000       0.875000
      0.195980       0.452558       0.386855       0.213767       0.307963     -10.874694     -34.112273       0.250000       0.875000
      0.201005       0.453547       0.388347       0.196867       0.297004      -3.363245      -2.180912       0.250000       0.875000
      0.206030       0.453900       0.389640       0.070355       0.257214     -25.176467      -7.918396       0.250000       0.875000
      0.211055       0.455220       0.392117       0.262637       0.492856      38.265078      46.893965       0.250000       0.875000
      0.216080       0.455112       0.393355      -0.021615       0.246394     -56.567680     -49.047168       0.250000       0.875000
      0.221106       0.454603       0.395284      -0.101234       0.383970     -15.844493      27.378246       0.250000       0.875000
      0.226131       0.456375       0.397999       0.352708       0.540341      90.336745      31.118577       0.250000       0.875000
      0.231156       0.458284       0.401275       0.379890       0.651959       5.409354      22.212496       0.250000       0.875000
      0.236181       0.460293       0.404905       0.399749       0.722268       3.951902      13.991902       0.250000       0.875000
      0.241206       0.462039       0.408071       0.347516       0.630127     -10.394502     -18.336612       0.250000       0.875000
      0.246231       0.463889       0.409856       0.368176       0.355118       4.111305     -54.728069       0.250000       0.875000
      0.251256       0.464820       0.409839       0.185184      -0.003330     -36.416212     -71.332906       0.250000       0.875000
      0.256281       0.465128       0.410613       0.061255       0.153976     -24.662411      31.304714       0.250000       0.875000
      0.261307       0.465563       0.412403       0.086564       0.356222       5.036541      40.247905       0.250000       0.875000
      0.266332       0.466010       0.414604       0.088957       0.438076       0.476136      16.289251       0.250000       0.875000
      0.271357       0.465764       0.415771      -0.048891       0.232154     -27.432358     -40.979500       0.250000       0.875000
      0.276382       0.467458       0.416990       0.337211       0.242658      76.836209       2.090389       0.250000       0.875000
      0.281407       0.469685       0.418638       0.443161       0.328021      21.084672      16.987755       0.250000       0.875000
      0.286432       0.470562       0.419878       0.174389       0.246743     -53.486985     -16.174716       0.250000       0.875000
      0.291457       0.471027       0.421210       0.092565       0.265072     -16.283423       3.647450       0.250000       0.875000
      0.296482       0.470889       0.422986      -0.027501       0.353405     -23.893820      17.578757       0.250000       0.875000
      0.301508       0.470120       0.425090      -0.152862       0.418795     -24.947309      13.012956       0.250000       0.875000
      0.306533       0.469791       0.428216      -0.065610       0.621936      17.363441      40.426108       0.250000       0.875000
      0.311558       0.470060       0.431086       0.053500       0.571167      23.703460     -10.103245       0.250000       0.875000
      0.316583       0.470690       0.433555       0.125437       0.491349      14.315822     -15.884175       0.250000       0.875000
      0.321608       0.471283       0.435376       0.118037       0.362465      -1.472480     -25.648562       0.250000       0.875000
      0.326633       0.472298       0.438076       0.202053       0.537197      16.719545      34.772511       0.250000       0.875000
      0.331658       0.473433       0.439657       0.225847       0.314738       4.735048     -44.270481       0.250000       0.875000
      0.336683       0.474039       0.441252       0.120613       0.317276     -20.941988       0.505062       0.250000       0.875000
      0.341709       0.474112       0.443324       0.014411       0.412416     -21.134820      18.933333       0.250000       0.875000
      0.346734       0.474133       0.445510       0.004150       0.435092      -2.041981       4.512696       0.250000       0.875000
      0.351759       0.473744       0.448116      -0.077235       0.518600     -16.195916      16.618501       0.250000       0.875000
      0.356784       0.474503       0.450550       0.150982       0.484414      45.416249      -6.803274       0.250000       0.875000
      0.361809       0.475265       0.452897       0.151587       0.467044       0.120313      -3.456721       0.250000       0.875000
      0.366834       0.475587       0.455036       0.064166       0.425608     -17.397088      -8.245844       0.250000       0.875000
      0.371859       0.475440       0.457030      -0.029264       0.396839     -18.593024      -5.725327       0.250000       0.875000
      0.376884       0.474768       0.459823      -0.133702       0.555759     -20.783780      31.625849       0.250000       0.875000
      0.381910       0.472910       0.463562      -0.369886       0.744132     -47.001665      37.487330       0.250000       0.875000
      0.386935       0.471825       0.467021      -0.215881       0.688381      30.647581     -11.094719       0.250000       0.875000
      0.391960       0.471449       0.470301      -0.074884       0.652706      28.059174      -7.099604       0.250000       0.875000
      0.396985       0.470722       0.473915      -0.144648       0.719104     -13.883432      13.213542       0.250000       0.875000
      0.402010       0.469042       0.477636      -0.334242       0.740577     -37.730096       4.273248       0.250000       0.875000
      0.407035       0.466140       0.482197      -0.577488       0.907740     -48.407092      33.266288       0.250000       0.875000
      0.412060       0.462419       0.487192      -0.740487       0.993948     -32.437582      17.155702       0.250000       0.875000
      0.417085       0.458223       0.492751      -0.835042       1.106194     -18.816960      22.337640       0.250000       0.875000
      0.422111       0.453711       0.498039      -0.897982       1.052364     -12.525475     -10.712586       0.250000       0.875000
      0.427136       0.448580       0.503422      -1.021118       1.071339     -24.504645       3.776228       0.250000       0.875000
      0.432161       0.443651       0.508709      -0.980786       1.052188       8.026339      -3.811230       0.250000       0.875000
      0.437186       0.438110       0.513797      -1.102805       1.012491     -24.282403      -7.899774       0.250000       0.875000
      0.442211       0.432412       0.518903      -1.133930       1.016110      -6.194017       0.720104       0.250000       0.875000
      0.447236       0.426012       0.523586      -1.273529       0.931868     -27.780943     -16.764543       0.250000       0.875000
      0.452261       0.419553       0.528209      -1.285504       0.920013      -2.383152      -2.359252       0.250000       0.875000
      0.457286       0.413183       0.532175      -1.267545       0.789251       3.574057     -26.022191       0.250000       0.875000
      0.462312       0.407867       0.535297      -1.057903       0.621303      41.719697     -33.422602       0.250000       0.875000
      0.467337       0.402742       0.537818      -1.019955       0.501707       7.551994     -23.800102       0.250000       0.875000
      0.472362       0.399032       0.539187      -0.738372       0.272501      56.036276     -45.613102       0.250000       0.875000
      0.477387       0.396006       0.540532      -0.602131       0.267609      27.112721      -0.973655       0.250000       0.875000
      0.482412       0.393859       0.541657      -0.427200       0.223858      34.812129      -8.706519       0.250000       0.875000
      0.487437       0.392764       0.542067      -0.217901       0.081546      41.651539     -28.320917       0.250000       0.875000
      0.492462       0.391865       0.541548      -0.179041      -0.103271       7.733278     -36.779496       0.250000       0.875000
      0.497487       0.391795       0.540455      -0.013959      -0.217490      32.852193     -22.730096       0.250000       0.875000
      0.502513       0.392713       0.538795       0.182808      -0.330298      39.157644     -22.449445       0.250000       0.875000
      0.507538       0.394720       0.536589       0.399336      -0.438978      43.090109     -21.627735       0.250000       0.875000
      0.512563       0.398101       0.534292       0.672867      -0.457186      54.434007      -3.623515       0.250000       0.875000
      0.517588       0.402164       0.531939       0.808608      -0.468230      27.013227      -2.197843       0.250000       0.875000
      0.522613       0.407493       0.530111       1.060465      -0.363689      50.120772      20.804260       0.250000       0.875000
      0.527638       0.413918       0.528419       1.278546      -0.336832      43.399107       5.344525       0.250000       0.875000
      0.532663       0.421826       0.526487       1.573734      -0.384385      58.743944      -9.463270       0.250000       0.875000
      0.537688       0.430244       0.525165       1.675290      -0.263052      20.210199      24.145987       0.250000       0.875000
      0.542714       0.438023       0.524373       1.548025      -0.157669     -25.326491      20.971747       0.250000       0.875000
      0.547739       0.445834       0.524008       1.554487      -0.072582       1.285955      16.932596       0.250000       0.875000
      0.552764       0.453564       0.524173       1.538174       0.032672      -3.246274      20.946195       0.250000       0.875000
      0.557789       0.460719       0.524865       1.423980       0.137754     -22.725134      20.911885       0.250000       0.875000
      0.562814       0.468132       0.525892       1.475175       0.204483      10.187944      13.279381       0.250000       0.875000
      0.567839       0.474990       0.527299       1.364885       0.279870     -21.948316      15.002362       0.250000       0.875000
      0.572864       0.480912       0.528291       1.178460       0.197481     -37.099454     -16.395955       0.250000       0.875000
      0.577889       0.486183       0.529276       1.048866       0.196005     -25.789881      -0.293597       0.250000       0.875000
      0.582915       0.491435       0.530406       1.045344       0.224940      -0.700853       5.758255       0.250000       0.875000
      0.587940       0.496601       0.532264       1.028031       0.369603      -3.445348      28.788645       0.250000       0.875000
      0.592965       0.501102       0.534009       0.895592       0.347292     -26.355917      -4.440008       0.250000       0.875000
      0.597990       0.504493       0.535642       0.674866       0.325091     -43.925587      -4.418117       0.250000       0.875000
      0.603015       0.507023       0.537081       0.503543       0.286297     -34.094124      -7.720180       0.250000       0.875000
      0.608040       0.509258       0.539063       0.444774       0.394380     -11.695429      21.508969       0.250000       0.875000
      0.613065       0.511072       0.541196       0.360911       0.424571     -16.689137       6.008181       0.250000       0.875000
      0.618090       0.513253       0.543161       0.434166       0.391004      14.578060      -6.680090       0.250000       0.875000
      0.623116       0.515488       0.545012       0.444676       0.368303       2.091601      -4.517623       0.250000       0.875000
      0.628141       0.517504       0.546452       0.401295       0.286610      -8.632991     -16.257185       0.250000       0.875000
      0.633166       0.519085       0.548245       0.314498       0.356918     -17.273120      13.991695       0.250000       0.875000
      0.638191       0.520238       0.550053       0.229435       0.359672     -16.927822       0.548063       0.250000       0.875000
      0.643216       0.520935       0.551788       0.138704       0.345412     -18.056037      -2.837887       0.250000       0.875000
      0.648241       0.521646       0.553472       0.141592       0.334992       0.574748      -2.073647       0.250000       0.875000
      0.653266       0.522089       0.555496       0.088127       0.402910     -10.639787      13.515968       0.250000       0.875000
      0.658291       0.522707       0.557360       0.122991       0.370955       6.938158      -6.359097       0.250000       0.875000
      0.663317       0.523420       0.559140       0.141838       0.354090       3.750484      -3.356361       0.250000       0.875000
      0.668342       0.524241       0.561122       0.163520       0.394469       4.315004       8.035704       0.250000       0.875000
      0.673367       0.525377       0.563076       0.225902       0.388906      12.414305      -1.107006       0.250000       0.875000
      0.678392       0.526281       0.564823       0.180064       0.347576      -9.121955      -8.224885       0.250000       0.875000
      0.683417       0.527333       0.566798       0.209330       0.393129       5.823904       9.065144       0.250000       0.875000
      0.688442       0.528494       0.568828       0.231004       0.403919       4.313289       2.147319       0.250000       0.875000
      0.693467       0.529321       0.570640       0.164594       0.360695     -13.215986      -8.601830       0.250000       0.875000
      0.698492       0.530144       0.572165       0.163660       0.303382      -0.185705     -11.405505       0.250000       0.875000
      0.703518       0.530891       0.573902       0.148702       0.345637      -2.976862       8.408968       0.250000       0.875000
      0.708543       0.531544       0.575837       0.129892       0.385092      -3.743257       7.851806       0.250000       0.875000
      0.713568       0.532391       0.577904       0.168600       0.411441       7.703096       5.243537       0.250000       0.875000
      0.718593       0.533040       0.579826       0.129191       0.382335      -7.842636      -5.792259       0.250000       0.875000
      0.723618       0.533587       0.581858       0.108905       0.404414      -4.036910       4.393912       0.250000       0.875000
      0.728643       0.534102       0.583976       0.102389       0.421515      -1.296781       3.403013       0.250000       0.875000
      0.733668       0.534562       0.586140       0.091568       0.430686      -2.153352       1.825146       0.250000       0.875000
      0.738693       0.535160       0.588198       0.119074       0.409582       5.473775      -4.199728       0.250000       0.875000
      0.743719       0.535774       0.590212       0.122224       0.400799       0.626975      -1.747933       0.250000       0.875000
      0.748744       0.536370       0.592185       0.118438       0.392680      -0.753487      -1.615716       0.250000       0.875000
      0.753769       0.536891       0.594029       0.103793       0.366776      -2.914445      -5.155089       0.250000       0.875000
      0.758794       0.537559       0.595790       0.132965       0.350498       5.805356      -3.239428       0.250000       0.875000
      0.763819       0.538374       0.597564       0.162046       0.352998       5.787303       0.497651       0.250000       0.875000
      0.768844       0.539082       0.599204       0.141018       0.326455      -4.184718      -5.282313       0.250000       0.875000
      0.773869       0.539924       0.600785       0.167441       0.314564       5.258280      -2.366345       0.250000       0.875000
      0.778894       0.540774       0.602355       0.169278       0.312456       0.365654      -0.419544       0.250000       0.875000
      0.783920       0.541806       0.603792       0.205442       0.286015       7.196858      -5.261713       0.250000       0.875000
      0.788945       0.542875       0.605458       0.212621       0.331631       1.428521       9.077746       0.250000       0.875000
      0.793970       0.543942       0.607029       0.212413       0.312495      -0.041308      -3.808147       0.250000       0.875000
      0.798995       0.545087       0.608756       0.227711       0.343702       3.044279       6.210412       0.250000       0.875000
      0.804020       0.546193       0.610762       0.220243       0.399190      -1.486185      11.042201       0.250000       0.875000
      0.809045       0.547264       0.612749       0.213127       0.395369      -1.415991      -0.760369       0.250000       0.875000
      0.814070       0.548340       0.614852       0.214158       0.418652       0.205141       4.633554       0.250000       0.875000
      0.819095       0.549426       0.617037       0.215975       0.434823       0.361624       3.218084       0.250000       0.875000
      0.824121       0.550367       0.619222       0.187378       0.434854      -5.690987       0.006141       0.250000       0.875000
      0.829146       0.550948       0.621325       0.115550       0.418447     -14.294176      -3.265109       0.250000       0.875000
      0.834171       0.551555       0.623349       0.120788       0.402867       1.042513      -3.100376       0.250000       0.875000
      0.839196       0.552087       0.625305       0.105929       0.389101      -2.957155      -2.739675       0.250000       0.875000
      0.844221       0.552759       0.627019       0.133646       0.341053       5.515859      -9.561705       0.250000       0.875000
      0.849246       0.553355       0.628728       0.118667       0.340142      -2.980791      -0.181398       0.250000       0.875000
      0.854271       0.553926       0.630403       0.113556       0.333436      -1.017166      -1.334393       0.250000       0.875000
      0.859296       0.554373       0.632100       0.089011       0.337671      -4.884580       0.842699       0.250000       0.875000
      0.864322       0.555008       0.633757       0.126364       0.329787       7.433308      -1.568958       0.250000       0.875000
      0.869347       0.555738       0.635406       0.145208       0.328193       3.750086      -0.317154       0.250000       0.875000
      0.874372       0.556444       0.637041       0.140527       0.325284      -0.931545      -0.578837       0.250000       0.875000
      0.879397       0.557156       0.638655       0.141762       0.321271       0.245811      -0.798604       0.250000       0.875000
      0.884422       0.557952       0.640288       0.158339       0.324821       3.298864       0.706485       0.250000       0.875000
      0.889447       0.558842       0.641885       0.177222       0.317957       3.757841      -1.366050       0.250000       0.875000
      0.894472       0.559832       0.643672       0.196940       0.355525       3.923912       7.476165       0.250000       0.875000
      0.899497       0.560654       0.645596       0.163618       0.382928      -6.631189       5.453337       0.250000       0.875000
      0.904523       0.561391       0.647544       0.146623       0.387738      -3.382064       0.957202       0.250000       0.875000
      0.909548       0.562112       0.649503       0.143534       0.389793      -0.614630       0.408970       0.250000       0.875000
      0.914573       0.562942       0.651430       0.165119       0.383411       4.295364      -1.270006       0.250000       0.875000
      0.919598       0.563897       0.653231       0.190173       0.358372       4.985859      -4.982915       0.250000       0.875000
      0.924623       0.564833       0.655015       0.186258       0.355117      -0.778988      -0.647777       0.250000       0.875000
      0.929648       0.565660       0.656761       0.164451       0.347539      -4.339730      -1.508033       0.250000       0.875000
      0.934673       0.566396       0.658569       0.146526       0.359698      -3.567210       2.419710       0.250000       0.875000
      0.939698       0.567253       0.660600       0.170540       0.404125       4.779030       8.841125       0.250000       0.875000
      0.944724       0.568077       0.662705       0.163978       0.418950      -1.305851       2.950246       0.250000       0.875000
      0.949749       0.568854       0.664761       0.154561       0.409183      -1.874109      -1.943609       0.250000       0.875000
      0.954774       0.569537       0.666759       0.136086       0.397576      -3.676579      -2.309824       0.250000       0.875000
      0.959799       0.570239       0.668726       0.139623       0.391547       0.703759      -1.199903       0.250000       0.875000
      0.964824       0.570968       0.670672       0.145120       0.387276       1.093985      -0.849894       0.250000       0.875000
      0.969849       0.571710       0.672417       0.147534       0.347197       0.480368      -7.975848       0.250000       0.875000
      0.974874       0.572453       0.674062       0.147876       0.327393       0.068161      -3.941105       0.250000       0.875000
      0.979899       0.573046       0.675612       0.118038       0.308422      -5.937919      -3.775274       0.250000       0.875000
      0.984925       0.573574       0.677060       0.105013       0.288061      -2.592117      -4.052059       0.250000       0.875000
      0.989950       0.574065       0.678399       0.097808       0.266475      -1.433877      -4.295634       0.250000       0.875000
      0.994975       0.574568       0.679586       0.100056       0.236294       0.447429      -6.006155       0.250000       0.875000
      1.000000       0.575089       0.680734       0.103814       0.228542       0.747784      -1.542798       0.250000       0.875000
      1.005025       0.575694       0.681853       0.120214       0.222606       3.263724      -1.181356       0.250000       0.875000
      1.010050       0.576293       0.683019       0.119337       0.232046      -0.174467       1.878702       0.250000       0.875000
      1.015075       0.576888       0.684138       0.118433       0.222671      -0.179831      -1.865730       0.250000       0.875000
      1.020100       0.577467       0.685077       0.115121       0.186831      -0.659155      -7.132304       0.250000       0.875000
      1.025125       0.577922       0.685729       0.090651       0.129856      -4.869776     -11.338202       0.250000       0.875000
      1.030150       0.578201       0.686170       0.055480       0.087717      -6.999110      -8.385902       0.250000       0.875000
      1.035175       0.578521       0.686517       0.063630       0.069112       1.621882      -3.702636       0.250000       0.875000
      1.040200       0.578674       0.686859       0.030382       0.067931      -6.616533      -0.234953       0.250000       0.875000
      1.045225       0.578745       0.687257       0.014166       0.079182      -3.227071       2.239130       0.250000       0.875000
      1.050250       0.578806       0.687574       0.012185       0.063234      -0.394127      -3.173774       0.250000       0.875000
      1.055275       0.578837       0.687694       0.006232       0.023732      -1.184825      -7.861165       0.250000       0.875000
      1.060300       0.578790       0.687709      -0.009433       0.003083      -3.117324      -4.109199       0.250000       0.875000
      1.065325       0.578672       0.687570      -0.023437      -0.027608      -2.786973      -6.107633       0.250000       0.875000
      1.070350       0.578499       0.687263      -0.034364      -0.061220      -2.174504      -6.689119       0.250000       0.875000
      1.075375       0.578339       0.686835      -0.032011      -0.085174       0.468400      -4.766836       0.250000       0.875000
      1.080400       0.578240       0.686394      -0.019550      -0.087681       2.479770      -0.498861       0.250000       0.875000
      1.085425       0.578163       0.685874      -0.015460      -0.103481       0.813808      -3.144266       0.250000       0.875000
      1.090450       0.578082       0.685415      -0.016119      -0.091369      -0.131146       2.410175       0.250000       0.875000
      1.095475       0.578023       0.685026      -0.011685      -0.077447       0.882417       2.770622       0.250000       0.875000
      1.100500       0.577992       0.684708      -0.006128      -0.063266       1.105910       2.822128       0.250000       0.875000
      1.105525       0.578017       0.684388       0.004879      -0.063612       2.190511      -0.068970       0.250000       0.875000
      1.110550       0.578056       0.684186       0.007892      -0.040216       0.599485       4.656068       0.250000       0.875000
      1.115575       0.578118       0.684074       0.012260      -0.022316       0.869383       3.562056       0.250000       0.875000
      1.120600       0.578131       0.684000       0.002609      -0.014763      -1.920612       1.503082       0.250000       0.875000
      1.125625       0.578121       0.683803      -0.002050      -0.039231      -0.927118      -4.869094       0.250000       0.875000
      1.130650       0.578179       0.683635       0.011525      -0.033288       2.701411       1.182614       0.250000       0.875000
      1.135675       0.578225       0.683565       0.009287      -0.014038      -0.445372       3.830832       0.250000       0.875000
      1.140700       0.578143       0.683539      -0.016314      -0.005123      -5.094705       1.774173       0.250000       0.875000
      1.145725       0.578017       0.683542      -0.025237       0.000488      -1.775742       1.116546       0.250000       0.875000
      1.150750       0.577892       0.683617      -0.024765       0.014919       0.093962       2.871939       0.250000       0.875000
      1.155775       0.577788       0.683757      -0.020676       0.027852       0.813632       2.573599       0.250000       0.875000
      1.160800       0.577656       0.683860      -0.026259       0.020528      -1.111055      -1.457382       0.250000       0.875000
      1.165825       0.577549       0.684032      -0.021279       0.034334       0.991062       2.747434       0.250000       0.875000
      1.170850       0.577466       0.684214      -0.016504       0.036239       0.950263       0.379061       0.250000       0.875000
      1.175875       0.577408       0.684403      -0.011553       0.037566       0.985285       0.264067       0.250000       0.875000
      1.180900       0.577392       0.684596      -0.003180       0.038336       1.666266       0.153209       0.250000       0.875000
      1.185925       0.577440       0.684765       0.009401       0.033736       2.503634      -0.915442       0.250000       0.875000
      1.190950       0.577394       0.684921      -0.009014       0.031019      -3.664614      -0.540548       0.250000       0.875000
      1.195975       0.577308       0.685058      -0.017202       0.027278      -1.629519      -0.744659       0.250000       0.875000
      1.201000       0.577167       0.685289      -0.027976       0.045847      -2.143998       3.695396       0.250000       0.875000
      1.206025       0.576994       0.685464      -0.034568       0.035007      -1.311758      -2.157109       0.250000       0.875000
      1.211050       0.576858       0.685547      -0.026929       0.016358       1.520032      -3.711376       0.250000       0.875000
      1.216075       0.576808       0.685633      -0.010050       0.017088       3.359085       0.145383       0.250000       0.875000
      1.221100       0.576821       0.685743       0.002639       0.022007       2.525143       0.978772       0.250000       0.875000
      1.226125       0.576817       0.685857      -0.000759       0.022592      -0.676277       0.116408       0.250000       0.875000
      1.231150       0.576764       0.685957      -0.010642       0.019925      -1.966738      -0.530639       0.250000       0.875000
      1.236175       0.576699       0.686023      -0.012864       0.013258      -0.442151      -1.326777       0.250000       0.875000
      1.241200       0.576636       0.686035      -0.012608       0.002293       0.050968      -2.182180       0.250000       0.875000
      1.246225       0.576471       0.686081      -0.032754       0.009235      -4.009178       1.381574       0.250000       0.875000
      1.251250       0.576241       0.686120      -0.045815       0.007713      -2.599168      -0.302912       0.250000       0.875000
      1.256275       0.576016       0.686137      -0.044760       0.003327       0.209903      -0.872791       0.250000       0.875000
      1.261300       0.575826       0.686117      -0.037869      -0.003931       1.371368      -1.444376       0.250000       0.875000
      1.266325       0.575716       0.686086      -0.021918      -0.006267       3.174343      -0.464925       0.250000       0.875000
      1.271350       0.575663       0.686066      -0.010445      -0.003914       2.283232       0.468334       0.250000       0.875000
      1.276375       0.575602       0.686008      -0.012242      -0.011535      -0.357649      -1.516578       0.250000       0.875000
      1.281400       0.575510       0.685950      -0.018128      -0.011472      -1.171354       0.012394       0.250000       0.875000
      1.286425       0.575367       0.685918      -0.028521      -0.006342      -2.068206       1.020943       0.250000       0.875000
      1.291450       0.575298       0.685884      -0.013827      -0.006769       2.924101      -0.084887       0.250000       0.875000
      1.296475       0.575289       0.685886      -0.001625       0.000310       2.428267       1.408699       0.250000       0.875000
      1.301500       0.575312       0.685901       0.004512       0.003023       1.221264       0.539939       0.250000       0.875000
      1.306525       0.575331       0.685886       0.003844      -0.003027      -0.132868      -1.203999       0.250000       0.875000
      1.311550       0.575351       0.685844       0.003978      -0.008409       0.026629      -1.071058       0.250000       0.875000
      1.316575       0.575345       0.685761      -0.001218      -0.016382      -1.034111      -1.586687       0.250000       0.875000
      1.321600       0.575367       0.685686       0.004317      -0.015070       1.101678       0.261109       0.250000       0.875000
      1.326625       0.575396       0.685634       0.005814      -0.010239       0.297820       0.961423       0.250000       0.875000
      1.331650       0.575451       0.685576       0.010810      -0.011543       0.994180      -0.259559       0.250000       0.875000
      1.336675       0.575559       0.685472       0.021590      -0.020813       2.145234      -1.844852       0.250000       0.875000
      1.341700       0.575708       0.685341       0.029714      -0.025907       1.616755      -1.013605       0.250000       0.875000
      1.346725       0.575817       0.685200       0.021660      -0.028170      -1.602697      -0.450410       0.250000       0.875000
      1.351750       0.575913       0.685057       0.019067      -0.028409      -0.515997      -0.047509       0.250000       0.875000
      1.356775       0.576007       0.684927       0.018732      -0.025957      -0.066759       0.487947       0.250000       0.875000
      1.361800       0.576087       0.684808       0.015854      -0.023691      -0.572688       0.450961       0.250000       0.875000
      1.366825       0.576143       0.684688       0.011244      -0.023826      -0.917401      -0.026826       0.250000       0.875000
      1.371850       0.576197       0.684584       0.010740      -0.020661      -0.100366       0.629788       0.250000       0.875000
      1.376875       0.576264       0.684540       0.013267      -0.008841       0.502838       2.352192       0.250000       0.875000
      1.381900       0.576322       0.684511       0.011464      -0.005702      -0.358726       0.624629       0.250000       0.875000
      1.386925       0.576383       0.684436       0.012138      -0.015021       0.134134      -1.854504       0.250000       0.875000
      1.391950       0.576428       0.684396       0.009096      -0.007866      -0.605307       1.423857       0.250000       0.875000
      1.396975       0.576494       0.684370       0.013119      -0.005101       0.800564       0.550297       0.250000       0.875000
      1.402000       0.576595       0.684349       0.020146      -0.004316       1.398327       0.156189       0.250000       0.875000
      1.407025       0.576713       0.684351       0.023419       0.000408       0.651435       0.940165       0.250000       0.875000
      1.412050       0.576815       0.684357       0.020235       0.001308      -0.633752       0.179171       0.250000       0.875000
      1.417075       0.576846       0.684366       0.006190       0.001645      -2.795026       0.066891       0.250000       0.875000
      1.422100       0.576874       0.684354       0.005653      -0.002227      -0.106750      -0.770405       0.250000       0.875000
      1.427125       0.576870       0.684350      -0.000842      -0.000835      -1.292669       0.276919       0.250000       0.875000
      1.432150       0.576883       0.684385       0.002559       0.006992       0.676855       1.557721       0.250000       0.875000
      1.437175       0.576857       0.684412      -0.005186       0.005289      -1.541226      -0.339030       0.250000       0.875000
      1.442200       0.576769       0.684420      -0.017536       0.001698      -2.457746      -0.714476       0.250000       0.875000
      1.447225       0.576680       0.684428      -0.017574       0.001601      -0.007525      -0.019337       0.250000       0.875000
      1.452250       0.576576       0.684486      -0.020696       0.011410      -0.621276       1.951987       0.250000       0.875000
      1.457275       0.576464       0.684541      -0.022467       0.011053      -0.352542      -0.071024       0.250000       0.875000
      1.462300       0.576335       0.684603      -0.025654       0.012201      -0.634113       0.228533       0.250000       0.875000
      1.467325       0.576213       0.684658      -0.024295       0.011073       0.270348      -0.224614       0.250000       0.875000
      1.472350       0.576088       0.684688      -0.024726       0.005957      -0.085761      -1.018149       0.250000       0.875000
      1.477375       0.575987       0.684705      -0.020174       0.003316       0.905914      -0.525579       0.250000       0.875000
      1.482400       0.575920       0.684714      -0.013385       0.001775       1.351126      -0.306642       0.250000       0.875000
      1.487425       0.575865       0.684719      -0.010887       0.001129       0.497042      -0.128443       0.250000       0.875000
      1.492450       0.575813       0.684728      -0.010406       0.001709       0.095687       0.115327       0.250000       0.875000
      1.497475       0.575772       0.684734      -0.008155       0.001192       0.447971      -0.102915       0.250000       0.875000
      1.502500       0.575727       0.684735      -0.008989       0.000132      -0.165927      -0.210803       0.250000       0.875000
