      0.000000       0.426142       0.314400       0.000000       0.000000       0.000000       0.000000       0.250000       0.625000
      0.005025       0.422895       0.315276      -0.646137       0.174414    -128.584477      34.709167       0.250000       0.625000
      0.010050       0.425110       0.318550       0.440895       0.651603     216.324776      94.963075       0.250000       0.625000
      0.015075       0.426382       0.321171       0.253029       0.521512     -37.386320     -25.888710       0.250000       0.625000
      0.020101       0.427326       0.321538       0.187949       0.073108     -12.951103     -89.234694       0.250000       0.625000
      0.025126       0.427224       0.321575      -0.020347       0.007260     -41.452020     -13.104046       0.250000       0.625000
      0.030151       0.427600       0.323074       0.074906       0.298277      18.955879      57.913817       0.250000       0.625000
      0.035176       0.427776       0.325788       0.034928       0.540271      -7.955956      48.158027       0.250000       0.625000
      0.040201       0.428377       0.328906       0.119530       0.620347      16.836363      15.935535       0.250000       0.625000
      0.045226       0.428954       0.332568       0.115016       0.728813      -0.898319      21.585208       0.250000       0.625000
      0.050251       0.430664       0.333921       0.340116       0.269186      44.795858     -91.468007       0.250000       0.625000
      0.055276       0.432200       0.335474       0.305823       0.309077      -6.824377       7.938564       0.250000       0.625000
      0.060302       0.432396       0.337581       0.039023       0.419335     -53.094463      21.941823       0.250000       0.625000
      0.065327       0.432224       0.340532      -0.034365       0.587226     -14.604617      33.411141       0.250000       0.625000
      0.070352       0.432724       0.343287       0.099472       0.548309      26.634237      -7.744714       0.250000       0.625000
      0.075377       0.431617       0.345864      -0.220297       0.512873     -63.635691      -7.051964       0.250000       0.625000
      0.080402       0.433783       0.345653       0.431066      -0.041930     129.624488    -110.408476       0.250000       0.625000
      0.085427       0.436272       0.345957       0.495299       0.060359      12.782806      20.356082       0.250000       0.625000
      0.090452       0.437703       0.347121       0.284937       0.231777     -41.863282      34.112885       0.250000       0.625000
      0.095477       0.440029       0.348221       0.462834       0.218745      35.402477      -2.593428       0.250000       0.625000
      0.100503       0.441418       0.351883       0.276429       0.728917     -37.095463     101.526884       0.250000       0.625000
      0.105528       0.442654       0.353612       0.245943       0.343894      -6.066862     -76.621579       0.250000       0.625000
      0.110553       0.443276       0.355847       0.123751       0.444870     -24.316807      20.094743       0.250000       0.625000
      0.115578       0.441869       0.358090      -0.279881       0.446406     -80.324823       0.305757       0.250000       0.625000
      0.120603       0.442074       0.359353       0.040743       0.251279      63.805766     -38.831382       0.250000       0.625000
      0.125628       0.442278       0.360967       0.040633       0.321285      -0.021823      13.931662       0.250000       0.625000
      0.130653       0.442313       0.362924       0.006887       0.389404      -6.715798      13.555988       0.250000       0.625000
      0.135678       0.442249       0.364159      -0.012651       0.245774      -3.888116     -28.583200       0.250000       0.625000
      0.140704       0.442888       0.365233       0.127154       0.213623      27.821975      -6.398210       0.250000       0.625000
      0.145729       0.443503       0.366839       0.122281       0.319707      -0.969778      21.111320       0.250000       0.625000
      0.150754       0.444834       0.368870       0.264811       0.404257      28.364119      16.825954       0.250000       0.625000
      0.155779       0.446243       0.371072       0.280488       0.438164       3.119800       6.747610       0.250000       0.625000
      0.160804       0.447041       0.373947       0.158761       0.572108     -24.224172      26.655586       0.250000       0.625000
      0.165829       0.448603       0.376086       0.310803       0.425721      30.257054     -29.131813       0.250000       0.625000
      0.170854       0.450046       0.378131       0.287346       0.406839      -4.668129      -3.757548       0.250000       0.625000
      0.175879       0.451729       0.381189       0.334837       0.608706       9.451042      40.172527       0.250000       0.625000
      0.180905       0.451942       0.383618       0.042418       0.483385     -58.192813     -24.939603       0.250000       0.625000
      0.185930       0.452702       0.384446       0.151209       0.164589      21.649962     -63.441926       0.250000       0.625000
      0.190955       0.453509       0.386398       0.160632       0.388558       1.875246      44.570888       0.250000       0.625000
      0.195980       0.453630       0.389383       0.024066       0.594075     -27.177394      40.899014       0.250000       0.625000
      0.201005       0.454207       0.391972       0.114809       0.515209      18.058326     -15.694893       0.250000       0.625000
      0.206030       0.454803       0.392875       0.118610       0.179594       0.756416     -66.788941       0.250000       0.625000
      0.211055       0.455744       0.393686       0.187173       0.161529      13.644298      -3.594953       0.250000       0.625000
      0.216080       0.457408       0.394220       0.331307       0.106185      28.683550     -11.013918       0.250000       0.625000
      0.221106       0.458174       0.395384       0.152384       0.231588     -35.606647      24.955972       0.250000       0.625000
      0.226131       0.459562       0.397362       0.276135       0.393679      24.627145      32.256918       0.250000       0.625000
      0.231156       0.459898       0.399327       0.066865       0.390975     -41.645824      -0.538177       0.250000       0.625000
      0.236181       0.459537       0.401148      -0.071873       0.362487     -27.609503      -5.669345       0.250000       0.625000
      0.241206       0.459743       0.404291       0.041161       0.625478      22.494305      52.336542       0.250000       0.625000
      0.246231       0.460994       0.406001       0.248902       0.340274      41.341368     -56.756984       0.250000       0.625000
      0.251256       0.462421       0.407396       0.283874       0.277554       6.959735     -12.481541       0.250000       0.625000
      0.256281       0.462877       0.409253       0.090818       0.369636     -38.419167      18.324695       0.250000       0.625000
      0.261307       0.463907       0.410280       0.204943       0.204285      22.711529     -32.905676       0.250000       0.625000
      0.266332       0.464313       0.412036       0.080804       0.349521     -24.704302      28.902791       0.250000       0.625000
      0.271357       0.464258       0.414710      -0.010821       0.532120     -18.233813      36.338126       0.250000       0.625000
      0.276382       0.466315       0.417185       0.409352       0.492518      83.616457      -7.880989       0.250000       0.625000
      0.281407       0.467433       0.420410       0.222388       0.641787     -37.206892      29.705250       0.250000       0.625000
      0.286432       0.469071       0.422626       0.325927       0.441078      20.604819     -39.942112       0.250000       0.625000
      0.291457       0.470113       0.424645       0.207457       0.401729     -23.576108      -7.830626       0.250000       0.625000
      0.296482       0.470573       0.425746       0.091563       0.219234     -23.063393     -36.317525       0.250000       0.625000
      0.301508       0.470900       0.427447       0.065111       0.338442      -5.264207      23.723086       0.250000       0.625000
      0.306533       0.471112       0.429302       0.042009       0.369111      -4.597366       6.103299       0.250000       0.625000
      0.311558       0.471266       0.430073       0.030806       0.153417      -2.229434     -42.924196       0.250000       0.625000
      0.316583       0.471548       0.430984       0.056019       0.181417       5.017503       5.572103       0.250000       0.625000
      0.321608       0.471618       0.432858       0.014034       0.372817      -8.355209      38.089528       0.250000       0.625000
      0.326633       0.471026       0.434804      -0.117872       0.387345     -26.250022       2.891104       0.250000       0.625000
      0.331658       0.471922       0.435874       0.178217       0.212814      58.923192     -34.732445       0.250000       0.625000
      0.336683       0.472936       0.437207       0.201842       0.265281       4.701609      10.441151       0.250000       0.625000
      0.341709       0.475067       0.439107       0.424171       0.378264      44.244606      22.484126       0.250000       0.625000
      0.346734       0.477158       0.440962       0.416062       0.369010      -1.613744      -1.841414       0.250000       0.625000
      0.351759       0.478127       0.443199       0.192769       0.445268     -44.436388      15.175536       0.250000       0.625000
      0.356784       0.478886       0.445287       0.151027       0.415435      -8.307011      -5.936892       0.250000       0.625000
      0.361809       0.479326       0.447552       0.087708       0.450786     -12.600706       7.035099       0.250000       0.625000
      0.366834       0.479480       0.450341       0.030667       0.555033     -11.351489      20.745581       0.250000       0.625000
      0.371859       0.479104       0.453347      -0.074825       0.598249     -20.993414       8.600192       0.250000       0.625000
      0.376884       0.478281       0.456430      -0.163911       0.613542     -17.728483       3.043409       0.250000       0.625000
      0.381910       0.477681       0.459166      -0.119307       0.544400       8.876301     -13.759572       0.250000       0.625000
      0.386935       0.477668       0.461752      -0.002602       0.514620      23.224822      -5.926289       0.250000       0.625000
      0.391960       0.476916       0.464044      -0.149733       0.456181     -29.279630     -11.629667       0.250000       0.625000
      0.396985       0.476606       0.467003      -0.061715       0.588824      17.515995      26.396515       0.250000       0.625000
      0.402010       0.476366       0.471835      -0.047788       0.961670       2.771439      74.198191       0.250000       0.625000
      0.407035       0.475237       0.476587      -0.224581       0.945625     -35.182634      -3.192899       0.250000       0.625000
      0.412060       0.473520       0.481826      -0.341701       1.042499     -23.307479      19.278388       0.250000       0.625000
      0.417085       0.470959       0.487798      -0.509606       1.188470     -33.413896      29.048864       0.250000       0.625000
      0.422111       0.466777       0.494138      -0.832190       1.261709     -64.195810      14.575004       0.250000       0.625000
      0.427136       0.461927       0.499913      -0.965268       1.149186     -26.483216     -22.392670       0.250000       0.625000
      0.432161       0.456630       0.505632      -1.054107       1.138188     -17.679345      -2.188721       0.250000       0.625000
      0.437186       0.450582       0.511572      -1.203564       1.182169     -29.742662       8.752534       0.250000       0.625000
      0.442211       0.443866       0.517938      -1.336645       1.266765     -26.483769      16.835112       0.250000       0.625000
      0.447236       0.437636       0.523293      -1.239611       1.065737      19.310232     -40.005626       0.250000       0.625000
      0.452261       0.430023       0.528437      -1.515129       1.023696     -54.829591      -8.366349       0.250000       0.625000
      0.457286       0.422799       0.532364      -1.437569       0.781482      15.434900     -48.201930       0.250000       0.625000
      0.462312       0.415237       0.535010      -1.504927       0.526486     -13.404552     -50.745295       0.250000       0.625000
      0.467337       0.408682       0.537198      -1.304537       0.435398      39.878487     -18.127082       0.250000       0.625000
      0.472362       0.402650       0.538723      -1.200388       0.303622      20.726214     -26.224078       0.250000       0.625000
      0.477387       0.397235       0.539592      -1.077638       0.172811      24.427866     -26.032044       0.250000       0.625000
      0.482412       0.393611       0.540068      -0.721186       0.094842      70.935719     -15.516263       0.250000       0.625000
      0.487437       0.392028       0.540390      -0.315017       0.064041      80.829633      -6.129579       0.250000       0.625000
      0.492462       0.391475       0.539703      -0.110000      -0.136756      40.799371     -39.959416       0.250000       0.625000
      0.497487       0.391874       0.537965       0.079375      -0.345800      37.686735     -41.600969       0.250000       0.625000
      0.502513       0.393072       0.535711       0.238468      -0.448605      31.660284     -20.458590       0.250000       0.625000
      0.507538       0.395547       0.533277       0.492473      -0.484322      50.548151      -7.107837       0.250000       0.625000
      0.512563       0.400702       0.530576       1.025871      -0.537637     106.148854     -10.609976       0.250000       0.625000
      0.517588       0.407520       0.528081       1.356966      -0.496410      65.889660       8.204312       0.250000       0.625000
      0.522613       0.415170       0.525605       1.522207      -0.492786      32.883766       0.721209       0.250000       0.625000
      0.527638       0.422487       0.523740       1.456237      -0.371224     -13.128408      24.191436       0.250000       0.625000
      0.532663       0.430490       0.521804       1.592521      -0.385241      27.121222      -2.789364       0.250000       0.625000
      0.537688       0.438893       0.521182       1.672289      -0.123661      15.874239      52.055653       0.250000       0.625000
      0.542714       0.447453       0.520925       1.703462      -0.051274       6.203587      14.405344       0.250000       0.625000
      0.547739       0.455983       0.520570       1.697640      -0.070515      -1.158636      -3.829076       0.250000       0.625000
      0.552764       0.464150       0.520800       1.625184       0.045687     -14.419197      23.124919       0.250000       0.625000
      0.557789       0.472124       0.521289       1.586858       0.097251      -7.626968      10.261325       0.250000       0.625000
      0.562814       0.479726       0.521767       1.512783       0.095270     -14.741282      -0.394064       0.250000       0.625000
      0.567839       0.487013       0.522821       1.450281       0.209621     -12.438313      22.756385       0.250000       0.625000
      0.572864       0.493621       0.524562       1.314947       0.346614     -26.931987      27.262323       0.250000       0.625000
      0.577889       0.498661       0.526655       1.003047       0.416468     -62.069696      13.901236       0.250000       0.625000
      0.582915       0.502229       0.528178       0.710010       0.303034     -58.315946     -22.573949       0.250000       0.625000
      0.587940       0.505203       0.529713       0.591909       0.305582     -23.502703       0.506978       0.250000       0.625000
      0.592965       0.507674       0.531450       0.491766       0.345500     -19.928936       7.943994       0.250000       0.625000
      0.597990       0.509553       0.533748       0.373917       0.457460     -23.452468      22.280486       0.250000       0.625000
      0.603015       0.510864       0.536303       0.260801       0.508481     -22.510686      10.153564       0.250000       0.625000
      0.608040       0.511811       0.538685       0.188512       0.474004     -14.385870      -6.861104       0.250000       0.625000
      0.613065       0.512597       0.541071       0.156459       0.474819      -6.378642       0.162100       0.250000       0.625000
      0.618090       0.513670       0.543155       0.213487       0.414578      11.348873     -11.988148       0.250000       0.625000
      0.623116       0.515083       0.544756       0.281072       0.318619      13.449678     -19.096384       0.250000       0.625000
      0.628141       0.516647       0.546574       0.311323       0.361932       6.020070       8.619404       0.250000       0.625000
      0.633166       0.518071       0.548561       0.283340       0.395463      -5.568732       6.672997       0.250000       0.625000
      0.638191       0.519344       0.550287       0.253331       0.343424      -5.971843     -10.356123       0.250000       0.625000
      0.643216       0.520530       0.551941       0.236143       0.329180      -3.420525      -2.834599       0.250000       0.625000
      0.648241       0.521432       0.554001       0.179401       0.409836     -11.291913      16.050998       0.250000       0.625000
      0.653266       0.522367       0.556068       0.186125       0.411357       1.338012       0.302641       0.250000       0.625000
      0.658291       0.523538       0.557989       0.233007       0.382413       9.329839      -5.760088       0.250000       0.625000
      0.663317       0.524638       0.559904       0.218827       0.381008      -2.821934      -0.279591       0.250000       0.625000
      0.668342       0.525756       0.561712       0.222539       0.359781       0.738672      -4.224217       0.250000       0.625000
      0.673367       0.527060       0.563630       0.259492       0.381644       7.353901       4.350883       0.250000       0.625000
      0.678392       0.528366       0.564993       0.259903       0.271362       0.081824     -21.946703       0.250000       0.625000
      0.683417       0.529719       0.566504       0.269246       0.300574       1.859281       5.813324       0.250000       0.625000
      0.688442       0.531190       0.568293       0.292812       0.356078       4.689799      11.045552       0.250000       0.625000
      0.693467       0.532075       0.570102       0.176030       0.359965     -23.240195       0.773577       0.250000       0.625000
      0.698492       0.532855       0.571724       0.155359       0.322928      -4.113721      -7.370527       0.250000       0.625000
      0.703518       0.533612       0.573480       0.150482       0.349275      -0.970456       5.243135       0.250000       0.625000
      0.708543       0.534687       0.575310       0.213938       0.364222      12.627955       2.974574       0.250000       0.625000
      0.713568       0.535480       0.577300       0.157869       0.395990     -11.157955       6.321904       0.250000       0.625000
      0.718593       0.536106       0.579231       0.124638       0.384264      -6.613258      -2.333526       0.250000       0.625000
      0.723618       0.536562       0.581122       0.090770       0.376380      -6.739791      -1.568880       0.250000       0.625000
      0.728643       0.537025       0.583062       0.092099       0.386021       0.264521       1.918506       0.250000       0.625000
      0.733668       0.537220       0.584801       0.038808       0.346123     -10.605204      -7.939826       0.250000       0.625000
      0.738693       0.537195       0.586621      -0.004994       0.362114      -8.716788       3.182303       0.250000       0.625000
      0.743719       0.537355       0.588232       0.031822       0.320710       7.326570      -8.239556       0.250000       0.625000
      0.748744       0.537741       0.589829       0.076888       0.317886       8.968319      -0.561982       0.250000       0.625000
      0.753769       0.538142       0.591530       0.079830       0.338395       0.585362       4.081293       0.250000       0.625000
      0.758794       0.538689       0.593365       0.108707       0.365143       5.746719       5.323096       0.250000       0.625000
      0.763819       0.539264       0.595224       0.114484       0.369940       1.149680       0.954528       0.250000       0.625000
      0.768844       0.540049       0.597333       0.156178       0.419853       8.297376       9.932969       0.250000       0.625000
      0.773869       0.540782       0.599457       0.145892       0.422555      -2.047125       0.537761       0.250000       0.625000
      0.778894       0.541662       0.601511       0.175138       0.408731       5.820123      -2.751193       0.250000       0.625000
      0.783920       0.542537       0.603672       0.174138       0.430200      -0.198901       4.272633       0.250000       0.625000
      0.788945       0.543240       0.605719       0.139882       0.407273      -6.817242      -4.562639       0.250000       0.625000
      0.793970       0.544060       0.607637       0.163115       0.381604       4.623583      -5.108243       0.250000       0.625000
      0.798995       0.544943       0.609603       0.175860       0.391239       2.536324       1.917370       0.250000       0.625000
      0.804020       0.545676       0.611414       0.145859       0.360570      -5.970297      -6.103347       0.250000       0.625000
      0.809045       0.546129       0.613141       0.090135       0.343599     -11.089328      -3.377316       0.250000       0.625000
      0.814070       0.546728       0.614865       0.119167       0.343003       5.777414      -0.118470       0.250000       0.625000
      0.819095       0.547618       0.616693       0.177178       0.363794      11.544573       4.137464       0.250000       0.625000
      0.824121       0.548526       0.618649       0.180676       0.389415       0.696014       5.098572       0.250000       0.625000
      0.829146       0.549364       0.620732       0.166648       0.414531      -2.791561       4.998336       0.250000       0.625000
      0.834171       0.550234       0.622806       0.173149       0.412586       1.293740      -0.387014       0.250000       0.625000
      0.839196       0.551065       0.624778       0.165423       0.392414      -1.537551      -4.014315       0.250000       0.625000
      0.844221       0.551743       0.626596       0.135032       0.361841      -6.048060      -6.084298       0.250000       0.625000
      0.849246       0.552286       0.628266       0.107963       0.332286      -5.386881      -5.881512       0.250000       0.625000
      0.854271       0.552731       0.629876       0.088629       0.320456      -3.847407      -2.354372       0.250000       0.625000
      0.859296       0.553218       0.631508       0.096833       0.324827       1.632518       0.870012       0.250000       0.625000
      0.864322       0.553898       0.633174       0.135442       0.331504       7.683343       1.328671       0.250000       0.625000
      0.869347       0.554791       0.634813       0.177653       0.326151       8.400242      -1.065165       0.250000       0.625000
      0.874372       0.555668       0.636548       0.174429       0.345263      -0.641473       3.803259       0.250000       0.625000
      0.879397       0.556587       0.638317       0.182961       0.352168       1.697798       1.374112       0.250000       0.625000
      0.884422       0.557830       0.640301       0.247326       0.394672      12.808904       8.458591       0.250000       0.625000
      0.889447       0.559003       0.642280       0.233410       0.393961      -2.769230      -0.141624       0.250000       0.625000
      0.894472       0.560151       0.644250       0.228426       0.391993      -0.991925      -0.391526       0.250000       0.625000
      0.899497       0.561201       0.646192       0.209074       0.386436      -3.851099      -1.105834       0.250000       0.625000
      0.904523       0.562183       0.648085       0.195357       0.376643      -2.729657      -1.948824       0.250000       0.625000
      0.909548       0.563055       0.649942       0.173621       0.369639      -4.325688      -1.393980       0.250000       0.625000
      0.914573       0.564083       0.651785       0.204513       0.366690       6.147760      -0.586794       0.250000       0.625000
      0.919598       0.565232       0.653652       0.228661       0.371609       4.805528       0.978844       0.250000       0.625000
      0.924623       0.566425       0.655526       0.237485       0.373019       1.755922       0.280550       0.250000       0.625000
      0.929648       0.567394       0.657487       0.192724       0.390246      -8.907586       3.428357       0.250000       0.625000
      0.934673       0.568219       0.659491       0.164204       0.398669      -5.675656       1.676207       0.250000       0.625000
      0.939698       0.568896       0.661496       0.134693       0.399009      -5.872906       0.067635       0.250000       0.625000
      0.944724       0.569674       0.663457       0.154825       0.390246       4.006496      -1.743860       0.250000       0.625000
      0.949749       0.570456       0.665425       0.155728       0.391739       0.179702       0.297031       0.250000       0.625000
      0.954774       0.571218       0.667368       0.151613       0.386649      -0.819040      -1.012747       0.250000       0.625000
      0.959799       0.571807       0.669314       0.117144       0.387296      -6.859426       0.128710       0.250000       0.625000
      0.964824       0.572407       0.671250       0.119466       0.385166       0.462057      -0.423874       0.250000       0.625000
      0.969849       0.573062       0.672922       0.130342       0.332742       2.164439     -10.432757       0.250000       0.625000
      0.974874       0.573649       0.674376       0.116763       0.289395      -2.702361      -8.626289       0.250000       0.625000
      0.979899       0.574214       0.675824       0.112415       0.288170      -0.865133      -0.243612       0.250000       0.625000
      0.984925       0.574751       0.677146       0.106998       0.263115      -1.078167      -4.986236       0.250000       0.625000
      0.989950       0.575163       0.678308       0.082016       0.231146      -4.971486      -6.361824       0.250000       0.625000
      0.994975       0.575512       0.679420       0.069326       0.221448      -2.525275      -1.929950       0.250000       0.625000
      1.000000       0.575949       0.680439       0.086972       0.202747       3.511481      -3.721754       0.250000       0.625000
      1.005025       0.576386       0.681461       0.087008       0.203291       0.007223       0.108323       0.250000       0.625000
      1.010050       0.576703       0.682431       0.063008       0.193143      -4.776038      -2.019448       0.250000       0.625000
      1.015075       0.576846       0.683242       0.028568       0.161404      -6.853703      -6.316298       0.250000       0.625000
      1.020100       0.576815       0.683925      -0.006227       0.135789      -6.924518      -5.097568       0.250000       0.625000
      1.025125       0.576792       0.684450      -0.004613       0.104538       0.321250      -6.219002       0.250000       0.625000
      1.030150       0.576748       0.684865      -0.008707       0.082577      -0.814761      -4.370267       0.250000       0.625000
      1.035175       0.576631       0.685164      -0.023380       0.059594      -2.919969      -4.573759       0.250000       0.625000
      1.040200       0.576496       0.685419      -0.026750       0.050760      -0.670549      -1.758149       0.250000       0.625000
      1.045225       0.576368       0.685658      -0.025581       0.047458       0.232459      -0.656942       0.250000       0.625000
      1.050250       0.576241       0.685854      -0.025285       0.039071       0.058954      -1.669062       0.250000       0.625000
      1.055275       0.576079       0.686004      -0.032226       0.029726      -1.381237      -1.859736       0.250000       0.625000
      1.060300       0.575908       0.686139      -0.033892       0.027009      -0.331486      -0.540793       0.250000       0.625000
      1.065325       0.575802       0.686135      -0.021149      -0.000830       2.535845      -5.539965       0.250000       0.625000
      1.070350       0.575825       0.686019       0.004551      -0.023097       5.114506      -4.431284       0.250000       0.625000
      1.075375       0.575835       0.685935       0.001973      -0.016708      -0.513107       1.271408       0.250000       0.625000
      1.080400       0.575773       0.685815      -0.012262      -0.023866      -2.832934      -1.424415       0.250000       0.625000
      1.085425       0.575634       0.685640      -0.027692      -0.034902      -3.070568      -2.196283       0.250000       0.625000
      1.090450       0.575563       0.685479      -0.014088      -0.031945       2.707373       0.588400       0.250000       0.625000
      1.095475       0.575538       0.685289      -0.005053      -0.037957       1.797864      -1.196320       0.250000       0.625000
      1.100500       0.575614       0.685127       0.015127      -0.032078       4.015921       1.169935       0.250000       0.625000
      1.105525       0.575615       0.685051       0.000251      -0.015188      -2.960370       3.361061       0.250000       0.625000
      1.110550       0.575701       0.684997       0.017014      -0.010805       3.335994       0.872293       0.250000       0.625000
      1.115575       0.575790       0.684862       0.017791      -0.026765       0.154610      -3.176120       0.250000       0.625000
      1.120600       0.575844       0.684765       0.010748      -0.019405      -1.401540       1.464658       0.250000       0.625000
      1.125625       0.575891       0.684793       0.009422       0.005548      -0.264060       4.965746       0.250000       0.625000
      1.130650       0.576042       0.684925       0.029888       0.026403       4.072989       4.150264       0.250000       0.625000
      1.135675       0.576222       0.685055       0.035946       0.025828       1.205531      -0.114448       0.250000       0.625000
      1.140700       0.576411       0.685138       0.037629       0.016437       0.334895      -1.868782       0.250000       0.625000
      1.145725       0.576601       0.685127       0.037776      -0.002059       0.029174      -3.680701       0.250000       0.625000
      1.150750       0.576746       0.685094       0.028900      -0.006585      -1.766195      -0.900873       0.250000       0.625000
      1.155775       0.576889       0.685075       0.028411      -0.003861      -0.097440       0.542272       0.250000       0.625000
      1.160800       0.576999       0.685056       0.021897      -0.003794      -1.296333       0.013338       0.250000       0.625000
      1.165825       0.577058       0.685021       0.011757      -0.007005      -2.017787      -0.639043       0.250000       0.625000
      1.170850       0.577047       0.684978      -0.002321      -0.008490      -2.801565      -0.295666       0.250000       0.625000
      1.175875       0.577013       0.684903      -0.006684      -0.014953      -0.868373      -1.286173       0.250000       0.625000
      1.180900       0.576947       0.684847      -0.013140      -0.011120      -1.284662       0.762862       0.250000       0.625000
      1.185925       0.576874       0.684857      -0.014509       0.002038      -0.272626       2.618489       0.250000       0.625000
      1.190950       0.576808       0.684904      -0.013217       0.009253       0.257242       1.435915       0.250000       0.625000
      1.195975       0.576711       0.684978      -0.019126       0.014879      -1.175916       1.119582       0.250000       0.625000
      1.201000       0.576621       0.685048      -0.017992       0.013766       0.225660      -0.221487       0.250000       0.625000
      1.206025       0.576536       0.685099      -0.016873       0.010233       0.222598      -0.703160       0.250000       0.625000
      1.211050       0.576474       0.685149      -0.012472       0.009973       0.875951      -0.051691       0.250000       0.625000
      1.216075       0.576426       0.685176      -0.009477       0.005393       0.595938      -0.911478       0.250000       0.625000
      1.221100       0.576391       0.685218      -0.006944       0.008365       0.504060       0.591482       0.250000       0.625000
      1.226125       0.576426       0.685191       0.006846      -0.005424       2.744413      -2.744168       0.250000       0.625000
      1.231150       0.576473       0.685130       0.009380      -0.012197       0.504106      -1.347698       0.250000       0.625000
      1.236175       0.576529       0.685083       0.011294      -0.009358       0.380939       0.564894       0.250000       0.625000
      1.241200       0.576649       0.685100       0.023736       0.003518       2.476114       2.562378       0.250000       0.625000
      1.246225       0.576829       0.685138       0.035815       0.007537       2.403760       0.799729       0.250000       0.625000
      1.251250       0.577043       0.685154       0.042732       0.003139       1.376441      -0.875121       0.250000       0.625000
      1.256275       0.577246       0.685162       0.040293       0.001539      -0.485391      -0.318414       0.250000       0.625000
      1.261300       0.577304       0.685120       0.011627      -0.008348      -5.704633      -1.967521       0.250000       0.625000
      1.266325       0.577372       0.685119       0.013544      -0.000089       0.381602       1.643595       0.250000       0.625000
      1.271350       0.577328       0.685148      -0.008907       0.005672      -4.467883       1.146333       0.250000       0.625000
      1.276375       0.577269       0.685121      -0.011684      -0.005314      -0.552726      -2.186286       0.250000       0.625000
      1.281400       0.577202       0.685068      -0.013223      -0.010635      -0.306350      -1.058916       0.250000       0.625000
      1.286425       0.577045       0.685039      -0.031337      -0.005772      -3.604637       0.967853       0.250000       0.625000
      1.291450       0.576900       0.685002      -0.028779      -0.007391       0.508983      -0.322220       0.250000       0.625000
      1.296475       0.576802       0.685024      -0.019569       0.004531       1.832764       2.372591       0.250000       0.625000
      1.301500       0.576730       0.685045      -0.014267       0.004161       1.055165      -0.073715       0.250000       0.625000
      1.306525       0.576668       0.685039      -0.012407      -0.001261       0.370279      -1.078900       0.250000       0.625000
      1.311550       0.576647       0.685014      -0.004236      -0.004916       1.626093      -0.727379       0.250000       0.625000
      1.316575       0.576682       0.684968       0.006953      -0.009260       2.226554      -0.864570       0.250000       0.625000
      1.321600       0.576739       0.684953       0.011327      -0.002842       0.870520       1.277340       0.250000       0.625000
      1.326625       0.576806       0.684955       0.013329       0.000366       0.398267       0.638245       0.250000       0.625000
      1.331650       0.576809       0.684938       0.000785      -0.003475      -2.496278      -0.764263       0.250000       0.625000
      1.336675       0.576808       0.684903      -0.000268      -0.006882      -0.209517      -0.678000       0.250000       0.625000
      1.341700       0.576796       0.684863      -0.002467      -0.008030      -0.437656      -0.228511       0.250000       0.625000
      1.346725       0.576774       0.684837      -0.004400      -0.005172      -0.384696       0.568716       0.250000       0.625000
      1.351750       0.576766       0.684792      -0.001500      -0.008866       0.577151      -0.735003       0.250000       0.625000
      1.356775       0.576716       0.684753      -0.009965      -0.007850      -1.684506       0.202088       0.250000       0.625000
      1.361800       0.576677       0.684691      -0.007706      -0.012286       0.449567      -0.882728       0.250000       0.625000
      1.366825       0.576683       0.684625       0.001090      -0.013234       1.750324      -0.188582       0.250000       0.625000
      1.371850       0.576691       0.684568       0.001681      -0.011232       0.117705       0.398402       0.250000       0.625000
      1.376875       0.576729       0.684505       0.007576      -0.012520       1.173061      -0.256382       0.250000       0.625000
      1.381900       0.576755       0.684453       0.005169      -0.010474      -0.478945       0.407101       0.250000       0.625000
      1.386925       0.576776       0.684399       0.004184      -0.010598      -0.195977      -0.024720       0.250000       0.625000
      1.391950       0.576784       0.684371       0.001537      -0.005722      -0.526740       0.970345       0.250000       0.625000
      1.396975       0.576804       0.684333       0.004033      -0.007572       0.496732      -0.368133       0.250000       0.625000
      1.402000       0.576856       0.684298       0.010254      -0.006853       1.237938       0.143138       0.250000       0.625000
      1.407025       0.576907       0.684267       0.010127      -0.006290      -0.025373       0.112106       0.250000       0.625000
      1.412050       0.576963       0.684224       0.011171      -0.008486       0.207884      -0.437146       0.250000       0.625000
      1.417075       0.576996       0.684170       0.006672      -0.010769      -0.895411      -0.454204       0.250000       0.625000
      1.422100       0.577003       0.684112       0.001275      -0.011484      -1.073918      -0.142377       0.250000       0.625000
      1.427125       0.576996       0.684047      -0.001241      -0.012922      -0.500805      -0.286187       0.250000       0.625000
      1.432150       0.577002       0.684001       0.001180      -0.009143       0.481780       0.752184       0.250000       0.625000
      1.437175       0.577031       0.683972       0.005632      -0.005821       0.885946       0.661008       0.250000       0.625000
      1.442200       0.577040       0.683950       0.001921      -0.004316      -0.738483       0.299516       0.250000       0.625000
      1.447225       0.577034       0.683938      -0.001336      -0.002531      -0.648048       0.355294       0.250000       0.625000
      1.452250       0.577011       0.683931      -0.004450      -0.001347      -0.619853       0.235592       0.250000       0.625000
      1.457275       0.576965       0.683924      -0.009231      -0.001409      -0.951255      -0.012467       0.250000       0.625000
      1.462300       0.576910       0.683949      -0.010933       0.005064      -0.338870       1.288151       0.250000       0.625000
      1.467325       0.576837       0.683987      -0.014494       0.007480      -0.708566       0.480941       0.250000       0.625000
      1.472350       0.576746       0.684001      -0.018223       0.002753      -0.742135      -0.940822       0.250000       0.625000
      1.477375       0.576651       0.683996      -0.018833      -0.000905      -0.121458      -0.727863       0.250000       0.625000
      1.482400       0.576563       0.683980      -0.017448      -0.003118       0.275753      -0.440512       0.250000       0.625000
      1.487425       0.576471       0.683968      -0.018366      -0.002518      -0.182661       0.119437       0.250000       0.625000
      1.492450       0.576387       0.683967      -0.016798      -0.000123       0.312062       0.476560       0.250000       0.625000
      1.497475       0.576283       0.683992      -0.020563       0.004907      -0.749297       1.001147       0.250000       0.625000
      1.502500       0.576208       0.684038      -0.014957       0.009134       1.115647       0.841214       0.250000       0.625000
