      0.000000       0.498535       0.300448       0.000000       0.000000       0.000000       0.000000       0.500000       0.375000
      0.005025       0.499902       0.302514       0.272158       0.410995      54.160891      81.790060       0.500000       0.375000
      0.010050       0.500184       0.303573       0.056092       0.210751     -42.998349     -39.849487       0.500000       0.375000
      0.015075       0.499475       0.306576      -0.141164       0.597749     -39.254839      77.014549       0.500000       0.375000
      0.020101       0.500185       0.307473       0.141320       0.178327      56.215702     -83.467071       0.500000       0.375000
      0.025126       0.497452       0.308549      -0.543805       0.214226    -136.343288       7.144006       0.500000       0.375000
      0.030151       0.498201       0.311530       0.149097       0.593186     137.890837      75.414924       0.500000       0.375000
      0.035176       0.499910       0.314375       0.340011       0.566150      37.992874      -5.380401       0.500000       0.375000
      0.040201       0.501359       0.316455       0.288272       0.413962     -10.296327     -30.286101       0.500000       0.375000
      0.045226       0.500461       0.316016      -0.178573      -0.087377     -92.904362     -99.768852       0.500000       0.375000
      0.050251       0.497777       0.318925      -0.534192       0.578997     -70.770055     132.611631       0.500000       0.375000
      0.055276       0.498737       0.322597       0.191009       0.730786     144.318753      30.206851       0.500000       0.375000
      0.060302       0.501632       0.324105       0.576082       0.300026      76.631389     -85.723388       0.500000       0.375000
      0.065327       0.501601       0.327028      -0.006055       0.581737    -115.848182      56.061781       0.500000       0.375000
      0.070352       0.500220       0.330525      -0.274923       0.695776     -53.506173      22.694358       0.500000       0.375000
      0.075377       0.499406       0.330612      -0.161944       0.017400      22.483434    -135.000227       0.500000       0.375000
      0.080402       0.499310       0.331576      -0.019015       0.191830      28.443631      34.712408       0.500000       0.375000
      0.085427       0.501626       0.334336       0.460836       0.549271      95.492782      71.132596       0.500000       0.375000
      0.090452       0.502206       0.335145       0.115489       0.160959     -68.725811     -77.275922       0.500000       0.375000
      0.095477       0.501465       0.336210      -0.147575       0.211925     -52.351164      10.142404       0.500000       0.375000
      0.100503       0.499982       0.337847      -0.295107       0.325884     -29.359505      22.678378       0.500000       0.375000
      0.105528       0.499375       0.339665      -0.120863       0.361757      34.675373       7.138861       0.500000       0.375000
      0.110553       0.500992       0.343079       0.321924       0.679405      88.116874      63.213609       0.500000       0.375000
      0.115578       0.500353       0.346015      -0.127186       0.584245     -89.375149     -18.937259       0.500000       0.375000
      0.120603       0.498468       0.347421      -0.375089       0.279758     -49.333836     -60.594486       0.500000       0.375000
      0.125628       0.499454       0.348792       0.196102       0.272789     113.669726      -1.386933       0.500000       0.375000
      0.130653       0.500682       0.350205       0.244399       0.281364       9.611315       1.706510       0.500000       0.375000
      0.135678       0.501041       0.352489       0.071568       0.454517     -34.394108      34.458292       0.500000       0.375000
      0.140704       0.500490       0.356068      -0.109820       0.712234     -36.097096      51.287009       0.500000       0.375000
      0.145729       0.500562       0.358892       0.014482       0.561918      24.736581     -29.913615       0.500000       0.375000
      0.150754       0.500327       0.360353      -0.046793       0.290793     -12.193996     -53.955294       0.500000       0.375000
      0.155779       0.499442       0.362414      -0.176138       0.410048     -25.740216      23.732353       0.500000       0.375000
      0.160804       0.499402       0.365466      -0.008056       0.607356      33.449139      39.265277       0.500000       0.375000
      0.165829       0.499060       0.368466      -0.067926       0.597104     -11.914451      -2.040178       0.500000       0.375000
      0.170854       0.498996       0.369686      -0.012902       0.242718      10.950040     -70.524553       0.500000       0.375000
      0.175879       0.498478       0.370359      -0.103085       0.133913     -17.946793     -21.652809       0.500000       0.375000
      0.180905       0.497992       0.371289      -0.096577       0.185095       1.295132      10.185514       0.500000       0.375000
      0.185930       0.498863       0.372851       0.173241       0.310884      53.694988      25.032663       0.500000       0.375000
      0.190955       0.499801       0.375099       0.186713       0.447288       2.681112      27.145085       0.500000       0.375000
      0.195980       0.500438       0.377278       0.126802       0.433775     -11.922584      -2.689192       0.500000       0.375000
      0.201005       0.499577       0.379688      -0.171360       0.479581     -59.335726       9.115593       0.500000       0.375000
      0.206030       0.499953       0.381924       0.074773       0.444934      48.981587      -6.894917       0.500000       0.375000
      0.211055       0.501081       0.384794       0.224419       0.571121      29.780294      25.111873       0.500000       0.375000
      0.216080       0.501148       0.385776       0.013446       0.195371     -41.984636     -74.776145       0.500000       0.375000
      0.221106       0.500508       0.388325      -0.127401       0.507315     -28.029173      62.078370       0.500000       0.375000
      0.226131       0.499145       0.390000      -0.271160       0.333453     -28.608739     -34.599250       0.500000       0.375000
      0.231156       0.497777       0.391124      -0.272263       0.223578      -0.219532     -21.865783       0.500000       0.375000
      0.236181       0.496814       0.394171      -0.191753       0.606469      16.021853      76.197235       0.500000       0.375000
      0.241206       0.497642       0.396836       0.164820       0.530189      70.959764     -15.180136       0.500000       0.375000
      0.246231       0.498283       0.399408       0.127629       0.511893      -7.401124      -3.640994       0.500000       0.375000
      0.251256       0.498976       0.401042       0.137776       0.325197       2.019194     -37.153338       0.500000       0.375000
      0.256281       0.499134       0.403206       0.031529       0.430653     -21.143699      20.986284       0.500000       0.375000
      0.261307       0.499246       0.404474       0.022381       0.252368      -1.820462     -35.479610       0.500000       0.375000
      0.266332       0.500793       0.406088       0.307723       0.321152      56.784473      13.688323       0.500000       0.375000
      0.271357       0.501675       0.408088       0.175596       0.398097     -26.293923      15.312499       0.500000       0.375000
      0.276382       0.502523       0.411556       0.168791       0.690101      -1.354135      58.110237       0.500000       0.375000
      0.281407       0.502768       0.414936       0.048739       0.672675     -23.891048      -3.467972       0.500000       0.375000
      0.286432       0.502784       0.416971       0.003120       0.404970      -9.078333     -53.274582       0.500000       0.375000
      0.291457       0.502251       0.417642      -0.105975       0.133367     -21.710417     -54.050289       0.500000       0.375000
      0.296482       0.501661       0.418768      -0.117504       0.224196      -2.294354      18.075299       0.500000       0.375000
      0.301508       0.501148       0.419685      -0.102162       0.182407       3.053046      -8.316060       0.500000       0.375000
      0.306533       0.501058       0.421143      -0.017799       0.290253      16.788623      21.461834       0.500000       0.375000
      0.311558       0.500754       0.423243      -0.060429       0.417933      -8.483447      25.408987       0.500000       0.375000
      0.316583       0.499748       0.425243      -0.200310       0.397847     -27.837021      -3.997310       0.500000       0.375000
      0.321608       0.498911       0.427885      -0.166536       0.525869       6.721195      25.477134       0.500000       0.375000
      0.326633       0.498130       0.430408      -0.155388       0.502031       2.218550      -4.743952       0.500000       0.375000
      0.331658       0.497712       0.432566      -0.083210       0.429517      14.363734     -14.430643       0.500000       0.375000
      0.336683       0.497521       0.435141      -0.038064       0.512442       8.984216      16.502480       0.500000       0.375000
      0.341709       0.497538       0.437904       0.003519       0.549909       8.275273       7.456191       0.500000       0.375000
      0.346734       0.497577       0.440305       0.007746       0.477778       0.841118     -14.354558       0.500000       0.375000
      0.351759       0.497810       0.441680       0.046304       0.273500       7.673356     -40.652201       0.500000       0.375000
      0.356784       0.499186       0.443109       0.273793       0.284543      45.271377       2.197555       0.500000       0.375000
      0.361809       0.500676       0.444992       0.296499       0.374587       4.518536      17.919160       0.500000       0.375000
      0.366834       0.501124       0.446971       0.089295       0.393923     -41.234587       3.847999       0.500000       0.375000
      0.371859       0.500591       0.449203      -0.106110       0.444202     -38.886490      10.005770       0.500000       0.375000
      0.376884       0.499673       0.451469      -0.182725       0.450987     -15.246777       1.350187       0.500000       0.375000
      0.381910       0.498410       0.453654      -0.251423       0.434700     -13.671354      -3.241241       0.500000       0.375000
      0.386935       0.497707       0.455841      -0.139785       0.435339      22.216577       0.127200       0.500000       0.375000
      0.391960       0.496805       0.458303      -0.179527       0.489939      -7.908771      10.865802       0.500000       0.375000
      0.396985       0.495742       0.460602      -0.211494       0.457437      -6.361637      -6.468239       0.500000       0.375000
      0.402010       0.494388       0.462748      -0.269586       0.427005     -11.560622      -6.056009       0.500000       0.375000
      0.407035       0.492608       0.465141      -0.354274       0.476349     -16.853426       9.819720       0.500000       0.375000
      0.412060       0.490396       0.468973      -0.440058       0.762625     -17.071312      56.970309       0.500000       0.375000
      0.417085       0.487169       0.473353      -0.642261       0.871479     -40.239402      21.662480       0.500000       0.375000
      0.422111       0.484009       0.477951      -0.628873       0.915092       2.664242       8.679297       0.500000       0.375000
      0.427136       0.479510       0.482943      -0.895262       0.993493     -53.012714      15.602151       0.500000       0.375000
      0.432161       0.473212       0.487943      -1.253271       0.995022     -71.245627       0.304323       0.500000       0.375000
      0.437186       0.466145       0.492646      -1.406416       0.935850     -30.476553     -11.775531       0.500000       0.375000
      0.442211       0.457634       0.495712      -1.693743       0.610107     -57.179562     -64.824515       0.500000       0.375000
      0.447236       0.448264       0.497872      -1.864793       0.429926     -34.039784     -35.857031       0.500000       0.375000
      0.452261       0.438008       0.499824      -2.040933       0.388336     -35.052730      -8.276631       0.500000       0.375000
      0.457286       0.428457       0.501649      -1.900748       0.363188      27.897488      -5.004481       0.500000       0.375000
      0.462312       0.418813       0.502407      -1.919106       0.151007      -3.653374     -42.225011       0.500000       0.375000
      0.467337       0.409941       0.502629      -1.765578       0.044127      30.552868     -21.269720       0.500000       0.375000
      0.472362       0.402127       0.502145      -1.554998      -0.096272      41.906484     -27.940031       0.500000       0.375000
      0.477387       0.395344       0.500643      -1.349882      -0.298924      40.819212     -40.328853       0.500000       0.375000
      0.482412       0.390957       0.498499      -0.872986      -0.426714      94.904650     -25.430829       0.500000       0.375000
      0.487437       0.388782       0.496661      -0.432975      -0.365762      87.564245      12.129826       0.500000       0.375000
      0.492462       0.388111       0.494971      -0.133381      -0.336300      59.620661       5.863072       0.500000       0.375000
      0.497487       0.388844       0.492818       0.145794      -0.428558      55.557328     -18.359797       0.500000       0.375000
      0.502513       0.391465       0.491404       0.521681      -0.281254      74.803460      29.314092       0.500000       0.375000
      0.507538       0.396917       0.489542       1.084843      -0.370666     112.071930     -17.793333       0.500000       0.375000
      0.512563       0.404638       0.487960       1.536532      -0.314823      89.888403      11.113070       0.500000       0.375000
      0.517588       0.412599       0.487404       1.584367      -0.110656       9.519466      40.630285       0.500000       0.375000
      0.522613       0.420935       0.488170       1.658817       0.152572      14.815912      52.383617       0.500000       0.375000
      0.527638       0.430214       0.489817       1.846670       0.327685      37.383523      34.848264       0.500000       0.375000
      0.532663       0.439302       0.492350       1.808495       0.504036      -7.597001      35.094793       0.500000       0.375000
      0.537688       0.447892       0.495884       1.709431       0.703406     -19.714194      39.675614       0.500000       0.375000
      0.542714       0.456512       0.499689       1.715424       0.757095       1.192601      10.684438       0.500000       0.375000
      0.547739       0.464749       0.503900       1.639169       0.838048     -15.175082      16.109943       0.500000       0.375000
      0.552764       0.472511       0.507983       1.544818       0.812637     -18.776287      -5.056873       0.500000       0.375000
      0.557789       0.479888       0.511659       1.467899       0.731471     -15.307185     -16.152443       0.500000       0.375000
      0.562814       0.485562       0.515139       1.129237       0.692580     -67.395464      -7.739475       0.500000       0.375000
      0.567839       0.490098       0.518632       0.902757       0.695041     -45.070675       0.489719       0.500000       0.375000
      0.572864       0.493889       0.522613       0.754292       0.792191     -29.545365      19.333269       0.500000       0.375000
      0.577889       0.496331       0.526693       0.485982       0.811987     -53.394980       3.939675       0.500000       0.375000
      0.582915       0.497772       0.530374       0.286900       0.732507     -39.618289     -15.817042       0.500000       0.375000
      0.587940       0.498413       0.533558       0.127489       0.633637     -31.723618     -19.675610       0.500000       0.375000
      0.592965       0.498457       0.536210       0.008841       0.527851     -23.611593     -21.051984       0.500000       0.375000
      0.597990       0.498704       0.538543       0.049078       0.464172       8.007484     -12.672351       0.500000       0.375000
      0.603015       0.498872       0.540825       0.033381       0.454217      -3.123855      -1.981154       0.500000       0.375000
      0.608040       0.498823       0.543188      -0.009658       0.470238      -8.564853       3.188373       0.500000       0.375000
      0.613065       0.498712       0.545463      -0.022139       0.452636      -2.483835      -3.502868       0.500000       0.375000
      0.618090       0.498928       0.547553       0.042897       0.416007      12.942495      -7.289375       0.500000       0.375000
      0.623116       0.499419       0.549297       0.097696       0.347110      10.905205     -13.710993       0.500000       0.375000
      0.628141       0.500282       0.550959       0.171773       0.330740      14.741764      -3.257691       0.500000       0.375000
      0.633166       0.500977       0.552795       0.138368       0.365276      -6.647806       6.872866       0.500000       0.375000
      0.638191       0.501028       0.554931       0.010083       0.425149     -25.529398      11.915144       0.500000       0.375000
      0.643216       0.500689       0.557018      -0.067305       0.415214     -15.400465      -1.977150       0.500000       0.375000
      0.648241       0.500070       0.558890      -0.123319       0.372686     -11.147209      -8.463393       0.500000       0.375000
      0.653266       0.499205       0.560692      -0.172063       0.358601      -9.700161      -2.802899       0.500000       0.375000
      0.658291       0.498561       0.562606      -0.128160       0.380774       8.736836       4.412590       0.500000       0.375000
      0.663317       0.498531       0.564839      -0.006017       0.444507      24.307177      12.683044       0.500000       0.375000
      0.668342       0.498579       0.567010       0.009501       0.432023       3.087991      -2.484266       0.500000       0.375000
      0.673367       0.498760       0.568784       0.036185       0.352993       5.310262     -15.727479       0.500000       0.375000
      0.678392       0.498871       0.570502       0.021988       0.341917      -2.825120      -2.204144       0.500000       0.375000
      0.683417       0.498646       0.572233      -0.044770       0.344446     -13.285335       0.503300       0.500000       0.375000
      0.688442       0.498509       0.574209      -0.027291       0.393217       3.478528       9.705635       0.500000       0.375000
      0.693467       0.498123       0.576285      -0.076735       0.413087      -9.839602       3.954364       0.500000       0.375000
      0.698492       0.497846       0.578148      -0.055269       0.370879       4.271758      -8.399657       0.500000       0.375000
      0.703518       0.497572       0.579939      -0.054534       0.356361       0.146289      -2.889181       0.500000       0.375000
      0.708543       0.497332       0.581598      -0.047625       0.330227       1.374912      -5.200771       0.500000       0.375000
      0.713568       0.497399       0.583548       0.013198       0.388045      12.104036      11.506130       0.500000       0.375000
      0.718593       0.497650       0.585763       0.050003       0.440660       7.324491      10.470509       0.500000       0.375000
      0.723618       0.497744       0.588315       0.018789       0.507948      -6.211719      13.390748       0.500000       0.375000
      0.728643       0.497542       0.590801      -0.040338       0.494694     -11.766702      -2.637617       0.500000       0.375000
      0.733668       0.497624       0.593285       0.016465       0.494362      11.304063      -0.066139       0.500000       0.375000
      0.738693       0.497979       0.595612       0.070655       0.462967      10.784259      -6.247722       0.500000       0.375000
      0.743719       0.498320       0.597523       0.067708       0.380384      -0.586474     -16.434398       0.500000       0.375000
      0.748744       0.498810       0.599411       0.097574       0.375728       5.943336      -0.926577       0.500000       0.375000
      0.753769       0.499341       0.601271       0.105792       0.370219       1.635388      -1.096385       0.500000       0.375000
      0.758794       0.499670       0.603537       0.065320       0.450881      -8.054032      16.052135       0.500000       0.375000
      0.763819       0.499985       0.605786       0.062835       0.447522      -0.494581      -0.668455       0.500000       0.375000
      0.768844       0.500098       0.607856       0.022485       0.412053      -8.029738      -7.058446       0.500000       0.375000
      0.773869       0.500164       0.609810       0.013120       0.388710      -1.863672      -4.645449       0.500000       0.375000
      0.778894       0.500292       0.611531       0.025463       0.342523       2.456171      -9.191457       0.500000       0.375000
      0.783920       0.500363       0.613002       0.014099       0.292841      -2.261339      -9.886888       0.500000       0.375000
      0.788945       0.500423       0.614455       0.011974       0.289087      -0.422963      -0.747128       0.500000       0.375000
      0.793970       0.500489       0.616051       0.013121       0.317658       0.228188       5.685871       0.500000       0.375000
      0.798995       0.500276       0.617717      -0.042380       0.331456     -11.044901       2.745886       0.500000       0.375000
      0.804020       0.499903       0.619402      -0.074252       0.335296      -6.342686       0.764023       0.500000       0.375000
      0.809045       0.499799       0.621188      -0.020766       0.355513      10.644044       4.023272       0.500000       0.375000
      0.814070       0.499970       0.623054       0.034143       0.371292      10.927083       3.140182       0.500000       0.375000
      0.819095       0.500066       0.624955       0.018957       0.378329      -3.022001       1.400408       0.500000       0.375000
      0.824121       0.500165       0.627190       0.019794       0.444828       0.166582      13.233697       0.500000       0.375000
      0.829146       0.500181       0.629466       0.003123       0.452978      -3.317646       1.621852       0.500000       0.375000
      0.834171       0.500121       0.631774      -0.011818       0.459170      -2.973467       1.232232       0.500000       0.375000
      0.839196       0.500284       0.633895       0.032305       0.422110       8.780779      -7.375092       0.500000       0.375000
      0.844221       0.500420       0.635999       0.027079       0.418727      -1.039975      -0.673192       0.500000       0.375000
      0.849246       0.500469       0.638105       0.009831       0.419198      -3.432504       0.093628       0.500000       0.375000
      0.854271       0.500597       0.640390       0.025397       0.454723       3.097749       7.069680       0.500000       0.375000
      0.859296       0.500654       0.642807       0.011427       0.480995      -2.780050       5.228282       0.500000       0.375000
      0.864322       0.500616       0.645011      -0.007541       0.438596      -3.774846      -8.437653       0.500000       0.375000
      0.869347       0.500384       0.646976      -0.046210       0.390986      -7.695232      -9.474701       0.500000       0.375000
      0.874372       0.500155       0.649016      -0.045562       0.405884       0.128908       2.964809       0.500000       0.375000
      0.879397       0.499894       0.651080      -0.052024       0.410847      -1.285895       0.987774       0.500000       0.375000
      0.884422       0.499648       0.653197      -0.048950       0.421205       0.611593       2.061283       0.500000       0.375000
      0.889447       0.499551       0.655320      -0.019180       0.422627       5.924420       0.282963       0.500000       0.375000
      0.894472       0.499525       0.657513      -0.005314       0.436400       2.759387       2.740873       0.500000       0.375000
      0.899497       0.499678       0.659750       0.030516       0.445099       7.130358       1.731187       0.500000       0.375000
      0.904523       0.499731       0.661792       0.010630       0.406285      -3.957379      -7.724270       0.500000       0.375000
      0.909548       0.499802       0.663719       0.014056       0.383633       0.681853      -4.507763       0.500000       0.375000
      0.914573       0.500023       0.665576       0.044051       0.369509       5.969134      -2.810890       0.500000       0.375000
      0.919598       0.500098       0.667443       0.014761       0.371481      -5.828780       0.392488       0.500000       0.375000
      0.924623       0.500026       0.669412      -0.014237       0.391900      -5.770768       4.063570       0.500000       0.375000
      0.929648       0.499977       0.671429      -0.009677       0.401417       0.907342       1.893974       0.500000       0.375000
      0.934673       0.499937       0.673535      -0.007965       0.419029       0.340721       3.504872       0.500000       0.375000
      0.939698       0.499789       0.675623      -0.029523       0.415600      -4.290063      -0.682401       0.500000       0.375000
      0.944724       0.499573       0.677717      -0.042988       0.416638      -2.679701       0.206548       0.500000       0.375000
      0.949749       0.499527       0.679896      -0.009228       0.433690       6.718437       3.393294       0.500000       0.375000
      0.954774       0.499445       0.682050      -0.016273       0.428604      -1.402016      -1.012162       0.500000       0.375000
      0.959799       0.499315       0.684085      -0.025822       0.405019      -1.900267      -4.693526       0.500000       0.375000
      0.964824       0.499237       0.686074      -0.015512       0.395900       2.051784      -1.814554       0.500000       0.375000
      0.969849       0.499317       0.687988       0.015775       0.380750       6.226170      -3.014945       0.500000       0.375000
      0.974874       0.499410       0.689783       0.018640       0.357291       0.570302      -4.668464       0.500000       0.375000
      0.979899       0.499502       0.691422       0.018350       0.326070      -0.057884      -6.213233       0.500000       0.375000
      0.984925       0.499461       0.693034      -0.008236       0.320900      -5.290717      -1.028903       0.500000       0.375000
      0.989950       0.499368       0.694492      -0.018552       0.290069      -2.052920      -6.135386       0.500000       0.375000
      0.994975       0.499421       0.695772       0.010627       0.254821       5.806885      -7.014622       0.500000       0.375000
      1.000000       0.499581       0.696892       0.031901       0.222868       4.233470      -6.358683       0.500000       0.375000
      1.005025       0.499798       0.697817       0.043061       0.184055       2.220954      -7.724032       0.500000       0.375000
      1.010050       0.499999       0.698616       0.039966       0.158980      -0.615881      -4.990158       0.500000       0.375000
      1.015075       0.500156       0.699267       0.031242       0.129587      -1.736180      -5.849281       0.500000       0.375000
      1.020100       0.500295       0.699966       0.027792       0.139060      -0.686459       1.885230       0.500000       0.375000
      1.025125       0.500307       0.700563       0.002264       0.118751      -5.080257      -4.041641       0.500000       0.375000
      1.030150       0.500294       0.700982      -0.002468       0.083551      -0.941716      -7.005062       0.500000       0.375000
      1.035175       0.500270       0.701313      -0.004766       0.065896      -0.457371      -3.513357       0.500000       0.375000
      1.040200       0.500181       0.701435      -0.017712       0.024239      -2.576270      -8.289945       0.500000       0.375000
      1.045225       0.500073       0.701402      -0.021585      -0.006562      -0.770636      -6.129558       0.500000       0.375000
      1.050250       0.499969       0.701315      -0.020660      -0.017444       0.184008      -2.165646       0.500000       0.375000
      1.055275       0.499875       0.701163      -0.018719      -0.030258       0.386350      -2.549930       0.500000       0.375000
      1.060300       0.499948       0.701055       0.014621      -0.021473       6.634652       1.748202       0.500000       0.375000
      1.065325       0.500032       0.700920       0.016701      -0.026754       0.413955      -1.050849       0.500000       0.375000
      1.070350       0.500156       0.700792       0.024634      -0.025540       1.578790       0.241617       0.500000       0.375000
      1.075375       0.500243       0.700607       0.017307      -0.036774      -1.458231      -2.235717       0.500000       0.375000
      1.080400       0.500190       0.700489      -0.010519      -0.023451      -5.537401       2.651387       0.500000       0.375000
      1.085425       0.500110       0.700411      -0.015926      -0.015589      -1.076094       1.564612       0.500000       0.375000
      1.090450       0.500179       0.700323       0.013749      -0.017554       5.905491      -0.391084       0.500000       0.375000
      1.095475       0.500146       0.700257      -0.006733      -0.013159      -4.075994       0.874617       0.500000       0.375000
      1.100500       0.500072       0.700151      -0.014584      -0.020997      -1.562330      -1.559802       0.500000       0.375000
      1.105525       0.500046       0.700089      -0.005162      -0.012448       1.875066       1.701258       0.500000       0.375000
      1.110550       0.500032       0.700085      -0.002771      -0.000734       0.475678       2.331166       0.500000       0.375000
      1.115575       0.499990       0.699978      -0.008447      -0.021356      -1.129498      -4.103948       0.500000       0.375000
      1.120600       0.499986       0.699876      -0.000786      -0.020151       1.524670       0.239770       0.500000       0.375000
      1.125625       0.499908       0.699850      -0.015558      -0.005148      -2.939886       2.985725       0.500000       0.375000
      1.130650       0.499769       0.699823      -0.027701      -0.005468      -2.416499      -0.063719       0.500000       0.375000
      1.135675       0.499661       0.699787      -0.021342      -0.007104       1.265534      -0.325569       0.500000       0.375000
      1.140700       0.499639       0.699794      -0.004377       0.001300       3.376161       1.672489       0.500000       0.375000
      1.145725       0.499653       0.699770       0.002638      -0.004774       1.395960      -1.208744       0.500000       0.375000
      1.150750       0.499680       0.699684       0.005396      -0.017007       0.548792      -2.434498       0.500000       0.375000
      1.155775       0.499744       0.699608       0.012803      -0.015197       1.474183       0.360281       0.500000       0.375000
      1.160800       0.499829       0.699524       0.016860      -0.016624       0.807365      -0.284001       0.500000       0.375000
      1.165825       0.499882       0.699482       0.010623      -0.008492      -1.241305       1.618318       0.500000       0.375000
      1.170850       0.499865       0.699466      -0.003371      -0.003093      -2.784802       1.074522       0.500000       0.375000
      1.175875       0.499878       0.699449       0.002540      -0.003397       1.176271      -0.060531       0.500000       0.375000
      1.180900       0.499954       0.699477       0.015164       0.005631       2.512239       1.796492       0.500000       0.375000
      1.185925       0.500072       0.699519       0.023436       0.008189       1.646240       0.509177       0.500000       0.375000
      1.190950       0.500214       0.699583       0.028196       0.012785       0.947245       0.914639       0.500000       0.375000
      1.195975       0.500394       0.699561       0.035909      -0.004327       1.534896      -3.405497       0.500000       0.375000
      1.201000       0.500500       0.699545       0.021141      -0.003197      -2.938988       0.224841       0.500000       0.375000
      1.206025       0.500633       0.699559       0.026376       0.002869       1.041914       1.207163       0.500000       0.375000
      1.211050       0.500700       0.699606       0.013296       0.009227      -2.602977       1.265297       0.500000       0.375000
      1.216075       0.500778       0.699648       0.015671       0.008431       0.472642      -0.158251       0.500000       0.375000
      1.221100       0.500821       0.699681       0.008524       0.006443      -1.422327      -0.395691       0.500000       0.375000
      1.226125       0.500879       0.699696       0.011562       0.003045       0.604587      -0.676192       0.500000       0.375000
      1.231150       0.500940       0.699709       0.012108       0.002606       0.108572      -0.087412       0.500000       0.375000
      1.236175       0.501026       0.699668       0.017004      -0.008097       0.974438      -2.129959       0.500000       0.375000
      1.241200       0.501076       0.699627       0.010009      -0.008134      -1.392156      -0.007326       0.500000       0.375000
      1.246225       0.501082       0.699607       0.001269      -0.004133      -1.739162       0.796185       0.500000       0.375000
      1.251250       0.501095       0.699515       0.002564      -0.018324       0.257625      -2.823973       0.500000       0.375000
      1.256275       0.501018       0.699402      -0.015416      -0.022377      -3.578108      -0.806611       0.500000       0.375000
      1.261300       0.500935       0.699316      -0.016430      -0.017222      -0.201877       1.025898       0.500000       0.375000
      1.266325       0.500829       0.699243      -0.021062      -0.014474      -0.921669       0.546688       0.500000       0.375000
      1.271350       0.500756       0.699198      -0.014661      -0.009002       1.273799       1.089039       0.500000       0.375000
      1.276375       0.500659       0.699190      -0.019238      -0.001438      -0.910910       1.505264       0.500000       0.375000
      1.281400       0.500588       0.699203      -0.014159       0.002523       1.010720       0.788314       0.500000       0.375000
      1.286425       0.500486       0.699242      -0.020202       0.007817      -1.202509       1.053555       0.500000       0.375000
      1.291450       0.500417       0.699308      -0.013803       0.013095       1.273494       1.050384       0.500000       0.375000
      1.296475       0.500352       0.699376      -0.012941       0.013485       0.171420       0.077553       0.500000       0.375000
      1.301500       0.500294       0.699485      -0.011538       0.021705       0.279275       1.635718       0.500000       0.375000
      1.306525       0.500259       0.699604      -0.007043       0.023592       0.894433       0.375588       0.500000       0.375000
      1.311550       0.500222       0.699730      -0.007231       0.025256      -0.037275       0.331147       0.500000       0.375000
      1.316575       0.500193       0.699814      -0.005834       0.016612       0.278061      -1.720240       0.500000       0.375000
      1.321600       0.500206       0.699882       0.002557       0.013590       1.669827      -0.601355       0.500000       0.375000
      1.326625       0.500222       0.699945       0.003191       0.012500       0.126029      -0.217001       0.500000       0.375000
      1.331650       0.500231       0.700012       0.001814       0.013363      -0.273998       0.171839       0.500000       0.375000
      1.336675       0.500191       0.700049      -0.007864       0.007241      -1.925974      -1.218283       0.500000       0.375000
      1.341700       0.500174       0.700082      -0.003378       0.006688       0.892712      -0.110097       0.500000       0.375000
      1.346725       0.500145       0.700124      -0.005791       0.008291      -0.480041       0.319041       0.500000       0.375000
      1.351750       0.500109       0.700135      -0.007277       0.002209      -0.295772      -1.210392       0.500000       0.375000
      1.356775       0.500066       0.700120      -0.008420      -0.002927      -0.227503      -1.022075       0.500000       0.375000
      1.361800       0.500030       0.700106      -0.007208      -0.002860       0.241219       0.013289       0.500000       0.375000
      1.366825       0.499981       0.700083      -0.009753      -0.004526      -0.506493      -0.331571       0.500000       0.375000
      1.371850       0.499931       0.700065      -0.009958      -0.003603      -0.040759       0.183692       0.500000       0.375000
      1.376875       0.499907       0.700048      -0.004768      -0.003325       1.032737       0.055311       0.500000       0.375000
      1.381900       0.499920       0.700001       0.002487      -0.009504       1.443827      -1.229649       0.500000       0.375000
      1.386925       0.499949       0.699977       0.005737      -0.004645       0.646852       0.967049       0.500000       0.375000
      1.391950       0.499979       0.699973       0.005990      -0.000831       0.050199       0.759024       0.500000       0.375000
      1.396975       0.500038       0.699948       0.011809      -0.004964       1.158029      -0.822480       0.500000       0.375000
      1.402000       0.500119       0.699894       0.016098      -0.010810       0.853553      -1.163480       0.500000       0.375000
      1.407025       0.500194       0.699836       0.014860      -0.011457      -0.246320      -0.128633       0.500000       0.375000
      1.412050       0.500295       0.699810       0.020121      -0.005297       1.046946       1.225803       0.500000       0.375000
      1.417075       0.500375       0.699795       0.015986      -0.002891      -0.822851       0.478840       0.500000       0.375000
      1.422100       0.500407       0.699757       0.006454      -0.007666      -1.896882      -0.950289       0.500000       0.375000
      1.427125       0.500426       0.699730       0.003663      -0.005251      -0.555471       0.480571       0.500000       0.375000
      1.432150       0.500450       0.699718       0.004895      -0.002348       0.245181       0.577772       0.500000       0.375000
      1.437175       0.500480       0.699692       0.005884      -0.005238       0.196710      -0.575225       0.500000       0.375000
      1.442200       0.500465       0.699648      -0.002888      -0.008700      -1.745669      -0.688871       0.500000       0.375000
      1.447225       0.500391       0.699619      -0.014726      -0.005845      -2.355791       0.568109       0.500000       0.375000
      1.452250       0.500322       0.699610      -0.013730      -0.001710       0.198234       0.823028       0.500000       0.375000
      1.457275       0.500286       0.699624      -0.007233       0.002737       1.293022       0.884963       0.500000       0.375000
      1.462300       0.500273       0.699638      -0.002656       0.002750       0.910839       0.002425       0.500000       0.375000
      1.467325       0.500246       0.699654      -0.005365       0.003299      -0.539188       0.109397       0.500000       0.375000
      1.472350       0.500219       0.699661      -0.005343       0.001341       0.004431      -0.389796       0.500000       0.375000
      1.477375       0.500194       0.699619      -0.004908      -0.008430       0.086577      -1.944450       0.500000       0.375000
      1.482400       0.500158       0.699586      -0.007306      -0.006468      -0.477207       0.390470       0.500000       0.375000
      1.487425       0.500129       0.699554      -0.005743      -0.006382       0.311109       0.017173       0.500000       0.375000
      1.492450       0.500099       0.699504      -0.005830      -0.010003      -0.017366      -0.720705       0.500000       0.375000
      1.497475       0.500071       0.699444      -0.005679      -0.011938       0.030011      -0.384997       0.500000       0.375000
      1.502500       0.500019       0.699389      -0.010419      -0.010957      -0.943345       0.195281       0.500000       0.375000
