      0.000000       0.461300       0.302969       0.000000       0.000000       0.000000       0.000000       0.375000       0.875000
      0.005025       0.460721       0.304797      -0.115265       0.363927     -22.938255      72.423296       0.375000       0.875000
      0.010050       0.463448       0.308643       0.542697       0.765266     130.937663      79.868379       0.375000       0.875000
      0.015075       0.462994       0.310022      -0.090325       0.274389    -125.974473     -97.686915       0.375000       0.875000
      0.020101       0.463805       0.311938       0.161308       0.381256      50.076122      21.267155       0.375000       0.875000
      0.025126       0.464462       0.313659       0.130826       0.342496      -6.065936      -7.713508       0.375000       0.875000
      0.030151       0.465714       0.316101       0.249080       0.486026      23.533083      28.563152       0.375000       0.875000
      0.035176       0.466034       0.319203       0.063684       0.617286     -36.894774      26.121457       0.375000       0.875000
      0.040201       0.465117       0.319331      -0.182551       0.025462     -49.001996    -117.776006       0.375000       0.875000
      0.045226       0.465451       0.320951       0.066478       0.322434      49.558072      59.098989       0.375000       0.875000
      0.050251       0.464981       0.322672      -0.093404       0.342407     -31.817342       3.974609       0.375000       0.875000
      0.055276       0.464009       0.327415      -0.193490       0.944053     -19.917670     119.730665       0.375000       0.875000
      0.060302       0.463994       0.329245      -0.003098       0.364016      37.888890    -115.430329       0.375000       0.875000
      0.065327       0.465499       0.328496       0.299675      -0.148980      60.253388    -102.088704       0.375000       0.875000
      0.070352       0.465960       0.328853       0.091681       0.071059     -41.391814      43.788905       0.375000       0.875000
      0.075377       0.466072       0.330666       0.022181       0.360859     -13.830777      57.671674       0.375000       0.875000
      0.080402       0.465525       0.333615      -0.108683       0.586730     -26.042569      44.949273       0.375000       0.875000
      0.085427       0.464410       0.336224      -0.221878       0.519219     -22.526413     -13.434832       0.375000       0.875000
      0.090452       0.466289       0.340145       0.373898       0.780276     118.562460      51.951544       0.375000       0.875000
      0.095477       0.467435       0.342197       0.228088       0.408341     -29.017011     -74.016851       0.375000       0.875000
      0.100503       0.468278       0.345061       0.167728       0.570065     -12.011992      32.183827       0.375000       0.875000
      0.105528       0.470133       0.347222       0.369139       0.429969      40.081759     -27.879886       0.375000       0.875000
      0.110553       0.469838       0.350621      -0.058705       0.676408     -85.142966      49.042625       0.375000       0.875000
      0.115578       0.469863       0.351451       0.004892       0.165178      12.656115    -101.737374       0.375000       0.875000
      0.120603       0.470280       0.351573       0.083025       0.024257      15.548766     -28.043928       0.375000       0.875000
      0.125628       0.472066       0.352312       0.355345       0.147200      54.193090      24.466285       0.375000       0.875000
      0.130653       0.474365       0.354938       0.457592       0.522624      20.347636      74.711323       0.375000       0.875000
      0.135678       0.474333       0.357113      -0.006387       0.432672     -92.334175     -17.900913       0.375000       0.875000
      0.140704       0.473716       0.359522      -0.122702       0.479383     -23.147209       9.295601       0.375000       0.875000
      0.145729       0.473302       0.362860      -0.082429       0.664427       8.014481      36.824755       0.375000       0.875000
      0.150754       0.473683       0.366136       0.075805       0.651960      31.489461      -2.481013       0.375000       0.875000
      0.155779       0.472910       0.367002      -0.153861       0.172199     -45.704670     -95.474866       0.375000       0.875000
      0.160804       0.471583       0.367607      -0.264133       0.120406     -21.944735     -10.306961       0.375000       0.875000
      0.165829       0.471538       0.367527      -0.008896      -0.015952      50.793378     -27.135971       0.375000       0.875000
      0.170854       0.472701       0.368146       0.231435       0.123235      47.827223      27.698980       0.375000       0.875000
      0.175879       0.473967       0.370515       0.251870       0.471481       4.066518      69.302627       0.375000       0.875000
      0.180905       0.475733       0.373682       0.351493       0.630262      19.825612      31.598309       0.375000       0.875000
      0.185930       0.476252       0.376737       0.103290       0.608051     -49.393684      -4.420253       0.375000       0.875000
      0.190955       0.477037       0.379188       0.156189       0.487707      10.527102     -23.949030       0.375000       0.875000
      0.195980       0.478571       0.381786       0.305279       0.517009      29.669777       5.831227       0.375000       0.875000
      0.201005       0.479973       0.383792       0.278985       0.399125      -5.232682     -23.459395       0.375000       0.875000
      0.206030       0.479745       0.384963      -0.045218       0.233164     -64.517988     -33.027089       0.375000       0.875000
      0.211055       0.478180       0.385874      -0.311504       0.181137     -52.992358     -10.353727       0.375000       0.875000
      0.216080       0.477954       0.387925      -0.045030       0.408246      53.029653      45.195854       0.375000       0.875000
      0.221106       0.479632       0.389128       0.334014       0.239333      75.431772     -33.614433       0.375000       0.875000
      0.226131       0.480070       0.391914       0.087128       0.554564     -49.131664      62.732422       0.375000       0.875000
      0.231156       0.480870       0.394649       0.159133       0.544196      14.329432      -2.063270       0.375000       0.875000
      0.236181       0.480315       0.397004      -0.110462       0.468675     -53.650725     -15.029115       0.375000       0.875000
      0.241206       0.478434       0.398598      -0.374255       0.317276     -52.496257     -30.129143       0.375000       0.875000
      0.246231       0.477584       0.400959      -0.169236       0.469687      40.799879      30.330676       0.375000       0.875000
      0.251256       0.478005       0.402992       0.083900       0.404597      50.375326     -12.953366       0.375000       0.875000
      0.256281       0.479962       0.405043       0.389486       0.408168      60.813208       0.710825       0.375000       0.875000
      0.261307       0.482697       0.407496       0.544118       0.488256      30.772367      15.937900       0.375000       0.875000
      0.266332       0.482691       0.409702      -0.001158       0.439059    -108.512628      -9.790563       0.375000       0.875000
      0.271357       0.482630       0.411816      -0.012054       0.420581      -2.168201      -3.677235       0.375000       0.875000
      0.276382       0.483927       0.412618       0.258038       0.159616      53.749617     -51.933240       0.375000       0.875000
      0.281407       0.484210       0.414260       0.056351       0.326705     -40.136838      33.251505       0.375000       0.875000
      0.286432       0.484376       0.416279       0.033086       0.401841      -4.629823      14.952482       0.375000       0.875000
      0.291457       0.484587       0.418622       0.041963       0.466219       1.766527      12.811523       0.375000       0.875000
      0.296482       0.485031       0.420024       0.088296       0.278994       9.220625     -37.258809       0.375000       0.875000
      0.301508       0.484184       0.421564      -0.168521       0.306528     -51.107962       5.479391       0.375000       0.875000
      0.306533       0.483612       0.422884      -0.113748       0.262648      10.900129      -8.732294       0.375000       0.875000
      0.311558       0.483466       0.424379      -0.029115       0.297513      16.842441       6.938369       0.375000       0.875000
      0.316583       0.483156       0.426490      -0.061717       0.420082      -6.487886      24.391892       0.375000       0.875000
      0.321608       0.482822       0.428611      -0.066407       0.422063      -0.933487       0.394242       0.375000       0.875000
      0.326633       0.483615       0.430684       0.157853       0.412641      44.628944      -1.875189       0.375000       0.875000
      0.331658       0.485131       0.433022       0.301681       0.465312      28.622563      10.481921       0.375000       0.875000
      0.336683       0.487117       0.435886       0.395165       0.569835      18.603694      20.800571       0.375000       0.875000
      0.341709       0.487439       0.438123       0.064033       0.445221     -65.896880     -24.798911       0.375000       0.875000
      0.346734       0.487836       0.440132       0.079056       0.399726       2.989592      -9.053719       0.375000       0.875000
      0.351759       0.487604       0.442314      -0.046124       0.434263     -24.911461       6.873188       0.375000       0.875000
      0.356784       0.487697       0.444342       0.018480       0.403668      12.856625      -6.088588       0.375000       0.875000
      0.361809       0.487500       0.446732      -0.039157       0.475536     -11.470152      14.302004       0.375000       0.875000
      0.366834       0.488094       0.449696       0.118125       0.589977      31.299957      22.774404       0.375000       0.875000
      0.371859       0.487074       0.453173      -0.202959       0.691953     -63.897381      20.293669       0.375000       0.875000
      0.376884       0.485339       0.456770      -0.345400       0.715657     -28.346416       4.717237       0.375000       0.875000
      0.381910       0.483473       0.460174      -0.371210       0.677484      -5.136358      -7.596665       0.375000       0.875000
      0.386935       0.481852       0.463463      -0.322691       0.654480       9.655509      -4.577823       0.375000       0.875000
      0.391960       0.479691       0.466813      -0.429966       0.666687     -21.348203       2.429144       0.375000       0.875000
      0.396985       0.477049       0.470054      -0.525827       0.645004     -19.076795      -4.314901       0.375000       0.875000
      0.402010       0.473932       0.473012      -0.620202       0.588579     -18.781034     -11.228968       0.375000       0.875000
      0.407035       0.469480       0.476780      -0.886065       0.749956     -52.908244      32.114890       0.375000       0.875000
      0.412060       0.465146       0.480779      -0.862392       0.795843       4.711199       9.131640       0.375000       0.875000
      0.417085       0.460863       0.484499      -0.852437       0.740347       1.981000     -11.043971       0.375000       0.875000
      0.422111       0.456022       0.488446      -0.963318       0.785343     -22.065807       8.954482       0.375000       0.875000
      0.427136       0.449828       0.492675      -1.232686       0.841739     -53.605692      11.223045       0.375000       0.875000
      0.432161       0.442694       0.496491      -1.419750       0.759219     -37.226562     -16.421864       0.375000       0.875000
      0.437186       0.436437       0.499741      -1.245198       0.646860      34.736733     -22.359957       0.375000       0.875000
      0.442211       0.429981       0.503536      -1.284771       0.755130      -7.875310      21.546342       0.375000       0.875000
      0.447236       0.424102       0.507853      -1.169910       0.859226      22.858053      20.715510       0.375000       0.875000
      0.452261       0.417892       0.511764      -1.235755       0.778274     -13.103622     -16.109787       0.375000       0.875000
      0.457286       0.411759       0.514873      -1.220606       0.618779       3.014696     -31.740253       0.375000       0.875000
      0.462312       0.405954       0.517338      -1.155155       0.490557      13.025214     -25.516878       0.375000       0.875000
      0.467337       0.400081       0.519270      -1.168688       0.384437      -2.693266     -21.118426       0.375000       0.875000
      0.472362       0.394598       0.520115      -1.091230       0.168154      15.414685     -43.041406       0.375000       0.875000
      0.477387       0.390535       0.519696      -0.808569      -0.083338      56.250879     -50.048077       0.375000       0.875000
      0.482412       0.387350       0.518616      -0.633789      -0.215026      34.782073     -26.206588       0.375000       0.875000
      0.487437       0.384912       0.517894      -0.485161      -0.143659      29.577623      14.202274       0.375000       0.875000
      0.492462       0.384685       0.517321      -0.045125      -0.114102      87.569429       5.882153       0.375000       0.875000
      0.497487       0.385383       0.516612       0.138955      -0.140945      36.632936      -5.342038       0.375000       0.875000
      0.502513       0.386962       0.515732       0.314102      -0.175195      34.855099      -6.815907       0.375000       0.875000
      0.507538       0.390130       0.514919       0.630496      -0.161881      62.963883       2.649541       0.375000       0.875000
      0.512563       0.394448       0.513818       0.859198      -0.218989      45.512856     -11.364654       0.375000       0.875000
      0.517588       0.400363       0.512610       1.177300      -0.240485      63.303831      -4.277896       0.375000       0.875000
      0.522613       0.406379       0.513085       1.197039       0.094590       3.928220      66.681580       0.375000       0.875000
      0.527638       0.412737       0.514320       1.265345       0.245672      13.593237      30.066202       0.375000       0.875000
      0.532663       0.419916       0.514772       1.428576       0.090034      32.483777     -30.972881       0.375000       0.875000
      0.537688       0.427513       0.515297       1.511918       0.104559      16.585482       2.890555       0.375000       0.875000
      0.542714       0.435111       0.516316       1.512039       0.202800       0.024015      19.550519       0.375000       0.875000
      0.547739       0.442809       0.517406       1.531985       0.216864       3.969306       2.798701       0.375000       0.875000
      0.552764       0.450528       0.518545       1.536125       0.226656       0.824061       1.948722       0.375000       0.875000
      0.557789       0.457555       0.520162       1.398401       0.321803     -27.407823      18.934819       0.375000       0.875000
      0.562814       0.464301       0.521569       1.342372       0.279872     -11.150103      -8.344558       0.375000       0.875000
      0.567839       0.470755       0.523147       1.284362       0.314067     -11.544345       6.805063       0.375000       0.875000
      0.572864       0.476808       0.525210       1.204713       0.410558     -15.850464      19.202144       0.375000       0.875000
      0.577889       0.481938       0.527512       1.020929       0.458059     -36.573892       9.452794       0.375000       0.875000
      0.582915       0.486659       0.530101       0.939436       0.515311     -16.217508      11.393432       0.375000       0.875000
      0.587940       0.490853       0.532454       0.834719       0.468188     -20.839191      -9.377714       0.375000       0.875000
      0.592965       0.494324       0.534577       0.690571       0.422508     -28.686286      -9.090416       0.375000       0.875000
      0.597990       0.497113       0.536505       0.555045       0.383730     -26.970318      -7.717069       0.375000       0.875000
      0.603015       0.499175       0.538318       0.410341       0.360874     -28.796817      -4.548405       0.375000       0.875000
      0.608040       0.501023       0.540344       0.367738       0.403079      -8.478064       8.398896       0.375000       0.875000
      0.613065       0.502833       0.542272       0.360331       0.383703      -1.474043      -3.855882       0.375000       0.875000
      0.618090       0.504654       0.544347       0.362374       0.413027       0.406479       5.835609       0.375000       0.875000
      0.623116       0.506500       0.546604       0.367297       0.449019       0.979635       7.162615       0.375000       0.875000
      0.628141       0.508180       0.549029       0.334459       0.482734      -6.534867       6.709574       0.375000       0.875000
      0.633166       0.509606       0.550948       0.283606       0.381712     -10.119977     -20.103910       0.375000       0.875000
      0.638191       0.510969       0.552825       0.271385       0.373701      -2.432027      -1.594202       0.375000       0.875000
      0.643216       0.512054       0.554626       0.215819       0.358398     -11.057942      -3.045450       0.375000       0.875000
      0.648241       0.512671       0.556544       0.122895       0.381533     -18.492353       4.603984       0.375000       0.875000
      0.653266       0.512940       0.558404       0.053378       0.370181     -13.834109      -2.259161       0.375000       0.875000
      0.658291       0.512802       0.560485      -0.027454       0.414191     -16.086073       8.758226       0.375000       0.875000
      0.663317       0.512505       0.562637      -0.059010       0.428296      -6.279726       2.806939       0.375000       0.875000
      0.668342       0.512490       0.564609      -0.003099       0.392327      11.126470      -7.158015       0.375000       0.875000
      0.673367       0.512373       0.566559      -0.023203       0.388210      -4.000817      -0.819275       0.375000       0.875000
      0.678392       0.512333       0.568616      -0.007949       0.409248       3.035668       4.186698       0.375000       0.875000
      0.683417       0.512934       0.570812       0.119542       0.436987      25.371313       5.520124       0.375000       0.875000
      0.688442       0.513949       0.572924       0.201974       0.420402      16.404394      -3.300465       0.375000       0.875000
      0.693467       0.514983       0.575156       0.205932       0.444035       0.787615       4.703165       0.375000       0.875000
      0.698492       0.516029       0.577528       0.208139       0.472070       0.439254       5.579138       0.375000       0.875000
      0.703518       0.516649       0.579714       0.123347       0.435139     -16.874089      -7.349460       0.375000       0.875000
      0.708543       0.517217       0.581913       0.113038       0.437516      -2.051486       0.472985       0.375000       0.875000
      0.713568       0.517602       0.583901       0.076627       0.395572      -7.246004      -8.347185       0.375000       0.875000
      0.718593       0.517851       0.585722       0.049521       0.362395      -5.394161      -6.602287       0.375000       0.875000
      0.723618       0.517843       0.587625      -0.001556       0.378759     -10.164634       3.256569       0.375000       0.875000
      0.728643       0.517857       0.589616       0.002725       0.396338       0.851924       3.498236       0.375000       0.875000
      0.733668       0.518343       0.591655       0.096827       0.405608      18.726892       1.844870       0.375000       0.875000
      0.738693       0.518978       0.593473       0.126371       0.361768       5.879358      -8.724487       0.375000       0.875000
      0.743719       0.519762       0.595415       0.155851       0.386542       5.866580       4.930135       0.375000       0.875000
      0.748744       0.520522       0.597467       0.151280       0.408437      -0.909556       4.357253       0.375000       0.875000
      0.753769       0.520907       0.599432       0.076612       0.390938     -14.859368      -3.482478       0.375000       0.875000
      0.758794       0.521328       0.601418       0.083774       0.395352       1.425271       0.878573       0.375000       0.875000
      0.763819       0.521531       0.603495       0.040500       0.413246      -8.611743       3.560975       0.375000       0.875000
      0.768844       0.521722       0.605512       0.037907       0.401334      -0.515893      -2.370560       0.375000       0.875000
      0.773869       0.521949       0.607258       0.045316       0.347556       1.474248     -10.702179       0.375000       0.875000
      0.778894       0.522412       0.609008       0.092115       0.348327       9.313402       0.153476       0.375000       0.875000
      0.783920       0.523020       0.610664       0.120918       0.329559       5.731909      -3.735007       0.375000       0.875000
      0.788945       0.523605       0.612356       0.116347       0.336635      -0.909650       1.408226       0.375000       0.875000
      0.793970       0.524192       0.614281       0.116881       0.383143       0.106265       9.255353       0.375000       0.875000
      0.798995       0.524666       0.616255       0.094373       0.392672      -4.479276       1.896219       0.375000       0.875000
      0.804020       0.525045       0.618209       0.075383       0.388916      -3.779048      -0.747301       0.375000       0.875000
      0.809045       0.525492       0.620088       0.089049       0.374025       2.719514      -2.963405       0.375000       0.875000
      0.814070       0.525670       0.621935       0.035345       0.367548     -10.687256      -1.289010       0.375000       0.875000
      0.819095       0.525622       0.623696      -0.009462       0.350323      -8.916937      -3.427785       0.375000       0.875000
      0.824121       0.525576       0.625396      -0.009211       0.338311       0.049989      -2.390522       0.375000       0.875000
      0.829146       0.525747       0.627033       0.033946       0.325782       8.588521      -2.493276       0.375000       0.875000
      0.834171       0.526012       0.628797       0.052753       0.351192       3.742603       5.056625       0.375000       0.875000
      0.839196       0.526221       0.630712       0.041525       0.381077      -2.234310       5.947314       0.375000       0.875000
      0.844221       0.526262       0.632681       0.008179       0.391829      -6.636146       2.139606       0.375000       0.875000
      0.849246       0.526335       0.634726       0.014689       0.406871       1.295584       2.993514       0.375000       0.875000
      0.854271       0.526577       0.636756       0.048067       0.403967       6.642429      -0.577912       0.375000       0.875000
      0.859296       0.526870       0.638814       0.058322       0.409576       2.040823       1.116156       0.375000       0.875000
      0.864322       0.527339       0.640978       0.093369       0.430674       6.974485       4.198723       0.375000       0.875000
      0.869347       0.527780       0.643092       0.087716       0.420681      -1.125044      -1.988742       0.375000       0.875000
      0.874372       0.528323       0.645214       0.108043       0.422393       4.045134       0.340802       0.375000       0.875000
      0.879397       0.528899       0.647293       0.114708       0.413734       1.326548      -1.723198       0.375000       0.875000
      0.884422       0.529523       0.649369       0.124088       0.413015       1.866472      -0.143194       0.375000       0.875000
      0.889447       0.530173       0.651392       0.129462       0.402530       1.069602      -2.086461       0.375000       0.875000
      0.894472       0.530796       0.653390       0.123879       0.397606      -1.111111      -0.980001       0.375000       0.875000
      0.899497       0.531392       0.655449       0.118634       0.409770      -1.043850       2.420656       0.375000       0.875000
      0.904523       0.531956       0.657599       0.112194       0.427842      -1.281511       3.596498       0.375000       0.875000
      0.909548       0.532516       0.659852       0.111548       0.448539      -0.128491       4.118785       0.375000       0.875000
      0.914573       0.533033       0.662030       0.102869       0.433256      -1.727312      -3.041379       0.375000       0.875000
      0.919598       0.533555       0.664124       0.103822       0.416845       0.189667      -3.265873       0.375000       0.875000
      0.924623       0.533917       0.666216       0.071991       0.416177      -6.334522      -0.132871       0.375000       0.875000
      0.929648       0.534176       0.668347       0.051627       0.424156      -4.052481       1.587746       0.375000       0.875000
      0.934673       0.534532       0.670466       0.070733       0.421681       3.802287      -0.492559       0.375000       0.875000
      0.939698       0.534955       0.672413       0.084256       0.387430       2.690957      -6.815932       0.375000       0.875000
      0.944724       0.535390       0.674357       0.086655       0.386880       0.477474      -0.109618       0.375000       0.875000
      0.949749       0.535782       0.676262       0.077869       0.379156      -1.748523      -1.537020       0.375000       0.875000
      0.954774       0.536138       0.678205       0.070976       0.386738      -1.371696       1.508843       0.375000       0.875000
      0.959799       0.536476       0.680178       0.067220       0.392522      -0.747386       1.151116       0.375000       0.875000
      0.964824       0.536896       0.682135       0.083479       0.389400       3.235553      -0.621426       0.375000       0.875000
      0.969849       0.537299       0.683957       0.080350       0.362630      -0.622575      -5.327341       0.375000       0.875000
      0.974874       0.537737       0.685637       0.087036       0.334398       1.330549      -5.618373       0.375000       0.875000
      0.979899       0.538125       0.687222       0.077224       0.315436      -1.952764      -3.773411       0.375000       0.875000
      0.984925       0.538369       0.688661       0.048639       0.286355      -5.688578      -5.787386       0.375000       0.875000
      0.989950       0.538514       0.689886       0.028768       0.243692      -3.954344      -8.490090       0.375000       0.875000
      0.994975       0.538658       0.690890       0.028768       0.199911      -0.000090      -8.712688       0.375000       0.875000
      1.000000       0.538923       0.691893       0.052661       0.199661       4.754896      -0.049597       0.375000       0.875000
      1.005025       0.539175       0.692751       0.050177       0.170653      -0.494284      -5.772874       0.375000       0.875000
      1.010050       0.539283       0.693541       0.021481       0.157300      -5.710764      -2.657178       0.375000       0.875000
      1.015075       0.539314       0.694386       0.006124       0.168004      -3.055966       2.130075       0.375000       0.875000
      1.020100       0.539277       0.695195      -0.007224       0.160966      -2.656296      -1.400563       0.375000       0.875000
      1.025125       0.539200       0.695858      -0.015453       0.132128      -1.637779      -5.738943       0.375000       0.875000
      1.030150       0.539170       0.696371      -0.005864       0.101943       1.908322      -6.006986       0.375000       0.875000
      1.035175       0.539144       0.696829      -0.005239       0.091207       0.124398      -2.136579       0.375000       0.875000
      1.040200       0.539110       0.697178      -0.006855       0.069352      -0.321608      -4.349118       0.375000       0.875000
      1.045225       0.538940       0.697458      -0.033833       0.055715      -5.368695      -2.713807       0.375000       0.875000
      1.050250       0.538806       0.697639      -0.026651       0.036104       1.429220      -3.902849       0.375000       0.875000
      1.055275       0.538659       0.697723      -0.029170       0.016748      -0.501315      -3.851934       0.375000       0.875000
      1.060300       0.538429       0.697677      -0.045779      -0.009244      -3.305322      -5.172480       0.375000       0.875000
      1.065325       0.538225       0.697600      -0.040578      -0.015339       1.035116      -1.212968       0.375000       0.875000
      1.070350       0.538140       0.697496      -0.016860      -0.020669       4.720010      -1.060703       0.375000       0.875000
      1.075375       0.538103       0.697311      -0.007417      -0.036744       1.879192      -3.198933       0.375000       0.875000
      1.080400       0.538068       0.697120      -0.006930      -0.038060       0.096922      -0.261839       0.375000       0.875000
      1.085425       0.538102       0.696958       0.006715      -0.032295       2.715349       1.147119       0.375000       0.875000
      1.090450       0.538177       0.696820       0.014860      -0.027399       1.620901       0.974503       0.375000       0.875000
      1.095475       0.538240       0.696719       0.012508      -0.020062      -0.467964       1.460008       0.375000       0.875000
      1.100500       0.538343       0.696568       0.020538      -0.030024       1.597907      -1.982455       0.375000       0.875000
      1.105525       0.538496       0.696394       0.030593      -0.034623       2.000943      -0.915345       0.375000       0.875000
      1.110550       0.538597       0.696306       0.019936      -0.017537      -2.120790       3.400357       0.375000       0.875000
      1.115575       0.538594       0.696301      -0.000519      -0.000974      -4.070559       3.296079       0.375000       0.875000
      1.120600       0.538587       0.696288      -0.001347      -0.002623      -0.164769      -0.328090       0.375000       0.875000
      1.125625       0.538623       0.696277       0.007186      -0.002200       1.698100       0.084132       0.375000       0.875000
      1.130650       0.538742       0.696235       0.023661      -0.008364       3.278552      -1.226773       0.375000       0.875000
      1.135675       0.538880       0.696059       0.027403      -0.034929       0.744680      -5.286513       0.375000       0.875000
      1.140700       0.538919       0.695926       0.007796      -0.026477      -3.901852       1.682002       0.375000       0.875000
      1.145725       0.539010       0.695836       0.018011      -0.017926       2.032923       1.701771       0.375000       0.875000
      1.150750       0.539130       0.695802       0.024008      -0.006778       1.193285       2.218359       0.375000       0.875000
      1.155775       0.539180       0.695850       0.009966       0.009509      -2.794414       3.241260       0.375000       0.875000
      1.160800       0.539177       0.695946      -0.000630       0.019085      -2.108683       1.905619       0.375000       0.875000
      1.165825       0.539201       0.696051       0.004804       0.020985       1.081413       0.378193       0.375000       0.875000
      1.170850       0.539279       0.696142       0.015482       0.018069       2.125038      -0.580370       0.375000       0.875000
      1.175875       0.539410       0.696234       0.025975       0.018320       2.088189       0.049953       0.375000       0.875000
      1.180900       0.539580       0.696302       0.033957       0.013523       1.588430      -0.954531       0.375000       0.875000
      1.185925       0.539663       0.696476       0.016551       0.034610      -3.463830       4.196343       0.375000       0.875000
      1.190950       0.539703       0.696726       0.007885       0.049654      -1.724606       2.993871       0.375000       0.875000
      1.195975       0.539710       0.696947       0.001348       0.044016      -1.300910      -1.121965       0.375000       0.875000
      1.201000       0.539675       0.697073      -0.007010       0.025213      -1.663215      -3.741879       0.375000       0.875000
      1.206025       0.539612       0.697148      -0.012446       0.014895      -1.081928      -2.053328       0.375000       0.875000
      1.211050       0.539559       0.697176      -0.010662       0.005552       0.355134      -1.859290       0.375000       0.875000
      1.216075       0.539542       0.697145      -0.003297      -0.006211       1.465631      -2.340893       0.375000       0.875000
      1.221100       0.539527       0.697025      -0.003046      -0.023945       0.049847      -3.529179       0.375000       0.875000
      1.226125       0.539521       0.696810      -0.001090      -0.042811       0.389405      -3.754423       0.375000       0.875000
      1.231150       0.539521       0.696577      -0.000035      -0.046318       0.209923      -0.697877       0.375000       0.875000
      1.236175       0.539513       0.696363      -0.001499      -0.042469      -0.291385       0.765933       0.375000       0.875000
      1.241200       0.539510       0.696195      -0.000723      -0.033526       0.154453       1.779631       0.375000       0.875000
      1.246225       0.539443       0.696067      -0.013310      -0.025512      -2.504875       1.594884       0.375000       0.875000
      1.251250       0.539325       0.695957      -0.023414      -0.021871      -2.010711       0.724497       0.375000       0.875000
      1.256275       0.539270       0.695833      -0.010975      -0.024665       2.475435      -0.556082       0.375000       0.875000
      1.261300       0.539256       0.695668      -0.002826      -0.032845       1.621634      -1.627784       0.375000       0.875000
      1.266325       0.539209       0.695510      -0.009351      -0.031321      -1.298601       0.303399       0.375000       0.875000
      1.271350       0.539192       0.695373      -0.003354      -0.027349       1.193525       0.790405       0.375000       0.875000
      1.276375       0.539151       0.695278      -0.008132      -0.018932      -0.950928       1.675069       0.375000       0.875000
      1.281400       0.539091       0.695190      -0.012012      -0.017405      -0.772048       0.303849       0.375000       0.875000
      1.286425       0.539058       0.695112      -0.006645      -0.015610       1.067972       0.357160       0.375000       0.875000
      1.291450       0.538996       0.695073      -0.012332      -0.007690      -1.131697       1.576148       0.375000       0.875000
      1.296475       0.538968       0.695026      -0.005553      -0.009362       1.349019      -0.332769       0.375000       0.875000
      1.301500       0.538964       0.694984      -0.000714      -0.008390       0.963096       0.193428       0.375000       0.875000
      1.306525       0.538923       0.694983      -0.008257      -0.000136      -1.501107       1.642586       0.375000       0.875000
      1.311550       0.538854       0.694971      -0.013631      -0.002500      -1.069466      -0.470497       0.375000       0.875000
      1.316575       0.538831       0.694971      -0.004505       0.000120       1.816201       0.521414       0.375000       0.875000
      1.321600       0.538864       0.695004       0.006492       0.006385       2.188434       1.246740       0.375000       0.875000
      1.326625       0.538895       0.695051       0.006254       0.009363      -0.047439       0.592771       0.375000       0.875000
      1.331650       0.538932       0.695114       0.007308       0.012561       0.209687       0.636397       0.375000       0.875000
      1.336675       0.538976       0.695177       0.008768       0.012627       0.290611       0.013025       0.375000       0.875000
      1.341700       0.539060       0.695238       0.016633       0.012184       1.565226      -0.088017       0.375000       0.875000
      1.346725       0.539140       0.695293       0.015930       0.010806      -0.139932      -0.274238       0.375000       0.875000
      1.351750       0.539188       0.695328       0.009652       0.006929      -1.249322      -0.771569       0.375000       0.875000
      1.356775       0.539208       0.695333       0.003815       0.001102      -1.161677      -1.159602       0.375000       0.875000
      1.361800       0.539232       0.695361       0.004786       0.005504       0.193254       0.875890       0.375000       0.875000
      1.366825       0.539274       0.695440       0.008451       0.015869       0.729344       2.062817       0.375000       0.875000
      1.371850       0.539352       0.695539       0.015606       0.019637       1.423818       0.749871       0.375000       0.875000
      1.376875       0.539442       0.695605       0.017796       0.013187       0.435957      -1.283753       0.375000       0.875000
      1.381900       0.539507       0.695651       0.012901       0.009101      -0.974116      -0.813101       0.375000       0.875000
      1.386925       0.539570       0.695698       0.012667       0.009303      -0.046704       0.040178       0.375000       0.875000
      1.391950       0.539600       0.695789       0.005884       0.018045      -1.349818       1.739873       0.375000       0.875000
      1.396975       0.539632       0.695869       0.006300       0.015989       0.082756      -0.409324       0.375000       0.875000
      1.402000       0.539661       0.695938       0.005893       0.013668      -0.080960      -0.461749       0.375000       0.875000
      1.407025       0.539726       0.695988       0.012933       0.010081       1.401039      -0.713898       0.375000       0.875000
      1.412050       0.539824       0.696001       0.019524       0.002558       1.311605      -1.497050       0.375000       0.875000
      1.417075       0.539940       0.695979       0.022967      -0.004323       0.685196      -1.369499       0.375000       0.875000
      1.422100       0.540041       0.695973       0.020093      -0.001243      -0.571848       0.613053       0.375000       0.875000
      1.427125       0.540121       0.695967       0.015991      -0.001263      -0.816485      -0.004046       0.375000       0.875000
      1.432150       0.540180       0.695971       0.011787       0.000778      -0.836458       0.406218       0.375000       0.875000
      1.437175       0.540173       0.696017      -0.001490       0.009174      -2.642179       1.670756       0.375000       0.875000
      1.442200       0.540160       0.696036      -0.002590       0.003911      -0.219002      -1.047374       0.375000       0.875000
      1.447225       0.540144       0.696033      -0.003225      -0.000654      -0.126321      -0.908445       0.375000       0.875000
      1.452250       0.540108       0.696040      -0.006996       0.001355      -0.750423       0.399784       0.375000       0.875000
      1.457275       0.540089       0.696049      -0.003798       0.001710       0.636429       0.070830       0.375000       0.875000
      1.462300       0.540048       0.696058      -0.008270       0.001975      -0.890029       0.052720       0.375000       0.875000
      1.467325       0.540002       0.696051      -0.009163      -0.001403      -0.177721      -0.672324       0.375000       0.875000
      1.472350       0.539966       0.696051      -0.007083      -0.000040       0.413859       0.271283       0.375000       0.875000
      1.477375       0.539905       0.696059      -0.012263       0.001560      -1.030716       0.318328       0.375000       0.875000
      1.482400       0.539844       0.696051      -0.012103      -0.001562       0.031816      -0.621312       0.375000       0.875000
      1.487425       0.539789       0.696038      -0.010791      -0.002637       0.261034      -0.213913       0.375000       0.875000
      1.492450       0.539713       0.696013      -0.015136      -0.004949      -0.864680      -0.460128       0.375000       0.875000
      1.497475       0.539603       0.696011      -0.021931      -0.000337      -1.352101       0.917904       0.375000       0.875000
      1.502500       0.539472       0.695987      -0.026205      -0.004833      -0.850661      -0.894836       0.375000       0.875000
