      0.000000       0.539138       0.304504       0.000000       0.000000       0.000000       0.000000       0.625000       1.000000
      0.005025       0.539249       0.305876       0.022203       0.273015       4.418555      54.331400       0.625000       1.000000
      0.010050       0.537557       0.308237      -0.336761       0.469978     -71.435592      39.196575       0.625000       1.000000
      0.015075       0.537314       0.310048      -0.048326       0.360427      57.399994     -21.801263       0.625000       1.000000
      0.020101       0.535675       0.311694      -0.326215       0.327444     -55.301348      -6.563637       0.625000       1.000000
      0.025126       0.535687       0.312769       0.002419       0.213979      65.399775     -22.580191       0.625000       1.000000
      0.030151       0.535846       0.314632       0.031554       0.370793       5.798012      31.206720       0.625000       1.000000
      0.035176       0.535095       0.317375      -0.149419       0.545810     -36.014471      34.829218       0.625000       1.000000
      0.040201       0.535702       0.319820       0.120822       0.486516      53.779316     -11.799638       0.625000       1.000000
      0.045226       0.535271       0.321817      -0.085746       0.397389     -41.108150     -17.736706       0.625000       1.000000
      0.050251       0.535995       0.323477       0.144039       0.330465      45.728422     -13.318313       0.625000       1.000000
      0.055276       0.536191       0.326041       0.038954       0.510242     -20.912468      35.776467       0.625000       1.000000
      0.060302       0.535807       0.327506      -0.076272       0.291552     -22.930528     -43.520350       0.625000       1.000000
      0.065327       0.533996       0.328532      -0.360524       0.204193     -56.567641     -17.384913       0.625000       1.000000
      0.070352       0.533486       0.330636      -0.101446       0.418623      51.557963      42.672673       0.625000       1.000000
      0.075377       0.533911       0.333346       0.084616       0.539243      37.027082      24.003912       0.625000       1.000000
      0.080402       0.534318       0.335134       0.081040       0.355875      -0.711518     -36.491141       0.625000       1.000000
      0.085427       0.532447       0.338800      -0.372347       0.729681     -90.226220      74.389239       0.625000       1.000000
      0.090452       0.530250       0.339476      -0.437315       0.134495     -12.929027    -118.444868       0.625000       1.000000
      0.095477       0.530040       0.338877      -0.041785      -0.119273      78.712408     -50.501023       0.625000       1.000000
      0.100503       0.529841       0.340702      -0.039632       0.363246       0.428399      96.023618       0.625000       1.000000
      0.105528       0.529786       0.343248      -0.010968       0.506556       5.704373      28.519409       0.625000       1.000000
      0.110553       0.531401       0.346546       0.321444       0.656381      66.151639      29.815918       0.625000       1.000000
      0.115578       0.533722       0.348287       0.461925       0.346400      27.956396     -61.687772       0.625000       1.000000
      0.120603       0.532896       0.350963      -0.164327       0.532605    -124.627247      37.055679       0.625000       1.000000
      0.125628       0.531266       0.355154      -0.324468       0.833969     -31.868774      59.972933       0.625000       1.000000
      0.130653       0.530042       0.357431      -0.243561       0.453247      16.100900     -75.765621       0.625000       1.000000
      0.135678       0.529900       0.358996      -0.028187       0.311326      42.860378     -28.242929       0.625000       1.000000
      0.140704       0.530907       0.360664       0.200355       0.332084      45.481003       4.130955       0.625000       1.000000
      0.145729       0.530205       0.361101      -0.139805       0.086831     -67.693501     -48.806634       0.625000       1.000000
      0.150754       0.528022       0.361773      -0.434330       0.133803     -58.612000       9.347770       0.625000       1.000000
      0.155779       0.526566       0.362786      -0.289665       0.201542      28.789155      13.480460       0.625000       1.000000
      0.160804       0.526670       0.365343       0.020656       0.508889      61.755266      61.163427       0.625000       1.000000
      0.165829       0.526290       0.368219      -0.075634       0.572364     -19.162100      12.631981       0.625000       1.000000
      0.170854       0.525483       0.370476      -0.160561       0.449045     -16.900796     -24.541071       0.625000       1.000000
      0.175879       0.525210       0.372947      -0.054490       0.491728      21.108610       8.494099       0.625000       1.000000
      0.180905       0.526563       0.374859       0.269408       0.380671      64.457188     -22.100998       0.625000       1.000000
      0.185930       0.526163       0.377516      -0.079662       0.528754     -69.466545      29.469215       0.625000       1.000000
      0.190955       0.526671       0.378450       0.101110       0.185765      35.974562     -68.256407       0.625000       1.000000
      0.195980       0.527451       0.379206       0.155097       0.150480      10.743628      -7.021871       0.625000       1.000000
      0.201005       0.526414       0.380246      -0.206327       0.206974     -71.925148      11.242522       0.625000       1.000000
      0.206030       0.524161       0.382286      -0.448303       0.405880     -48.154425      39.583224       0.625000       1.000000
      0.211055       0.522264       0.385212      -0.377464       0.582308      14.097284      35.110207       0.625000       1.000000
      0.216080       0.520807       0.387590      -0.290060       0.473315      17.393844     -21.690166       0.625000       1.000000
      0.221106       0.520117       0.390863      -0.137223       0.651343      30.415249      35.428484       0.625000       1.000000
      0.226131       0.520656       0.393505       0.107226       0.525777      48.646567     -24.988406       0.625000       1.000000
      0.231156       0.521591       0.396380       0.186080       0.572142      15.692351       9.226938       0.625000       1.000000
      0.236181       0.520400       0.397973      -0.236956       0.316991     -84.186258     -50.776371       0.625000       1.000000
      0.241206       0.519538       0.399051      -0.171693       0.214438      12.987677     -20.408433       0.625000       1.000000
      0.246231       0.519112       0.400095      -0.084662       0.207821      17.319565      -1.316826       0.625000       1.000000
      0.251256       0.518899       0.401032      -0.042374       0.186486       8.415647      -4.245857       0.625000       1.000000
      0.256281       0.519114       0.401701       0.042785       0.133052      16.947048     -10.633701       0.625000       1.000000
      0.261307       0.519444       0.403454       0.065692       0.349020       4.558463      42.978738       0.625000       1.000000
      0.266332       0.519954       0.405408       0.101490       0.388770       7.124060       7.910394       0.625000       1.000000
      0.271357       0.520654       0.407936       0.139169       0.503095       7.498236      22.751320       0.625000       1.000000
      0.276382       0.519584       0.409560      -0.212882       0.323117     -70.059737     -35.816527       0.625000       1.000000
      0.281407       0.518101       0.411108      -0.295061       0.308071     -16.354212      -2.994129       0.625000       1.000000
      0.286432       0.516248       0.413638      -0.368845       0.503440     -14.683361      38.879344       0.625000       1.000000
      0.291457       0.515018       0.416769      -0.244693       0.623113      24.706860      23.815549       0.625000       1.000000
      0.296482       0.513915       0.419464      -0.219605       0.536302       4.992752     -17.275890       0.625000       1.000000
      0.301508       0.512995       0.421728      -0.183023       0.450712       7.279881     -17.032770       0.625000       1.000000
      0.306533       0.512468       0.424420      -0.104846       0.535605      15.557639      16.894018       0.625000       1.000000
      0.311558       0.511201       0.426814      -0.252097       0.476479     -29.303579     -11.766269       0.625000       1.000000
      0.316583       0.511235       0.427374       0.006669       0.111431      51.495641     -72.646362       0.625000       1.000000
      0.321608       0.511551       0.427827       0.062864       0.090160      11.183156      -4.233155       0.625000       1.000000
      0.326633       0.511684       0.429551       0.026553       0.343150      -7.226083      50.346440       0.625000       1.000000
      0.331658       0.511312       0.431950      -0.074094       0.477385     -20.029193      26.713315       0.625000       1.000000
      0.336683       0.510569       0.434683      -0.147816       0.543871     -14.671155      13.230992       0.625000       1.000000
      0.341709       0.510296       0.436754      -0.054385       0.412088      18.593195     -26.225450       0.625000       1.000000
      0.346734       0.509333       0.438490      -0.191626       0.345453     -27.311592     -13.260720       0.625000       1.000000
      0.351759       0.508899       0.440710      -0.086391       0.441906      20.942287      19.194658       0.625000       1.000000
      0.356784       0.508025       0.442994      -0.173785       0.454473     -17.391828       2.500856       0.625000       1.000000
      0.361809       0.506926       0.445137      -0.218713       0.426472      -8.940874      -5.572318       0.625000       1.000000
      0.366834       0.505791       0.447760      -0.225942       0.521883      -1.438623      18.987429       0.625000       1.000000
      0.371859       0.503902       0.449464      -0.375989       0.339254     -29.860088     -36.344186       0.625000       1.000000
      0.376884       0.501215       0.451029      -0.534624       0.311448     -31.569194      -5.533505       0.625000       1.000000
      0.381910       0.497915       0.453346      -0.656677       0.461065     -24.289163      29.774481       0.625000       1.000000
      0.386935       0.494966       0.456063      -0.586928       0.540686      13.880334      15.844988       0.625000       1.000000
      0.391960       0.491396       0.459158      -0.710376       0.615803     -24.566676      14.948607       0.625000       1.000000
      0.396985       0.487455       0.462900      -0.784298       0.744783     -14.710851      25.667749       0.625000       1.000000
      0.402010       0.483044       0.465299      -0.877858       0.477392     -18.618873     -53.212169       0.625000       1.000000
      0.407035       0.477237       0.467526      -1.155561       0.443178     -55.264280      -6.808681       0.625000       1.000000
      0.412060       0.470896       0.469889      -1.262072       0.470250     -21.196231       5.387480       0.625000       1.000000
      0.417085       0.464210       0.472115      -1.330396       0.442982     -13.596815      -5.426535       0.625000       1.000000
      0.422111       0.457628       0.473842      -1.309961       0.343647       4.066694     -19.768150       0.625000       1.000000
      0.427136       0.451014       0.474983      -1.316084       0.227150      -1.218475     -23.183462       0.625000       1.000000
      0.432161       0.444262       0.475938      -1.343739       0.190010      -5.503631      -7.391034       0.625000       1.000000
      0.437186       0.437084       0.476375      -1.428436       0.087010     -16.855032     -20.497589       0.625000       1.000000
      0.442211       0.430116       0.476347      -1.386797      -0.005669       8.286336     -18.443572       0.625000       1.000000
      0.447236       0.421659       0.476291      -1.682905      -0.011065     -58.926863      -1.073768       0.625000       1.000000
      0.452261       0.413996       0.475865      -1.525073      -0.084911      31.409221     -14.695819       0.625000       1.000000
      0.457286       0.407554       0.475504      -1.281861      -0.071782      48.400364       2.612886       0.625000       1.000000
      0.462312       0.402333       0.475364      -1.039019      -0.027755      48.326857       8.761567       0.625000       1.000000
      0.467337       0.397032       0.475536      -1.055031       0.034121      -3.186524      12.313548       0.625000       1.000000
      0.472362       0.392787       0.474753      -0.844690      -0.155841      41.858857     -37.803414       0.625000       1.000000
      0.477387       0.389557       0.473661      -0.642875      -0.217333      40.162214     -12.237083       0.625000       1.000000
      0.482412       0.387450       0.472827      -0.419187      -0.165860      44.514997      10.243238       0.625000       1.000000
      0.487437       0.386755       0.472085      -0.138425      -0.147781      55.873211       3.597771       0.625000       1.000000
      0.492462       0.386651       0.471849      -0.020616      -0.046811      23.444561      20.093543       0.625000       1.000000
      0.497487       0.387279       0.471931       0.124950       0.016231      28.968364      12.545774       0.625000       1.000000
      0.502513       0.389094       0.472076       0.361179       0.028772      47.010676       2.495662       0.625000       1.000000
      0.507538       0.391894       0.472408       0.557325       0.066150      39.033934       7.438415       0.625000       1.000000
      0.512563       0.395578       0.473720       0.733115       0.261103      34.983215      38.796595       0.625000       1.000000
      0.517588       0.400566       0.475361       0.992538       0.326488      51.626444      13.012050       0.625000       1.000000
      0.522613       0.405407       0.477209       0.963344       0.367821      -5.809668       8.225398       0.625000       1.000000
      0.527638       0.410706       0.479615       1.054721       0.478890      18.184322      22.103221       0.625000       1.000000
      0.532663       0.416632       0.482192       1.179303       0.512836      24.792497       6.755581       0.625000       1.000000
      0.537688       0.422470       0.484533       1.161706       0.465815      -3.501815      -9.357478       0.625000       1.000000
      0.542714       0.428613       0.487425       1.222512       0.575604      12.100574      21.848586       0.625000       1.000000
      0.547739       0.434285       0.490898       1.128686       0.691060     -18.671711      22.976199       0.625000       1.000000
      0.552764       0.439761       0.494255       1.089885       0.668013      -7.721651      -4.586413       0.625000       1.000000
      0.557789       0.445874       0.498135       1.216483       0.772086      25.193575      20.711048       0.625000       1.000000
      0.562814       0.451690       0.501905       1.157365       0.750255     -11.764753      -4.344418       0.625000       1.000000
      0.567839       0.456642       0.505559       0.985404       0.727186     -34.221009      -4.590931       0.625000       1.000000
      0.572864       0.461661       0.509617       0.998858       0.807711       2.677423      16.024841       0.625000       1.000000
      0.577889       0.466208       0.513883       0.904819       0.848795     -18.714244       8.175928       0.625000       1.000000
      0.582915       0.470328       0.518083       0.819866       0.835829     -16.906051      -2.580193       0.625000       1.000000
      0.587940       0.474436       0.521422       0.817614       0.664592      -0.448339     -34.077143       0.625000       1.000000
      0.592965       0.478047       0.524659       0.718594       0.644088     -19.705343      -4.080321       0.625000       1.000000
      0.597990       0.480100       0.528544       0.408606       0.773094     -61.689103      25.672813       0.625000       1.000000
      0.603015       0.481892       0.532055       0.356660       0.698801     -10.337700     -14.784598       0.625000       1.000000
      0.608040       0.483695       0.535326       0.358722       0.651001       0.410371      -9.512444       0.625000       1.000000
      0.613065       0.485138       0.538322       0.287102       0.596251     -14.252706     -10.895506       0.625000       1.000000
      0.618090       0.485962       0.541401       0.164127       0.612700     -24.472644       3.273430       0.625000       1.000000
      0.623116       0.486625       0.544663       0.131878       0.649170      -6.417743       7.257742       0.625000       1.000000
      0.628141       0.486817       0.547888       0.038118       0.641739     -18.658584      -1.478856       0.625000       1.000000
      0.633166       0.486908       0.550845       0.018103       0.588417      -3.983093     -10.611396       0.625000       1.000000
      0.638191       0.486851       0.553534      -0.011206       0.535188      -5.832738     -10.592800       0.625000       1.000000
      0.643216       0.486724       0.555865      -0.025435       0.463855      -2.831591     -14.195551       0.625000       1.000000
      0.648241       0.486532       0.558080      -0.038098       0.440866      -2.519888      -4.575078       0.625000       1.000000
      0.653266       0.486378       0.560165      -0.030755       0.414775       1.461215      -5.192129       0.625000       1.000000
      0.658291       0.486009       0.561995      -0.073400       0.364297      -8.486628     -10.045311       0.625000       1.000000
      0.663317       0.485812       0.563931      -0.039110       0.385247       6.823829       4.169088       0.625000       1.000000
      0.668342       0.485740       0.565799      -0.014323       0.371638       4.932926      -2.708310       0.625000       1.000000
      0.673367       0.485806       0.567457       0.013191       0.329976       5.475369      -8.291002       0.625000       1.000000
      0.678392       0.485528       0.569531      -0.055340       0.412753     -13.637991      16.473049       0.625000       1.000000
      0.683417       0.485237       0.571456      -0.058073       0.383092      -0.544019      -5.902639       0.625000       1.000000
      0.688442       0.485105       0.573264      -0.026089       0.359726       6.365087      -4.650032       0.625000       1.000000
      0.693467       0.484897       0.574946      -0.041432       0.334854      -3.053306      -4.949643       0.625000       1.000000
      0.698492       0.484476       0.576867      -0.083847       0.382176      -8.440917       9.417404       0.625000       1.000000
      0.703518       0.483804       0.578873      -0.133759       0.399302      -9.932717       3.408158       0.625000       1.000000
      0.708543       0.483201       0.580806      -0.120009       0.384654       2.736353      -2.914956       0.625000       1.000000
      0.713568       0.482448       0.582732      -0.149850       0.383317      -5.938425      -0.266072       0.625000       1.000000
      0.718593       0.481863       0.584874      -0.116313       0.426242       6.674025       8.542262       0.625000       1.000000
      0.723618       0.481544       0.587323      -0.063621       0.487387      10.485916      12.168082       0.625000       1.000000
      0.728643       0.481201       0.589733      -0.068103       0.479654      -0.892046      -1.538909       0.625000       1.000000
      0.733668       0.480946       0.592108      -0.050782       0.472585       3.447037      -1.406698       0.625000       1.000000
      0.738693       0.480356       0.594213      -0.117376       0.418877     -13.252513     -10.688089       0.625000       1.000000
      0.743719       0.480096       0.596089      -0.051761       0.373339      13.057649      -9.062394       0.625000       1.000000
      0.748744       0.480008       0.597884      -0.017644       0.357195       6.789529      -3.212779       0.625000       1.000000
      0.753769       0.480005       0.599516      -0.000561       0.324798       3.399632      -6.447078       0.625000       1.000000
      0.758794       0.479834       0.600958      -0.034023       0.286977      -6.659217      -7.526586       0.625000       1.000000
      0.763819       0.479724       0.602416      -0.021799       0.290216       2.432687       0.644473       0.625000       1.000000
      0.768844       0.479512       0.604293      -0.042199       0.373496      -4.059688      16.573170       0.625000       1.000000
      0.773869       0.479398       0.606406      -0.022665       0.420479       3.887374       9.349871       0.625000       1.000000
      0.778894       0.479065       0.608311      -0.066289       0.379033      -8.681402      -8.247970       0.625000       1.000000
      0.783920       0.478818       0.610205      -0.049139       0.376969       3.412861      -0.410734       0.625000       1.000000
      0.788945       0.478518       0.612245      -0.059842       0.405903      -2.129902       5.758123       0.625000       1.000000
      0.793970       0.477922       0.614163      -0.118595       0.381753     -11.692023      -4.806134       0.625000       1.000000
      0.798995       0.477449       0.616067      -0.094099       0.378876       4.874682      -0.572397       0.625000       1.000000
      0.804020       0.477113       0.618144      -0.066908       0.413341       5.411117       6.858656       0.625000       1.000000
      0.809045       0.476508       0.620280      -0.120413       0.425042     -10.647733       2.328578       0.625000       1.000000
      0.814070       0.476049       0.622327      -0.091313       0.407350       5.791001      -3.520915       0.625000       1.000000
      0.819095       0.475843       0.624348      -0.040960       0.402309      10.020556      -1.003076       0.625000       1.000000
      0.824121       0.475339       0.626594      -0.100246       0.446914     -11.798206       8.876531       0.625000       1.000000
      0.829146       0.474878       0.628751      -0.091810       0.429273       1.678869      -3.510511       0.625000       1.000000
      0.834171       0.474500       0.630741      -0.075128       0.395978       3.319673      -6.625864       0.625000       1.000000
      0.839196       0.474192       0.632810      -0.061440       0.411721       2.724081       3.132930       0.625000       1.000000
      0.844221       0.473908       0.634855      -0.056459       0.406945       0.991308      -0.950538       0.625000       1.000000
      0.849246       0.473423       0.636872      -0.096465       0.401522      -7.961479      -1.079270       0.625000       1.000000
      0.854271       0.472738       0.638921      -0.136439       0.407729      -7.954991       1.235308       0.625000       1.000000
      0.859296       0.472114       0.640758      -0.124035       0.365608       2.468467      -8.382261       0.625000       1.000000
      0.864322       0.471574       0.642540      -0.107461       0.354579       3.298358      -2.194825       0.625000       1.000000
      0.869347       0.471286       0.644290      -0.057446       0.348296       9.953193      -1.250381       0.625000       1.000000
      0.874372       0.470988       0.645921      -0.059141       0.324459      -0.337363      -4.743644       0.625000       1.000000
      0.879397       0.470551       0.647757      -0.087002       0.365401      -5.544533       8.147544       0.625000       1.000000
      0.884422       0.469923       0.649650      -0.125077       0.376661      -7.577088       2.240950       0.625000       1.000000
      0.889447       0.469456       0.651498      -0.092801       0.367884       6.423151      -1.746748       0.625000       1.000000
      0.894472       0.469253       0.653299      -0.040557       0.358445      10.396743      -1.878390       0.625000       1.000000
      0.899497       0.469140       0.655078      -0.022478       0.353967       3.597960      -0.891235       0.625000       1.000000
      0.904523       0.468972       0.656929      -0.033393       0.368426      -2.172310       2.877538       0.625000       1.000000
      0.909548       0.468629       0.658981      -0.068170       0.408229      -6.920689       7.920944       0.625000       1.000000
      0.914573       0.468320       0.661217      -0.061463       0.445121       1.334764       7.341635       0.625000       1.000000
      0.919598       0.468090       0.663614      -0.045809       0.476840       3.115147       6.312310       0.625000       1.000000
      0.924623       0.467866       0.666036      -0.044561       0.482073       0.248283       1.041312       0.625000       1.000000
      0.929648       0.467636       0.668372      -0.045915       0.464864      -0.269426      -3.424635       0.625000       1.000000
      0.934673       0.467323       0.670762      -0.062229       0.475604      -3.246561       2.137292       0.625000       1.000000
      0.939698       0.466924       0.672967      -0.079433       0.438740      -3.423569      -7.336008       0.625000       1.000000
      0.944724       0.466518       0.675068      -0.080739       0.418211      -0.259946      -4.085525       0.625000       1.000000
      0.949749       0.465892       0.677031      -0.124653       0.390557      -8.739132      -5.503149       0.625000       1.000000
      0.954774       0.465345       0.679047      -0.108764       0.401237       3.161926       2.125259       0.625000       1.000000
      0.959799       0.464770       0.681091      -0.114478       0.406730      -1.137023       1.093166       0.625000       1.000000
      0.964824       0.464184       0.683097      -0.116634       0.399328      -0.428993      -1.472929       0.625000       1.000000
      0.969849       0.463544       0.684871      -0.127311       0.352973      -2.124945      -9.225009       0.625000       1.000000
      0.974874       0.462974       0.686466      -0.113385       0.317500       2.771351      -7.059264       0.625000       1.000000
      0.979899       0.462469       0.687907      -0.100522       0.286630       2.559845      -6.143325       0.625000       1.000000
      0.984925       0.461933       0.689214      -0.106750       0.260068      -1.239335      -5.285804       0.625000       1.000000
      0.989950       0.461349       0.690475      -0.116214       0.250946      -1.883422      -1.815422       0.625000       1.000000
      0.994975       0.460866       0.691666      -0.096126       0.237072       3.997596      -2.761038       0.625000       1.000000
      1.000000       0.460521       0.692801      -0.068505       0.225989       5.496783      -2.205547       0.625000       1.000000
      1.005025       0.460103       0.693722      -0.083356       0.183162      -2.955399      -8.522677       0.625000       1.000000
      1.010050       0.459908       0.694491      -0.038704       0.153104       8.885942      -5.981697       0.625000       1.000000
      1.015075       0.459866       0.695138      -0.008383       0.128730       6.034029      -4.850688       0.625000       1.000000
      1.020100       0.459854       0.695755      -0.002292       0.122871       1.212031      -1.165995       0.625000       1.000000
      1.025125       0.459932       0.696365       0.015492       0.121297       3.539268      -0.313220       0.625000       1.000000
      1.030150       0.459988       0.696846       0.010985       0.095638      -0.897094      -5.106271       0.625000       1.000000
      1.035175       0.459879       0.697133      -0.021604       0.057114      -6.485259      -7.666399       0.625000       1.000000
      1.040200       0.459664       0.697285      -0.042705       0.030393      -4.199255      -5.317699       0.625000       1.000000
      1.045225       0.459444       0.697405      -0.043865       0.023922      -0.230754      -1.287701       0.625000       1.000000
      1.050250       0.459322       0.697551      -0.024174       0.028979       3.918588       1.006495       0.625000       1.000000
      1.055275       0.459284       0.697733      -0.007698       0.036213       3.278774       1.439444       0.625000       1.000000
      1.060300       0.459329       0.697757       0.009088       0.004819       3.340442      -6.247482       0.625000       1.000000
      1.065325       0.459407       0.697775       0.015480       0.003581       1.272008      -0.246426       0.625000       1.000000
      1.070350       0.459483       0.697816       0.014984       0.008016      -0.098634       0.882596       0.625000       1.000000
      1.075375       0.459624       0.697850       0.028187       0.006851       2.627440      -0.231841       0.625000       1.000000
      1.080400       0.459854       0.697838       0.045668      -0.002299       3.478908      -1.820914       0.625000       1.000000
      1.085425       0.460006       0.697763       0.030267      -0.015016      -3.064977      -2.530737       0.625000       1.000000
      1.090450       0.460077       0.697647       0.014183      -0.023173      -3.200831      -1.623209       0.625000       1.000000
      1.095475       0.460200       0.697503       0.024466      -0.028588       2.046329      -1.077623       0.625000       1.000000
      1.100500       0.460288       0.697349       0.017546      -0.030584      -1.377110      -0.397282       0.625000       1.000000
      1.105525       0.460276       0.697284      -0.002346      -0.012991      -3.958448       3.501118       0.625000       1.000000
      1.110550       0.460161       0.697153      -0.022908      -0.026038      -4.092076      -2.596449       0.625000       1.000000
      1.115575       0.460020       0.696990      -0.028007      -0.032541      -1.014585      -1.294009       0.625000       1.000000
      1.120600       0.459941       0.696856      -0.015881      -0.026525       2.413060       1.197108       0.625000       1.000000
      1.125625       0.459886       0.696762      -0.010835      -0.018720       1.004239       1.553328       0.625000       1.000000
      1.130650       0.459827       0.696702      -0.011747      -0.011988      -0.181536       1.339566       0.625000       1.000000
      1.135675       0.459801       0.696688      -0.005244      -0.002836       1.294105       1.821469       0.625000       1.000000
      1.140700       0.459849       0.696746       0.009675       0.011519       2.968894       2.856635       0.625000       1.000000
      1.145725       0.459951       0.696720       0.020218      -0.005075       2.098087      -3.302220       0.625000       1.000000
      1.150750       0.460167       0.696628       0.042975      -0.018259       4.528880      -2.623732       0.625000       1.000000
      1.155775       0.460420       0.696641       0.050304       0.002567       1.458562       4.144427       0.625000       1.000000
      1.160800       0.460653       0.696760       0.046327       0.023630      -0.791598       4.191630       0.625000       1.000000
      1.165825       0.460853       0.696910       0.039955       0.029767      -1.268033       1.221318       0.625000       1.000000
      1.170850       0.461025       0.697059       0.034164       0.029815      -1.152445       0.009618       0.625000       1.000000
      1.175875       0.461167       0.697202       0.028219       0.028457      -1.182938      -0.270358       0.625000       1.000000
      1.180900       0.461314       0.697384       0.029331       0.036179       0.221216       1.536705       0.625000       1.000000
      1.185925       0.461447       0.697605       0.026358       0.043878      -0.591639       1.532273       0.625000       1.000000
      1.190950       0.461583       0.697762       0.027146       0.031387       0.156882      -2.485894       0.625000       1.000000
      1.195975       0.461680       0.697881       0.019309       0.023596      -1.559744      -1.550480       0.625000       1.000000
      1.201000       0.461771       0.698006       0.018054       0.024866      -0.249735       0.252860       0.625000       1.000000
      1.206025       0.461861       0.698097       0.017977       0.018148      -0.015232      -1.337031       0.625000       1.000000
      1.211050       0.461896       0.698177       0.006844       0.015874      -2.215569      -0.452514       0.625000       1.000000
      1.216075       0.461851       0.698244      -0.008945       0.013276      -3.142006      -0.516935       0.625000       1.000000
      1.221100       0.461773       0.698337      -0.015378       0.018532      -1.280234       1.045987       0.625000       1.000000
      1.226125       0.461654       0.698366      -0.023754       0.005780      -1.666877      -2.537803       0.625000       1.000000
      1.231150       0.461617       0.698364      -0.007295      -0.000279       3.275351      -1.205649       0.625000       1.000000
      1.236175       0.461567       0.698289      -0.009956      -0.015041      -0.529532      -2.937751       0.625000       1.000000
      1.241200       0.461498       0.698156      -0.013889      -0.026519      -0.782629      -2.284212       0.625000       1.000000
      1.246225       0.461464       0.697949      -0.006642      -0.041181       1.442105      -2.917761       0.625000       1.000000
      1.251250       0.461443       0.697728      -0.004159      -0.043846       0.494069      -0.530363       0.625000       1.000000
      1.256275       0.461424       0.697488      -0.003863      -0.047776       0.059014      -0.782174       0.625000       1.000000
      1.261300       0.461413       0.697223      -0.002167      -0.052830       0.337589      -1.005701       0.625000       1.000000
      1.266325       0.461332       0.696967      -0.016081      -0.050889      -2.768976       0.386285       0.625000       1.000000
      1.271350       0.461190       0.696749      -0.028302      -0.043371      -2.432173       1.496174       0.625000       1.000000
      1.276375       0.461098       0.696586      -0.018292      -0.032370       1.992147       2.189172       0.625000       1.000000
      1.281400       0.460994       0.696445      -0.020627      -0.028065      -0.464654       0.856637       0.625000       1.000000
      1.286425       0.460875       0.696348      -0.023775      -0.019391      -0.626464       1.726319       0.625000       1.000000
      1.291450       0.460841       0.696268      -0.006689      -0.015867       3.400225       0.701133       0.625000       1.000000
      1.296475       0.460839       0.696177      -0.000486      -0.018215       1.234350      -0.467110       0.625000       1.000000
      1.301500       0.460857       0.696088       0.003540      -0.017729       0.801226       0.096572       0.625000       1.000000
      1.306525       0.460916       0.696017       0.011831      -0.014025       1.649846       0.737161       0.625000       1.000000
      1.311550       0.460993       0.695960       0.015260      -0.011452       0.682344       0.512096       0.625000       1.000000
      1.316575       0.461091       0.695925       0.019608      -0.006904       0.865344       0.905000       0.625000       1.000000
      1.321600       0.461206       0.695877       0.022885      -0.009604       0.652227      -0.537210       0.625000       1.000000
      1.326625       0.461298       0.695851       0.018164      -0.005026      -0.939591       0.910896       0.625000       1.000000
      1.331650       0.461424       0.695840       0.025257      -0.002353       1.411622       0.531994       0.625000       1.000000
      1.336675       0.461502       0.695802       0.015361      -0.007499      -1.969492      -1.024012       0.625000       1.000000
      1.341700       0.461564       0.695775       0.012406      -0.005353      -0.588046       0.427029       0.625000       1.000000
      1.346725       0.461602       0.695755       0.007477      -0.004036      -0.980854       0.262131       0.625000       1.000000
      1.351750       0.461588       0.695729      -0.002698      -0.005011      -2.024886      -0.194139       0.625000       1.000000
      1.356775       0.461550       0.695669      -0.007605      -0.011962      -0.976553      -1.383313       0.625000       1.000000
      1.361800       0.461502       0.695624      -0.009502      -0.009060      -0.377376       0.577639       0.625000       1.000000
      1.366825       0.461452       0.695621      -0.009930      -0.000562      -0.085239       1.691157       0.625000       1.000000
      1.371850       0.461419       0.695629      -0.006641       0.001643       0.654625       0.438670       0.625000       1.000000
      1.376875       0.461400       0.695648      -0.003828       0.003693       0.559789       0.408151       0.625000       1.000000
      1.381900       0.461413       0.695646       0.002772      -0.000451       1.313347      -0.824866       0.625000       1.000000
      1.386925       0.461417       0.695661       0.000775       0.003069      -0.397446       0.700496       0.625000       1.000000
      1.391950       0.461415       0.695693      -0.000471       0.006316      -0.247992       0.646273       0.625000       1.000000
      1.396975       0.461373       0.695713      -0.008447       0.004039      -1.587207      -0.453189       0.625000       1.000000
      1.402000       0.461270       0.695729      -0.020491       0.003266      -2.396726      -0.153706       0.625000       1.000000
      1.407025       0.461187       0.695767      -0.016393       0.007567       0.815442       0.855830       0.625000       1.000000
      1.412050       0.461103       0.695812      -0.016672       0.008825      -0.055610       0.250415       0.625000       1.000000
      1.417075       0.461032       0.695851      -0.014278       0.007718       0.476562      -0.220407       0.625000       1.000000
      1.422100       0.460996       0.695882      -0.007189       0.006305       1.410735      -0.281212       0.625000       1.000000
      1.427125       0.460990       0.695938      -0.001100       0.011131       1.211619       0.960504       0.625000       1.000000
      1.432150       0.460996       0.696015       0.001202       0.015257       0.458220       0.821152       0.625000       1.000000
      1.437175       0.461053       0.696068       0.011333       0.010563       2.016108      -0.934277       0.625000       1.000000
      1.442200       0.461135       0.696152       0.016239       0.016750       0.976322       1.231386       0.625000       1.000000
      1.447225       0.461220       0.696231       0.017053       0.015634       0.162058      -0.222156       0.625000       1.000000
      1.452250       0.461318       0.696319       0.019370       0.017597       0.460955       0.390722       0.625000       1.000000
      1.457275       0.461418       0.696400       0.019893       0.016196       0.104053      -0.278829       0.625000       1.000000
      1.462300       0.461495       0.696484       0.015432       0.016671      -0.887585       0.094402       0.625000       1.000000
      1.467325       0.461573       0.696576       0.015417       0.018266      -0.003135       0.317489       0.625000       1.000000
      1.472350       0.461643       0.696644       0.014082       0.013572      -0.265644      -0.934138       0.625000       1.000000
      1.477375       0.461753       0.696686       0.021841       0.008335       1.544140      -1.042169       0.625000       1.000000
      1.482400       0.461866       0.696713       0.022502       0.005408       0.131531      -0.582598       0.625000       1.000000
      1.487425       0.461947       0.696730       0.016012       0.003366      -1.291480      -0.406348       0.625000       1.000000
      1.492450       0.461991       0.696743       0.008796       0.002490      -1.436205      -0.174339       0.625000       1.000000
      1.497475       0.462016       0.696740       0.004963      -0.000611      -0.762758      -0.616972       0.625000       1.000000
      1.502500       0.462064       0.696731       0.009576      -0.001816       0.918078      -0.239803       0.625000       1.000000
