      0.000000       0.575233       0.315237       0.000000       0.000000       0.000000       0.000000       0.750000       0.625000
      0.005025       0.573623       0.318314      -0.320398       0.612346     -63.760845     121.859883       0.750000       0.625000
      0.010050       0.574281       0.316739       0.130844      -0.313323      89.799544    -184.212694       0.750000       0.625000
      0.015075       0.574332       0.318249       0.010118       0.300350     -24.025120     122.123875       0.750000       0.625000
      0.020101       0.572938       0.321192      -0.277333       0.585777     -57.204277      56.801410       0.750000       0.625000
      0.025126       0.571976       0.324405      -0.191482       0.639329      17.084776      10.657130       0.750000       0.625000
      0.030151       0.573903       0.326489       0.383437       0.414703     114.411713     -44.701635       0.750000       0.625000
      0.035176       0.574707       0.327824       0.160118       0.265786     -44.441570     -29.635279       0.750000       0.625000
      0.040201       0.573641       0.330670      -0.212123       0.566335     -74.077734      59.810824       0.750000       0.625000
      0.045226       0.570221       0.332222      -0.680717       0.308919     -93.252523     -51.227015       0.750000       0.625000
      0.050251       0.568861       0.333796      -0.270582       0.313185      81.618793       0.848950       0.750000       0.625000
      0.055276       0.569080       0.335824       0.043513       0.403658      62.506500      18.004494       0.750000       0.625000
      0.060302       0.567913       0.337974      -0.232239       0.427704     -54.875998       4.785309       0.750000       0.625000
      0.065327       0.564980       0.339976      -0.583556       0.398480     -69.913873      -5.815655       0.750000       0.625000
      0.070352       0.565123       0.340465       0.028444       0.097337     121.791104     -59.929057       0.750000       0.625000
      0.075377       0.563738       0.342923      -0.275723       0.489198     -60.530752      77.982278       0.750000       0.625000
      0.080402       0.564211       0.345444       0.094186       0.501601      73.613811       2.468369       0.750000       0.625000
      0.085427       0.562754       0.348333      -0.290060       0.575030     -76.466931      14.612621       0.750000       0.625000
      0.090452       0.561513       0.351184      -0.246948       0.567229       8.579473      -1.552401       0.750000       0.625000
      0.095477       0.561705       0.352366       0.038223       0.235250      56.750467     -66.065549       0.750000       0.625000
      0.100503       0.561109       0.352902      -0.118608       0.106687     -31.210168     -25.584637       0.750000       0.625000
      0.105528       0.560352       0.354909      -0.150634       0.399477      -6.373285      58.266757       0.750000       0.625000
      0.110553       0.557369       0.356886      -0.593603       0.393357     -88.152968      -1.217961       0.750000       0.625000
      0.115578       0.555330       0.358927      -0.405790       0.406243      37.375599       2.564406       0.750000       0.625000
      0.120603       0.555380       0.360711       0.009949       0.354869      82.734113     -10.223675       0.750000       0.625000
      0.125628       0.555199       0.361307      -0.036072       0.118773      -9.158449     -46.984419       0.750000       0.625000
      0.130653       0.556048       0.363731       0.168985       0.482338      40.807388      72.351317       0.750000       0.625000
      0.135678       0.556785       0.366268       0.146757       0.504940      -4.423435       4.497945       0.750000       0.625000
      0.140704       0.555160       0.367617      -0.323436       0.268279     -93.570791     -47.096717       0.750000       0.625000
      0.145729       0.552875       0.368628      -0.454805       0.201259     -26.142949     -13.337300       0.750000       0.625000
      0.150754       0.551744       0.369318      -0.224960       0.137308      45.740250     -12.726644       0.750000       0.625000
      0.155779       0.551300       0.369740      -0.088288       0.083980      27.198442     -10.612409       0.750000       0.625000
      0.160804       0.549489       0.371807      -0.360436       0.411452     -54.158928      65.168503       0.750000       0.625000
      0.165829       0.549243       0.373466      -0.049007       0.330116      61.976041     -16.186372       0.750000       0.625000
      0.170854       0.549474       0.375706       0.046033       0.445676      18.913399      22.997164       0.750000       0.625000
      0.175879       0.549076       0.377569      -0.079355       0.370824     -24.952799     -14.895967       0.750000       0.625000
      0.180905       0.548701       0.379816      -0.074633       0.447147       0.939604      15.188688       0.750000       0.625000
      0.185930       0.547729       0.382601      -0.193428       0.554282     -23.640776      21.320389       0.750000       0.625000
      0.190955       0.547925       0.384863       0.039146       0.450135      46.283331     -20.725794       0.750000       0.625000
      0.195980       0.547249       0.386818      -0.134615       0.388991     -34.579233     -12.168029       0.750000       0.625000
      0.201005       0.546853       0.389560      -0.078683       0.545604      11.130828      31.166836       0.750000       0.625000
      0.206030       0.546065       0.391425      -0.156814       0.371138     -15.548610     -34.719616       0.750000       0.625000
      0.211055       0.546496       0.393545       0.085604       0.422011      48.242523      10.124003       0.750000       0.625000
      0.216080       0.545762       0.395553      -0.145997       0.399541     -46.089862      -4.471643       0.750000       0.625000
      0.221106       0.544629       0.397188      -0.225448       0.325345     -15.811021     -14.765383       0.750000       0.625000
      0.226131       0.543337       0.398731      -0.257223       0.307092      -6.323524      -3.632430       0.750000       0.625000
      0.231156       0.541254       0.400167      -0.414471       0.285864     -31.293137      -4.224524       0.750000       0.625000
      0.236181       0.539506       0.401362      -0.347822       0.237668      13.263499      -9.591306       0.750000       0.625000
      0.241206       0.538756       0.402718      -0.149275       0.269837      39.511960       6.401950       0.750000       0.625000
      0.246231       0.538578       0.404967      -0.035448       0.447641      22.652144      35.383701       0.750000       0.625000
      0.251256       0.538448       0.406862      -0.025846       0.377045       1.910814     -14.048790       0.750000       0.625000
      0.256281       0.538755       0.408032       0.061129       0.232832      17.308348     -28.699135       0.750000       0.625000
      0.261307       0.537669       0.409185      -0.216191       0.229481     -55.188002      -0.666952       0.750000       0.625000
      0.266332       0.535502       0.410446      -0.431277       0.250974     -42.803104       4.277330       0.750000       0.625000
      0.271357       0.533475       0.411740      -0.403320       0.257432       5.563596       1.285150       0.750000       0.625000
      0.276382       0.531631       0.414215      -0.367007       0.492695       7.226373      46.818452       0.750000       0.625000
      0.281407       0.530952       0.417137      -0.135094       0.581412      46.151905      17.655178       0.750000       0.625000
      0.286432       0.530888       0.419519      -0.012627       0.474096      24.371459     -21.356358       0.750000       0.625000
      0.291457       0.531662       0.421449       0.153879       0.384062      33.135605     -17.917293       0.750000       0.625000
      0.296482       0.533203       0.423359       0.306736       0.380037      30.419170      -0.800932       0.750000       0.625000
      0.301508       0.533757       0.424777       0.110196       0.282227     -39.112350     -19.464662       0.750000       0.625000
      0.306533       0.533213       0.425953      -0.108243       0.234043     -43.470394      -9.588882       0.750000       0.625000
      0.311558       0.531797       0.427937      -0.281798       0.394769     -34.538390      31.985123       0.750000       0.625000
      0.316583       0.530227       0.430691      -0.312350       0.548102      -6.079955      30.514120       0.750000       0.625000
      0.321608       0.528338       0.433792      -0.375882       0.617083     -12.643226      13.727632       0.750000       0.625000
      0.326633       0.527355       0.436765      -0.195776       0.591615      35.841983      -5.068257       0.750000       0.625000
      0.331658       0.526185       0.439579      -0.232706       0.560057      -7.349215      -6.280321       0.750000       0.625000
      0.336683       0.524553       0.441677      -0.324792       0.417511     -18.325648     -28.367302       0.750000       0.625000
      0.341709       0.523955       0.443043      -0.119103       0.271876      40.933176     -28.982069       0.750000       0.625000
      0.346734       0.523086       0.444343      -0.172966       0.258621     -10.719061      -2.637837       0.750000       0.625000
      0.351759       0.522693       0.444731      -0.078025       0.077199      18.893734     -36.103926       0.750000       0.625000
      0.356784       0.521239       0.445617      -0.289458       0.176328     -42.076136      19.727183       0.750000       0.625000
      0.361809       0.518586       0.446894      -0.527994       0.254187     -47.469772      15.494365       0.750000       0.625000
      0.366834       0.516750       0.448848      -0.365383       0.388930      32.360230      26.814530       0.750000       0.625000
      0.371859       0.516549       0.451478      -0.039950       0.523402      64.762858      26.760621       0.750000       0.625000
      0.376884       0.514499       0.453433      -0.407960       0.388991     -73.235875     -26.748601       0.750000       0.625000
      0.381910       0.511393       0.455139      -0.618047       0.339444     -41.808285      -9.860083       0.750000       0.625000
      0.386935       0.508900       0.457141      -0.496092       0.398471      24.269578      11.746646       0.750000       0.625000
      0.391960       0.506842       0.459854      -0.409602       0.539944      17.211979      28.153841       0.750000       0.625000
      0.396985       0.504538       0.461780      -0.458520       0.383214      -9.734852     -31.190038       0.750000       0.625000
      0.402010       0.501953       0.463109      -0.514473       0.264449     -11.134991     -23.634831       0.750000       0.625000
      0.407035       0.498270       0.464648      -0.732949       0.306329     -43.477736       8.334504       0.750000       0.625000
      0.412060       0.493569       0.466617      -0.935529       0.391872     -40.314415      17.023298       0.750000       0.625000
      0.417085       0.487024       0.468875      -1.302523       0.449299     -73.033744      11.428270       0.750000       0.625000
      0.422111       0.479281       0.470705      -1.540774       0.364169     -47.413144     -16.941143       0.750000       0.625000
      0.427136       0.471019       0.472049      -1.644253       0.267519     -20.592790     -19.233955       0.750000       0.625000
      0.432161       0.462634       0.472671      -1.668612       0.123698      -4.847618     -28.621120       0.750000       0.625000
      0.437186       0.454827       0.472844      -1.553559       0.034369      22.896258     -17.776783       0.750000       0.625000
      0.442211       0.447065       0.473022      -1.544754       0.035405       1.752157       0.206200       0.750000       0.625000
      0.447236       0.438715       0.471970      -1.661793      -0.209190     -23.291253     -48.675679       0.750000       0.625000
      0.452261       0.430699       0.470684      -1.595184      -0.255969      13.255483      -9.309366       0.750000       0.625000
      0.457286       0.423071       0.468580      -1.518043      -0.418790      15.351418     -32.402064       0.750000       0.625000
      0.462312       0.415950       0.465777      -1.416939      -0.557836      20.120209     -27.670806       0.750000       0.625000
      0.467337       0.409275       0.463054      -1.328490      -0.541897      17.601715       3.171824       0.750000       0.625000
      0.472362       0.403543       0.460434      -1.140677      -0.521252      37.375846       4.108401       0.750000       0.625000
      0.477387       0.398747       0.457736      -0.954463      -0.536880      37.057375      -3.109924       0.750000       0.625000
      0.482412       0.394313       0.455310      -0.882333      -0.482792      14.354226      10.763725       0.750000       0.625000
      0.487437       0.391698       0.453118      -0.520410      -0.436367      72.024613       9.238863       0.750000       0.625000
      0.492462       0.392099       0.451374       0.079909      -0.347010     119.466393      17.782415       0.750000       0.625000
      0.497487       0.394470       0.450868       0.471849      -0.100627      77.997972      49.031474       0.750000       0.625000
      0.502513       0.398527       0.451127       0.807349       0.051472      66.766303      30.268501       0.750000       0.625000
      0.507538       0.403469       0.451764       0.983337       0.126780      35.022436      14.986621       0.750000       0.625000
      0.512563       0.408470       0.452741       0.995229       0.194495       2.366538      13.475663       0.750000       0.625000
      0.517588       0.413711       0.455477       1.043125       0.544443       9.531548      69.641396       0.750000       0.625000
      0.522613       0.419653       0.460136       1.182365       0.927122      27.709490      76.154987       0.750000       0.625000
      0.527638       0.426111       0.465102       1.285229       0.988293      20.470393      12.173373       0.750000       0.625000
      0.532663       0.432933       0.469766       1.357605       0.928096      14.403106     -11.979520       0.750000       0.625000
      0.537688       0.440141       0.474717       1.434480       0.985282      15.298591      11.380244       0.750000       0.625000
      0.542714       0.447398       0.479732       1.444130       0.997973       1.920320       2.525682       0.750000       0.625000
      0.547739       0.453944       0.484897       1.302656       1.027857     -28.153971       5.946927       0.750000       0.625000
      0.552764       0.459689       0.490063       1.143290       1.028125     -31.714653       0.053436       0.750000       0.625000
      0.557789       0.464710       0.495224       0.999229       1.027149     -28.668841      -0.194290       0.750000       0.625000
      0.562814       0.469125       0.500794       0.878625       1.108351     -24.000871      16.159687       0.750000       0.625000
      0.567839       0.472468       0.506105       0.665212       1.056943     -42.470153     -10.230479       0.750000       0.625000
      0.572864       0.475393       0.511099       0.582213       0.993928     -16.517313     -12.540264       0.750000       0.625000
      0.577889       0.477594       0.515810       0.437962       0.937428     -28.706661     -11.243817       0.750000       0.625000
      0.582915       0.479218       0.520289       0.323206       0.891258     -22.836937      -9.188087       0.750000       0.625000
      0.587940       0.479825       0.524035       0.120704       0.745481     -40.298900     -29.010398       0.750000       0.625000
      0.592965       0.479887       0.527454       0.012371       0.680498     -21.558706     -12.931939       0.750000       0.625000
      0.597990       0.479560       0.530815      -0.065034       0.668783     -15.404035      -2.331357       0.750000       0.625000
      0.603015       0.479402       0.534125      -0.031443       0.658711       6.684797      -2.004265       0.750000       0.625000
      0.608040       0.479529       0.537147       0.025251       0.601336      11.282357     -11.417965       0.750000       0.625000
      0.613065       0.479550       0.539830       0.004126       0.534037      -4.204016     -13.392770       0.750000       0.625000
      0.618090       0.479679       0.542116       0.025780       0.454869       4.309232     -15.754984       0.750000       0.625000
      0.623116       0.479591       0.544267      -0.017504       0.428051      -8.613742      -5.336770       0.750000       0.625000
      0.628141       0.479615       0.546297       0.004777       0.403955       4.434122      -4.795360       0.750000       0.625000
      0.633166       0.479591       0.548567      -0.004845       0.451904      -1.914930       9.542114       0.750000       0.625000
      0.638191       0.479439       0.550715      -0.030272       0.427308      -5.060079      -4.894580       0.750000       0.625000
      0.643216       0.479036       0.552829      -0.080266       0.420693      -9.949048      -1.316542       0.750000       0.625000
      0.648241       0.478349       0.554687      -0.136584       0.369864     -11.207464     -10.115235       0.750000       0.625000
      0.653266       0.477435       0.556638      -0.181900       0.388289      -9.018167       3.666705       0.750000       0.625000
      0.658291       0.476298       0.558346      -0.226334       0.339782      -8.842694      -9.653033       0.750000       0.625000
      0.663317       0.475775       0.559925      -0.104164       0.314268      24.312498      -5.077455       0.750000       0.625000
      0.668342       0.475332       0.561514      -0.088123       0.316142       3.192301       0.372911       0.750000       0.625000
      0.673367       0.475021       0.563240      -0.061848       0.343640       5.228865       5.472296       0.750000       0.625000
      0.678392       0.474576       0.565105      -0.088524       0.371153      -5.308645       5.475062       0.750000       0.625000
      0.683417       0.474061       0.566824      -0.102577       0.342024      -2.796679      -5.796741       0.750000       0.625000
      0.688442       0.473431       0.568134      -0.125258       0.260628      -4.513529     -16.198241       0.750000       0.625000
      0.693467       0.472261       0.569601      -0.232922       0.291934     -21.425665       6.230039       0.750000       0.625000
      0.698492       0.471013       0.571313      -0.248273       0.340714      -3.054958       9.707542       0.750000       0.625000
      0.703518       0.469670       0.573317      -0.267352       0.398936      -3.796933      11.586498       0.750000       0.625000
      0.708543       0.468327       0.575281      -0.267136       0.390774       0.043133      -1.624381       0.750000       0.625000
      0.713568       0.466923       0.577251      -0.279559       0.392081      -2.472374       0.260183       0.750000       0.625000
      0.718593       0.466152       0.579424      -0.153359       0.432388      25.114494       8.021227       0.750000       0.625000
      0.723618       0.465451       0.581741      -0.139599       0.461145       2.738266       5.722877       0.750000       0.625000
      0.728643       0.464780       0.583948      -0.133364       0.439131       1.240730      -4.380939       0.750000       0.625000
      0.733668       0.464116       0.586059      -0.132288       0.420045       0.214242      -3.798266       0.750000       0.625000
      0.738693       0.463408       0.587869      -0.140729       0.360296      -1.679842     -11.890234       0.750000       0.625000
      0.743719       0.462557       0.589735      -0.169451       0.371276      -5.715718       2.184889       0.750000       0.625000
      0.748744       0.461841       0.591617      -0.142537       0.374604       5.355984       0.662408       0.750000       0.625000
      0.753769       0.460980       0.593245      -0.171193       0.323910      -5.702771     -10.088443       0.750000       0.625000
      0.758794       0.460059       0.594859      -0.183323       0.321262      -2.413902      -0.526916       0.750000       0.625000
      0.763819       0.459029       0.596673      -0.205007       0.360990      -4.315177       7.906064       0.750000       0.625000
      0.768844       0.458428       0.598428      -0.119653       0.349152      16.985856      -2.355853       0.750000       0.625000
      0.773869       0.458077       0.599958      -0.069765       0.304587       9.927902      -8.868556       0.750000       0.625000
      0.778894       0.457810       0.601513      -0.053241       0.309422       3.288409       0.962158       0.750000       0.625000
      0.783920       0.457318       0.603062      -0.097885       0.308162      -8.884393      -0.250836       0.750000       0.625000
      0.788945       0.456562       0.604767      -0.150513       0.339463     -10.473197       6.229071       0.750000       0.625000
      0.793970       0.455838       0.606591      -0.143909       0.362879       1.314275       4.660032       0.750000       0.625000
      0.798995       0.455249       0.608559      -0.117316       0.391732       5.292095       5.741733       0.750000       0.625000
      0.804020       0.454815       0.610503      -0.086270       0.386790       6.178249      -0.983311       0.750000       0.625000
      0.809045       0.454426       0.612467      -0.077540       0.390967       1.737413       0.831125       0.750000       0.625000
      0.814070       0.453826       0.614593      -0.119353       0.423027      -8.320999       6.380124       0.750000       0.625000
      0.819095       0.453173       0.616539      -0.129983       0.387236      -2.115450      -7.122498       0.750000       0.625000
      0.824121       0.452440       0.618422      -0.145777       0.374797      -3.143160      -2.475559       0.750000       0.625000
      0.829146       0.451718       0.620263      -0.143754       0.366214       0.402626      -1.707994       0.750000       0.625000
      0.834171       0.451053       0.622191      -0.132324       0.383701       2.274526       3.479961       0.750000       0.625000
      0.839196       0.450407       0.624027      -0.128624       0.365438       0.736484      -3.634426       0.750000       0.625000
      0.844221       0.449519       0.625783      -0.176693       0.349491      -9.566006      -3.173446       0.750000       0.625000
      0.849246       0.448595       0.627514      -0.183767       0.344379      -1.407727      -1.017444       0.750000       0.625000
      0.854271       0.447566       0.629321      -0.204767       0.359583      -4.179263       3.025709       0.750000       0.625000
      0.859296       0.446544       0.631165      -0.203475       0.367045       0.257179       1.484912       0.750000       0.625000
      0.864322       0.445605       0.633092      -0.186792       0.383568       3.320021       3.288156       0.750000       0.625000
      0.869347       0.444728       0.635015      -0.174623       0.382551       2.421626      -0.202270       0.750000       0.625000
      0.874372       0.443935       0.636804      -0.157765       0.356072       3.354941      -5.269506       0.750000       0.625000
      0.879397       0.443155       0.638721      -0.155244       0.381424       0.501576       5.045249       0.750000       0.625000
      0.884422       0.442394       0.640734      -0.151494       0.400654       0.746354       3.826903       0.750000       0.625000
      0.889447       0.441704       0.642662      -0.137218       0.383618       2.840969      -3.390271       0.750000       0.625000
      0.894472       0.440966       0.644680      -0.146942       0.401737      -1.935072       3.605763       0.750000       0.625000
      0.899497       0.439955       0.646811      -0.201160       0.424016     -10.789795       4.433535       0.750000       0.625000
      0.904523       0.438976       0.649040      -0.194775       0.443519       1.270682       3.881184       0.750000       0.625000
      0.909548       0.438043       0.651249      -0.185809       0.439617       1.784388      -0.776427       0.750000       0.625000
      0.914573       0.436984       0.653482      -0.210745       0.444359      -4.962518       0.943658       0.750000       0.625000
      0.919598       0.436023       0.655620      -0.191229       0.425423       3.883776      -3.768388       0.750000       0.625000
      0.924623       0.434987       0.657730      -0.206027       0.420055      -2.944743      -1.068226       0.750000       0.625000
      0.929648       0.434077       0.659755      -0.181133       0.402870       4.954069      -3.419871       0.750000       0.625000
      0.934673       0.433103       0.661690      -0.193866       0.385222      -2.534008      -3.512078       0.750000       0.625000
      0.939698       0.431991       0.663507      -0.221239       0.361481      -5.447308      -4.724510       0.750000       0.625000
      0.944724       0.430841       0.665190      -0.228899       0.335023      -1.524384      -5.265353       0.750000       0.625000
      0.949749       0.429818       0.666875      -0.203658       0.335318       5.023095       0.058710       0.750000       0.625000
      0.954774       0.429047       0.668540      -0.153268       0.331352      10.027872      -0.789309       0.750000       0.625000
      0.959799       0.428369       0.670282      -0.135053       0.346498       3.624836       3.014102       0.750000       0.625000
      0.964824       0.427804       0.671967      -0.112420       0.335323       4.504043      -2.223797       0.750000       0.625000
      0.969849       0.427279       0.673490      -0.104444       0.303168       1.587167      -6.399079       0.750000       0.625000
      0.974874       0.426928       0.674960      -0.069911       0.292548       6.872286      -2.113364       0.750000       0.625000
      0.979899       0.426562       0.676302      -0.072863       0.267007      -0.587356      -5.082676       0.750000       0.625000
      0.984925       0.426148       0.677544      -0.082360       0.247163      -1.889977      -3.949148       0.750000       0.625000
      0.989950       0.425687       0.678712      -0.091745       0.232480      -1.867647      -2.921904       0.750000       0.625000
      0.994975       0.425372       0.679676      -0.062553       0.191756       5.809317      -8.104429       0.750000       0.625000
      1.000000       0.424899       0.680585      -0.094202       0.180915      -6.298259      -2.157288       0.750000       0.625000
      1.005025       0.424463       0.681445      -0.086732       0.171146       1.486574      -1.944170       0.750000       0.625000
      1.010050       0.423950       0.682246      -0.102080       0.159536      -3.054413      -2.310440       0.750000       0.625000
      1.015075       0.423485       0.683031      -0.092616       0.156067       1.883315      -0.690381       0.750000       0.625000
      1.020100       0.423156       0.683788      -0.065485       0.150649       5.399315      -1.078220       0.750000       0.625000
      1.025125       0.422871       0.684551      -0.056704       0.151933       1.747459       0.255651       0.750000       0.625000
      1.030150       0.422721       0.685218      -0.029745       0.132822       5.364977      -3.803317       0.750000       0.625000
      1.035175       0.422642       0.685637      -0.015794       0.083392       2.776194      -9.836783       0.750000       0.625000
      1.040200       0.422544       0.685900      -0.019509       0.052191      -0.739292      -6.209124       0.750000       0.625000
      1.045225       0.422488       0.686129      -0.011241       0.045723       1.645488      -1.287199       0.750000       0.625000
      1.050250       0.422546       0.686278       0.011712       0.029603       4.567737      -3.207911       0.750000       0.625000
      1.055275       0.422699       0.686316       0.030427       0.007512       3.724302      -4.396244       0.750000       0.625000
      1.060300       0.422865       0.686247       0.032943      -0.013727       0.500819      -4.226661       0.750000       0.625000
      1.065325       0.422956       0.686073       0.018134      -0.034727      -2.947057      -4.179082       0.750000       0.625000
      1.070350       0.423025       0.685796       0.013710      -0.055072      -0.880486      -4.048808       0.750000       0.625000
      1.075375       0.423111       0.685600       0.017081      -0.039042       0.670851       3.190044       0.750000       0.625000
      1.080400       0.423180       0.685472       0.013850      -0.025408      -0.642974       2.713202       0.750000       0.625000
      1.085425       0.423262       0.685391       0.016218      -0.016093       0.471347       1.853871       0.750000       0.625000
      1.090450       0.423385       0.685358       0.024534      -0.006572       1.654830       1.894653       0.750000       0.625000
      1.095475       0.423481       0.685354       0.019137      -0.000840      -1.074120       1.140722       0.750000       0.625000
      1.100500       0.423479       0.685353      -0.000477      -0.000121      -3.903213       0.143160       0.750000       0.625000
      1.105525       0.423419       0.685310      -0.011947      -0.008521      -2.282535      -1.671817       0.750000       0.625000
      1.110550       0.423399       0.685225      -0.003962      -0.017088       1.589093      -1.704771       0.750000       0.625000
      1.115575       0.423343       0.685177      -0.011135      -0.009443      -1.427512       1.521443       0.750000       0.625000
      1.120600       0.423228       0.685190      -0.022896       0.002638      -2.340614       2.404024       0.750000       0.625000
      1.125625       0.423178       0.685233      -0.009966       0.008420       2.573319       1.150753       0.750000       0.625000
      1.130650       0.423078       0.685246      -0.019792       0.002690      -1.955484      -1.140342       0.750000       0.625000
      1.135675       0.422950       0.685230      -0.025615      -0.003191      -1.158922      -1.170286       0.750000       0.625000
      1.140700       0.422842       0.685218      -0.021501      -0.002502       0.818826       0.137071       0.750000       0.625000
      1.145725       0.422836       0.685231      -0.001202       0.002619       4.039556       1.019087       0.750000       0.625000
      1.150750       0.422868       0.685176       0.006436      -0.010909       1.520076      -2.692035       0.750000       0.625000
      1.155775       0.422907       0.685066       0.007841      -0.021798       0.279626      -2.166995       0.750000       0.625000
      1.160800       0.422928       0.684926       0.004196      -0.028013      -0.725365      -1.236832       0.750000       0.625000
      1.165825       0.422964       0.684819       0.007126      -0.021262       0.582917       1.343512       0.750000       0.625000
      1.170850       0.422979       0.684666       0.002892      -0.030416      -0.842545      -1.821832       0.750000       0.625000
      1.175875       0.423027       0.684606       0.009686      -0.011841       1.352149       3.696684       0.750000       0.625000
      1.180900       0.423058       0.684532       0.006171      -0.014787      -0.699559      -0.586329       0.750000       0.625000
      1.185925       0.423125       0.684450       0.013203      -0.016348       1.399428      -0.310730       0.750000       0.625000
      1.190950       0.423202       0.684345       0.015295      -0.020968       0.416363      -0.919315       0.750000       0.625000
      1.195975       0.423270       0.684249       0.013632      -0.019023      -0.331122       0.386979       0.750000       0.625000
      1.201000       0.423347       0.684193       0.015324      -0.011225       0.336802       1.551955       0.750000       0.625000
      1.206025       0.423498       0.684205       0.030068       0.002436       2.934201       2.718457       0.750000       0.625000
      1.211050       0.423635       0.684229       0.027179       0.004780      -0.574952       0.466464       0.750000       0.625000
      1.216075       0.423808       0.684237       0.034484       0.001641       1.453649      -0.624534       0.750000       0.625000
      1.221100       0.423993       0.684324       0.036875       0.017390       0.475761       3.134063       0.750000       0.625000
      1.226125       0.424150       0.684437       0.031163       0.022364      -1.136590       0.989905       0.750000       0.625000
      1.231150       0.424242       0.684554       0.018287       0.023396      -2.562328       0.205393       0.750000       0.625000
      1.236175       0.424338       0.684581       0.019213       0.005282       0.184258      -3.604893       0.750000       0.625000
      1.241200       0.424471       0.684597       0.026324       0.003267       1.415135      -0.400897       0.750000       0.625000
      1.246225       0.424630       0.684618       0.031677       0.004082       1.065252       0.162054       0.750000       0.625000
      1.251250       0.424687       0.684626       0.011396       0.001540      -4.036146      -0.505851       0.750000       0.625000
      1.256275       0.424711       0.684694       0.004817       0.013677      -1.309181       2.415360       0.750000       0.625000
      1.261300       0.424734       0.684777       0.004466       0.016374      -0.069909       0.536833       0.750000       0.625000
      1.266325       0.424695       0.684859      -0.007791       0.016331      -2.439182      -0.008547       0.750000       0.625000
      1.271350       0.424653       0.684990      -0.008295       0.026110      -0.100281       1.945904       0.750000       0.625000
      1.276375       0.424609       0.685143      -0.008823       0.030431      -0.104961       0.859919       0.750000       0.625000
      1.281400       0.424577       0.685273      -0.006322       0.025834       0.497676      -0.914824       0.750000       0.625000
      1.286425       0.424531       0.685382      -0.009169       0.021785      -0.566643      -0.805755       0.750000       0.625000
      1.291450       0.424481       0.685470      -0.009871       0.017408      -0.139767      -0.871045       0.750000       0.625000
      1.296475       0.424445       0.685534      -0.007146       0.012909       0.542372      -0.895360       0.750000       0.625000
      1.301500       0.424370       0.685590      -0.014994       0.011019      -1.561813      -0.376132       0.750000       0.625000
      1.306525       0.424297       0.685652      -0.014584       0.012355       0.081594       0.266001       0.750000       0.625000
      1.311550       0.424252       0.685689      -0.008931       0.007412       1.124912      -0.983781       0.750000       0.625000
      1.316575       0.424190       0.685725      -0.012310       0.007127      -0.672317      -0.056589       0.750000       0.625000
      1.321600       0.424122       0.685719      -0.013432      -0.001192      -0.223291      -1.655657       0.750000       0.625000
      1.326625       0.424065       0.685673      -0.011348      -0.009194       0.414662      -1.592437       0.750000       0.625000
      1.331650       0.424020       0.685625      -0.009071      -0.009544       0.453191      -0.069623       0.750000       0.625000
      1.336675       0.423960       0.685601      -0.011987      -0.004684      -0.580399       0.967105       0.750000       0.625000
      1.341700       0.423912       0.685596      -0.009436      -0.001072       0.507645       0.718807       0.750000       0.625000
      1.346725       0.423834       0.685630      -0.015489       0.006705      -1.204535       1.547790       0.750000       0.625000
      1.351750       0.423810       0.685658      -0.004915       0.005582       2.104423      -0.223585       0.750000       0.625000
      1.356775       0.423814       0.685673       0.000840       0.003061       1.145209      -0.501535       0.750000       0.625000
      1.361800       0.423827       0.685701       0.002567       0.005496       0.343679       0.484476       0.750000       0.625000
      1.366825       0.423836       0.685736       0.001903       0.007056      -0.132238       0.310425       0.750000       0.625000
      1.371850       0.423861       0.685768       0.004978       0.006368       0.612077      -0.136847       0.750000       0.625000
      1.376875       0.423886       0.685791       0.004830       0.004482      -0.029608      -0.375355       0.750000       0.625000
      1.381900       0.423936       0.685815       0.009942       0.004831       1.017387       0.069353       0.750000       0.625000
      1.386925       0.423958       0.685844       0.004551       0.005804      -1.072723       0.193710       0.750000       0.625000
      1.391950       0.423971       0.685877       0.002424       0.006634      -0.423317       0.165206       0.750000       0.625000
      1.396975       0.423950       0.685927      -0.004088       0.009977      -1.295926       0.665182       0.750000       0.625000
      1.402000       0.423901       0.685984      -0.009739       0.011159      -1.124667       0.235389       0.750000       0.625000
      1.407025       0.423858       0.686026      -0.008554       0.008514       0.235827      -0.526424       0.750000       0.625000
      1.412050       0.423808       0.686072      -0.009997       0.008991      -0.287209       0.094956       0.750000       0.625000
      1.417075       0.423758       0.686096      -0.009862       0.004800       0.026883      -0.834061       0.750000       0.625000
      1.422100       0.423740       0.686149      -0.003716       0.010641       1.223060       1.162398       0.750000       0.625000
      1.427125       0.423718       0.686226      -0.004310       0.015267      -0.118118       0.920585       0.750000       0.625000
      1.432150       0.423664       0.686269      -0.010828       0.008584      -1.297055      -1.329946       0.750000       0.625000
      1.437175       0.423585       0.686264      -0.015573      -0.001042      -0.944281      -1.915652       0.750000       0.625000
      1.442200       0.423508       0.686243      -0.015432      -0.004214       0.027976      -0.631290       0.750000       0.625000
      1.447225       0.423465       0.686197      -0.008526      -0.009115       1.374279      -0.975365       0.750000       0.625000
      1.452250       0.423455       0.686157      -0.002062      -0.007903       1.286399       0.241240       0.750000       0.625000
      1.457275       0.423443       0.686097      -0.002324      -0.011928      -0.052161      -0.801033       0.750000       0.625000
      1.462300       0.423423       0.686015      -0.004008      -0.016332      -0.335106      -0.876298       0.750000       0.625000
      1.467325       0.423424       0.685912       0.000338      -0.020520       0.864973      -0.833549       0.750000       0.625000
      1.472350       0.423436       0.685834       0.002225      -0.015479       0.375510       1.003268       0.750000       0.625000
      1.477375       0.423438       0.685732       0.000569      -0.020309      -0.329548      -0.961291       0.750000       0.625000
      1.482400       0.423477       0.685621       0.007737      -0.022077       1.426459      -0.351748       0.750000       0.625000
      1.487425       0.423474       0.685504      -0.000756      -0.023299      -1.690240      -0.243161       0.750000       0.625000
      1.492450       0.423484       0.685376       0.002152      -0.025581       0.578832      -0.454245       0.750000       0.625000
      1.497475       0.423508       0.685246       0.004652      -0.025702       0.497398      -0.023910       0.750000       0.625000
      1.502500       0.423541       0.685127       0.006649      -0.023851       0.397480       0.368291       0.750000       0.625000
