      0.000000       0.612507       0.335121       0.000000       0.000000       0.000000       0.000000       0.875000       0.375000
      0.005025       0.606771       0.334997      -1.141512      -0.024671    -227.166621      -4.909691       0.875000       0.375000
      0.010050       0.607124       0.336654       0.070393       0.329818     241.175246      70.545133       0.875000       0.375000
      0.015075       0.606088       0.339266      -0.206258       0.519682     -55.054982      37.783943       0.875000       0.375000
      0.020101       0.607845       0.341155       0.349755       0.375890     110.649297     -28.615322       0.875000       0.375000
      0.025126       0.609322       0.342198       0.293950       0.207697     -11.105509     -33.471250       0.875000       0.375000
      0.030151       0.607065       0.344535      -0.449308       0.464955    -147.911940      51.195607       0.875000       0.375000
      0.035176       0.601846       0.346262      -1.038636       0.343833    -117.279267     -24.103952       0.875000       0.375000
      0.040201       0.599341       0.345270      -0.498498      -0.197459     107.490113    -107.719831       0.875000       0.375000
      0.045226       0.599939       0.346279       0.119090       0.200682     122.903153      79.232052       0.875000       0.375000
      0.050251       0.599160       0.349072      -0.155027       0.555931     -54.550636      70.696302       0.875000       0.375000
      0.055276       0.597473       0.351483      -0.335668       0.479775     -35.948482     -15.155343       0.875000       0.375000
      0.060302       0.597253       0.353107      -0.043804       0.323146      58.082393     -31.170031       0.875000       0.375000
      0.065327       0.596706       0.354907      -0.108822       0.358267     -12.938856       6.989305       0.875000       0.375000
      0.070352       0.596091       0.357652      -0.122380       0.546261      -2.698123      37.411787       0.875000       0.375000
      0.075377       0.596442       0.359998       0.069872       0.466865      38.259003     -15.800350       0.875000       0.375000
      0.080402       0.597501       0.363144       0.210697       0.625975      28.024949      31.663771       0.875000       0.375000
      0.085427       0.594834       0.364395      -0.530834       0.249005    -147.568386     -75.018953       0.875000       0.375000
      0.090452       0.592363       0.365633      -0.491787       0.246420       7.770604      -0.514328       0.875000       0.375000
      0.095477       0.590162       0.366616      -0.437940       0.195580      10.715780     -10.117494       0.875000       0.375000
      0.100503       0.587517       0.368257      -0.526377       0.326612     -17.599446      26.076105       0.875000       0.375000
      0.105528       0.585941       0.370276      -0.313545       0.401758      42.354709      14.954284       0.875000       0.375000
      0.110553       0.586411       0.370318       0.093516       0.008336      81.007146     -78.292782       0.875000       0.375000
      0.115578       0.585298       0.370434      -0.221619       0.023214     -62.713329       2.960809       0.875000       0.375000
      0.120603       0.583753       0.371717      -0.307466       0.255237     -17.084154      46.173631       0.875000       0.375000
      0.125628       0.581906       0.373835      -0.367503       0.421504     -11.947503      33.088076       0.875000       0.375000
      0.130653       0.580492       0.376112      -0.281269       0.453167      17.160935       6.300945       0.875000       0.375000
      0.135678       0.579515       0.378796      -0.194431       0.534132      17.281217      16.112543       0.875000       0.375000
      0.140704       0.579279       0.381759      -0.047091       0.589553      29.321338      11.028964       0.875000       0.375000
      0.145729       0.578802       0.383152      -0.094834       0.277244      -9.501170     -62.151030       0.875000       0.375000
      0.150754       0.577846       0.385359      -0.190340       0.439137     -19.006162      32.217558       0.875000       0.375000
      0.155779       0.577973       0.386510       0.025300       0.229184      42.913514     -41.781660       0.875000       0.375000
      0.160804       0.576936       0.388287      -0.206345       0.353594     -46.098420      24.758153       0.875000       0.375000
      0.165829       0.574964       0.389516      -0.392481       0.244646     -37.042053     -21.681223       0.875000       0.375000
      0.170854       0.574265       0.390826      -0.139108       0.260678      50.422448       3.190587       0.875000       0.375000
      0.175879       0.572379       0.391887      -0.375314       0.211158     -47.006133      -9.854833       0.875000       0.375000
      0.180905       0.572004       0.394187      -0.074556       0.457581      59.852368      49.039315       0.875000       0.375000
      0.185930       0.570849       0.396842      -0.229819       0.528349     -30.898212      14.083216       0.875000       0.375000
      0.190955       0.569127       0.398477      -0.342785       0.325510     -22.480736     -40.365848       0.875000       0.375000
      0.195980       0.568132       0.398768      -0.197989       0.057899      28.815165     -53.255892       0.875000       0.375000
      0.201005       0.567248       0.399899      -0.175835       0.225011       4.408616      33.256047       0.875000       0.375000
      0.206030       0.566897       0.400839      -0.069889       0.186975      21.083795      -7.569270       0.875000       0.375000
      0.211055       0.566030       0.403532      -0.172684       0.536103     -20.456543      69.478117       0.875000       0.375000
      0.216080       0.564506       0.405469      -0.303218       0.385328     -25.977007     -30.004995       0.875000       0.375000
      0.221106       0.562222       0.405808      -0.454520       0.067519     -30.109796     -63.245610       0.875000       0.375000
      0.226131       0.561461       0.408028      -0.151501       0.441835      60.302226      74.490885       0.875000       0.375000
      0.231156       0.560465       0.409891      -0.198181       0.370684      -9.289522     -14.159439       0.875000       0.375000
      0.236181       0.559411       0.411965      -0.209649       0.412697      -2.282190       8.360697       0.875000       0.375000
      0.241206       0.558378       0.414240      -0.205679       0.452828       0.789925       7.986276       0.875000       0.375000
      0.246231       0.557683       0.415182      -0.138236       0.187363      13.421664     -52.828837       0.875000       0.375000
      0.251256       0.556832       0.416182      -0.169312       0.199000      -6.184446       2.315806       0.875000       0.375000
      0.256281       0.556131       0.417687      -0.139584       0.299600       5.916169      20.019989       0.875000       0.375000
      0.261307       0.554113       0.419074      -0.401528       0.276000     -52.128221      -4.696533       0.875000       0.375000
      0.266332       0.552987       0.421149      -0.224059       0.413020      35.317270      27.267535       0.875000       0.375000
      0.271357       0.552046       0.423137      -0.187246       0.395561       7.325888      -3.474312       0.875000       0.375000
      0.276382       0.550559       0.425230      -0.295986       0.416576     -21.639836       4.182125       0.875000       0.375000
      0.281407       0.549239       0.428376      -0.262706       0.625903       6.622950      41.657086       0.875000       0.375000
      0.286432       0.547285       0.429639      -0.388830       0.251423     -25.099243     -74.523353       0.875000       0.375000
      0.291457       0.545738       0.431057      -0.307794       0.282203      16.126419       6.125366       0.875000       0.375000
      0.296482       0.543877       0.431296      -0.370487       0.047526     -12.476175     -46.701902       0.875000       0.375000
      0.301508       0.543054       0.431740      -0.163822       0.088341      41.127478       8.122435       0.875000       0.375000
      0.306533       0.542406       0.433172      -0.128765       0.284985       6.976361      39.133003       0.875000       0.375000
      0.311558       0.542417       0.436056       0.002082       0.573916      26.039331      57.498770       0.875000       0.375000
      0.316583       0.541965       0.439024      -0.089907       0.590699     -18.306230       3.339962       0.875000       0.375000
      0.321608       0.541484       0.442096      -0.095711       0.611280      -1.155044       4.095685       0.875000       0.375000
      0.326633       0.540312       0.443819      -0.233344       0.342844     -27.389642     -53.420185       0.875000       0.375000
      0.331658       0.539016       0.444318      -0.257764       0.099457      -4.859851     -48.435087       0.875000       0.375000
      0.336683       0.537567       0.444986      -0.288525       0.132783      -6.121442       6.631846       0.875000       0.375000
      0.341709       0.535537       0.445573      -0.403829       0.116864     -22.946161      -3.167809       0.875000       0.375000
      0.346734       0.534331       0.446988      -0.240111       0.281596      32.580737      32.782499       0.875000       0.375000
      0.351759       0.533282       0.448276      -0.208793       0.256276       6.232343      -5.038874       0.875000       0.375000
      0.356784       0.531812       0.450014      -0.292505       0.345991     -16.659110      17.853720       0.875000       0.375000
      0.361809       0.530828       0.452701      -0.195752       0.534739      19.254424      37.561710       0.875000       0.375000
      0.366834       0.529824       0.455968      -0.199827       0.650167      -0.811044      22.970826       0.875000       0.375000
      0.371859       0.529270       0.458124      -0.110226       0.428952      17.831078     -44.022907       0.875000       0.375000
      0.376884       0.528426       0.459506      -0.167924       0.274965     -11.482166     -30.644219       0.875000       0.375000
      0.381910       0.527113       0.460488      -0.261385       0.195548     -18.599093     -15.804281       0.875000       0.375000
      0.386935       0.525162       0.461527      -0.388282       0.206679     -25.253199       2.215179       0.875000       0.375000
      0.391960       0.523470       0.462910      -0.336644       0.275366      10.276271      13.668973       0.875000       0.375000
      0.396985       0.521281       0.464693      -0.435550       0.354815     -19.682897      15.810755       0.875000       0.375000
      0.402010       0.518150       0.466436      -0.623076       0.346862     -37.318610      -1.582724       0.875000       0.375000
      0.407035       0.514900       0.468361      -0.646934       0.383047      -4.747745       7.201000       0.875000       0.375000
      0.412060       0.511427       0.470420      -0.691096       0.409718      -8.788556       5.307608       0.875000       0.375000
      0.417085       0.506225       0.472182      -1.035123       0.350558     -68.463105     -11.773062       0.875000       0.375000
      0.422111       0.499737       0.473784      -1.291291       0.318858     -50.978567      -6.308452       0.875000       0.375000
      0.427136       0.493045       0.475237      -1.331624       0.289237      -8.026493      -5.894752       0.875000       0.375000
      0.432161       0.485048       0.475988      -1.591500       0.149469     -51.716610     -27.814406       0.875000       0.375000
      0.437186       0.476094       0.475119      -1.781954      -0.173046     -37.901383     -64.182087       0.875000       0.375000
      0.442211       0.466779       0.473081      -1.853678      -0.405529     -14.273350     -46.265318       0.875000       0.375000
      0.447236       0.457908       0.470372      -1.765427      -0.539071      17.562331     -26.575506       0.875000       0.375000
      0.452261       0.448800       0.466734      -1.812447      -0.724032      -9.357227     -36.808163       0.875000       0.375000
      0.457286       0.440472       0.462027      -1.657335      -0.936651      30.868104     -42.312345       0.875000       0.375000
      0.462312       0.432958       0.456902      -1.495221      -1.019940      32.261358     -16.574819       0.875000       0.375000
      0.467337       0.426114       0.452091      -1.362084      -0.957320      26.495040      12.461655       0.875000       0.375000
      0.472362       0.420181       0.448270      -1.180786      -0.760491      36.079210      39.169847       0.875000       0.375000
      0.477387       0.414863       0.444698      -1.058224      -0.710846      24.390520       9.879616       0.875000       0.375000
      0.482412       0.410751       0.441322      -0.818382      -0.671890      47.729560       7.752543       0.875000       0.375000
      0.487437       0.408555       0.437927      -0.436947      -0.675638      75.907537      -0.745830       0.875000       0.375000
      0.492462       0.408608       0.435483       0.010494      -0.486219      89.042999      37.695293       0.875000       0.375000
      0.497487       0.410548       0.434395       0.386098      -0.216613      74.747019      53.652851       0.875000       0.375000
      0.502513       0.413793       0.434232       0.645737      -0.032483      51.669415      36.642829       0.875000       0.375000
      0.507538       0.419892       0.435520       1.213891       0.256406     113.065624      57.490377       0.875000       0.375000
      0.512563       0.426982       0.437599       1.410902       0.413617      39.206162      31.285682       0.875000       0.375000
      0.517588       0.434643       0.441502       1.524587       0.776720      22.623816      72.259294       0.875000       0.375000
      0.522613       0.442205       0.447128       1.504870       1.119654      -3.923834      68.245688       0.875000       0.375000
      0.527638       0.449215       0.453581       1.395069       1.284218     -21.850963      32.748920       0.875000       0.375000
      0.532663       0.455711       0.460850       1.292633       1.446558     -20.385271      32.306508       0.875000       0.375000
      0.537688       0.461814       0.468248       1.214604       1.472239     -15.528131       5.110708       0.875000       0.375000
      0.542714       0.466775       0.475658       0.987118       1.474641     -45.270764       0.478033       0.875000       0.375000
      0.547739       0.471437       0.482822       0.927867       1.425639     -11.791372      -9.751652       0.875000       0.375000
      0.552764       0.475041       0.489957       0.717274       1.419855     -41.909023      -1.151141       0.875000       0.375000
      0.557789       0.477752       0.497522       0.539494       1.505573     -35.379062      17.058277       0.875000       0.375000
      0.562814       0.479772       0.504120       0.401995       1.312921     -27.362966     -38.338577       0.875000       0.375000
      0.567839       0.480679       0.509953       0.180467       1.160957     -44.085199     -30.241663       0.875000       0.375000
      0.572864       0.481343       0.514826       0.132126       0.969626      -9.620079     -38.075737       0.875000       0.375000
      0.577889       0.480955       0.518907      -0.077164       0.812118     -41.649721     -31.344832       0.875000       0.375000
      0.582915       0.479941       0.522523      -0.201793       0.719595     -24.801734     -18.412703       0.875000       0.375000
      0.587940       0.478640       0.525840      -0.258948       0.660121     -11.374249     -11.835554       0.875000       0.375000
      0.592965       0.477794       0.528811      -0.168452       0.591276      18.009221     -13.700564       0.875000       0.375000
      0.597990       0.477055       0.531686      -0.147080       0.572191       4.253136      -3.797888       0.875000       0.375000
      0.603015       0.476367       0.534198      -0.136868       0.499917       2.032147     -14.382859       0.875000       0.375000
      0.608040       0.475635       0.536564      -0.145560       0.470756      -1.729706      -5.803297       0.875000       0.375000
      0.613065       0.474680       0.538957      -0.190126       0.476291      -8.868792       1.101598       0.875000       0.375000
      0.618090       0.473707       0.541040      -0.193703       0.414472      -0.711854     -12.302279       0.875000       0.375000
      0.623116       0.472664       0.542873      -0.207510       0.364869      -2.747617      -9.871335       0.875000       0.375000
      0.628141       0.471742       0.544421      -0.183454       0.307968       4.787267     -11.323621       0.875000       0.375000
      0.633166       0.470695       0.545943      -0.208285       0.302850      -4.941479      -1.018548       0.875000       0.375000
      0.638191       0.469603       0.547530      -0.217468       0.315791      -1.827529       2.575377       0.875000       0.375000
      0.643216       0.468380       0.548856      -0.243287       0.263963      -5.138217     -10.314025       0.875000       0.375000
      0.648241       0.467266       0.550594      -0.221751       0.345865       4.285860      16.298865       0.875000       0.375000
      0.653266       0.466113       0.552328      -0.229470       0.345014      -1.536062      -0.169258       0.875000       0.375000
      0.658291       0.465230       0.553910      -0.175624       0.314927      10.715538      -5.987416       0.875000       0.375000
      0.663317       0.464614       0.555371      -0.122728       0.290797      10.526566      -4.802041       0.875000       0.375000
      0.668342       0.463768       0.556654      -0.168198       0.255216      -9.048648      -7.080789       0.875000       0.375000
      0.673367       0.462946       0.558035      -0.163617       0.274875       0.911532       3.912189       0.875000       0.375000
      0.678392       0.461966       0.559633      -0.195048       0.317970      -6.254849       8.576049       0.875000       0.375000
      0.683417       0.461054       0.560857      -0.181527       0.243688       2.690621     -14.782443       0.875000       0.375000
      0.688442       0.460145       0.561858      -0.180918       0.199044       0.121172      -8.884340       0.875000       0.375000
      0.693467       0.458963       0.562964      -0.235093       0.220200     -10.781096       4.210120       0.875000       0.375000
      0.698492       0.457565       0.564010      -0.278320       0.208116      -8.602250      -2.404777       0.875000       0.375000
      0.703518       0.456000       0.565087      -0.311504       0.214288      -6.603749       1.228244       0.875000       0.375000
      0.708543       0.454949       0.566759      -0.209134       0.332754      20.372148      23.575321       0.875000       0.375000
      0.713568       0.453753       0.568609      -0.237956       0.368114      -5.735774       7.036786       0.875000       0.375000
      0.718593       0.452419       0.570485      -0.265558       0.373332      -5.493003       1.038546       0.875000       0.375000
      0.723618       0.451179       0.572387      -0.246691       0.378644       3.754693       1.057135       0.875000       0.375000
      0.728643       0.450069       0.574295      -0.220871       0.379608       5.138221       0.191805       0.875000       0.375000
      0.733668       0.449042       0.576672      -0.204298       0.472978       3.298181      18.581054       0.875000       0.375000
      0.738693       0.447889       0.579183      -0.229603       0.499753      -5.035932       5.328414       0.875000       0.375000
      0.743719       0.447161       0.581324      -0.144844       0.426162      16.867538     -14.645116       0.875000       0.375000
      0.748744       0.446553       0.583198      -0.120932       0.372845       4.758679     -10.610269       0.875000       0.375000
      0.753769       0.445411       0.584496      -0.227283       0.258405     -21.164470     -22.774134       0.875000       0.375000
      0.758794       0.444080       0.585661      -0.264937       0.231731      -7.493204      -5.308175       0.875000       0.375000
      0.763819       0.442920       0.586885      -0.230760       0.243731       6.801312       2.388067       0.875000       0.375000
      0.768844       0.441811       0.588439      -0.220784       0.309121       1.985361      13.012844       0.875000       0.375000
      0.773869       0.440754       0.590120      -0.210386       0.334553       2.069086       5.061157       0.875000       0.375000
      0.778894       0.439659       0.591562      -0.217805       0.286955      -1.476257      -9.472298       0.875000       0.375000
      0.783920       0.438425       0.593105      -0.245542       0.307041      -5.519859       3.997134       0.875000       0.375000
      0.788945       0.437187       0.594750      -0.246322       0.327501      -0.155267       4.071785       0.875000       0.375000
      0.793970       0.435758       0.596612      -0.284513       0.370483      -7.600179       8.553487       0.875000       0.375000
      0.798995       0.434447       0.598645      -0.260808       0.404567       4.717410       6.782967       0.875000       0.375000
      0.804020       0.433187       0.600541      -0.250767       0.377242       1.998235      -5.437705       0.875000       0.375000
      0.809045       0.431985       0.602377      -0.239211       0.365474       2.299651      -2.342031       0.875000       0.375000
      0.814070       0.430845       0.604297      -0.226926       0.382025       2.444697       3.293817       0.875000       0.375000
      0.819095       0.429955       0.606254      -0.177051       0.389440       9.925389       1.475641       0.875000       0.375000
      0.824121       0.428993       0.608052      -0.191447       0.357851      -2.864787      -6.286487       0.875000       0.375000
      0.829146       0.428153       0.609795      -0.167140       0.346940       4.837155      -2.171306       0.875000       0.375000
      0.834171       0.427276       0.611529      -0.174607       0.344990      -1.485822      -0.388018       0.875000       0.375000
      0.839196       0.426197       0.613147      -0.214637       0.321914      -7.966336      -4.592292       0.875000       0.375000
      0.844221       0.424999       0.614639      -0.238470       0.297018      -4.742801      -4.954339       0.875000       0.375000
      0.849246       0.423698       0.616011      -0.258956       0.272940      -4.076849      -4.791763       0.875000       0.375000
      0.854271       0.422456       0.617327      -0.247080       0.261954       2.363333      -2.186145       0.875000       0.375000
      0.859296       0.421235       0.618649      -0.243070       0.263067       0.798171       0.221466       0.875000       0.375000
      0.864322       0.420081       0.620133      -0.229578       0.295260       2.684813       6.406552       0.875000       0.375000
      0.869347       0.418841       0.621566      -0.246820       0.285276      -3.431145      -1.986970       0.875000       0.375000
      0.874372       0.417628       0.623034      -0.241318       0.292080       1.094959       1.354085       0.875000       0.375000
      0.879397       0.416520       0.624614      -0.220488       0.314455       4.145121       4.452699       0.875000       0.375000
      0.884422       0.415648       0.626185      -0.173666       0.312715       9.317803      -0.346148       0.875000       0.375000
      0.889447       0.414814       0.627792      -0.165875       0.319792       1.550559       1.408408       0.875000       0.375000
      0.894472       0.413960       0.629427      -0.169992       0.325407      -0.819371       1.117271       0.875000       0.375000
      0.899497       0.413008       0.631139      -0.189470       0.340525      -3.876198       3.008555       0.875000       0.375000
      0.904523       0.411991       0.632777      -0.202404       0.326148      -2.573835      -2.861085       0.875000       0.375000
      0.909548       0.411130       0.634465      -0.171261       0.335836       6.197511       1.928091       0.875000       0.375000
      0.914573       0.410138       0.636167      -0.197443       0.338608      -5.210265       0.551498       0.875000       0.375000
      0.919598       0.409303       0.637882      -0.166218       0.341333       6.213856       0.542288       0.875000       0.375000
      0.924623       0.408392       0.639734      -0.181259       0.368619      -2.993211       5.430145       0.875000       0.375000
      0.929648       0.407484       0.641691      -0.180641       0.389380       0.123050       4.131445       0.875000       0.375000
      0.934673       0.406618       0.643552      -0.172428       0.370396       1.634403      -3.777864       0.875000       0.375000
      0.939698       0.405527       0.645325      -0.217046       0.352900      -8.879263      -3.481824       0.875000       0.375000
      0.944724       0.404420       0.647038      -0.220319       0.340873      -0.651306      -2.393427       0.875000       0.375000
      0.949749       0.403187       0.648720      -0.245375       0.334629      -4.986290      -1.242595       0.875000       0.375000
      0.954774       0.401845       0.650446      -0.267032       0.343593      -4.309920       1.783836       0.875000       0.375000
      0.959799       0.400408       0.652153      -0.285988       0.339645      -3.772175      -0.785645       0.875000       0.375000
      0.964824       0.398874       0.653893      -0.305347       0.346280      -3.852663       1.320491       0.875000       0.375000
      0.969849       0.397472       0.655478      -0.278863       0.315482       5.270435      -6.128943       0.875000       0.375000
      0.974874       0.396110       0.657004      -0.271202       0.303614       1.524631      -2.361917       0.875000       0.375000
      0.979899       0.394749       0.658594      -0.270655       0.316500       0.108768       2.564454       0.875000       0.375000
      0.984925       0.393416       0.660059      -0.265420       0.291568       1.041790      -4.961669       0.875000       0.375000
      0.989950       0.392096       0.661269      -0.262563       0.240713       0.568649     -10.120237       0.875000       0.375000
      0.994975       0.390868       0.662223      -0.244491       0.189872       3.596483     -10.117663       0.875000       0.375000
      1.000000       0.389932       0.663032      -0.186248       0.160906      11.590515      -5.764348       0.875000       0.375000
      1.005025       0.389248       0.663822      -0.136177       0.157201       9.964372      -0.737454       0.875000       0.375000
      1.010050       0.388843       0.664505      -0.080498       0.136000      11.080368      -4.218924       0.875000       0.375000
      1.015075       0.388417       0.665058      -0.084785       0.110078      -0.852984      -5.158684       0.875000       0.375000
      1.020100       0.388122       0.665493      -0.058731       0.086518       5.184791      -4.688539       0.875000       0.375000
      1.025125       0.387884       0.665928      -0.047378       0.086503       2.259400      -0.003011       0.875000       0.375000
      1.030150       0.387714       0.666287      -0.033831       0.071492       2.695857      -2.987316       0.875000       0.375000
      1.035175       0.387663       0.666559      -0.010217       0.054169       4.699265      -3.447300       0.875000       0.375000
      1.040200       0.387684       0.666664       0.004323       0.020961       2.893613      -6.608572       0.875000       0.375000
      1.045225       0.387836       0.666658       0.030243      -0.001226       5.158212      -4.415410       0.875000       0.375000
      1.050250       0.388040       0.666586       0.040650      -0.014408       2.070994      -2.623285       0.875000       0.375000
      1.055275       0.388241       0.666531       0.039964      -0.010901      -0.136517       0.697978       0.875000       0.375000
      1.060300       0.388578       0.666532       0.067087       0.000252       5.397645       2.219606       0.875000       0.375000
      1.065325       0.388847       0.666619       0.053499       0.017321      -2.704113       3.396629       0.875000       0.375000
      1.070350       0.389035       0.666732       0.037438       0.022369      -3.196186       1.004648       0.875000       0.375000
      1.075375       0.389149       0.666856       0.022538       0.024701      -2.965150       0.464015       0.875000       0.375000
      1.080400       0.389085       0.666883      -0.012750       0.005339      -7.022500      -3.852973       0.875000       0.375000
      1.085425       0.388960       0.666889      -0.024764       0.001275      -2.390967      -0.808836       0.875000       0.375000
      1.090450       0.388823       0.666816      -0.027220      -0.014650      -0.488737      -3.169134       0.875000       0.375000
      1.095475       0.388656       0.666702      -0.033332      -0.022552      -1.216238      -1.572481       0.875000       0.375000
      1.100500       0.388565       0.666597      -0.018017      -0.021019       3.047749       0.304982       0.875000       0.375000
      1.105525       0.388517       0.666490      -0.009570      -0.021260       1.680897      -0.047909       0.875000       0.375000
      1.110550       0.388432       0.666361      -0.016931      -0.025661      -1.464882      -0.875788       0.875000       0.375000
      1.115575       0.388372       0.666273      -0.012012      -0.017480       0.979068       1.628037       0.875000       0.375000
      1.120600       0.388335       0.666211      -0.007363      -0.012268       0.925017       1.037088       0.875000       0.375000
      1.125625       0.388285       0.666204      -0.009856      -0.001423      -0.495929       2.158271       0.875000       0.375000
      1.130650       0.388278       0.666227      -0.001399       0.004627       1.682837       1.203915       0.875000       0.375000
      1.135675       0.388268       0.666212      -0.002127      -0.003116      -0.144893      -1.540746       0.875000       0.375000
      1.140700       0.388252       0.666201      -0.003005      -0.002217      -0.174626       0.178770       0.875000       0.375000
      1.145725       0.388302       0.666190       0.009837      -0.002025       2.555565       0.038253       0.875000       0.375000
      1.150750       0.388343       0.666099       0.008106      -0.018101      -0.344438      -3.199168       0.875000       0.375000
      1.155775       0.388343       0.666004       0.000115      -0.018945      -1.590326      -0.168030       0.875000       0.375000
      1.160800       0.388277       0.665941      -0.013202      -0.012629      -2.650177       1.257052       0.875000       0.375000
      1.165825       0.388171       0.665878      -0.021060      -0.012549      -1.563667       0.015813       0.875000       0.375000
      1.170850       0.388036       0.665863      -0.026815      -0.002934      -1.145322       1.913481       0.875000       0.375000
      1.175875       0.387853       0.665935      -0.036374       0.014385      -1.902343       3.446575       0.875000       0.375000
      1.180900       0.387634       0.665998      -0.043667       0.012453      -1.451234      -0.384431       0.875000       0.375000
      1.185925       0.387428       0.665945      -0.041081      -0.010458       0.514650      -4.559418       0.875000       0.375000
      1.190950       0.387241       0.665908      -0.037152      -0.007416       0.781817       0.605304       0.875000       0.375000
      1.195975       0.387164       0.665889      -0.015250      -0.003782       4.358604       0.723103       0.875000       0.375000
      1.201000       0.387178       0.665872       0.002714      -0.003413       3.574928       0.073432       0.875000       0.375000
      1.206025       0.387236       0.665850       0.011600      -0.004443       1.768426      -0.204836       0.875000       0.375000
      1.211050       0.387303       0.665803       0.013250      -0.009175       0.328335      -0.941737       0.875000       0.375000
      1.216075       0.387395       0.665752       0.018398      -0.010234       1.024471      -0.210828       0.875000       0.375000
      1.221100       0.387467       0.665726       0.014224      -0.005238      -0.830630       0.994346       0.875000       0.375000
      1.226125       0.387559       0.665788       0.018458       0.012417       0.842604       3.513391       0.875000       0.375000
      1.231150       0.387680       0.665888       0.023890       0.019893       1.080959       1.487845       0.875000       0.375000
      1.236175       0.387795       0.665991       0.022960       0.020451      -0.185023       0.110970       0.875000       0.375000
      1.241200       0.387932       0.666124       0.027231       0.026512       0.849896       1.206177       0.875000       0.375000
      1.246225       0.388083       0.666280       0.030092       0.031014       0.569400       0.895815       0.875000       0.375000
      1.251250       0.388256       0.666430       0.034533       0.029804       0.883660      -0.240733       0.875000       0.375000
      1.256275       0.388464       0.666530       0.041257       0.020062       1.338101      -1.938596       0.875000       0.375000
      1.261300       0.388638       0.666639       0.034615       0.021499      -1.321666       0.285821       0.875000       0.375000
      1.266325       0.388787       0.666769       0.029652       0.025984      -0.987649       0.892540       0.875000       0.375000
      1.271350       0.388832       0.666870       0.008974       0.020080      -4.115108      -1.174897       0.875000       0.375000
      1.276375       0.388826       0.666978      -0.001147       0.021583      -2.014057       0.299087       0.875000       0.375000
      1.281400       0.388770       0.667078      -0.011071       0.019886      -1.974995      -0.337638       0.875000       0.375000
      1.286425       0.388728       0.667164      -0.008520       0.017141       0.507743      -0.546239       0.875000       0.375000
      1.291450       0.388684       0.667228      -0.008773       0.012624      -0.050319      -0.898895       0.875000       0.375000
      1.296475       0.388647       0.667288      -0.007254       0.011895       0.302114      -0.145150       0.875000       0.375000
      1.301500       0.388596       0.667355      -0.010084       0.013457      -0.563041       0.310906       0.875000       0.375000
      1.306525       0.388566       0.667450      -0.006068       0.018866       0.799063       1.076303       0.875000       0.375000
      1.311550       0.388537       0.667584      -0.005680       0.026606       0.077244       1.540453       0.875000       0.375000
      1.316575       0.388517       0.667711      -0.003996       0.025277       0.335177      -0.264648       0.875000       0.375000
      1.321600       0.388467       0.667837      -0.010076       0.025042      -1.209996      -0.046729       0.875000       0.375000
      1.326625       0.388427       0.667923      -0.007983       0.017102       0.416556      -1.579960       0.875000       0.375000
      1.331650       0.388407       0.667980      -0.003811       0.011509       0.830164      -1.113031       0.875000       0.375000
      1.336675       0.388362       0.668023      -0.009089       0.008520      -1.050230      -0.594857       0.875000       0.375000
      1.341700       0.388347       0.668070      -0.003004       0.009227       1.210947       0.140718       0.875000       0.375000
      1.346725       0.388333       0.668146      -0.002709       0.015126       0.058688       1.173755       0.875000       0.375000
      1.351750       0.388293       0.668200      -0.008008       0.010860      -1.054522      -0.848885       0.875000       0.375000
      1.356775       0.388256       0.668216      -0.007397       0.003073       0.121475      -1.549577       0.875000       0.375000
      1.361800       0.388199       0.668162      -0.011248      -0.010639      -0.766325      -2.728899       0.875000       0.375000
      1.366825       0.388154       0.668098      -0.008926      -0.012788       0.462122      -0.427559       0.875000       0.375000
      1.371850       0.388110       0.668024      -0.008730      -0.014702       0.039020      -0.380899       0.875000       0.375000
      1.376875       0.388039       0.667930      -0.014202      -0.018738      -1.088900      -0.803274       0.875000       0.375000
      1.381900       0.388053       0.667789       0.002799      -0.028124       3.383319      -1.867708       0.875000       0.375000
      1.386925       0.388075       0.667626       0.004293      -0.032298       0.297292      -0.830752       0.875000       0.375000
      1.391950       0.388079       0.667473       0.000881      -0.030533      -0.679044       0.351314       0.875000       0.375000
      1.396975       0.388070       0.667337      -0.001777      -0.027007      -0.529031       0.701690       0.875000       0.375000
      1.402000       0.388045       0.667184      -0.004996      -0.030540      -0.640638      -0.703055       0.875000       0.375000
      1.407025       0.388028       0.667019      -0.003311      -0.032802       0.335323      -0.450144       0.875000       0.375000
      1.412050       0.388001       0.666854      -0.005401      -0.032832      -0.415817      -0.006021       0.875000       0.375000
      1.417075       0.387988       0.666673      -0.002596      -0.035921       0.558113      -0.614835       0.875000       0.375000
      1.422100       0.388015       0.666479       0.005376      -0.038678       1.586528      -0.548625       0.875000       0.375000
      1.427125       0.388095       0.666292       0.015798      -0.037179       2.074090       0.298347       0.875000       0.375000
      1.432150       0.388211       0.666095       0.023191      -0.039309       1.471178      -0.423920       0.875000       0.375000
      1.437175       0.388330       0.665886       0.023697      -0.041485       0.100683      -0.433009       0.875000       0.375000
      1.442200       0.388468       0.665712       0.027407      -0.034762       0.738373       1.338000       0.875000       0.375000
      1.447225       0.388591       0.665577       0.024529      -0.026789      -0.572799       1.586517       0.875000       0.375000
      1.452250       0.388664       0.665465       0.014401      -0.022333      -2.015398       0.886899       0.875000       0.375000
      1.457275       0.388699       0.665351       0.007120      -0.022542      -1.449013      -0.041543       0.875000       0.375000
      1.462300       0.388765       0.665251       0.012988      -0.020050       1.167701       0.495790       0.875000       0.375000
      1.467325       0.388800       0.665162       0.007135      -0.017693      -1.164640       0.469192       0.875000       0.375000
      1.472350       0.388823       0.665056       0.004449      -0.021012      -0.534619      -0.660498       0.875000       0.375000
      1.477375       0.388855       0.664949       0.006319      -0.021370       0.372216      -0.071328       0.875000       0.375000
      1.482400       0.388880       0.664833       0.005153      -0.023026      -0.232177      -0.329590       0.875000       0.375000
      1.487425       0.388892       0.664733       0.002221      -0.019870      -0.583352       0.628163       0.875000       0.375000
      1.492450       0.388918       0.664667       0.005201      -0.013151       0.592970       1.337101       0.875000       0.375000
      1.497475       0.388912       0.664650      -0.001066      -0.003493      -1.247159       1.921932       0.875000       0.375000
      1.502500       0.388892       0.664647      -0.004113      -0.000466      -0.606317       0.602458       0.875000       0.375000
