      0.000000       0.608663       0.335683       0.000000       0.000000       0.000000       0.000000       0.875000       0.000000
      0.005025       0.607967       0.337998      -0.138507       0.460769     -27.563669      91.695297       0.875000       0.000000
      0.010050       0.608980       0.338607       0.201712       0.121235      67.705429     -67.568975       0.875000       0.000000
      0.015075       0.608172       0.340106      -0.160881       0.298240     -72.157809      35.225020       0.875000       0.000000
      0.020101       0.606108       0.341299      -0.410800       0.237505     -49.735222     -12.086653       0.875000       0.000000
      0.025126       0.606779       0.342663       0.133712       0.271273     108.360678       6.720022       0.875000       0.000000
      0.030151       0.606624       0.343639      -0.030999       0.194343     -32.778405     -15.309420       0.875000       0.000000
      0.035176       0.604299       0.343697      -0.462630       0.011466     -85.896618     -36.393568       0.875000       0.000000
      0.040201       0.602396       0.345989      -0.378674       0.456081      16.707636      88.480603       0.875000       0.000000
      0.045226       0.601639       0.348185      -0.150618       0.437029      45.384331      -3.791419       0.875000       0.000000
      0.050251       0.599162       0.349507      -0.493083       0.263142     -68.152368     -34.604372       0.875000       0.000000
      0.055276       0.598236       0.350139      -0.184197       0.125694      61.469819     -27.352789       0.875000       0.000000
      0.060302       0.596054       0.350254      -0.434146       0.023052     -49.741030     -20.426260       0.875000       0.000000
      0.065327       0.597017       0.353900       0.191627       0.725433     124.531861     139.777212       0.875000       0.000000
      0.070352       0.597080       0.357698       0.012541       0.755898     -35.638923       6.062713       0.875000       0.000000
      0.075377       0.595575       0.359985      -0.299624       0.455033     -62.122448     -59.873507       0.875000       0.000000
      0.080402       0.593899       0.361191      -0.333438       0.240171      -6.729032     -42.758599       0.875000       0.000000
      0.085427       0.592562       0.362077      -0.266053       0.176222      13.409815     -12.726157       0.875000       0.000000
      0.090452       0.590795       0.365571      -0.351775       0.695270     -17.058953     103.292979       0.875000       0.000000
      0.095477       0.589982       0.367302      -0.161725       0.344457      37.820822     -69.813486       0.875000       0.000000
      0.100503       0.589260       0.367636      -0.143584       0.066479       3.610233     -55.318896       0.875000       0.000000
      0.105528       0.588114       0.368814      -0.228123       0.234543     -16.823840      33.445407       0.875000       0.000000
      0.110553       0.586277       0.371360      -0.365601       0.506570     -27.358791      54.134864       0.875000       0.000000
      0.115578       0.585201       0.371598      -0.214063       0.047511      30.156812     -91.355098       0.875000       0.000000
      0.120603       0.582731       0.372422      -0.491566       0.163908     -55.224462      23.163565       0.875000       0.000000
      0.125628       0.582126       0.373401      -0.120509       0.194803      73.842241       6.148287       0.875000       0.000000
      0.130653       0.581699       0.375785      -0.084966       0.474334       7.073305      55.628104       0.875000       0.000000
      0.135678       0.580390       0.377100      -0.260418       0.261870     -34.915860     -42.281343       0.875000       0.000000
      0.140704       0.578746       0.380250      -0.327125       0.626797     -13.275110      72.622119       0.875000       0.000000
      0.145729       0.577346       0.383264      -0.278729       0.599711       9.631030      -5.390252       0.875000       0.000000
      0.150754       0.575298       0.385375      -0.407558       0.420191     -25.637510     -35.725325       0.875000       0.000000
      0.155779       0.574790       0.386692      -0.101032       0.262035      61.000127     -31.473719       0.875000       0.000000
      0.160804       0.575076       0.389032       0.056896       0.465689      31.428439      40.528145       0.875000       0.000000
      0.165829       0.575232       0.390666       0.030980       0.325262      -5.157259     -27.945796       0.875000       0.000000
      0.170854       0.572361       0.391569      -0.571162       0.179719    -119.829431     -28.963755       0.875000       0.000000
      0.175879       0.570897       0.391733      -0.291408       0.032509      55.672432     -29.295543       0.875000       0.000000
      0.180905       0.570555       0.392358      -0.068015       0.124372      44.456498      18.281325       0.875000       0.000000
      0.185930       0.569367       0.393409      -0.236398       0.209277     -33.509095      16.896347       0.875000       0.000000
      0.190955       0.567952       0.394828      -0.281763       0.282391      -9.027968      14.550214       0.875000       0.000000
      0.195980       0.566956       0.397262      -0.198160       0.484249      16.637528      40.170640       0.875000       0.000000
      0.201005       0.567670       0.400469       0.142062       0.638307      67.705722      30.658414       0.875000       0.000000
      0.206030       0.567640       0.403479      -0.005925       0.599019     -29.450127      -7.818562       0.875000       0.000000
      0.211055       0.567099       0.405838      -0.107568       0.469331     -20.227406     -25.808526       0.875000       0.000000
      0.216080       0.566090       0.407906      -0.200861       0.411605     -18.565797     -11.487797       0.875000       0.000000
      0.221106       0.563681       0.408354      -0.479356       0.089164     -55.421886     -64.167402       0.875000       0.000000
      0.226131       0.561234       0.408498      -0.487034       0.028563      -1.528016     -12.059963       0.875000       0.000000
      0.231156       0.558391       0.410240      -0.565770       0.346673     -15.668791      63.305612       0.875000       0.000000
      0.236181       0.556597       0.412335      -0.357066       0.416918      41.533246      13.979080       0.875000       0.000000
      0.241206       0.557061       0.414174       0.092345       0.366111      89.434940     -10.110873       0.875000       0.000000
      0.246231       0.556859       0.415937      -0.040137       0.350840     -26.364613      -3.038976       0.875000       0.000000
      0.251256       0.557253       0.417980       0.078379       0.406417      23.585352      11.059986       0.875000       0.000000
      0.256281       0.555894       0.419789      -0.270499       0.360071     -69.428468      -9.222968       0.875000       0.000000
      0.261307       0.555522       0.420892      -0.074009       0.219507      39.102444     -27.972996       0.875000       0.000000
      0.266332       0.554723       0.422736      -0.159057       0.366965     -16.925028      29.344949       0.875000       0.000000
      0.271357       0.553336       0.424157      -0.275966       0.282801     -23.265470     -16.749163       0.875000       0.000000
      0.276382       0.552350       0.425597      -0.196252       0.286561      15.863628       0.748365       0.875000       0.000000
      0.281407       0.550326       0.427065      -0.402635       0.292087     -41.071242       1.099621       0.875000       0.000000
      0.286432       0.547418       0.429436      -0.578852       0.471962     -35.068191      35.796147       0.875000       0.000000
      0.291457       0.544161       0.431119      -0.648129       0.334919     -13.786405     -27.272268       0.875000       0.000000
      0.296482       0.542273       0.432867      -0.375700       0.347824      54.214705       2.568185       0.875000       0.000000
      0.301508       0.540793       0.434245      -0.294512       0.274128      16.156820     -14.665959       0.875000       0.000000
      0.306533       0.539521       0.436534      -0.253189       0.455619       8.223442      36.117618       0.875000       0.000000
      0.311558       0.539202       0.438636      -0.063418       0.418202      37.765464      -7.446259       0.875000       0.000000
      0.316583       0.538875       0.441319      -0.065063       0.534073      -0.327420      23.058899       0.875000       0.000000
      0.321608       0.540152       0.443529       0.254184       0.439719      63.531819     -18.776892       0.875000       0.000000
      0.326633       0.539936       0.445393      -0.043144       0.371014     -59.169776     -13.672576       0.875000       0.000000
      0.331658       0.538046       0.445947      -0.376131       0.110286     -66.266065     -51.886203       0.875000       0.000000
      0.336683       0.536927       0.446523      -0.222512       0.114452      30.570920       0.829114       0.875000       0.000000
      0.341709       0.535401       0.448111      -0.303783       0.316053     -16.173401      40.119558       0.875000       0.000000
      0.346734       0.533476       0.450157      -0.383121       0.407206     -15.788679      18.139862       0.875000       0.000000
      0.351759       0.532015       0.451435      -0.290696       0.254280      18.393031     -30.432910       0.875000       0.000000
      0.356784       0.530744       0.451988      -0.252844       0.110188       7.532778     -28.675011       0.875000       0.000000
      0.361809       0.529033       0.452380      -0.340602       0.078010     -17.464239      -6.403606       0.875000       0.000000
      0.366834       0.528140       0.454240      -0.177643       0.370160      32.429559      58.139195       0.875000       0.000000
      0.371859       0.528094       0.456377      -0.009178       0.425110      33.525534      10.935298       0.875000       0.000000
      0.376884       0.528083       0.458739      -0.002146       0.470130       1.399350       8.959375       0.875000       0.000000
      0.381910       0.527200       0.460407      -0.175865       0.331991     -34.571000     -27.490502       0.875000       0.000000
      0.386935       0.526302       0.461379      -0.178665       0.193458      -0.557247     -27.568727       0.875000       0.000000
      0.391960       0.525549       0.462561      -0.149817       0.235193       5.740994       8.305481       0.875000       0.000000
      0.396985       0.524962       0.463502      -0.116726       0.187225       6.585270      -9.545873       0.875000       0.000000
      0.402010       0.524941       0.465306      -0.004289       0.358923      22.375427      34.168730       0.875000       0.000000
      0.407035       0.524958       0.467586       0.003449       0.453895       1.539860      18.899885       0.875000       0.000000
      0.412060       0.525270       0.469896       0.061965       0.459599      11.645054       1.135250       0.875000       0.000000
      0.417085       0.523864       0.472049      -0.279671       0.428397     -67.987183      -6.209423       0.875000       0.000000
      0.422111       0.521578       0.475542      -0.455069       0.695229     -34.905064      53.100974       0.875000       0.000000
      0.427136       0.518060       0.479228      -0.699990       0.733481     -48.740619       7.612281       0.875000       0.000000
      0.432161       0.513834       0.482780      -0.840936       0.706833     -28.048904      -5.303136       0.875000       0.000000
      0.437186       0.508109       0.485896      -1.139381       0.620129     -59.391981     -17.254557       0.875000       0.000000
      0.442211       0.501370       0.487628      -1.341049       0.344720     -40.133087     -54.807651       0.875000       0.000000
      0.447236       0.492857       0.488358      -1.694189       0.145162     -70.276609     -39.713134       0.875000       0.000000
      0.452261       0.482434       0.488004      -2.074276      -0.070279     -75.639097     -42.873812       0.875000       0.000000
      0.457286       0.470948       0.486947      -2.285641      -0.210337     -42.062679     -27.872107       0.875000       0.000000
      0.462312       0.459412       0.484840      -2.295767      -0.419304      -2.015255     -41.585652       0.875000       0.000000
      0.467337       0.449700       0.479894      -1.932738      -0.984329      72.244729    -112.442604       0.875000       0.000000
      0.472362       0.441322       0.473540      -1.667269      -1.264577      52.829616     -55.770815       0.875000       0.000000
      0.477387       0.435279       0.465838      -1.202622      -1.532618      92.466970     -53.341433       0.875000       0.000000
      0.482412       0.432709       0.458978      -0.511322      -1.365228     137.572217      33.311418       0.875000       0.000000
      0.487437       0.432966       0.452993       0.050952      -1.191000     111.895308      34.672165       0.875000       0.000000
      0.492462       0.435151       0.447853       0.434931      -1.022974      76.413759      33.438070       0.875000       0.000000
      0.497487       0.439560       0.445548       0.877478      -0.458634      88.069106     112.306418       0.875000       0.000000
      0.502513       0.445253       0.444753       1.132774      -0.158263      50.805018      59.775401       0.875000       0.000000
      0.507538       0.452095       0.446516       1.361656       0.350780      45.548696     101.301975       0.875000       0.000000
      0.512563       0.459522       0.450912       1.478134       0.874964      23.179779     104.315186       0.875000       0.000000
      0.517588       0.467274       0.457506       1.542570       1.312160      12.823008      87.004291       0.875000       0.000000
      0.522613       0.474478       0.467065       1.433707       1.902296     -21.664281     117.440039       0.875000       0.000000
      0.527638       0.480064       0.477136       1.111654       2.004257     -64.090183      20.290580       0.875000       0.000000
      0.532663       0.485061       0.486534       0.994387       1.870227     -23.336701     -26.672629       0.875000       0.000000
      0.537688       0.488783       0.495646       0.740684       1.813307     -50.488174     -11.327184       0.875000       0.000000
      0.542714       0.490912       0.503561       0.423748       1.575150     -63.071748     -47.394506       0.875000       0.000000
      0.547739       0.492759       0.510940       0.367457       1.468347     -11.202191     -21.254252       0.875000       0.000000
      0.552764       0.493557       0.516098       0.158862       1.026630     -41.511502     -87.903933       0.875000       0.000000
      0.557789       0.492561       0.519643      -0.198190       0.705445     -71.054998     -63.917475       0.875000       0.000000
      0.562814       0.490654       0.522749      -0.379585       0.618049     -36.098549     -17.392274       0.875000       0.000000
      0.567839       0.488650       0.525107      -0.398857       0.469237      -3.835305     -29.614322       0.875000       0.000000
      0.572864       0.486681       0.527181      -0.391834       0.412738       1.397719     -11.243448       0.875000       0.000000
      0.577889       0.484333       0.529395      -0.467099       0.440616     -14.978158       5.547703       0.875000       0.000000
      0.582915       0.482196       0.531422      -0.425321       0.403330       8.314020      -7.420006       0.875000       0.000000
      0.587940       0.480431       0.532818      -0.351378       0.277774      14.714942     -24.986374       0.875000       0.000000
      0.592965       0.478981       0.533909      -0.288438       0.217245      12.525483     -12.045417       0.875000       0.000000
      0.597990       0.477267       0.535017      -0.341048       0.220372     -10.469614       0.622275       0.875000       0.000000
      0.603015       0.475666       0.536401      -0.318614       0.275503       4.464435      10.971200       0.875000       0.000000
      0.608040       0.474655       0.537970      -0.201178       0.312178      23.370232       7.298555       0.875000       0.000000
      0.613065       0.473953       0.539344      -0.139879       0.273565      12.198810      -7.684205       0.875000       0.000000
      0.618090       0.473440       0.540676      -0.101904       0.265059       7.557224      -1.692587       0.875000       0.000000
      0.623116       0.472843       0.541879      -0.118803       0.239260      -3.362827      -5.134276       0.875000       0.000000
      0.628141       0.472069       0.543537      -0.154114       0.330049      -7.027170      18.067467       0.875000       0.000000
      0.633166       0.470920       0.544912      -0.228589       0.273645     -14.820888     -11.224529       0.875000       0.000000
      0.638191       0.469419       0.546554      -0.298821       0.326653     -13.976414      10.548711       0.875000       0.000000
      0.643216       0.467772       0.548075      -0.327770       0.302882      -5.761126      -4.730440       0.875000       0.000000
      0.648241       0.466257       0.549295      -0.301378       0.242625       5.252155     -11.991523       0.875000       0.000000
      0.653266       0.465196       0.550827      -0.211270       0.304891      17.931964      12.391345       0.875000       0.000000
      0.658291       0.464383       0.552690      -0.161817       0.370721       9.841500      13.100435       0.875000       0.000000
      0.663317       0.463560       0.554469      -0.163738       0.354193      -0.382419      -3.289165       0.875000       0.000000
      0.668342       0.462537       0.556008      -0.203572       0.306180      -7.927226      -9.554770       0.875000       0.000000
      0.673367       0.461668       0.557571      -0.172942       0.311051       6.095673       0.969243       0.875000       0.000000
      0.678392       0.460455       0.559040      -0.241272       0.292264     -13.598087      -3.738713       0.875000       0.000000
      0.683417       0.459119       0.560598      -0.266021       0.310077      -4.925098       3.544959       0.875000       0.000000
      0.688442       0.457645       0.562241      -0.293172       0.327016      -5.403171       3.370989       0.875000       0.000000
      0.693467       0.456069       0.563665      -0.313656       0.283388      -4.076389      -8.682301       0.875000       0.000000
      0.698492       0.454904       0.565232      -0.232002       0.311756      16.249535       5.645347       0.875000       0.000000
      0.703518       0.453884       0.566547      -0.202800       0.261807       5.811272      -9.940110       0.875000       0.000000
      0.708543       0.453007       0.567990      -0.174638       0.287117       5.604332       5.036846       0.875000       0.000000
      0.713568       0.452390       0.569518      -0.122674       0.303988      10.341061       3.357429       0.875000       0.000000
      0.718593       0.451381       0.570988      -0.200861       0.292532     -15.559608      -2.279667       0.875000       0.000000
      0.723618       0.450277       0.572459      -0.219765       0.292912      -3.761978       0.075437       0.875000       0.000000
      0.728643       0.449381       0.573928      -0.178318       0.292311       8.248303      -0.119584       0.875000       0.000000
      0.733668       0.448181       0.575167      -0.238809       0.246551     -12.038115      -9.106428       0.875000       0.000000
      0.738693       0.447213       0.576741      -0.192622       0.313261       9.191521      13.275719       0.875000       0.000000
      0.743719       0.446495       0.578346      -0.142878       0.319251       9.899191       1.192004       0.875000       0.000000
      0.748744       0.445639       0.579871      -0.170348       0.303494      -5.466567      -3.135822       0.875000       0.000000
      0.753769       0.444712       0.581532      -0.184357       0.330666      -2.787900       5.407398       0.875000       0.000000
      0.758794       0.443549       0.583463      -0.231611       0.384182      -9.403701      10.650014       0.875000       0.000000
      0.763819       0.442327       0.585409      -0.243020       0.387266      -2.270563       0.613780       0.875000       0.000000
      0.768844       0.441002       0.587529      -0.263736       0.421960      -4.122602       6.904128       0.875000       0.000000
      0.773869       0.439820       0.589618      -0.235322       0.415719       5.654492      -1.241822       0.875000       0.000000
      0.778894       0.438455       0.591604      -0.271584       0.395182      -7.216170      -4.087001       0.875000       0.000000
      0.783920       0.437194       0.593421      -0.250863       0.361601       4.123471      -6.682843       0.875000       0.000000
      0.788945       0.435968       0.595417      -0.244121       0.397267       1.341801       7.097618       0.875000       0.000000
      0.793970       0.434595       0.597622      -0.273196       0.438815      -5.786040       8.268280       0.875000       0.000000
      0.798995       0.433265       0.599714      -0.264611       0.416197       1.708358      -4.501003       0.875000       0.000000
      0.804020       0.431967       0.601695      -0.258392       0.394295       1.237700      -4.358652       0.875000       0.000000
      0.809045       0.430665       0.603456      -0.259150       0.350518      -0.150970      -8.711902       0.875000       0.000000
      0.814070       0.429545       0.605260      -0.222846       0.358949       7.224685       1.677932       0.875000       0.000000
      0.819095       0.428404       0.606972      -0.227036       0.340678      -0.833755      -3.635970       0.875000       0.000000
      0.824121       0.427263       0.608651      -0.227017       0.334244       0.003662      -1.280546       0.875000       0.000000
      0.829146       0.426274       0.610248      -0.196866       0.317761       6.000321      -3.280154       0.875000       0.000000
      0.834171       0.425340       0.611794      -0.185861       0.307663       2.190101      -2.009513       0.875000       0.000000
      0.839196       0.424355       0.613308      -0.196034       0.301238      -2.024595      -1.278695       0.875000       0.000000
      0.844221       0.423426       0.615007      -0.184799       0.338105       2.235791       7.336807       0.875000       0.000000
      0.849246       0.422133       0.616604      -0.257305       0.317918     -14.428979      -4.017255       0.875000       0.000000
      0.854271       0.421032       0.618180      -0.219262       0.313447       7.570780      -0.889853       0.875000       0.000000
      0.859296       0.420029       0.619710      -0.199503       0.304512       3.931991      -1.778170       0.875000       0.000000
      0.864322       0.419134       0.621308      -0.178199       0.318107       4.239760       2.705542       0.875000       0.000000
      0.869347       0.418043       0.623042      -0.216993       0.345059      -7.720165       5.363538       0.875000       0.000000
      0.874372       0.416930       0.624643      -0.221467       0.318660      -0.890480      -5.253460       0.875000       0.000000
      0.879397       0.415818       0.626110      -0.221287       0.291808       0.035881      -5.343734       0.875000       0.000000
      0.884422       0.414785       0.627647      -0.205728       0.305856       3.096354       2.795714       0.875000       0.000000
      0.889447       0.413749       0.629148      -0.206156       0.298779      -0.085222      -1.408334       0.875000       0.000000
      0.894472       0.412729       0.630776      -0.202832       0.323962       0.661509       5.011465       0.875000       0.000000
      0.899497       0.411659       0.632372      -0.212915       0.317673      -2.006553      -1.251498       0.875000       0.000000
      0.904523       0.410737       0.634142      -0.183676       0.352154       5.818753       6.861802       0.875000       0.000000
      0.909548       0.409937       0.635715      -0.159181       0.313171       4.874630      -7.757820       0.875000       0.000000
      0.914573       0.409085       0.637366      -0.169402       0.328479      -2.034107       3.046401       0.875000       0.000000
      0.919598       0.408033       0.638994      -0.209365       0.323887      -7.952770      -0.913885       0.875000       0.000000
      0.924623       0.406922       0.640684      -0.221092       0.336452      -2.333801       2.500485       0.875000       0.000000
      0.929648       0.405710       0.642323      -0.241207       0.326086      -4.002991      -2.062866       0.875000       0.000000
      0.934673       0.404466       0.644004      -0.247660       0.334488      -1.284159       1.672105       0.875000       0.000000
      0.939698       0.403207       0.645670      -0.250501       0.331701      -0.565455      -0.554654       0.875000       0.000000
      0.944724       0.402111       0.647382      -0.218057       0.340540       6.456485       1.759023       0.875000       0.000000
      0.949749       0.401056       0.649043      -0.210105       0.330680       1.582616      -1.962194       0.875000       0.000000
      0.954774       0.399862       0.650682      -0.237507       0.326014      -5.453197      -0.928568       0.875000       0.000000
      0.959799       0.398922       0.652242      -0.187058       0.310479      10.039529      -3.091590       0.875000       0.000000
      0.964824       0.397874       0.653908      -0.208583       0.331628      -4.283485       4.208852       0.875000       0.000000
      0.969849       0.396750       0.655514      -0.223640       0.319630      -2.996495      -2.387641       0.875000       0.000000
      0.974874       0.395669       0.657035      -0.215140       0.302648       1.691585      -3.379580       0.875000       0.000000
      0.979899       0.394651       0.658611      -0.202646       0.313604       2.486398       2.180386       0.875000       0.000000
      0.984925       0.393793       0.660018      -0.170719       0.279980       6.353571      -6.691318       0.875000       0.000000
      0.989950       0.393027       0.661254      -0.152343       0.245965       3.657069      -6.769321       0.875000       0.000000
      0.994975       0.392257       0.662111      -0.153375       0.170649      -0.205470     -14.988175       0.875000       0.000000
      1.000000       0.391444       0.662910      -0.161694       0.158929      -1.655542      -2.332297       0.875000       0.000000
      1.005025       0.390768       0.663790      -0.134520       0.175163       5.407880       3.230543       0.875000       0.000000
      1.010050       0.390159       0.664554      -0.121260       0.152048       2.638675      -4.599881       0.875000       0.000000
      1.015075       0.389610       0.665112      -0.109205       0.110988       2.399102      -8.171180       0.875000       0.000000
      1.020100       0.389130       0.665604      -0.095621       0.097867       2.703315      -2.611141       0.875000       0.000000
      1.025125       0.388795       0.666087      -0.066532       0.096196       5.788747      -0.332652       0.875000       0.000000
      1.030150       0.388536       0.666467      -0.051674       0.075653       2.956884      -4.088139       0.875000       0.000000
      1.035175       0.388387       0.666745      -0.029662       0.055285       4.380355      -4.053345       0.875000       0.000000
      1.040200       0.388175       0.667043      -0.042073       0.059298      -2.469838       0.798725       0.875000       0.000000
      1.045225       0.387923       0.667297      -0.050146       0.050567      -1.606507      -1.737575       0.875000       0.000000
      1.050250       0.387569       0.667405      -0.070545       0.021387      -4.059477      -5.806851       0.875000       0.000000
      1.055275       0.387310       0.667437      -0.051498       0.006403       3.790345      -2.981951       0.875000       0.000000
      1.060300       0.387280       0.667478      -0.005928       0.008286       9.068816       0.374797       0.875000       0.000000
      1.065325       0.387298       0.667443       0.003577      -0.007003       1.891392      -3.042640       0.875000       0.000000
      1.070350       0.387338       0.667374       0.007847      -0.013769       0.849754      -1.346558       0.875000       0.000000
      1.075375       0.387363       0.667300       0.005049      -0.014766      -0.556727      -0.198290       0.875000       0.000000
      1.080400       0.387410       0.667212       0.009413      -0.017416       0.868361      -0.527489       0.875000       0.000000
      1.085425       0.387575       0.667155       0.032792      -0.011332       4.652617       1.210770       0.875000       0.000000
      1.090450       0.387816       0.667243       0.047878       0.017487       3.002272       5.735183       0.875000       0.000000
      1.095475       0.388091       0.667357       0.054841       0.022727       1.385514       1.042847       0.875000       0.000000
      1.100500       0.388475       0.667396       0.076408       0.007647       4.291985      -3.001148       0.875000       0.000000
      1.105525       0.388824       0.667410       0.069447       0.002849      -1.385151      -0.954703       0.875000       0.000000
      1.110550       0.389104       0.667410       0.055793      -0.000003      -2.717244      -0.567629       0.875000       0.000000
      1.115575       0.389319       0.667379       0.042744      -0.006122      -2.596869      -1.217636       0.875000       0.000000
      1.120600       0.389442       0.667373       0.024454      -0.001295      -3.639867       0.960608       0.875000       0.000000
      1.125625       0.389441       0.667291      -0.000134      -0.016204      -4.893158      -2.967063       0.875000       0.000000
      1.130650       0.389374       0.667255      -0.013390      -0.007247      -2.637900       1.782570       0.875000       0.000000
      1.135675       0.389302       0.667230      -0.014328      -0.005033      -0.186740       0.440507       0.875000       0.000000
      1.140700       0.389084       0.667199      -0.043400      -0.006085      -5.785492      -0.209301       0.875000       0.000000
      1.145725       0.388887       0.667135      -0.039288      -0.012722       0.818453      -1.320791       0.875000       0.000000
      1.150750       0.388748       0.667062      -0.027683      -0.014650       2.309487      -0.383691       0.875000       0.000000
      1.155775       0.388661       0.667003      -0.017183      -0.011581       2.089471       0.610660       0.875000       0.000000
      1.160800       0.388577       0.666942      -0.016682      -0.012198       0.099603      -0.122779       0.875000       0.000000
      1.165825       0.388569       0.666926      -0.001574      -0.003132       3.006668       1.804232       0.875000       0.000000
      1.170850       0.388589       0.666936       0.003874       0.001929       1.084088       1.007180       0.875000       0.000000
      1.175875       0.388571       0.666983      -0.003619       0.009408      -1.490984       1.488260       0.875000       0.000000
      1.180900       0.388539       0.667047      -0.006284       0.012573      -0.530535       0.629938       0.875000       0.000000
      1.185925       0.388520       0.667131      -0.003904       0.016861       0.473786       0.853429       0.875000       0.000000
      1.190950       0.388567       0.667194       0.009528       0.012435       2.673037      -0.880823       0.875000       0.000000
      1.195975       0.388612       0.667192       0.008839      -0.000383      -0.137110      -2.550877       0.875000       0.000000
      1.201000       0.388625       0.667133       0.002525      -0.011681      -1.256561      -2.248479       0.875000       0.000000
      1.206025       0.388620       0.667071      -0.000824      -0.012296      -0.666410      -0.122351       0.875000       0.000000
      1.211050       0.388595       0.667024      -0.004955      -0.009513      -0.822101       0.553884       0.875000       0.000000
      1.216075       0.388562       0.666951      -0.006752      -0.014344      -0.357709      -0.961313       0.875000       0.000000
      1.221100       0.388516       0.666861      -0.009014      -0.017994      -0.450055      -0.726366       0.875000       0.000000
      1.226125       0.388463       0.666778      -0.010562      -0.016512      -0.308043       0.294932       0.875000       0.000000
      1.231150       0.388414       0.666716      -0.009880      -0.012398       0.135556       0.818562       0.875000       0.000000
      1.236175       0.388376       0.666627      -0.007507      -0.017575       0.472281      -1.030094       0.875000       0.000000
      1.241200       0.388332       0.666499      -0.008625      -0.025478      -0.222469      -1.572818       0.875000       0.000000
      1.246225       0.388336       0.666386       0.000748      -0.022552       1.865257       0.582186       0.875000       0.000000
      1.251250       0.388295       0.666296      -0.008249      -0.018038      -1.790357       0.898446       0.875000       0.000000
      1.256275       0.388274       0.666212      -0.004230      -0.016686       0.799845       0.269021       0.875000       0.000000
      1.261300       0.388254       0.666194      -0.003838      -0.003573       0.077957       2.609607       0.875000       0.000000
      1.266325       0.388288       0.666159       0.006798      -0.006906       2.116588      -0.663384       0.875000       0.000000
      1.271350       0.388379       0.666124       0.017986      -0.006973       2.226388      -0.013206       0.875000       0.000000
      1.276375       0.388465       0.666122       0.017242      -0.000305      -0.148088       1.326956       0.875000       0.000000
      1.281400       0.388552       0.666143       0.017148       0.004019      -0.018601       0.860492       0.875000       0.000000
      1.286425       0.388648       0.666234       0.019227       0.018161       0.413781       2.814338       0.875000       0.000000
      1.291450       0.388746       0.666330       0.019535       0.019133       0.061310       0.193423       0.875000       0.000000
      1.296475       0.388812       0.666441       0.013096       0.022001      -1.281524       0.570601       0.875000       0.000000
      1.301500       0.388816       0.666542       0.000667       0.020205      -2.473386      -0.357330       0.875000       0.000000
      1.306525       0.388805       0.666674      -0.002006       0.026282      -0.531987       1.209354       0.875000       0.000000
      1.311550       0.388797       0.666795      -0.001701       0.023951       0.060758      -0.463951       0.875000       0.000000
      1.316575       0.388804       0.666908       0.001416       0.022538       0.620316      -0.281105       0.875000       0.000000
      1.321600       0.388810       0.667004       0.001134       0.019188      -0.056217      -0.666793       0.875000       0.000000
      1.326625       0.388792       0.667057      -0.003547       0.010577      -0.931561      -1.713630       0.875000       0.000000
      1.331650       0.388750       0.667076      -0.008262       0.003688      -0.938154      -1.370779       0.875000       0.000000
      1.336675       0.388755       0.667077       0.000953       0.000256       1.833752      -0.683141       0.875000       0.000000
      1.341700       0.388747       0.667045      -0.001583      -0.006399      -0.504641      -1.324275       0.875000       0.000000
      1.346725       0.388787       0.667013       0.007915      -0.006452       1.890088      -0.010600       0.875000       0.000000
      1.351750       0.388856       0.666966       0.013816      -0.009344       1.174410      -0.575497       0.875000       0.000000
      1.356775       0.388955       0.666930       0.019527      -0.007136       1.136484       0.439348       0.875000       0.000000
      1.361800       0.389040       0.666913       0.016992      -0.003413      -0.504491       0.740888       0.875000       0.000000
      1.366825       0.389061       0.666933       0.004110       0.003966      -2.563646       1.468542       0.875000       0.000000
      1.371850       0.389042       0.666937      -0.003659       0.000826      -1.545960      -0.624825       0.875000       0.000000
      1.376875       0.389001       0.666930      -0.008115      -0.001399      -0.886815      -0.442928       0.875000       0.000000
      1.381900       0.388972       0.666903      -0.005893      -0.005344       0.442128      -0.785054       0.875000       0.000000
      1.386925       0.388937       0.666907      -0.006983       0.000861      -0.216754       1.234789       0.875000       0.000000
      1.391950       0.388913       0.666898      -0.004741      -0.001884       0.446143      -0.546225       0.875000       0.000000
      1.396975       0.388876       0.666880      -0.007404      -0.003608      -0.530080      -0.343016       0.875000       0.000000
      1.402000       0.388821       0.666831      -0.010918      -0.009628      -0.699140      -1.197960       0.875000       0.000000
      1.407025       0.388755       0.666787      -0.013164      -0.008891      -0.446968       0.146490       0.875000       0.000000
      1.412050       0.388716       0.666747      -0.007759      -0.007903       1.075440       0.196742       0.875000       0.000000
      1.417075       0.388703       0.666727      -0.002477      -0.003925       1.051233       0.791609       0.875000       0.000000
      1.422100       0.388685       0.666692      -0.003530      -0.006981      -0.209501      -0.608246       0.875000       0.000000
      1.427125       0.388664       0.666688      -0.004180      -0.000882      -0.129448       1.213724       0.875000       0.000000
      1.432150       0.388644       0.666679      -0.004075      -0.001795       0.020929      -0.181553       0.875000       0.000000
      1.437175       0.388641       0.666657      -0.000665      -0.004223       0.678522      -0.483266       0.875000       0.000000
      1.442200       0.388632       0.666615      -0.001642      -0.008495      -0.194372      -0.850122       0.875000       0.000000
      1.447225       0.388592       0.666575      -0.008093      -0.007863      -1.283767       0.125822       0.875000       0.000000
      1.452250       0.388550       0.666515      -0.008386      -0.012024      -0.058318      -0.828007       0.875000       0.000000
      1.457275       0.388511       0.666436      -0.007693      -0.015651       0.137850      -0.721868       0.875000       0.000000
      1.462300       0.388483       0.666369      -0.005614      -0.013321       0.413775       0.463625       0.875000       0.000000
      1.467325       0.388440       0.666319      -0.008479      -0.009988      -0.570109       0.663252       0.875000       0.000000
      1.472350       0.388403       0.666289      -0.007371      -0.005960       0.220535       0.801715       0.875000       0.000000
      1.477375       0.388404       0.666266       0.000169      -0.004664       1.500524       0.257915       0.875000       0.000000
      1.482400       0.388411       0.666228       0.001425      -0.007538       0.249921      -0.572029       0.875000       0.000000
      1.487425       0.388417       0.666183       0.001234      -0.008868      -0.038003      -0.264626       0.875000       0.000000
      1.492450       0.388415       0.666126      -0.000522      -0.011417      -0.349548      -0.507267       0.875000       0.000000
      1.497475       0.388409       0.666076      -0.001121      -0.009838      -0.119062       0.314213       0.875000       0.000000
      1.502500       0.388386       0.665998      -0.004508      -0.015534      -0.674108      -1.133553       0.875000       0.000000
