      0.000000       0.638535       0.358316       0.000000       0.000000       0.000000       0.000000       1.000000       0.750000
      0.005025       0.639186       0.361341       0.129669       0.602048      25.804718     119.810479       1.000000       0.750000
      0.010050       0.639780       0.362288       0.118231       0.188443      -2.276082     -82.309453       1.000000       0.750000
      0.015075       0.641213       0.363841       0.285103       0.308939      33.208284      23.979468       1.000000       0.750000
      0.020101       0.636599       0.365963      -0.918108       0.422353    -239.444880      22.569901       1.000000       0.750000
      0.025126       0.632901       0.367688      -0.735925       0.343198      36.255229     -15.752200       1.000000       0.750000
      0.030151       0.631834       0.369147      -0.212490       0.290541     104.166114     -10.479092       1.000000       0.750000
      0.035176       0.632081       0.368480       0.049153      -0.132749      52.068328     -84.236793       1.000000       0.750000
      0.040201       0.632856       0.369016       0.154208       0.106671      20.906498      47.645736       1.000000       0.750000
      0.045226       0.632566       0.371306      -0.057647       0.455563     -42.160237      69.431349       1.000000       0.750000
      0.050251       0.629652       0.372194      -0.579870       0.176874    -103.924947     -55.460576       1.000000       0.750000
      0.055276       0.625496       0.373820      -0.827080       0.323544     -49.196113      29.188020       1.000000       0.750000
      0.060302       0.623347       0.376004      -0.427718       0.434643      79.475000      22.109289       1.000000       0.750000
      0.065327       0.621085       0.377834      -0.450049       0.364021      -4.443872     -14.054102       1.000000       0.750000
      0.070352       0.620715       0.377814      -0.073593      -0.003949      74.916607     -73.227858       1.000000       0.750000
      0.075377       0.620196       0.377528      -0.103406      -0.056835      -5.932905     -10.524656       1.000000       0.750000
      0.080402       0.619666       0.379970      -0.105408       0.485861      -0.398416     107.999317       1.000000       0.750000
      0.085427       0.617820       0.382765      -0.367346       0.556306     -52.126984      14.018870       1.000000       0.750000
      0.090452       0.616335       0.384727      -0.295621       0.390533      14.273688     -32.989710       1.000000       0.750000
      0.095477       0.614055       0.384873      -0.453750       0.029049     -31.468497     -71.937096       1.000000       0.750000
      0.100503       0.612133       0.385155      -0.382342       0.056103      14.210529       5.383929       1.000000       0.750000
      0.105528       0.611276       0.386898      -0.170681       0.346894      42.121529      57.868773       1.000000       0.750000
      0.110553       0.610834       0.388332      -0.087967       0.285350      16.460553     -12.247623       1.000000       0.750000
      0.115578       0.608802       0.389795      -0.404373       0.291072     -62.966354       1.138824       1.000000       0.750000
      0.120603       0.608126       0.392143      -0.134390       0.467257      53.727919      35.061688       1.000000       0.750000
      0.125628       0.606073       0.394458      -0.408556       0.460627     -54.560468      -1.319471       1.000000       0.750000
      0.130653       0.605609       0.395241      -0.092312       0.155843      62.934119     -60.653490       1.000000       0.750000
      0.135678       0.604853       0.395470      -0.150566       0.045635     -11.592728     -21.931958       1.000000       0.750000
      0.140704       0.602607       0.397614      -0.446958       0.426696     -58.983457      75.833088       1.000000       0.750000
      0.145729       0.600506       0.399517      -0.418103       0.378590       5.742151      -9.573305       1.000000       0.750000
      0.150754       0.599578       0.401245      -0.184602       0.343910      46.467895      -6.901581       1.000000       0.750000
      0.155779       0.599047       0.403379      -0.105764       0.424745      15.689275      16.086686       1.000000       0.750000
      0.160804       0.597440       0.404989      -0.319711       0.320443     -42.576504     -20.756721       1.000000       0.750000
      0.165829       0.594891       0.404677      -0.507254      -0.062120     -37.321993     -76.131999       1.000000       0.750000
      0.170854       0.593416       0.405351      -0.293616       0.134044      42.515007      39.037637       1.000000       0.750000
      0.175879       0.592537       0.406992      -0.175010       0.326545      23.603077      38.308756       1.000000       0.750000
      0.180905       0.590903       0.409016      -0.325077       0.402914     -29.864085      15.197838       1.000000       0.750000
      0.185930       0.589874       0.410836      -0.204839       0.362199      23.928009      -8.102644       1.000000       0.750000
      0.190955       0.588238       0.412356      -0.325584       0.302341     -24.028818     -11.912046       1.000000       0.750000
      0.195980       0.586524       0.413024      -0.341056       0.133016      -3.078968     -33.696341       1.000000       0.750000
      0.201005       0.584368       0.414411      -0.428982       0.276029     -17.497774      28.460228       1.000000       0.750000
      0.206030       0.581704       0.415171      -0.530115       0.151275     -20.126036     -24.826678       1.000000       0.750000
      0.211055       0.580526       0.417024      -0.234498       0.368671      58.829385      43.262944       1.000000       0.750000
      0.216080       0.580009       0.418680      -0.102909       0.329539      26.186895      -7.787453       1.000000       0.750000
      0.221106       0.579087       0.420302      -0.183529       0.322847     -16.043883      -1.331824       1.000000       0.750000
      0.226131       0.578069       0.421925      -0.202527       0.323000      -3.780775       0.030500       1.000000       0.750000
      0.231156       0.576534       0.423475      -0.305378       0.308386     -20.467872      -2.908243       1.000000       0.750000
      0.236181       0.575576       0.424339      -0.190732       0.171989      22.815141     -27.143808       1.000000       0.750000
      0.241206       0.573939       0.425622      -0.325680       0.255406     -26.855304      16.600452       1.000000       0.750000
      0.246231       0.572436       0.427599      -0.299239       0.393352       5.261961      27.452017       1.000000       0.750000
      0.251256       0.570166       0.429821      -0.451771       0.442260     -30.354552       9.732951       1.000000       0.750000
      0.256281       0.568419       0.431265      -0.347510       0.287220      20.748457     -30.853792       1.000000       0.750000
      0.261307       0.566854       0.432717      -0.311425       0.289019       7.181068       0.358010       1.000000       0.750000
      0.266332       0.564990       0.433123      -0.370988       0.080806     -11.853442     -41.435352       1.000000       0.750000
      0.271357       0.563687       0.434066      -0.259299       0.187725      22.226688      21.277279       1.000000       0.750000
      0.276382       0.562786       0.435411      -0.179388       0.267603      15.902801      15.896161       1.000000       0.750000
      0.281407       0.561923       0.436966      -0.171620       0.309546       1.545795       8.346856       1.000000       0.750000
      0.286432       0.560049       0.438924      -0.373111       0.389660     -40.097631      15.943031       1.000000       0.750000
      0.291457       0.559446       0.441150      -0.119992       0.442877      50.371823      10.590554       1.000000       0.750000
      0.296482       0.558878       0.443064      -0.113017       0.380950       1.388069     -12.323884       1.000000       0.750000
      0.301508       0.557928       0.444356      -0.188961       0.257056     -15.113225     -24.655427       1.000000       0.750000
      0.306533       0.556445       0.444786      -0.295133       0.085638     -21.128806     -34.113108       1.000000       0.750000
      0.311558       0.554486       0.445460      -0.389830       0.134146     -18.845073       9.653398       1.000000       0.750000
      0.316583       0.551895       0.446126      -0.515740       0.132496     -25.056753      -0.328351       1.000000       0.750000
      0.321608       0.549441       0.447509      -0.488392       0.275144       5.442429      28.387596       1.000000       0.750000
      0.326633       0.548086       0.448673      -0.269626       0.231646      43.535477      -8.656248       1.000000       0.750000
      0.331658       0.546965       0.449898      -0.222941       0.243908       9.290507       2.440094       1.000000       0.750000
      0.336683       0.545283       0.451137      -0.334842       0.246483     -22.268728       0.512522       1.000000       0.750000
      0.341709       0.543205       0.452512      -0.413465       0.273643     -15.646536       5.404906       1.000000       0.750000
      0.346734       0.541095       0.454684      -0.419876       0.432240      -1.275816      31.561630       1.000000       0.750000
      0.351759       0.540043       0.457133      -0.209459       0.487438      41.874057      10.984674       1.000000       0.750000
      0.356784       0.539560       0.458794      -0.095970       0.330430      22.584895     -31.245390       1.000000       0.750000
      0.361809       0.538824       0.460610      -0.146646       0.361360     -10.084681       6.155345       1.000000       0.750000
      0.366834       0.537894       0.462290      -0.185066       0.334480      -7.645774      -5.349356       1.000000       0.750000
      0.371859       0.536012       0.463585      -0.374399       0.257635     -37.678289     -15.292622       1.000000       0.750000
      0.376884       0.533162       0.465069      -0.567209       0.295345     -38.370173       7.504593       1.000000       0.750000
      0.381910       0.529998       0.465698      -0.629682       0.125076     -12.432329     -33.884368       1.000000       0.750000
      0.386935       0.525761       0.466023      -0.843206       0.064844     -42.492341     -11.986433       1.000000       0.750000
      0.391960       0.520985       0.465839      -0.950482      -0.036677     -21.348554     -20.203250       1.000000       0.750000
      0.396985       0.516126       0.465410      -0.966912      -0.085414      -3.269670      -9.698959       1.000000       0.750000
      0.402010       0.511603       0.465051      -0.900080      -0.071472      13.299981       2.774657       1.000000       0.750000
      0.407035       0.506727       0.464518      -0.970351      -0.106080     -13.984223      -6.887264       1.000000       0.750000
      0.412060       0.501208       0.463425      -1.098289      -0.217382     -25.460337     -22.149552       1.000000       0.750000
      0.417085       0.495676       0.462265      -1.100882      -0.231007      -0.516007      -2.711425       1.000000       0.750000
      0.422111       0.488756       0.460390      -1.377059      -0.373090     -54.960599     -28.275225       1.000000       0.750000
      0.427136       0.482277       0.458011      -1.289471      -0.473334      17.430329     -19.949138       1.000000       0.750000
      0.432161       0.475417       0.454804      -1.365118      -0.638302     -15.054156     -32.829530       1.000000       0.750000
      0.437186       0.468511       0.450958      -1.374300      -0.765252      -1.827261     -25.263613       1.000000       0.750000
      0.442211       0.460455       0.447349      -1.603285      -0.718332     -45.569159       9.337304       1.000000       0.750000
      0.447236       0.452490       0.443109      -1.585002      -0.843699       3.638445     -24.948709       1.000000       0.750000
      0.452261       0.445093       0.438831      -1.472113      -0.851467      22.465597      -1.545836       1.000000       0.750000
      0.457286       0.438119       0.434831      -1.387897      -0.795859      16.759395      11.066395       1.000000       0.750000
      0.462312       0.431139       0.431111      -1.389007      -0.740330      -0.221010      11.050404       1.000000       0.750000
      0.467337       0.425658       0.427837      -1.090720      -0.651530      59.360563      17.671652       1.000000       0.750000
      0.472362       0.422889       0.424654      -0.550927      -0.633514     107.421663       3.585390       1.000000       0.750000
      0.477387       0.420326       0.421193      -0.510168      -0.688788       8.111079     -10.999818       1.000000       0.750000
      0.482412       0.418712       0.417500      -0.321152      -0.734937      37.615220      -9.184020       1.000000       0.750000
      0.487437       0.419368       0.414943       0.130613      -0.508820      89.903468      44.998507       1.000000       0.750000
      0.492462       0.421338       0.413845       0.392015      -0.218518      52.020337      57.771435       1.000000       0.750000
      0.497487       0.423726       0.414027       0.475096       0.036282      16.533492      50.706573       1.000000       0.750000
      0.502513       0.426067       0.415476       0.466034       0.288376      -1.803446      50.167994       1.000000       0.750000
      0.507538       0.429290       0.418110       0.641249       0.524154      34.868626      46.920878       1.000000       0.750000
      0.512563       0.433053       0.422225       0.748860       0.818885      21.415183      58.653038       1.000000       0.750000
      0.517588       0.436783       0.426540       0.742352       0.858755      -1.295095       7.934235       1.000000       0.750000
      0.522613       0.440386       0.431955       0.717069       1.077501      -5.031469      43.531506       1.000000       0.750000
      0.527638       0.444045       0.438081       0.728054       1.219071       2.186109      28.173292       1.000000       0.750000
      0.532663       0.447564       0.443858       0.700297       1.149667      -5.523824     -13.811784       1.000000       0.750000
      0.537688       0.451380       0.450156       0.759504       1.253367      11.782533      20.636693       1.000000       0.750000
      0.542714       0.455051       0.456917       0.730568       1.345533      -5.758382      18.341614       1.000000       0.750000
      0.547739       0.458410       0.463515       0.668327       1.313021     -12.386235      -6.470137       1.000000       0.750000
      0.552764       0.461253       0.470711       0.565756       1.432004     -20.412110      23.678180       1.000000       0.750000
      0.557789       0.463576       0.477339       0.462382       1.319084     -20.572001     -22.471567       1.000000       0.750000
      0.562814       0.465976       0.483978       0.477663       1.321116       3.040994       0.404308       1.000000       0.750000
      0.567839       0.468208       0.490239       0.443996       1.245989      -6.699860     -14.950595       1.000000       0.750000
      0.572864       0.469805       0.496129       0.317930       1.172089     -25.087800     -14.706505       1.000000       0.750000
      0.577889       0.470778       0.501907       0.193704       1.149821     -24.721637      -4.431388       1.000000       0.750000
      0.582915       0.471193       0.507296       0.082464       1.072567     -22.137359     -15.374005       1.000000       0.750000
      0.587940       0.471088       0.511830      -0.020957       0.902156     -20.581195     -33.912590       1.000000       0.750000
      0.592965       0.470476       0.515765      -0.121674       0.783244     -20.043260     -23.664013       1.000000       0.750000
      0.597990       0.469810       0.519183      -0.132471       0.680160      -2.148642     -20.514179       1.000000       0.750000
      0.603015       0.469189       0.522557      -0.123760       0.671323       1.733493      -1.758697       1.000000       0.750000
      0.608040       0.468152       0.525819      -0.206286       0.649220     -16.423050      -4.398623       1.000000       0.750000
      0.613065       0.467106       0.528524      -0.208059       0.538347      -0.352865     -22.064146       1.000000       0.750000
      0.618090       0.466069       0.531224      -0.206555       0.537204       0.299430      -0.227625       1.000000       0.750000
      0.623116       0.465249       0.533436      -0.163046       0.440264       8.658385     -19.291540       1.000000       0.750000
      0.628141       0.464596       0.534974      -0.130006       0.306188       6.575166     -26.681748       1.000000       0.750000
      0.633166       0.463829       0.536029      -0.152578       0.209768      -4.491848     -19.187984       1.000000       0.750000
      0.638191       0.462909       0.537055      -0.183224       0.204248      -6.098747      -1.098558       1.000000       0.750000
      0.643216       0.461510       0.538126      -0.278317       0.213178     -18.923945       1.777038       1.000000       0.750000
      0.648241       0.460250       0.539595      -0.250833       0.292391       5.469356      15.763949       1.000000       0.750000
      0.653266       0.458912       0.541229      -0.266129       0.325029      -3.044013       6.494977       1.000000       0.750000
      0.658291       0.457580       0.542953      -0.265072       0.343209       0.210475       3.617959       1.000000       0.750000
      0.663317       0.455966       0.544819      -0.321348       0.371346     -11.199347       5.599361       1.000000       0.750000
      0.668342       0.454069       0.546520      -0.377367       0.338391     -11.148028      -6.558136       1.000000       0.750000
      0.673367       0.452442       0.548258      -0.323810       0.345974      10.658093       1.509056       1.000000       0.750000
      0.678392       0.450893       0.549567      -0.308352       0.260536       3.076274     -17.002688       1.000000       0.750000
      0.683417       0.449234       0.550801      -0.329989       0.245474      -4.305844      -2.997340       1.000000       0.750000
      0.688442       0.447476       0.552197      -0.349851       0.277808      -3.952671       6.434581       1.000000       0.750000
      0.693467       0.445602       0.553621      -0.372993       0.283419      -4.605384       1.116647       1.000000       0.750000
      0.698492       0.443766       0.554884      -0.365487       0.251245       1.493763      -6.402735       1.000000       0.750000
      0.703518       0.441897       0.556416      -0.371956       0.304977      -1.287424      10.692989       1.000000       0.750000
      0.708543       0.439938       0.557862      -0.389785       0.287769      -3.547988      -3.424573       1.000000       0.750000
      0.713568       0.438636       0.559324      -0.259049       0.290845      26.017092       0.612200       1.000000       0.750000
      0.718593       0.437911       0.560777      -0.144294       0.289301      22.836756      -0.307356       1.000000       0.750000
      0.723618       0.437288       0.562232      -0.124042       0.289471       4.030249       0.033939       1.000000       0.750000
      0.728643       0.436303       0.563698      -0.196037       0.291701     -14.327391       0.443627       1.000000       0.750000
      0.733668       0.435322       0.565062      -0.195208       0.271436       0.164991      -4.032687       1.000000       0.750000
      0.738693       0.434304       0.566553      -0.202442       0.296727      -1.439574       5.033036       1.000000       0.750000
      0.743719       0.433158       0.568071      -0.228057       0.302132      -5.097462       1.075527       1.000000       0.750000
      0.748744       0.431802       0.569705      -0.269936       0.325206      -8.334243       4.591811       1.000000       0.750000
      0.753769       0.430278       0.571164      -0.303216       0.290420      -6.622845      -6.922548       1.000000       0.750000
      0.758794       0.428557       0.572641      -0.342526       0.293796      -7.822839       0.671880       1.000000       0.750000
      0.763819       0.426770       0.574158      -0.355744       0.301952      -2.630433       1.622986       1.000000       0.750000
      0.768844       0.425010       0.575782      -0.350137       0.323154       1.115854       4.219382       1.000000       0.750000
      0.773869       0.423583       0.577375      -0.284008       0.317081      13.160005      -1.208643       1.000000       0.750000
      0.778894       0.422180       0.579022      -0.279171       0.327785       0.962585       2.130252       1.000000       0.750000
      0.783920       0.420841       0.580556      -0.266456       0.305092       2.530368      -4.516092       1.000000       0.750000
      0.788945       0.419112       0.582244      -0.344156       0.335947     -15.462676       6.140273       1.000000       0.750000
      0.793970       0.417145       0.583543      -0.391311       0.258653      -9.384081     -15.381761       1.000000       0.750000
      0.798995       0.415490       0.584682      -0.329432       0.226674      12.314124      -6.364099       1.000000       0.750000
      0.804020       0.414027       0.585805      -0.291259       0.223303       7.596715      -0.670682       1.000000       0.750000
      0.809045       0.412697       0.587136      -0.264654       0.265020       5.294420       8.301882       1.000000       0.750000
      0.814070       0.411314       0.588552      -0.275162       0.281743      -2.091021       3.327826       1.000000       0.750000
      0.819095       0.409926       0.590026      -0.276136       0.293365      -0.193876       2.312817       1.000000       0.750000
      0.824121       0.408608       0.591347      -0.262357       0.262908       2.742050      -6.061046       1.000000       0.750000
      0.829146       0.407362       0.592734      -0.248050       0.276063       2.847111       2.617915       1.000000       0.750000
      0.834171       0.406166       0.594104      -0.238012       0.272533       1.997667      -0.702476       1.000000       0.750000
      0.839196       0.404746       0.595336      -0.282450       0.245167      -8.843392      -5.445933       1.000000       0.750000
      0.844221       0.403188       0.596497      -0.310022       0.231105      -5.487035      -2.798462       1.000000       0.750000
      0.849246       0.401680       0.597614      -0.300119       0.222231       1.970779      -1.765957       1.000000       0.750000
      0.854271       0.400377       0.598754      -0.259321       0.226972       8.119134       0.943467       1.000000       0.750000
      0.859296       0.399081       0.600049      -0.257911       0.257573       0.280543       6.089854       1.000000       0.750000
      0.864322       0.397805       0.601314      -0.253986       0.251811       0.781115      -1.146803       1.000000       0.750000
      0.869347       0.396486       0.602623      -0.262542       0.260570      -1.702806       1.743066       1.000000       0.750000
      0.874372       0.394982       0.604114      -0.299267       0.296550      -7.308414       7.160331       1.000000       0.750000
      0.879397       0.393543       0.605702      -0.286397       0.316062       2.561308       3.882980       1.000000       0.750000
      0.884422       0.392018       0.607292      -0.303346       0.316455      -3.372924       0.078168       1.000000       0.750000
      0.889447       0.390299       0.608863      -0.342256       0.312675      -7.743354      -0.752279       1.000000       0.750000
      0.894472       0.388768       0.610399      -0.304554       0.305637       7.502875      -1.400504       1.000000       0.750000
      0.899497       0.387372       0.611848      -0.277918       0.288257       5.300641      -3.458760       1.000000       0.750000
      0.904523       0.385967       0.613440      -0.279456       0.316856      -0.305931       5.691316       1.000000       0.750000
      0.909548       0.384416       0.615009      -0.308653       0.312330      -5.810492      -0.900761       1.000000       0.750000
      0.914573       0.382727       0.616685      -0.336232       0.333408      -5.488358       4.194634       1.000000       0.750000
      0.919598       0.381086       0.618320      -0.326625       0.325447       1.911838      -1.584119       1.000000       0.750000
      0.924623       0.379513       0.619916      -0.312908       0.317683       2.729719      -1.545148       1.000000       0.750000
      0.929648       0.377707       0.621443      -0.359373       0.303728      -9.246614      -2.777038       1.000000       0.750000
      0.934673       0.375810       0.622796      -0.377580       0.269271      -3.623455      -6.857207       1.000000       0.750000
      0.939698       0.374096       0.624188      -0.341023       0.277009       7.275060       1.539850       1.000000       0.750000
      0.944724       0.372676       0.625747      -0.282679       0.310326      11.610741       6.630228       1.000000       0.750000
      0.949749       0.371405       0.627397      -0.252875       0.328359       5.931248       3.588825       1.000000       0.750000
      0.954774       0.370234       0.629022      -0.233090       0.323392       3.937260      -0.988590       1.000000       0.750000
      0.959799       0.369062       0.630670      -0.233259       0.327935      -0.033516       0.904187       1.000000       0.750000
      0.964824       0.367940       0.632212      -0.223268       0.306850       1.988092      -4.196046       1.000000       0.750000
      0.969849       0.366919       0.633574      -0.203069       0.271044       4.019705      -7.125570       1.000000       0.750000
      0.974874       0.365937       0.634861      -0.195599       0.256177       1.486541      -2.958639       1.000000       0.750000
      0.979899       0.364984       0.636133      -0.189578       0.253115       1.198400      -0.609318       1.000000       0.750000
      0.984925       0.364040       0.637237      -0.187902       0.219639       0.333353      -6.661984       1.000000       0.750000
      0.989950       0.363220       0.638271      -0.163137       0.205806       4.928356      -2.752862       1.000000       0.750000
      0.994975       0.362533       0.639287      -0.136758       0.202111       5.249553      -0.735263       1.000000       0.750000
      1.000000       0.361953       0.640236      -0.115406       0.188865       4.249201      -2.635969       1.000000       0.750000
      1.005025       0.361374       0.641077      -0.115280       0.167485       0.025085      -4.254857       1.000000       0.750000
      1.010050       0.360880       0.641855      -0.098155       0.154779       3.407978      -2.528513       1.000000       0.750000
      1.015075       0.360569       0.642418      -0.062019       0.112007       7.191304      -8.511775       1.000000       0.750000
      1.020100       0.360272       0.642903      -0.059092       0.096484       0.582448      -3.089142       1.000000       0.750000
      1.025125       0.359986       0.643192      -0.056873       0.057600       0.441518      -7.738109       1.000000       0.750000
      1.030150       0.359819       0.643271      -0.033178       0.015705       4.715454      -8.337318       1.000000       0.750000
      1.035175       0.359641       0.643311      -0.035456       0.007927      -0.453215      -1.547894       1.000000       0.750000
      1.040200       0.359452       0.643238      -0.037644      -0.014483      -0.435430      -4.459658       1.000000       0.750000
      1.045225       0.359384       0.643015      -0.013603      -0.044395       4.784132      -5.952639       1.000000       0.750000
      1.050250       0.359398       0.642699       0.002922      -0.062929       3.288706      -3.688405       1.000000       0.750000
      1.055275       0.359455       0.642358       0.011283      -0.067847       1.663857      -0.978744       1.000000       0.750000
      1.060300       0.359466       0.642037       0.002156      -0.063916      -1.816449       0.782400       1.000000       0.750000
      1.065325       0.359415       0.641785      -0.010101      -0.050103      -2.439070       2.748804       1.000000       0.750000
      1.070350       0.359408       0.641562      -0.001452      -0.044355       1.721143       1.143933       1.000000       0.750000
      1.075375       0.359437       0.641443       0.005913      -0.023685       1.465657       4.113332       1.000000       0.750000
      1.080400       0.359544       0.641360       0.021153      -0.016471       3.032916       1.435676       1.000000       0.750000
      1.085425       0.359647       0.641181       0.020521      -0.035587      -0.125763      -3.804171       1.000000       0.750000
      1.090450       0.359716       0.640961       0.013736      -0.043781      -1.350348      -1.630711       1.000000       0.750000
      1.095475       0.359658       0.640730      -0.011484      -0.045982      -5.018829      -0.437999       1.000000       0.750000
      1.100500       0.359522       0.640506      -0.027167      -0.044633      -3.121132       0.268417       1.000000       0.750000
      1.105525       0.359337       0.640393      -0.036675      -0.022468      -1.892132       4.410924       1.000000       0.750000
      1.110550       0.359120       0.640351      -0.043201      -0.008355      -1.298646       2.808663       1.000000       0.750000
      1.115575       0.358935       0.640285      -0.036888      -0.013098       1.256367      -0.943884       1.000000       0.750000
      1.120600       0.358807       0.640206      -0.025536      -0.015847       2.259125      -0.547042       1.000000       0.750000
      1.125625       0.358687       0.640194      -0.023846      -0.002350       0.336351       2.685913       1.000000       0.750000
      1.130650       0.358520       0.640166      -0.033266      -0.005609      -1.874685      -0.648598       1.000000       0.750000
      1.135675       0.358314       0.640142      -0.040952      -0.004790      -1.529686       0.163039       1.000000       0.750000
      1.140700       0.358055       0.640223      -0.051463       0.016162      -2.091742       4.169538       1.000000       0.750000
      1.145725       0.357745       0.640364      -0.061795       0.028174      -2.056007       2.390451       1.000000       0.750000
      1.150750       0.357481       0.640490      -0.052450       0.025024       1.859690      -0.626888       1.000000       0.750000
      1.155775       0.357302       0.640671      -0.035593       0.036018       3.354545       2.187874       1.000000       0.750000
      1.160800       0.357216       0.640860      -0.017135       0.037496       3.673269       0.294102       1.000000       0.750000
      1.165825       0.357155       0.641008      -0.012074       0.029550       1.007254      -1.581323       1.000000       0.750000
      1.170850       0.357117       0.641141      -0.007610       0.026521       0.888293      -0.602652       1.000000       0.750000
      1.175875       0.357083       0.641264      -0.006753       0.024323       0.170564      -0.437437       1.000000       0.750000
      1.180900       0.357081       0.641373      -0.000438       0.021705       1.256789      -0.521034       1.000000       0.750000
      1.185925       0.357142       0.641431       0.012118       0.011694       2.498544      -1.992171       1.000000       0.750000
      1.190950       0.357217       0.641515       0.014931       0.016680       0.559810       0.992097       1.000000       0.750000
      1.195975       0.357283       0.641634       0.013068       0.023616      -0.370592       1.380318       1.000000       0.750000
      1.201000       0.357359       0.641740       0.015199       0.021071       0.424026      -0.506439       1.000000       0.750000
      1.206025       0.357460       0.641806       0.020130       0.013229       0.981329      -1.560639       1.000000       0.750000
      1.211050       0.357520       0.641873       0.011888       0.013221      -1.640264      -0.001445       1.000000       0.750000
      1.216075       0.357587       0.641940       0.013399       0.013443       0.300774       0.044169       1.000000       0.750000
      1.221100       0.357643       0.642037       0.011150       0.019362      -0.447712       1.177818       1.000000       0.750000
      1.226125       0.357654       0.642128       0.002174       0.017984      -1.786273      -0.274220       1.000000       0.750000
      1.231150       0.357641       0.642252      -0.002578       0.024779      -0.945515       1.352243       1.000000       0.750000
      1.236175       0.357618       0.642352      -0.004623       0.019925      -0.407102      -0.965999       1.000000       0.750000
      1.241200       0.357593       0.642454      -0.004972       0.020240      -0.069311       0.062676       1.000000       0.750000
      1.246225       0.357599       0.642514       0.001252       0.011996       1.238583      -1.640602       1.000000       0.750000
      1.251250       0.357672       0.642482       0.014486      -0.006520       2.633521      -3.684756       1.000000       0.750000
      1.256275       0.357756       0.642398       0.016734      -0.016707       0.447434      -2.027142       1.000000       0.750000
      1.261300       0.357855       0.642315       0.019676      -0.016469       0.585530       0.047233       1.000000       0.750000
      1.266325       0.357969       0.642271       0.022634      -0.008847       0.588595       1.516916       1.000000       0.750000
      1.271350       0.358019       0.642318       0.009901       0.009361      -2.533957       3.623494       1.000000       0.750000
      1.276375       0.358069       0.642345       0.010105       0.005485       0.040708      -0.771396       1.000000       0.750000
      1.281400       0.358145       0.642354       0.015139       0.001676       1.001605      -0.758066       1.000000       0.750000
      1.286425       0.358218       0.642357       0.014467       0.000606      -0.133574      -0.212811       1.000000       0.750000
      1.291450       0.358253       0.642294       0.006857      -0.012531      -1.514491      -2.614451       1.000000       0.750000
      1.296475       0.358282       0.642218       0.005777      -0.014968      -0.214910      -0.484954       1.000000       0.750000
      1.301500       0.358345       0.642114       0.012628      -0.020705       1.363405      -1.141623       1.000000       0.750000
      1.306525       0.358355       0.642000       0.002067      -0.022751      -2.101666      -0.407221       1.000000       0.750000
      1.311550       0.358373       0.641928       0.003500      -0.014295       0.285128       1.682897       1.000000       0.750000
      1.316575       0.358399       0.641914       0.005086      -0.002855       0.315514       2.276500       1.000000       0.750000
      1.321600       0.358430       0.641911       0.006309      -0.000627       0.243521       0.443390       1.000000       0.750000
      1.326625       0.358478       0.641927       0.009485       0.003228       0.632026       0.767246       1.000000       0.750000
      1.331650       0.358524       0.641984       0.009134       0.011319      -0.069895       1.609995       1.000000       0.750000
      1.336675       0.358514       0.642040      -0.001925       0.011223      -2.200823      -0.019031       1.000000       0.750000
      1.341700       0.358498       0.642090      -0.003317       0.009905      -0.276890      -0.262311       1.000000       0.750000
      1.346725       0.358480       0.642127      -0.003533       0.007414      -0.043142      -0.495692       1.000000       0.750000
      1.351750       0.358415       0.642114      -0.012822      -0.002582      -1.848469      -1.989239       1.000000       0.750000
      1.356775       0.358340       0.642064      -0.015085      -0.010055      -0.450326      -1.487116       1.000000       0.750000
      1.361800       0.358302       0.641997      -0.007548      -0.013293       1.499945      -0.644485       1.000000       0.750000
      1.366825       0.358295       0.641915      -0.001278      -0.016343       1.247774      -0.606891       1.000000       0.750000
      1.371850       0.358305       0.641818       0.001985      -0.019177       0.649283      -0.564007       1.000000       0.750000
      1.376875       0.358371       0.641698       0.013019      -0.023973       2.195705      -0.954418       1.000000       0.750000
      1.381900       0.358390       0.641594       0.003793      -0.020599      -1.836025       0.671439       1.000000       0.750000
      1.386925       0.358340       0.641499      -0.009800      -0.018911      -2.705071       0.335839       1.000000       0.750000
      1.391950       0.358296       0.641390      -0.008800      -0.021736       0.199094      -0.562146       1.000000       0.750000
      1.396975       0.358260       0.641262      -0.007158      -0.025597       0.326782      -0.768312       1.000000       0.750000
      1.402000       0.358221       0.641140      -0.007741      -0.024257      -0.115942       0.266717       1.000000       0.750000
      1.407025       0.358175       0.641017      -0.009303      -0.024426      -0.310923      -0.033680       1.000000       0.750000
      1.412050       0.358109       0.640875      -0.012996      -0.028167      -0.734850      -0.744554       1.000000       0.750000
      1.417075       0.358054       0.640732      -0.011093      -0.028515       0.378572      -0.069105       1.000000       0.750000
      1.422100       0.358001       0.640601      -0.010365      -0.026151       0.144912       0.470303       1.000000       0.750000
      1.427125       0.357929       0.640509      -0.014440      -0.018181      -0.811010       1.586211       1.000000       0.750000
      1.432150       0.357847       0.640422      -0.016235      -0.017423      -0.357146       0.150687       1.000000       0.750000
      1.437175       0.357756       0.640335      -0.018246      -0.017229      -0.400219       0.038660       1.000000       0.750000
      1.442200       0.357695       0.640253      -0.012008      -0.016454       1.241461       0.154278       1.000000       0.750000
      1.447225       0.357662       0.640145      -0.006693      -0.021307       1.057634      -0.965820       1.000000       0.750000
      1.452250       0.357662       0.640019      -0.000026      -0.025184       1.326807      -0.771477       1.000000       0.750000
      1.457275       0.357688       0.639901       0.005175      -0.023543       1.034983       0.326531       1.000000       0.750000
      1.462300       0.357711       0.639796       0.004689      -0.020728      -0.096773       0.560157       1.000000       0.750000
      1.467325       0.357752       0.639705       0.008136      -0.018115       0.686094       0.520090       1.000000       0.750000
      1.472350       0.357828       0.639588       0.015078      -0.023406       1.381559      -1.053054       1.000000       0.750000
      1.477375       0.357909       0.639461       0.016186      -0.025330       0.220304      -0.382802       1.000000       0.750000
      1.482400       0.357997       0.639342       0.017546      -0.023661       0.270684       0.332084       1.000000       0.750000
      1.487425       0.358065       0.639251       0.013413      -0.018052      -0.822377       1.116198       1.000000       0.750000
      1.492450       0.358086       0.639176       0.004258      -0.014853      -1.822003       0.636705       1.000000       0.750000
      1.497475       0.358097       0.639104       0.002208      -0.014428      -0.407828       0.084555       1.000000       0.750000
      1.502500       0.358100       0.639007       0.000593      -0.019212      -0.321398      -0.952041       1.000000       0.750000
