      0.000000       0.640483       0.358019       0.000000       0.000000       0.000000       0.000000       1.000000       0.000000
      0.005025       0.638921       0.359397      -0.310867       0.274249     -61.864005      54.576959       1.000000       0.000000
      0.010050       0.638688       0.361893      -0.046251       0.496701      52.659796      44.268997       1.000000       0.000000
      0.015075       0.638429       0.362934      -0.051715       0.207059      -1.087424     -57.640210       1.000000       0.000000
      0.020101       0.636010       0.364221      -0.481263       0.256173     -85.482189       9.773873       1.000000       0.000000
      0.025126       0.634181       0.366151      -0.364094       0.384061      23.317267      25.450377       1.000000       0.000000
      0.030151       0.633048       0.367634      -0.225325       0.295077      27.615798     -17.708238       1.000000       0.000000
      0.035176       0.631163       0.367933      -0.375304       0.059662     -29.846628     -46.848790       1.000000       0.000000
      0.040201       0.630474       0.369775      -0.136957       0.366457      47.432271      61.053783       1.000000       0.000000
      0.045226       0.627795       0.373614      -0.533248       0.763975     -78.863854      79.108081       1.000000       0.000000
      0.050251       0.626268       0.372796      -0.303900      -0.162810      45.641336    -184.434768       1.000000       0.000000
      0.055276       0.625009       0.372276      -0.250564      -0.103410      10.614234      11.820849       1.000000       0.000000
      0.060302       0.624706       0.373960      -0.060194       0.335053      37.884434      87.256365       1.000000       0.000000
      0.065327       0.624966       0.376456       0.051798       0.496768      22.287089      32.182078       1.000000       0.000000
      0.070352       0.623101       0.377948      -0.371189       0.296955     -84.176650     -39.763834       1.000000       0.000000
      0.075377       0.619120       0.380508      -0.792299       0.509498     -83.803004      42.297022       1.000000       0.000000
      0.080402       0.618065       0.381318      -0.209990       0.161038     115.882563     -69.345081       1.000000       0.000000
      0.085427       0.617941       0.383243      -0.024634       0.383103      36.886679      44.191970       1.000000       0.000000
      0.090452       0.617880       0.384259      -0.012074       0.202212       2.499404     -35.998178       1.000000       0.000000
      0.095477       0.615541       0.384950      -0.465601       0.137477     -90.254041     -12.882612       1.000000       0.000000
      0.100503       0.614236       0.386536      -0.259578       0.315601      40.999671      35.447508       1.000000       0.000000
      0.105528       0.611355       0.387892      -0.573279       0.270018     -62.428183      -9.071228       1.000000       0.000000
      0.110553       0.607417       0.389721      -0.783848       0.363928     -41.904278      18.688614       1.000000       0.000000
      0.115578       0.607848       0.393646       0.085852       0.780988     173.074604      82.996870       1.000000       0.000000
      0.120603       0.608137       0.396247       0.057534       0.517667      -5.635375     -52.402144       1.000000       0.000000
      0.125628       0.607706       0.395734      -0.085854      -0.102146     -28.534940    -123.345735       1.000000       0.000000
      0.130653       0.605225       0.396461      -0.493666       0.144766     -81.156491      49.136632       1.000000       0.000000
      0.135678       0.603347       0.395900      -0.373694      -0.111727      23.874916     -51.043372       1.000000       0.000000
      0.140704       0.602169       0.396652      -0.234568       0.149698      27.686742      52.024841       1.000000       0.000000
      0.145729       0.600460       0.397697      -0.339915       0.207892     -20.964605      11.580828       1.000000       0.000000
      0.150754       0.598844       0.399889      -0.321722       0.436233       3.620638      45.441097       1.000000       0.000000
      0.155779       0.595723       0.402048      -0.621001       0.429630     -59.558064      -1.314064       1.000000       0.000000
      0.160804       0.593824       0.402843      -0.377895       0.158369      48.379312     -53.982191       1.000000       0.000000
      0.165829       0.595073       0.403571       0.248435       0.144810     124.642819      -2.698386       1.000000       0.000000
      0.170854       0.596492       0.404733       0.282352       0.231290       6.749550      17.209987       1.000000       0.000000
      0.175879       0.595900       0.406477      -0.117811       0.346952     -79.634444      23.017300       1.000000       0.000000
      0.180905       0.595108       0.409142      -0.157546       0.530439      -7.907478      36.514837       1.000000       0.000000
      0.185930       0.591904       0.410585      -0.637494       0.287174     -95.512029     -48.410935       1.000000       0.000000
      0.190955       0.588354       0.410785      -0.706648       0.039666     -13.761986     -49.255428       1.000000       0.000000
      0.195980       0.584512       0.412614      -0.764495       0.364101     -11.511766      64.564284       1.000000       0.000000
      0.201005       0.581958       0.415417      -0.508220       0.557781      50.999958      38.543301       1.000000       0.000000
      0.206030       0.580939       0.417850      -0.202733       0.484112      60.793446     -14.660564       1.000000       0.000000
      0.211055       0.579881       0.418128      -0.210653       0.055385      -1.576166     -85.318862       1.000000       0.000000
      0.216080       0.580341       0.418632       0.091656       0.100307      60.161047       8.939668       1.000000       0.000000
      0.221106       0.580336       0.420963      -0.001115       0.463818     -18.461949      72.340638       1.000000       0.000000
      0.226131       0.578076       0.422415      -0.449822       0.288988     -89.294833     -34.792137       1.000000       0.000000
      0.231156       0.574605       0.425157      -0.690696       0.545635     -47.935113      51.074054       1.000000       0.000000
      0.236181       0.572945       0.427399      -0.330340       0.446194      71.712562     -19.789283       1.000000       0.000000
      0.241206       0.572878       0.428150      -0.013337       0.149561      63.085188     -59.031430       1.000000       0.000000
      0.246231       0.572622       0.429063      -0.050939       0.181723      -7.483042       6.400344       1.000000       0.000000
      0.251256       0.572114       0.427993      -0.100993      -0.213081      -9.960838     -78.567806       1.000000       0.000000
      0.256281       0.570696       0.427986      -0.282248      -0.001346     -36.070669      42.136181       1.000000       0.000000
      0.261307       0.568535       0.429323      -0.430068       0.266093     -29.416981      53.221826       1.000000       0.000000
      0.266332       0.566867       0.431759      -0.331850       0.484826      19.545915      43.528991       1.000000       0.000000
      0.271357       0.565163       0.434569      -0.339086       0.559075      -1.440005      14.775917       1.000000       0.000000
      0.276382       0.563613       0.436517      -0.308503       0.387644       6.086107     -34.115744       1.000000       0.000000
      0.281407       0.561789       0.437377      -0.363026       0.171306     -10.850369     -43.052352       1.000000       0.000000
      0.286432       0.559337       0.438110      -0.488008       0.145858     -24.871977      -5.064195       1.000000       0.000000
      0.291457       0.557859       0.438788      -0.294003       0.134913      38.607886      -2.178145       1.000000       0.000000
      0.296482       0.557276       0.439944      -0.116049       0.229920      35.413769      18.906796       1.000000       0.000000
      0.301508       0.556383       0.441984      -0.177712       0.406042     -12.271196      35.049304       1.000000       0.000000
      0.306533       0.555115       0.443742      -0.252385       0.349837     -14.860288     -11.185232       1.000000       0.000000
      0.311558       0.553966       0.446415      -0.228757       0.531870       4.702137      36.225594       1.000000       0.000000
      0.316583       0.553112       0.448820      -0.169854       0.478721      11.722006     -10.576896       1.000000       0.000000
      0.321608       0.551501       0.450546      -0.320513       0.343385     -29.981960     -26.932623       1.000000       0.000000
      0.326633       0.550322       0.451142      -0.234806       0.118605      17.056072     -44.732406       1.000000       0.000000
      0.331658       0.548884       0.451497      -0.286165       0.070763     -10.220614      -9.520616       1.000000       0.000000
      0.336683       0.546849       0.452203      -0.404836       0.140434     -23.616156      13.864775       1.000000       0.000000
      0.341709       0.545622       0.453297      -0.244325       0.217638      31.942395      15.363980       1.000000       0.000000
      0.346734       0.544689       0.455227      -0.185511       0.384206      11.704464      33.147843       1.000000       0.000000
      0.351759       0.543362       0.457125      -0.264189       0.377762     -15.657384      -1.282369       1.000000       0.000000
      0.356784       0.541648       0.457843      -0.340975       0.142885     -15.280822     -46.741625       1.000000       0.000000
      0.361809       0.540252       0.459648      -0.277985       0.359119      12.535309      43.031620       1.000000       0.000000
      0.366834       0.538415       0.461684      -0.365462       0.405260     -17.408291       9.182250       1.000000       0.000000
      0.371859       0.535773       0.462359      -0.525800       0.134251     -31.908116     -53.932109       1.000000       0.000000
      0.376884       0.533262       0.463324      -0.499701       0.191937       5.193901      11.479865       1.000000       0.000000
      0.381910       0.531028       0.464728      -0.444546       0.279549      10.975970      17.435191       1.000000       0.000000
      0.386935       0.529796       0.466024      -0.245271       0.257760      39.656796      -4.336146       1.000000       0.000000
      0.391960       0.529022       0.467239      -0.153863       0.241932      18.190667      -3.149809       1.000000       0.000000
      0.396985       0.529554       0.468931       0.105839       0.336698      51.682036      18.858758       1.000000       0.000000
      0.402010       0.529869       0.471045       0.062713       0.420678      -8.582439      16.712572       1.000000       0.000000
      0.407035       0.530339       0.473120       0.093383       0.412938       6.103619      -1.540360       1.000000       0.000000
      0.412060       0.530035       0.474993      -0.060480       0.372735     -30.619475      -8.000637       1.000000       0.000000
      0.417085       0.527951       0.477175      -0.414756       0.434261     -70.502857      12.243951       1.000000       0.000000
      0.422111       0.525108       0.479441      -0.565718       0.450893     -30.042164       3.309930       1.000000       0.000000
      0.427136       0.521898       0.481641      -0.638713       0.437769     -14.526385      -2.611726       1.000000       0.000000
      0.432161       0.517990       0.484024      -0.777734       0.474265     -27.665869       7.262805       1.000000       0.000000
      0.437186       0.512742       0.485521      -1.044377       0.297839     -53.063107     -35.109506       1.000000       0.000000
      0.442211       0.505741       0.486489      -1.393252       0.192685     -69.427994     -20.926176       1.000000       0.000000
      0.447236       0.497636       0.485848      -1.612881      -0.127599     -43.707149     -63.738294       1.000000       0.000000
      0.452261       0.487714       0.483783      -1.974638      -0.410855     -71.991565     -56.369283       1.000000       0.000000
      0.457286       0.477082       0.480521      -2.115890      -0.649266     -28.109759     -47.445041       1.000000       0.000000
      0.462312       0.466278       0.476288      -2.150028      -0.842247      -6.793594     -38.404044       1.000000       0.000000
      0.467337       0.456846       0.470460      -1.876848      -1.159831      54.364117     -63.200817       1.000000       0.000000
      0.472362       0.449545       0.462665      -1.453014      -1.551167      84.344977     -77.877811       1.000000       0.000000
      0.477387       0.443936       0.454050      -1.116321      -1.714533      67.003749     -32.510575       1.000000       0.000000
      0.482412       0.441314       0.447283      -0.521659      -1.346661     118.340695      73.208227       1.000000       0.000000
      0.487437       0.441221       0.441779      -0.018646      -1.095280     100.101933      50.026139       1.000000       0.000000
      0.492462       0.443733       0.438280       0.499911      -0.696343     103.195475      79.390443       1.000000       0.000000
      0.497487       0.449294       0.436865       1.106654      -0.281566     120.744931      82.542725       1.000000       0.000000
      0.502513       0.455619       0.438290       1.258878       0.283575      30.293266     112.465784       1.000000       0.000000
      0.507538       0.462707       0.442661       1.410440       0.869875      30.161709     116.676658       1.000000       0.000000
      0.512563       0.469254       0.448515       1.303000       1.164999     -21.381142      58.731114       1.000000       0.000000
      0.517588       0.475653       0.455625       1.273336       1.414800      -5.903402      49.711603       1.000000       0.000000
      0.522613       0.480917       0.464302       1.047525       1.726808     -44.937372      62.091158       1.000000       0.000000
      0.527638       0.484966       0.473395       0.805737       1.809529     -48.117007      16.461972       1.000000       0.000000
      0.532663       0.487772       0.482099       0.558547       1.732129     -49.192195     -15.403119       1.000000       0.000000
      0.537688       0.489785       0.490580       0.400580       1.687759     -31.436091      -8.829742       1.000000       0.000000
      0.542714       0.489815       0.498347       0.005919       1.545753     -78.539639     -28.259845       1.000000       0.000000
      0.547739       0.489808       0.504360      -0.001420       1.196484      -1.460331     -69.506406       1.000000       0.000000
      0.552764       0.489654       0.509750      -0.030678       1.072728      -5.822561     -24.627922       1.000000       0.000000
      0.557789       0.488470       0.514157      -0.235621       0.877045     -40.784759     -38.941921       1.000000       0.000000
      0.562814       0.486842       0.517151      -0.323939       0.595878     -17.575730     -55.953728       1.000000       0.000000
      0.567839       0.484773       0.519460      -0.411733       0.459374     -17.471311     -27.164853       1.000000       0.000000
      0.572864       0.482480       0.520772      -0.456357       0.261097      -8.880537     -39.458143       1.000000       0.000000
      0.577889       0.480183       0.522224      -0.457048       0.288904      -0.137410       5.533750       1.000000       0.000000
      0.582915       0.477730       0.523928      -0.488091       0.339280      -6.177726      10.024979       1.000000       0.000000
      0.587940       0.475772       0.526081      -0.389725       0.428344      19.575318      17.724242       1.000000       0.000000
      0.592965       0.473941       0.527698      -0.364285       0.321855       5.062652     -21.191837       1.000000       0.000000
      0.597990       0.472406       0.528976      -0.305613       0.254380      11.676035     -13.427937       1.000000       0.000000
      0.603015       0.470655       0.530379      -0.348358       0.279109      -8.506497       4.921172       1.000000       0.000000
      0.608040       0.468787       0.531459      -0.371778       0.215012      -4.660550     -12.755467       1.000000       0.000000
      0.613065       0.467005       0.532414      -0.354584       0.189964       3.421572      -4.984839       1.000000       0.000000
      0.618090       0.465499       0.533350      -0.299674       0.186291      10.927327      -0.730885       1.000000       0.000000
      0.623116       0.464411       0.533964      -0.216519       0.122097      16.548403     -12.774980       1.000000       0.000000
      0.628141       0.463262       0.534622      -0.228647       0.131000      -2.413526       1.771903       1.000000       0.000000
      0.633166       0.462121       0.535629      -0.227068       0.200434       0.314113      13.817567       1.000000       0.000000
      0.638191       0.460564       0.536617      -0.309898       0.196679     -16.483493      -0.747148       1.000000       0.000000
      0.643216       0.459011       0.537867      -0.309035       0.248607       0.171756      10.333856       1.000000       0.000000
      0.648241       0.457550       0.539457      -0.290838       0.316503       3.621243      13.511651       1.000000       0.000000
      0.653266       0.455972       0.541132      -0.314060       0.333389      -4.621222       3.360401       1.000000       0.000000
      0.658291       0.454890       0.542811      -0.215307       0.334070      19.652265       0.135608       1.000000       0.000000
      0.663317       0.453646       0.544667      -0.247496       0.369380      -6.405834       7.026815       1.000000       0.000000
      0.668342       0.452373       0.546374      -0.253301       0.339735      -1.155247      -5.899514       1.000000       0.000000
      0.673367       0.451281       0.548172      -0.217313       0.357797       7.161910       3.594382       1.000000       0.000000
      0.678392       0.449987       0.550089      -0.257637       0.381489      -8.024651       4.714876       1.000000       0.000000
      0.683417       0.448649       0.552117      -0.266165       0.403474      -1.697194       4.375077       1.000000       0.000000
      0.688442       0.447454       0.553959      -0.237787       0.366588       5.647393      -7.340427       1.000000       0.000000
      0.693467       0.446458       0.555616      -0.198286       0.329694       7.860928      -7.342107       1.000000       0.000000
      0.698492       0.445454       0.557258      -0.199834       0.326886      -0.308021      -0.558929       1.000000       0.000000
      0.703518       0.444485       0.558596      -0.192738       0.266202       1.412063     -12.076417       1.000000       0.000000
      0.708543       0.442789       0.559695      -0.337655       0.218698     -28.839291      -9.453514       1.000000       0.000000
      0.713568       0.441016       0.560943      -0.352836       0.248411      -3.021061       5.913195       1.000000       0.000000
      0.718593       0.439276       0.562065      -0.346241       0.223242       1.312427      -5.008854       1.000000       0.000000
      0.723618       0.437495       0.563248      -0.354444       0.235453      -1.632357       2.430084       1.000000       0.000000
      0.728643       0.435706       0.564112      -0.355962       0.171852      -0.302112     -12.656870       1.000000       0.000000
      0.733668       0.434450       0.565017      -0.249931       0.180177      21.100657       1.656633       1.000000       0.000000
      0.738693       0.433185       0.565737      -0.251828       0.143340      -0.377388      -7.330785       1.000000       0.000000
      0.743719       0.431795       0.566776      -0.276428       0.206750      -4.895639      12.618861       1.000000       0.000000
      0.748744       0.430420       0.567798      -0.273704       0.203450       0.542035      -0.656659       1.000000       0.000000
      0.753769       0.429070       0.569124      -0.268770       0.263718       0.981988      11.993738       1.000000       0.000000
      0.758794       0.427615       0.571014      -0.289554       0.376193      -4.136179      22.383105       1.000000       0.000000
      0.763819       0.425933       0.572907      -0.334722       0.376640      -8.988585       0.088809       1.000000       0.000000
      0.768844       0.424142       0.574807      -0.356396       0.378264      -4.313237       0.323149       1.000000       0.000000
      0.773869       0.422605       0.576555      -0.305841       0.347810      10.060672      -6.060479       1.000000       0.000000
      0.778894       0.420864       0.577696      -0.346377       0.226965      -8.066789     -24.048640       1.000000       0.000000
      0.783920       0.419074       0.578775      -0.356182       0.214833      -1.951426      -2.414405       1.000000       0.000000
      0.788945       0.417555       0.579966      -0.302323       0.236990      10.718389       4.409339       1.000000       0.000000
      0.793970       0.416134       0.581247      -0.282872       0.254920       3.870777       3.568142       1.000000       0.000000
      0.798995       0.414642       0.582682      -0.296868       0.285587      -2.785211       6.102868       1.000000       0.000000
      0.804020       0.413095       0.584228      -0.307898       0.307683      -2.195075       4.397227       1.000000       0.000000
      0.809045       0.411905       0.585632      -0.236846       0.279449      14.139727      -5.618685       1.000000       0.000000
      0.814070       0.410856       0.587067      -0.208706       0.285545       5.600029       1.213124       1.000000       0.000000
      0.819095       0.409727       0.588451      -0.224651       0.275277      -3.173118      -2.043295       1.000000       0.000000
      0.824121       0.408561       0.589782      -0.232015       0.265049      -1.465648      -2.035484       1.000000       0.000000
      0.829146       0.407265       0.591021      -0.258057       0.246544      -5.182468      -3.682610       1.000000       0.000000
      0.834171       0.406021       0.592397      -0.247381       0.273767       2.124674       5.417639       1.000000       0.000000
      0.839196       0.404833       0.593856      -0.236499       0.290313       2.165588       3.292742       1.000000       0.000000
      0.844221       0.403593       0.595386      -0.246691       0.304567      -2.028319       2.836524       1.000000       0.000000
      0.849246       0.402407       0.596970      -0.236171       0.315194       2.093526       2.114906       1.000000       0.000000
      0.854271       0.401208       0.598458      -0.238630       0.296129      -0.489242      -3.794139       1.000000       0.000000
      0.859296       0.400129       0.599926      -0.214680       0.292177       4.766108      -0.786340       1.000000       0.000000
      0.864322       0.398754       0.601386      -0.273677       0.290508     -11.740799      -0.332198       1.000000       0.000000
      0.869347       0.397177       0.602868      -0.313669       0.294932      -7.958495       0.880405       1.000000       0.000000
      0.874372       0.395564       0.604314      -0.321113       0.287787      -1.481432      -1.421904       1.000000       0.000000
      0.879397       0.393970       0.605600      -0.317122       0.255761       0.794166      -6.373264       1.000000       0.000000
      0.884422       0.392148       0.606799      -0.362684       0.238735      -9.067048      -3.388341       1.000000       0.000000
      0.889447       0.390447       0.607976      -0.338393       0.234240       4.834131      -0.894528       1.000000       0.000000
      0.894472       0.388781       0.609407      -0.331641       0.284805       1.343641      10.062659       1.000000       0.000000
      0.899497       0.387101       0.610999      -0.334287       0.316666      -0.526505       6.340450       1.000000       0.000000
      0.904523       0.385432       0.612469      -0.332050       0.292703       0.445018      -4.768772       1.000000       0.000000
      0.909548       0.383852       0.614020      -0.314431       0.308669       3.506363       3.177349       1.000000       0.000000
      0.914573       0.382299       0.615388      -0.309151       0.272142       1.050772      -7.268944       1.000000       0.000000
      0.919598       0.380704       0.616871      -0.317322       0.295172      -1.626116       4.583073       1.000000       0.000000
      0.924623       0.379119       0.618476      -0.315419       0.319289       0.378730       4.799376       1.000000       0.000000
      0.929648       0.377636       0.620152      -0.295214       0.333641       4.020886       2.856183       1.000000       0.000000
      0.934673       0.376184       0.621940      -0.288907       0.355733       1.255138       4.396305       1.000000       0.000000
      0.939698       0.374802       0.623728      -0.275079       0.355848       2.751865       0.022970       1.000000       0.000000
      0.944724       0.373471       0.625466      -0.264900       0.345810       2.025662      -1.997681       1.000000       0.000000
      0.949749       0.372069       0.627212      -0.278926       0.347510      -2.791291       0.338359       1.000000       0.000000
      0.954774       0.370682       0.628868      -0.276051       0.329621       0.572164      -3.560037       1.000000       0.000000
      0.959799       0.369299       0.630347      -0.275290       0.294336       0.151511      -7.021817       1.000000       0.000000
      0.964824       0.367927       0.631725      -0.272950       0.274159       0.465642      -4.015434       1.000000       0.000000
      0.969849       0.366551       0.632955      -0.273928       0.244758      -0.194741      -5.850883       1.000000       0.000000
      0.974874       0.365387       0.634014      -0.231585       0.210817       8.426559      -6.754458       1.000000       0.000000
      0.979899       0.364242       0.635102      -0.227794       0.216489       0.754375       1.128708       1.000000       0.000000
      0.984925       0.363166       0.636131      -0.214179       0.204823       2.709420      -2.321495       1.000000       0.000000
      0.989950       0.362193       0.637005      -0.193633       0.173819       4.088891      -6.169962       1.000000       0.000000
      0.994975       0.361381       0.637773      -0.161550       0.152878       6.384684      -4.167304       1.000000       0.000000
      1.000000       0.360679       0.638346      -0.139727       0.113951       4.342704      -7.746805       1.000000       0.000000
      1.005025       0.360085       0.638779      -0.118290       0.086267       4.266082      -5.509116       1.000000       0.000000
      1.010050       0.359628       0.639150      -0.090936       0.073791       5.443660      -2.482862       1.000000       0.000000
      1.015075       0.359311       0.639495      -0.062995       0.068659       5.560391      -1.021347       1.000000       0.000000
      1.020100       0.358949       0.639711      -0.072099       0.043012      -1.811770      -5.103780       1.000000       0.000000
      1.025125       0.358610       0.639927      -0.067412       0.043088       0.932822       0.015084       1.000000       0.000000
      1.030150       0.358305       0.640194      -0.060825       0.052968       1.310706       1.966210       1.000000       0.000000
      1.035175       0.358027       0.640371      -0.055305       0.035323       1.098545      -3.511435       1.000000       0.000000
      1.040200       0.357750       0.640516      -0.055063       0.028735       0.048279      -1.311090       1.000000       0.000000
      1.045225       0.357638       0.640666      -0.022201       0.029867       6.539699       0.225302       1.000000       0.000000
      1.050250       0.357496       0.640921      -0.028399       0.050864      -1.233401       4.178369       1.000000       0.000000
      1.055275       0.357397       0.641129      -0.019681       0.041348       1.734817      -1.893598       1.000000       0.000000
      1.060300       0.357222       0.641297      -0.034844       0.033473      -3.017530      -1.567219       1.000000       0.000000
      1.065325       0.357126       0.641409      -0.019127       0.022228       3.127766      -2.237782       1.000000       0.000000
      1.070350       0.357071       0.641368      -0.010806      -0.008062       1.655984      -6.027891       1.000000       0.000000
      1.075375       0.357085       0.641384       0.002637       0.003121       2.675267       2.225390       1.000000       0.000000
      1.080400       0.357344       0.641361       0.051712      -0.004496       9.766070      -1.515818       1.000000       0.000000
      1.085425       0.357637       0.641340       0.058323      -0.004213       1.315719       0.056417       1.000000       0.000000
      1.090450       0.357820       0.641325       0.036251      -0.002969      -4.392616       0.247650       1.000000       0.000000
      1.095475       0.357999       0.641298       0.035607      -0.005420      -0.128058      -0.487867       1.000000       0.000000
      1.100500       0.358031       0.641190       0.006371      -0.021585      -5.818070      -3.216949       1.000000       0.000000
      1.105525       0.358064       0.641072       0.006667      -0.023476       0.058797      -0.376317       1.000000       0.000000
      1.110550       0.358064       0.640947      -0.000086      -0.024831      -1.343856      -0.269623       1.000000       0.000000
      1.115575       0.358123       0.640838       0.011889      -0.021624       2.383165       0.638314       1.000000       0.000000
      1.120600       0.358213       0.640728       0.017784      -0.021965       1.173045      -0.067902       1.000000       0.000000
      1.125625       0.358282       0.640681       0.013817      -0.009248      -0.789385       2.530703       1.000000       0.000000
      1.130650       0.358349       0.640675       0.013282      -0.001341      -0.106554       1.573479       1.000000       0.000000
      1.135675       0.358431       0.640615       0.016269      -0.011933       0.594474      -2.107875       1.000000       0.000000
      1.140700       0.358417       0.640603      -0.002771      -0.002401      -3.788961       1.896973       1.000000       0.000000
      1.145725       0.358303       0.640539      -0.022699      -0.012743      -3.965775      -2.058130       1.000000       0.000000
      1.150750       0.358239       0.640478      -0.012666      -0.012027       1.996545       0.142557       1.000000       0.000000
      1.155775       0.358201       0.640407      -0.007520      -0.014188       1.024018      -0.430084       1.000000       0.000000
      1.160800       0.358152       0.640323      -0.009879      -0.016657      -0.469298      -0.491269       1.000000       0.000000
      1.165825       0.358106       0.640262      -0.009031      -0.012231       0.168730       0.880646       1.000000       0.000000
      1.170850       0.358047       0.640229      -0.011744      -0.006518      -0.539965       1.136922       1.000000       0.000000
      1.175875       0.358036       0.640225      -0.002188      -0.000716       1.901602       1.154589       1.000000       0.000000
      1.180900       0.358018       0.640229      -0.003706       0.000693      -0.301913       0.280432       1.000000       0.000000
      1.185925       0.358085       0.640300       0.013506       0.014125       3.425243       2.673164       1.000000       0.000000
      1.190950       0.358117       0.640439       0.006357       0.027720      -1.422816       2.705325       1.000000       0.000000
      1.195975       0.358151       0.640586       0.006631       0.029177       0.054517       0.290058       1.000000       0.000000
      1.201000       0.358246       0.640784       0.018889       0.039401       2.439393       2.034689       1.000000       0.000000
      1.206025       0.358357       0.640927       0.022191       0.028597       0.657139      -2.150113       1.000000       0.000000
      1.211050       0.358468       0.641079       0.022155       0.030076      -0.007143       0.294257       1.000000       0.000000
      1.216075       0.358501       0.641206       0.006538       0.025336      -3.107799      -0.943332       1.000000       0.000000
      1.221100       0.358493       0.641326      -0.001711       0.023815      -1.641656      -0.302635       1.000000       0.000000
      1.226125       0.358500       0.641414       0.001517       0.017606       0.642407      -1.235531       1.000000       0.000000
      1.231150       0.358476       0.641496      -0.004868       0.016290      -1.270635      -0.261995       1.000000       0.000000
      1.236175       0.358418       0.641618      -0.011488       0.024283      -1.317410       1.590605       1.000000       0.000000
      1.241200       0.358371       0.641788      -0.009312       0.033859       0.432975       1.905832       1.000000       0.000000
      1.246225       0.358351       0.641982      -0.004022       0.038599       1.052867       0.943126       1.000000       0.000000
      1.251250       0.358337       0.642132      -0.002856       0.029862       0.231910      -1.738607       1.000000       0.000000
      1.256275       0.358297       0.642251      -0.007866       0.023626      -0.996922      -1.240990       1.000000       0.000000
      1.261300       0.358288       0.642339      -0.001837       0.017464       1.199735      -1.226197       1.000000       0.000000
      1.266325       0.358301       0.642465       0.002606       0.025211       0.884178       1.541567       1.000000       0.000000
      1.271350       0.358247       0.642529      -0.010732       0.012675      -2.654312      -2.494742       1.000000       0.000000
      1.276375       0.358183       0.642588      -0.012763       0.011731      -0.404244      -0.187823       1.000000       0.000000
      1.281400       0.358138       0.642647      -0.009024       0.011693       0.744198      -0.007531       1.000000       0.000000
      1.286425       0.358109       0.642694      -0.005660       0.009516       0.669342      -0.433302       1.000000       0.000000
      1.291450       0.358082       0.642726      -0.005374       0.006370       0.056937      -0.625932       1.000000       0.000000
      1.296475       0.358043       0.642716      -0.007878      -0.002037      -0.498156      -1.673184       1.000000       0.000000
      1.301500       0.358005       0.642702      -0.007592      -0.002847       0.056756      -0.161198       1.000000       0.000000
      1.306525       0.357998       0.642732      -0.001290       0.005933       1.254264       1.747322       1.000000       0.000000
      1.311550       0.358018       0.642781       0.003977       0.009824       1.048069       0.774303       1.000000       0.000000
      1.316575       0.358050       0.642808       0.006418       0.005395       0.485870      -0.881315       1.000000       0.000000
      1.321600       0.358082       0.642790       0.006354      -0.003593      -0.012728      -1.788664       1.000000       0.000000
      1.326625       0.358090       0.642745       0.001627      -0.009021      -0.940858      -1.080328       1.000000       0.000000
      1.331650       0.358123       0.642638       0.006444      -0.021224       0.958643      -2.428361       1.000000       0.000000
      1.336675       0.358159       0.642524       0.007280      -0.022613       0.166360      -0.276496       1.000000       0.000000
      1.341700       0.358157       0.642366      -0.000522      -0.031446      -1.552481      -1.757638       1.000000       0.000000
      1.346725       0.358135       0.642190      -0.004365      -0.035041      -0.764957      -0.715437       1.000000       0.000000
      1.351750       0.358110       0.641951      -0.005016      -0.047663      -0.129396      -2.511927       1.000000       0.000000
      1.356775       0.358080       0.641698      -0.005805      -0.050260      -0.157047      -0.516859       1.000000       0.000000
      1.361800       0.358129       0.641428       0.009593      -0.053724       3.064335      -0.689216       1.000000       0.000000
      1.366825       0.358209       0.641164       0.016070      -0.052701       1.288902       0.203571       1.000000       0.000000
      1.371850       0.358278       0.640943       0.013649      -0.043851      -0.481902       1.761082       1.000000       0.000000
      1.376875       0.358325       0.640774       0.009362      -0.033603      -0.853029       2.039354       1.000000       0.000000
      1.381900       0.358368       0.640610       0.008504      -0.032805      -0.170830       0.158882       1.000000       0.000000
      1.386925       0.358368       0.640459       0.000019      -0.030029      -1.688608       0.552459       1.000000       0.000000
      1.391950       0.358300       0.640357      -0.013482      -0.020157      -2.686720       1.964632       1.000000       0.000000
      1.396975       0.358191       0.640281      -0.021787      -0.015110      -1.652678       1.004262       1.000000       0.000000
      1.402000       0.358059       0.640190      -0.026103      -0.018139      -0.858969      -0.602738       1.000000       0.000000
      1.407025       0.357924       0.640092      -0.026998      -0.019488      -0.177992      -0.268495       1.000000       0.000000
      1.412050       0.357823       0.640012      -0.020048      -0.016029       1.382929       0.688328       1.000000       0.000000
      1.417075       0.357734       0.639930      -0.017821      -0.016349       0.443262      -0.063536       1.000000       0.000000
      1.422100       0.357645       0.639874      -0.017650      -0.011046       0.033990       1.055337       1.000000       0.000000
      1.427125       0.357578       0.639846      -0.013314      -0.005608       0.862971       1.082027       1.000000       0.000000
      1.432150       0.357512       0.639818      -0.013040      -0.005633       0.054492      -0.004856       1.000000       0.000000
      1.437175       0.357447       0.639777      -0.013079      -0.008090      -0.007793      -0.488953       1.000000       0.000000
      1.442200       0.357394       0.639754      -0.010574      -0.004636       0.498562       0.687333       1.000000       0.000000
      1.447225       0.357342       0.639756      -0.010168       0.000525       0.080702       1.027010       1.000000       0.000000
      1.452250       0.357269       0.639748      -0.014589      -0.001631      -0.879749      -0.428974       1.000000       0.000000
      1.457275       0.357195       0.639777      -0.014802       0.005741      -0.042407       1.467052       1.000000       0.000000
      1.462300       0.357139       0.639813      -0.011022       0.007092       0.752340       0.268858       1.000000       0.000000
      1.467325       0.357079       0.639842      -0.011963       0.005905      -0.187388      -0.236234       1.000000       0.000000
      1.472350       0.357021       0.639848      -0.011665       0.001163       0.059343      -0.943712       1.000000       0.000000
      1.477375       0.356935       0.639852      -0.016989       0.000800      -1.059461      -0.072138       1.000000       0.000000
      1.482400       0.356825       0.639851      -0.021857      -0.000131      -0.968776      -0.185283       1.000000       0.000000
      1.487425       0.356707       0.639840      -0.023525      -0.002331      -0.331912      -0.437960       1.000000       0.000000
      1.492450       0.356586       0.639809      -0.024073      -0.006178      -0.109148      -0.765482       1.000000       0.000000
      1.497475       0.356449       0.639771      -0.027386      -0.007477      -0.659279      -0.258505       1.000000       0.000000
      1.502500       0.356323       0.639723      -0.025074      -0.009569       0.460237      -0.416422       1.000000       0.000000
