      0.000000       0.373842       0.345374       0.000000       0.000000       0.000000       0.000000       0.062500       0.187500
      0.005025       0.376130       0.347406       0.455436       0.404409      90.633980      80.479500       0.062500       0.187500
      0.010050       0.377327       0.349555       0.238173       0.427739     -43.236418       4.642746       0.062500       0.187500
      0.015075       0.378702       0.350661       0.273712       0.220067       7.072471     -41.327760       0.062500       0.187500
      0.020101       0.379919       0.352024       0.242124       0.271224      -6.286111      10.180382       0.062500       0.187500
      0.025126       0.380474       0.352430       0.110545       0.080847     -26.184951     -37.885835       0.062500       0.187500
      0.030151       0.380853       0.355111       0.075395       0.533446      -6.995043      90.069290       0.062500       0.187500
      0.035176       0.383171       0.357609       0.461267       0.497193      76.790500      -7.214411       0.062500       0.187500
      0.040201       0.384682       0.358388       0.300625       0.155010     -31.968545     -68.096169       0.062500       0.187500
      0.045226       0.384637       0.360785      -0.008833       0.477026     -61.583767      64.082816       0.062500       0.187500
      0.050251       0.384103       0.363142      -0.106429       0.468908     -19.422036      -1.615440       0.062500       0.187500
      0.055276       0.383183       0.364382      -0.183064       0.246776     -15.250693     -44.205550       0.062500       0.187500
      0.060302       0.383531       0.364648       0.069220       0.053031      50.205702     -38.556113       0.062500       0.187500
      0.065327       0.385194       0.366506       0.330964       0.369669      52.088340      63.012550       0.062500       0.187500
      0.070352       0.385155       0.368366      -0.007689       0.370289     -67.393556       0.123298       0.062500       0.187500
      0.075377       0.390240       0.368678       1.011862       0.062088     202.895629     -61.333567       0.062500       0.187500
      0.080402       0.393522       0.369575       0.653133       0.178451     -71.388823      23.156907       0.062500       0.187500
      0.085427       0.394236       0.371116       0.142163       0.306550    -101.685557      25.492339       0.062500       0.187500
      0.090452       0.394271       0.372320       0.006974       0.239693     -26.903342     -13.304834       0.062500       0.187500
      0.095477       0.395582       0.374673       0.260799       0.468230      50.512578      45.479948       0.062500       0.187500
      0.100503       0.398374       0.376162       0.555812       0.296310      58.708896     -34.212856       0.062500       0.187500
      0.105528       0.399172       0.377589       0.158722       0.283967     -79.022868      -2.456441       0.062500       0.187500
      0.110553       0.399866       0.381224       0.138140       0.723524      -4.095912      87.474013       0.062500       0.187500
      0.115578       0.400617       0.381917       0.149380       0.137758       2.236826    -116.570347       0.062500       0.187500
      0.120603       0.402671       0.382408       0.408766       0.097752      51.619175      -7.961264       0.062500       0.187500
      0.125628       0.405441       0.384149       0.551312       0.346494      28.367356      49.500820       0.062500       0.187500
      0.130653       0.408079       0.387189       0.524855       0.604956      -5.265130      51.435215       0.062500       0.187500
      0.135678       0.410487       0.389519       0.479207       0.463654      -9.084144     -28.119840       0.062500       0.187500
      0.140704       0.411602       0.392688       0.221893       0.630638     -51.206775      33.230798       0.062500       0.187500
      0.145729       0.412469       0.393152       0.172591       0.092434      -9.811254    -107.105319       0.062500       0.187500
      0.150754       0.412510       0.393990       0.008155       0.166776     -32.723668      14.794285       0.062500       0.187500
      0.155779       0.412961       0.395218       0.089766       0.244281      16.240926      15.424006       0.062500       0.187500
      0.160804       0.413453       0.396610       0.097839       0.276984       1.606723       6.508086       0.062500       0.187500
      0.165829       0.414248       0.396149       0.158189      -0.091623      12.009930     -73.354657       0.062500       0.187500
      0.170854       0.416951       0.396384       0.538018       0.046781      75.587865      27.542959       0.062500       0.187500
      0.175879       0.418157       0.397879       0.239895       0.297522     -59.328078      49.898810       0.062500       0.187500
      0.180905       0.418213       0.399964       0.011256       0.414883     -45.500189      23.355425       0.062500       0.187500
      0.185930       0.419084       0.402469       0.173315       0.498385      32.250456      16.617361       0.062500       0.187500
      0.190955       0.421290       0.404642       0.438986       0.432524      52.869831     -13.106717       0.062500       0.187500
      0.195980       0.422419       0.406584       0.224660       0.386446     -42.651824      -9.169813       0.062500       0.187500
      0.201005       0.425725       0.408520       0.658030       0.385270      86.242669      -0.233905       0.062500       0.187500
      0.206030       0.428171       0.410008       0.486764       0.296176     -34.082692     -17.730193       0.062500       0.187500
      0.211055       0.429059       0.411213       0.176672       0.239876     -61.709903     -11.204090       0.062500       0.187500
      0.216080       0.430858       0.412682       0.357996       0.292237      36.084496      10.420097       0.062500       0.187500
      0.221106       0.431136       0.415913       0.055333       0.643076     -60.231528      69.818780       0.062500       0.187500
      0.226131       0.431442       0.417333       0.060930       0.282563       1.113899     -71.743857       0.062500       0.187500
      0.231156       0.430481       0.418826      -0.191394       0.297050     -50.213781       2.883051       0.062500       0.187500
      0.236181       0.431124       0.420610       0.127972       0.354936      63.555444      11.519584       0.062500       0.187500
      0.241206       0.432563       0.421578       0.286457       0.192655      31.539175     -32.294860       0.062500       0.187500
      0.246231       0.433788       0.422118       0.243704       0.107569      -8.508030     -16.932540       0.062500       0.187500
      0.251256       0.436142       0.422713       0.468440       0.118338      44.723711       2.143118       0.062500       0.187500
      0.256281       0.438457       0.424413       0.460706       0.338296      -1.539116      43.772864       0.062500       0.187500
      0.261307       0.440990       0.427359       0.504152       0.586400       8.645843      49.373889       0.062500       0.187500
      0.266332       0.441914       0.429931       0.183888       0.511797     -63.733999     -14.846363       0.062500       0.187500
      0.271357       0.441548       0.432509      -0.072884       0.512978     -51.098875       0.235003       0.062500       0.187500
      0.276382       0.443252       0.433284       0.339064       0.154257      81.979519     -71.387268       0.062500       0.187500
      0.281407       0.444130       0.434172       0.174896       0.176643     -32.670178       4.454935       0.062500       0.187500
      0.286432       0.446310       0.435080       0.433770       0.180742      51.517267       0.815786       0.062500       0.187500
      0.291457       0.450550       0.435946       0.843793       0.172433      81.596586      -1.653619       0.062500       0.187500
      0.296482       0.452340       0.437332       0.356117       0.275809     -97.049954      20.572362       0.062500       0.187500
      0.301508       0.452577       0.438529       0.047206       0.238166     -61.474865      -7.491271       0.062500       0.187500
      0.306533       0.452418       0.440871      -0.031702       0.466105     -15.703029      45.361055       0.062500       0.187500
      0.311558       0.452066       0.442700      -0.069956       0.363911      -7.612791     -20.337118       0.062500       0.187500
      0.316583       0.451945       0.444003      -0.024072       0.259290       9.131219     -20.820084       0.062500       0.187500
      0.321608       0.452464       0.444886       0.103222       0.175686      25.332107     -16.637684       0.062500       0.187500
      0.326633       0.453194       0.446780       0.145316       0.376891       8.376878      40.040853       0.062500       0.187500
      0.331658       0.454830       0.448676       0.325593       0.377485      35.876121       0.118310       0.062500       0.187500
      0.336683       0.456485       0.451188       0.329367       0.499846       0.751065      24.350469       0.062500       0.187500
      0.341709       0.458096       0.453100       0.320556       0.380558      -1.753548     -23.739074       0.062500       0.187500
      0.346734       0.459818       0.454345       0.342731       0.247711       4.412911     -26.437047       0.062500       0.187500
      0.351759       0.461017       0.455369       0.238576       0.203805     -20.727402      -8.737596       0.062500       0.187500
      0.356784       0.462527       0.456027       0.300485       0.130854      12.320328     -14.517510       0.062500       0.187500
      0.361809       0.463798       0.456393       0.252857       0.072795      -9.478232     -11.554133       0.062500       0.187500
      0.366834       0.464866       0.457365       0.212699       0.193579      -7.991755      24.036528       0.062500       0.187500
      0.371859       0.466461       0.459843       0.317314       0.493060      20.819031      59.598325       0.062500       0.187500
      0.376884       0.467568       0.462730       0.220402       0.574489     -19.285941      16.204822       0.062500       0.187500
      0.381910       0.467756       0.464844       0.037357       0.420706     -36.426909     -30.603611       0.062500       0.187500
      0.386935       0.468321       0.466858       0.112330       0.400905      14.919951      -3.940538       0.062500       0.187500
      0.391960       0.469756       0.468248       0.285702       0.276477      34.502024     -24.761795       0.062500       0.187500
      0.396985       0.471157       0.469264       0.278737       0.202338      -1.386252     -14.753957       0.062500       0.187500
      0.402010       0.471559       0.470875       0.079976       0.320476     -39.554397      23.509888       0.062500       0.187500
      0.407035       0.471962       0.472052       0.080298       0.234333       0.064061     -17.142807       0.062500       0.187500
      0.412060       0.473081       0.473487       0.222690       0.285518      28.336808      10.186111       0.062500       0.187500
      0.417085       0.474913       0.476224       0.364579       0.544748      28.236638      51.588058       0.062500       0.187500
      0.422111       0.476636       0.480227       0.342810       0.796433      -4.332277      50.086472       0.062500       0.187500
      0.427136       0.477620       0.485085       0.195732       0.966933     -29.269196      33.930377       0.062500       0.187500
      0.432161       0.478155       0.491136       0.106591       1.204028     -17.739420      47.183132       0.062500       0.187500
      0.437186       0.478114       0.499749      -0.008202       1.714181     -22.844346     101.522971       0.062500       0.187500
      0.442211       0.476014       0.510289      -0.417939       2.097431     -81.539703      76.268736       0.062500       0.187500
      0.447236       0.471603       0.521563      -0.877777       2.243487     -91.510200      29.065860       0.062500       0.187500
      0.452261       0.465650       0.532546      -1.184752       2.185729     -61.089382     -11.494156       0.062500       0.187500
      0.457286       0.459609       0.542524      -1.202082       1.985726      -3.448910     -39.801621       0.062500       0.187500
      0.462312       0.453473       0.551518      -1.221206       1.789911      -3.805683     -38.968264       0.062500       0.187500
      0.467337       0.445827       0.558941      -1.521507       1.477165     -59.761474     -62.237833       0.062500       0.187500
      0.472362       0.436970       0.562968      -1.762587       0.801389     -47.976055    -134.482906       0.062500       0.187500
      0.477387       0.429086       0.565761      -1.568900       0.555734      38.544638     -48.886521       0.062500       0.187500
      0.482412       0.422326       0.566477      -1.345399       0.142483      44.477923     -82.238976       0.062500       0.187500
      0.487437       0.416402       0.565408      -1.178802      -0.212752      33.153546     -70.693546       0.062500       0.187500
      0.492462       0.412329       0.562516      -0.810641      -0.575419      73.265898     -72.172533       0.062500       0.187500
      0.497487       0.410758       0.557741      -0.312479      -0.950309      99.136783     -74.605059       0.062500       0.187500
      0.502513       0.411376       0.551705       0.122980      -1.201059      86.658422     -49.900521       0.062500       0.187500
      0.507538       0.414573       0.545852       0.636171      -1.164888     102.127505       7.198258       0.062500       0.187500
      0.512563       0.419482       0.539849       0.976972      -1.194619      67.821167      -5.916559       0.062500       0.187500
      0.517588       0.428957       0.533727       1.885445      -1.218322     180.790656      -4.716975       0.062500       0.187500
      0.522613       0.440045       0.527810       2.206626      -1.177528      63.916568       8.118179       0.062500       0.187500
      0.527638       0.451321       0.522491       2.244037      -1.058482       7.445092      23.690713       0.062500       0.187500
      0.532663       0.461125       0.518129       1.951049      -0.867951     -58.306124      37.916629       0.062500       0.187500
      0.537688       0.470757       0.515555       1.916818      -0.512398      -6.812115      70.756748       0.062500       0.187500
      0.542714       0.480613       0.513991       1.961295      -0.311268       8.851089      40.025954       0.062500       0.187500
      0.547739       0.489804       0.513313       1.829104      -0.134784     -26.306663      35.121094       0.062500       0.187500
      0.552764       0.497985       0.513657       1.628104       0.068385     -40.000080      40.431748       0.062500       0.187500
      0.557789       0.504932       0.514651       1.382394       0.197919     -48.897425      25.777874       0.062500       0.187500
      0.562814       0.510246       0.515909       1.057419       0.250207     -64.671686      10.405640       0.062500       0.187500
      0.567839       0.514386       0.517398       0.823909       0.296340     -46.469627       9.180592       0.062500       0.187500
      0.572864       0.517241       0.519217       0.568171       0.361934     -50.893058      13.053612       0.062500       0.187500
      0.577889       0.519199       0.521419       0.389648       0.438209     -35.527089      15.179014       0.062500       0.187500
      0.582915       0.521072       0.523538       0.372705       0.421827      -3.371634      -3.260012       0.062500       0.187500
      0.587940       0.522756       0.525860       0.335193       0.462056      -7.465167       8.005738       0.062500       0.187500
      0.592965       0.524400       0.528013       0.327172       0.428440      -1.596182      -6.689842       0.062500       0.187500
      0.597990       0.525889       0.530040       0.296385       0.403424      -6.126770      -4.978160       0.062500       0.187500
      0.603015       0.527249       0.531950       0.270596       0.380093      -5.132189      -4.643146       0.062500       0.187500
      0.608040       0.528618       0.533798       0.272428       0.367709       0.364594      -2.464409       0.062500       0.187500
      0.613065       0.530104       0.535393       0.295711       0.317416       4.633558     -10.008597       0.062500       0.187500
      0.618090       0.531527       0.536983       0.283145       0.316415      -2.500815      -0.199068       0.062500       0.187500
      0.623116       0.532874       0.538500       0.268124       0.301961      -2.989201      -2.876467       0.062500       0.187500
      0.628141       0.534119       0.539754       0.247796       0.249568      -4.045451     -10.426404       0.062500       0.187500
      0.633166       0.535405       0.540860       0.255932       0.220047       1.619185      -5.874882       0.062500       0.187500
      0.638191       0.536717       0.541999       0.261101       0.226620       1.028527       1.307953       0.062500       0.187500
      0.643216       0.537751       0.543240       0.205766       0.246953     -11.011830       4.046421       0.062500       0.187500
      0.648241       0.538777       0.544308       0.204107       0.212674      -0.330222      -6.821592       0.062500       0.187500
      0.653266       0.539822       0.545707       0.207902       0.278324       0.755366      13.064663       0.062500       0.187500
      0.658291       0.540838       0.547328       0.202193       0.322671      -1.136221       8.825218       0.062500       0.187500
      0.663317       0.542173       0.548950       0.265744       0.322611      12.646929      -0.012028       0.062500       0.187500
      0.668342       0.543492       0.550562       0.262442       0.320846      -0.657005      -0.351068       0.062500       0.187500
      0.673367       0.544813       0.552294       0.262898       0.344618       0.090623       4.730677       0.062500       0.187500
      0.678392       0.546008       0.553862       0.237921       0.312072      -4.970520      -6.476904       0.062500       0.187500
      0.683417       0.546992       0.555499       0.195745       0.325918      -8.393235       2.755516       0.062500       0.187500
      0.688442       0.547835       0.556964       0.167695       0.291399      -5.581961      -6.869433       0.062500       0.187500
      0.693467       0.548613       0.558368       0.154796       0.279455      -2.567107      -2.376936       0.062500       0.187500
      0.698492       0.549239       0.559907       0.124705       0.306267      -5.988115       5.335666       0.062500       0.187500
      0.703518       0.550102       0.561667       0.171618       0.350307       9.335846       8.764273       0.062500       0.187500
      0.708543       0.550949       0.563476       0.168710       0.359932      -0.578713       1.915401       0.062500       0.187500
      0.713568       0.551945       0.565391       0.198130       0.381074       5.854661       4.207359       0.062500       0.187500
      0.718593       0.553416       0.567099       0.292747       0.339919      18.829408      -8.190056       0.062500       0.187500
      0.723618       0.554447       0.568617       0.205094       0.302176     -17.443566      -7.511068       0.062500       0.187500
      0.728643       0.555417       0.570107       0.193064       0.296505      -2.393982      -1.128637       0.062500       0.187500
      0.733668       0.556596       0.571460       0.234628       0.269155       8.271439      -5.442789       0.062500       0.187500
      0.738693       0.558187       0.573090       0.316721       0.324387      16.336864      10.991598       0.062500       0.187500
      0.743719       0.559715       0.574788       0.303947       0.337914      -2.542066       2.691918       0.062500       0.187500
      0.748744       0.560951       0.576296       0.245995       0.300034     -11.532622      -7.538385       0.062500       0.187500
      0.753769       0.562109       0.577667       0.230477       0.272853      -3.088136      -5.409082       0.062500       0.187500
      0.758794       0.563408       0.579035       0.258519       0.272299       5.580511      -0.110341       0.062500       0.187500
      0.763819       0.564632       0.580465       0.243589       0.284616      -2.971202       2.451217       0.062500       0.187500
      0.768844       0.565853       0.582049       0.243013       0.315171      -0.114733       6.080609       0.062500       0.187500
      0.773869       0.567195       0.583804       0.267123       0.349374       4.798167       6.806429       0.062500       0.187500
      0.778894       0.568421       0.585818       0.243877       0.400623      -4.626048      10.198825       0.062500       0.187500
      0.783920       0.569838       0.587616       0.281978       0.357903       7.582140      -8.501463       0.062500       0.187500
      0.788945       0.571297       0.589317       0.290362       0.338469       1.668499      -3.867470       0.062500       0.187500
      0.793970       0.573016       0.590913       0.342090       0.317716      10.294212      -4.129816       0.062500       0.187500
      0.798995       0.574478       0.592484       0.290924       0.312647     -10.182298      -1.008825       0.062500       0.187500
      0.804020       0.575778       0.594039       0.258814       0.309457      -6.390152      -0.634863       0.062500       0.187500
      0.809045       0.577153       0.595589       0.273547       0.308424       2.932062      -0.205463       0.062500       0.187500
      0.814070       0.578481       0.596983       0.264333       0.277379      -1.833647      -6.178224       0.062500       0.187500
      0.819095       0.579832       0.598372       0.268773       0.276319       0.883580      -0.210903       0.062500       0.187500
      0.824121       0.581039       0.599805       0.240332       0.285168      -5.660012       1.760936       0.062500       0.187500
      0.829146       0.582151       0.601261       0.221271       0.289755      -3.793123       0.912801       0.062500       0.187500
      0.834171       0.583369       0.602779       0.242279       0.302224       4.180597       2.481477       0.062500       0.187500
      0.839196       0.584623       0.604398       0.249574       0.322057       1.451775       3.946919       0.062500       0.187500
      0.844221       0.585858       0.605966       0.245899       0.312205      -0.731291      -1.960653       0.062500       0.187500
      0.849246       0.587061       0.607545       0.239337       0.314146      -1.305916       0.386228       0.062500       0.187500
      0.854271       0.588196       0.609064       0.225818       0.302288      -2.690415      -2.359749       0.062500       0.187500
      0.859296       0.589254       0.610400       0.210563       0.265821      -3.035848      -7.257116       0.062500       0.187500
      0.864322       0.590202       0.611530       0.188756       0.224841      -4.339569      -8.155324       0.062500       0.187500
      0.869347       0.591276       0.612589       0.213633       0.210925       4.950528      -2.769178       0.062500       0.187500
      0.874372       0.592487       0.613788       0.241025       0.238413       5.451163       5.470065       0.062500       0.187500
      0.879397       0.593854       0.615267       0.271988       0.294436       6.161834      11.149026       0.062500       0.187500
      0.884422       0.595213       0.616960       0.270512       0.336923      -0.293707       8.454995       0.062500       0.187500
      0.889447       0.596572       0.618729       0.270394       0.352068      -0.023478       3.013987       0.062500       0.187500
      0.894472       0.597993       0.620456       0.282755       0.343553       2.459871      -1.694471       0.062500       0.187500
      0.899497       0.599413       0.622157       0.282645       0.338492      -0.021949      -1.007179       0.062500       0.187500
      0.904523       0.600816       0.623661       0.279241       0.299486      -0.677307      -7.762508       0.062500       0.187500
      0.909548       0.602145       0.625122       0.264433       0.290738      -2.946905      -1.740913       0.062500       0.187500
      0.914573       0.603407       0.626656       0.251116       0.305129      -2.650157       2.864057       0.062500       0.187500
      0.919598       0.604694       0.628228       0.256225       0.312830       1.016668       1.532390       0.062500       0.187500
      0.924623       0.606196       0.629818       0.298835       0.316502       8.479638       0.730907       0.062500       0.187500
      0.929648       0.607523       0.631527       0.264067       0.340120      -6.918967       4.699918       0.062500       0.187500
      0.934673       0.608911       0.633327       0.276296       0.358200       2.433610       3.598065       0.062500       0.187500
      0.939698       0.610297       0.635100       0.275673       0.352834      -0.123882      -1.067826       0.062500       0.187500
      0.944724       0.611750       0.636930       0.289244       0.364257       2.700622       2.273250       0.062500       0.187500
      0.949749       0.613195       0.638824       0.287516       0.376763      -0.343879       2.488712       0.062500       0.187500
      0.954774       0.614599       0.640573       0.279414       0.348075      -1.612435      -5.709003       0.062500       0.187500
      0.959799       0.615992       0.642217       0.277307       0.327145      -0.419205      -4.165135       0.062500       0.187500
      0.964824       0.617331       0.643887       0.266404       0.332494      -2.169810       1.064334       0.062500       0.187500
      0.969849       0.618552       0.645463       0.242969       0.313607      -4.663717      -3.758501       0.062500       0.187500
      0.974874       0.619737       0.646897       0.235761       0.285320      -1.434424      -5.629184       0.062500       0.187500
      0.979899       0.620731       0.648178       0.197852       0.254919      -7.544079      -6.050105       0.062500       0.187500
      0.984925       0.621615       0.649351       0.175997       0.233503      -4.349258      -4.261759       0.062500       0.187500
      0.989950       0.622452       0.650596       0.166595       0.247665      -1.870890       2.818181       0.062500       0.187500
      0.994975       0.623130       0.651785       0.134800       0.236692      -6.327521      -2.183594       0.062500       0.187500
      1.000000       0.623803       0.652783       0.133909       0.198502      -0.177158      -7.599942       0.062500       0.187500
      1.005025       0.624367       0.653606       0.112329       0.163888      -4.294623      -6.888485       0.062500       0.187500
      1.010050       0.624821       0.654380       0.090249       0.154061      -4.393972      -1.955590       0.062500       0.187500
      1.015075       0.625180       0.654896       0.071607       0.102502      -3.709863     -10.260527       0.062500       0.187500
      1.020100       0.625459       0.655276       0.055450       0.075642      -3.215388      -5.345293       0.062500       0.187500
      1.025125       0.625638       0.655595       0.035635       0.063636      -3.943209      -2.389127       0.062500       0.187500
      1.030150       0.625874       0.655881       0.046986       0.056798       2.258936      -1.360801       0.062500       0.187500
      1.035175       0.626208       0.656031       0.066505       0.029932       3.884386      -5.346488       0.062500       0.187500
      1.040200       0.626453       0.656123       0.048683       0.018164      -3.546730      -2.341929       0.062500       0.187500
      1.045225       0.626737       0.656284       0.056431       0.032045       1.541898       2.762292       0.062500       0.187500
      1.050250       0.627012       0.656419       0.054715       0.026879      -0.341505      -1.027876       0.062500       0.187500
      1.055275       0.627251       0.656466       0.047732       0.009455      -1.389672      -3.467552       0.062500       0.187500
      1.060300       0.627466       0.656433       0.042791      -0.006544      -0.983202      -3.183845       0.062500       0.187500
      1.065325       0.627664       0.656429       0.039326      -0.000918      -0.689598       1.119636       0.062500       0.187500
      1.070350       0.627764       0.656319       0.019891      -0.021756      -3.867742      -4.146871       0.062500       0.187500
      1.075375       0.627804       0.656200       0.007857      -0.023743      -2.394683      -0.395508       0.062500       0.187500
      1.080400       0.627780       0.656117      -0.004645      -0.016473      -2.487949       1.446841       0.062500       0.187500
      1.085425       0.627766       0.656036      -0.002885      -0.016244       0.350192       0.045596       0.062500       0.187500
      1.090450       0.627774       0.655969       0.001726      -0.013334       0.917528       0.579066       0.062500       0.187500
      1.095475       0.627767       0.655926      -0.001535      -0.008459      -0.648861       0.970192       0.062500       0.187500
      1.100500       0.627615       0.655829      -0.030100      -0.019303      -5.684682      -2.158115       0.062500       0.187500
      1.105525       0.627458       0.655620      -0.031299      -0.041578      -0.238476      -4.432905       0.062500       0.187500
      1.110550       0.627281       0.655427      -0.035194      -0.038523      -0.775179       0.607949       0.062500       0.187500
      1.115575       0.627045       0.655293      -0.047107      -0.026682      -2.370673       2.356521       0.062500       0.187500
      1.120600       0.626788       0.655190      -0.051111      -0.020355      -0.797004       1.259184       0.062500       0.187500
      1.125625       0.626603       0.655075      -0.036761      -0.023014       2.855848      -0.529198       0.062500       0.187500
      1.130650       0.626445       0.654999      -0.031443      -0.014988       1.058174       1.597080       0.062500       0.187500
      1.135675       0.626340       0.654986      -0.020884      -0.002704       2.101403       2.444720       0.062500       0.187500
      1.140700       0.626239       0.654980      -0.020031      -0.001109       0.169696       0.317347       0.062500       0.187500
      1.145725       0.626165       0.654996      -0.014872       0.003262       1.026720       0.869937       0.062500       0.187500
      1.150750       0.626200       0.654985       0.007068      -0.002341       4.366239      -1.115172       0.062500       0.187500
      1.155775       0.626224       0.654960       0.004707      -0.004940      -0.469916      -0.517086       0.062500       0.187500
      1.160800       0.626298       0.654892       0.014675      -0.013581       1.983717      -1.719689       0.062500       0.187500
      1.165825       0.626328       0.654810       0.006058      -0.016191      -1.714851      -0.519445       0.062500       0.187500
      1.170850       0.626368       0.654740       0.007898      -0.014069       0.366062       0.422453       0.062500       0.187500
      1.175875       0.626442       0.654726       0.014829      -0.002794       1.379374       2.243646       0.062500       0.187500
      1.180900       0.626505       0.654754       0.012430       0.005571      -0.477368       1.664688       0.062500       0.187500
      1.185925       0.626647       0.654813       0.028259       0.011833       3.150109       1.246243       0.062500       0.187500
      1.190950       0.626759       0.654933       0.022367       0.023871      -1.172555       2.395533       0.062500       0.187500
      1.195975       0.626802       0.655135       0.008575       0.040184      -2.744689       3.246506       0.062500       0.187500
      1.201000       0.626813       0.655376       0.002096       0.047931      -1.289510       1.541681       0.062500       0.187500
      1.206025       0.626904       0.655540       0.018248       0.032606       3.214330      -3.049862       0.062500       0.187500
      1.211050       0.627090       0.655617       0.036933       0.015390       3.718522      -3.425997       0.062500       0.187500
      1.216075       0.627180       0.655695       0.017986       0.015522      -3.770533       0.026257       0.062500       0.187500
      1.221100       0.627218       0.655802       0.007567       0.021261      -2.073464       1.142086       0.062500       0.187500
      1.226125       0.627262       0.655914       0.008621       0.022422       0.209848       0.231112       0.062500       0.187500
      1.231150       0.627283       0.656014       0.004176       0.019843      -0.884674      -0.513246       0.062500       0.187500
      1.236175       0.627284       0.656119       0.000216       0.020918      -0.787985       0.213902       0.062500       0.187500
      1.241200       0.627205       0.656223      -0.015683       0.020675      -3.164087      -0.048365       0.062500       0.187500
      1.246225       0.627058       0.656319      -0.029315       0.019058      -2.712707      -0.321805       0.062500       0.187500
      1.251250       0.626926       0.656322      -0.026134       0.000635       0.632880      -3.666229       0.062500       0.187500
      1.256275       0.626854       0.656275      -0.014434      -0.009304       2.328331      -1.977883       0.062500       0.187500
      1.261300       0.626797       0.656175      -0.011324      -0.020043       0.619026      -2.137131       0.062500       0.187500
      1.266325       0.626746       0.656065      -0.010071      -0.021812       0.249382      -0.352031       0.062500       0.187500
      1.271350       0.626670       0.655959      -0.015274      -0.021035      -1.035388       0.154466       0.062500       0.187500
      1.276375       0.626560       0.655865      -0.021764      -0.018735      -1.291554       0.457846       0.062500       0.187500
      1.281400       0.626505       0.655779      -0.010884      -0.017231       2.165105       0.299145       0.062500       0.187500
      1.286425       0.626454       0.655683      -0.010223      -0.019070       0.131548      -0.365778       0.062500       0.187500
      1.291450       0.626419       0.655583      -0.006936      -0.019917       0.654021      -0.168567       0.062500       0.187500
      1.296475       0.626397       0.655458      -0.004461      -0.024905       0.492665      -0.992714       0.062500       0.187500
      1.301500       0.626373       0.655303      -0.004675      -0.030811      -0.042560      -1.175312       0.062500       0.187500
      1.306525       0.626305       0.655160      -0.013523      -0.028483      -1.760934       0.463239       0.062500       0.187500
      1.311550       0.626237       0.655041      -0.013669      -0.023662      -0.028894       0.959490       0.062500       0.187500
      1.316575       0.626191       0.654916      -0.009193      -0.024899       0.890717      -0.246147       0.062500       0.187500
      1.321600       0.626165       0.654742      -0.005119      -0.034615       0.810600      -1.933559       0.062500       0.187500
      1.326625       0.626189       0.654525       0.004788      -0.043106       1.971528      -1.689788       0.062500       0.187500
      1.331650       0.626253       0.654314       0.012860      -0.041943       1.606390       0.231388       0.062500       0.187500
      1.336675       0.626334       0.654115       0.016094      -0.039616       0.643733       0.463127       0.062500       0.187500
      1.341700       0.626441       0.653938       0.021272      -0.035222       1.030426       0.874342       0.062500       0.187500
      1.346725       0.626576       0.653774       0.026841      -0.032695       1.108178       0.502891       0.062500       0.187500
      1.351750       0.626760       0.653634       0.036648      -0.027813       1.951686       0.971702       0.062500       0.187500
      1.356775       0.626956       0.653507       0.038885      -0.025356       0.445106       0.488895       0.062500       0.187500
      1.361800       0.627161       0.653356       0.040920      -0.030079       0.405043      -0.939843       0.062500       0.187500
      1.366825       0.627329       0.653227       0.033428      -0.025528      -1.491031       0.905490       0.062500       0.187500
      1.371850       0.627445       0.653119       0.023000      -0.021529      -2.075195       0.795969       0.062500       0.187500
      1.376875       0.627572       0.653037       0.025346      -0.016377       0.466948       1.025282       0.062500       0.187500
      1.381900       0.627721       0.652960       0.029657      -0.015353       0.857828       0.203685       0.062500       0.187500
      1.386925       0.627847       0.652916       0.025078      -0.008672      -0.911226       1.329610       0.062500       0.187500
      1.391950       0.627908       0.652886       0.012022      -0.006014      -2.598284       0.528995       0.062500       0.187500
      1.396975       0.627958       0.652868       0.009923      -0.003574      -0.417641       0.485418       0.062500       0.187500
      1.402000       0.627988       0.652857       0.006013      -0.002275      -0.778060       0.258601       0.062500       0.187500
      1.407025       0.628015       0.652918       0.005379       0.012163      -0.126184       2.873226       0.062500       0.187500
      1.412050       0.628007       0.653005      -0.001538       0.017342      -1.376611       1.030592       0.062500       0.187500
      1.417075       0.627967       0.653089      -0.007923       0.016848      -1.270626      -0.098263       0.062500       0.187500
      1.422100       0.627919       0.653201      -0.009638       0.022114      -0.341242       1.047909       0.062500       0.187500
      1.427125       0.627859       0.653344      -0.011924       0.028518      -0.454861       1.274532       0.062500       0.187500
      1.432150       0.627788       0.653495      -0.014021       0.030046      -0.417386       0.304006       0.062500       0.187500
      1.437175       0.627710       0.653663      -0.015598       0.033522      -0.313751       0.691729       0.062500       0.187500
      1.442200       0.627637       0.653830      -0.014441       0.033197       0.230279      -0.064542       0.062500       0.187500
      1.447225       0.627539       0.653969      -0.019680       0.027626      -1.042653      -1.108648       0.062500       0.187500
      1.452250       0.627427       0.654110      -0.022257       0.028071      -0.512818       0.088452       0.062500       0.187500
      1.457275       0.627324       0.654268      -0.020454       0.031496       0.358679       0.681515       0.062500       0.187500
      1.462300       0.627241       0.654392      -0.016474       0.024611       0.792135      -1.370082       0.062500       0.187500
      1.467325       0.627170       0.654508      -0.014170       0.023000       0.458422      -0.320545       0.062500       0.187500
      1.472350       0.627056       0.654598      -0.022642       0.017954      -1.685944      -1.004256       0.062500       0.187500
      1.477375       0.626949       0.654691      -0.021242       0.018515       0.278658       0.111650       0.062500       0.187500
      1.482400       0.626847       0.654777      -0.020437       0.017251       0.160226      -0.251597       0.062500       0.187500
      1.487425       0.626772       0.654865      -0.014901       0.017336       1.101628       0.016924       0.062500       0.187500
      1.492450       0.626727       0.654924      -0.008983       0.011752       1.177742      -1.111223       0.062500       0.187500
      1.497475       0.626680       0.654946      -0.009361       0.004476      -0.075273      -1.447900       0.062500       0.187500
      1.502500       0.626658       0.654953      -0.004408       0.001462       0.985701      -0.599704       0.062500       0.187500
