      0.000000       0.371848       0.345424       0.000000       0.000000       0.000000       0.000000       0.062500       0.687500
      0.005025       0.376169       0.347333       0.859990       0.380070     171.142356      75.635869       0.062500       0.687500
      0.010050       0.377711       0.348293       0.306717       0.191008    -110.104195     -37.624372       0.062500       0.687500
      0.015075       0.377848       0.350747       0.027334       0.488268     -55.598610      59.156352       0.062500       0.687500
      0.020101       0.379804       0.354348       0.389297       0.716675      72.032508      45.454082       0.062500       0.687500
      0.025126       0.377028       0.355656      -0.552454       0.260198    -187.413230     -90.841145       0.062500       0.687500
      0.030151       0.376931       0.355821      -0.019408       0.032829     106.078817     -45.247579       0.062500       0.687500
      0.035176       0.380525       0.357716       0.715409       0.377247     146.232240      68.540795       0.062500       0.687500
      0.040201       0.381892       0.361298       0.271906       0.712750     -88.259274      66.766722       0.062500       0.687500
      0.045226       0.383207       0.363900       0.261682       0.517913      -2.034498     -38.773471       0.062500       0.687500
      0.050251       0.383758       0.364395       0.109661       0.098476     -30.253063     -83.470064       0.062500       0.687500
      0.055276       0.383684       0.364946      -0.014706       0.109670     -24.749574       2.227656       0.062500       0.687500
      0.060302       0.385270       0.365123       0.315616       0.035129      65.735656     -14.834056       0.062500       0.687500
      0.065327       0.388114       0.366912       0.566003       0.356088      49.828342      63.872584       0.062500       0.687500
      0.070352       0.389693       0.369483       0.314184       0.511593     -50.113197      30.946210       0.062500       0.687500
      0.075377       0.390872       0.371991       0.234670       0.499136     -15.823713      -2.478984       0.062500       0.687500
      0.080402       0.392580       0.372671       0.339851       0.135257      20.931452     -72.413875       0.062500       0.687500
      0.085427       0.393326       0.373104       0.148580       0.086326     -38.063864      -9.737372       0.062500       0.687500
      0.090452       0.394564       0.373091       0.246199      -0.002650      19.426589     -17.706622       0.062500       0.687500
      0.095477       0.395614       0.374548       0.209092       0.289980      -7.384343      58.234719       0.062500       0.687500
      0.100503       0.397814       0.377606       0.437809       0.608531      45.515675      63.393188       0.062500       0.687500
      0.105528       0.398584       0.379389       0.153268       0.354864     -56.625032     -50.480916       0.062500       0.687500
      0.110553       0.400223       0.380150       0.326125       0.151431      34.399378     -40.484251       0.062500       0.687500
      0.115578       0.403370       0.380091       0.626219      -0.011820      59.720242     -32.487609       0.062500       0.687500
      0.120603       0.404708       0.380624       0.266349       0.106004     -71.615838      23.447548       0.062500       0.687500
      0.125628       0.404668       0.383127      -0.007950       0.498242     -54.586977      78.057243       0.062500       0.687500
      0.130653       0.404957       0.387256       0.057362       0.821572      12.997406      64.344340       0.062500       0.687500
      0.135678       0.406980       0.390460       0.402636       0.637755      68.711244     -36.580487       0.062500       0.687500
      0.140704       0.410504       0.392619       0.701402       0.429646      59.456041     -41.414889       0.062500       0.687500
      0.145729       0.412251       0.394156       0.347569       0.305870     -70.414588     -24.632044       0.062500       0.687500
      0.150754       0.413048       0.395123       0.158524       0.192367     -37.620866     -22.587672       0.062500       0.687500
      0.155779       0.413291       0.395829       0.048441       0.140532     -21.907137     -10.315332       0.062500       0.687500
      0.160804       0.413974       0.396270       0.135930       0.087736      17.410706     -10.506611       0.062500       0.687500
      0.165829       0.415589       0.395506       0.321488      -0.152025      36.927005     -47.713772       0.062500       0.687500
      0.170854       0.418067       0.397394       0.493012       0.375658      34.134244     105.011663       0.062500       0.687500
      0.175879       0.420169       0.399857       0.418412       0.490191     -14.845904      22.792504       0.062500       0.687500
      0.180905       0.421099       0.401571       0.184966       0.341001     -46.456860     -29.689360       0.062500       0.687500
      0.185930       0.423129       0.403778       0.404023       0.439308      43.593407      19.563405       0.062500       0.687500
      0.190955       0.424969       0.405767       0.366159       0.395829      -7.535104      -8.652437       0.062500       0.687500
      0.195980       0.425127       0.406534       0.031543       0.152578     -66.590285     -48.408214       0.062500       0.687500
      0.201005       0.426110       0.407431       0.195586       0.178463      32.645396       5.151223       0.062500       0.687500
      0.206030       0.426081       0.408870      -0.005898       0.286479     -40.096361      21.495872       0.062500       0.687500
      0.211055       0.427561       0.410368       0.294537       0.298062      59.788123       2.304962       0.062500       0.687500
      0.216080       0.429266       0.412666       0.339262       0.457272       8.900595      31.683529       0.062500       0.687500
      0.221106       0.431729       0.415525       0.490184       0.568943      30.034120      22.223231       0.062500       0.687500
      0.226131       0.432883       0.417721       0.229727       0.437124     -51.832162     -26.232791       0.062500       0.687500
      0.231156       0.433281       0.419122       0.079236       0.278810     -29.948582     -31.505109       0.062500       0.687500
      0.236181       0.433431       0.420302       0.029722       0.234732      -9.853377      -8.771840       0.062500       0.687500
      0.241206       0.434383       0.420769       0.189633       0.093067      31.822977     -28.192114       0.062500       0.687500
      0.246231       0.435583       0.422447       0.238750       0.333885       9.774509      47.924142       0.062500       0.687500
      0.251256       0.437049       0.423887       0.291753       0.286470      10.547932      -9.435852       0.062500       0.687500
      0.256281       0.438274       0.424688       0.243697       0.159534      -9.563327     -25.260890       0.062500       0.687500
      0.261307       0.439367       0.426065       0.217529       0.273914      -5.207728      22.762086       0.062500       0.687500
      0.266332       0.440950       0.427137       0.315081       0.213370      19.413421     -12.048439       0.062500       0.687500
      0.271357       0.441325       0.428668       0.074687       0.304774     -47.839647      18.189812       0.062500       0.687500
      0.276382       0.441879       0.430710       0.110125       0.406213       7.052354      20.186778       0.062500       0.687500
      0.281407       0.442639       0.432779       0.151347       0.411758       8.203427       1.103478       0.062500       0.687500
      0.286432       0.443097       0.434068       0.091138       0.256557     -11.981838     -30.885774       0.062500       0.687500
      0.291457       0.443400       0.436257       0.060208       0.435722      -6.155258      35.654838       0.062500       0.687500
      0.296482       0.445606       0.439233       0.438967       0.592134      75.374976      31.126674       0.062500       0.687500
      0.301508       0.448280       0.441138       0.532138       0.379114      18.541448     -42.392044       0.062500       0.687500
      0.306533       0.450718       0.441959       0.485162       0.163457      -9.348408     -42.916744       0.062500       0.687500
      0.311558       0.451955       0.442756       0.246166       0.158466     -47.561513      -0.993189       0.062500       0.687500
      0.316583       0.453308       0.443695       0.269363       0.187016       4.616348       5.681560       0.062500       0.687500
      0.321608       0.454256       0.444967       0.188713       0.253129     -16.049741      13.156847       0.062500       0.687500
      0.326633       0.455427       0.446822       0.232879       0.369169       8.789207      23.092466       0.062500       0.687500
      0.331658       0.455630       0.448712       0.040500       0.376031     -38.284321       1.365672       0.062500       0.687500
      0.336683       0.455507       0.450275      -0.024456       0.311045     -12.926654     -12.932602       0.062500       0.687500
      0.341709       0.455706       0.451232       0.039489       0.190504      12.725526     -23.988276       0.062500       0.687500
      0.346734       0.457086       0.452245       0.274728       0.201583      46.813676       2.204676       0.062500       0.687500
      0.351759       0.459891       0.453812       0.558102       0.311840      56.392844      21.941707       0.062500       0.687500
      0.356784       0.463131       0.456210       0.644843       0.477079      17.261777      32.883545       0.062500       0.687500
      0.361809       0.465371       0.459089       0.445850       0.572963     -39.600587      19.081352       0.062500       0.687500
      0.366834       0.466410       0.461884       0.206587       0.556301     -47.614481      -3.315787       0.062500       0.687500
      0.371859       0.466531       0.464097       0.024110       0.440405     -36.313737     -23.064040       0.062500       0.687500
      0.376884       0.466257       0.466167      -0.054437       0.411887     -15.631241      -5.675056       0.062500       0.687500
      0.381910       0.467083       0.467754       0.164370       0.315925      43.543550     -19.096940       0.062500       0.687500
      0.386935       0.467910       0.470097       0.164639       0.466104       0.053584      29.886292       0.062500       0.687500
      0.391960       0.467405       0.473689      -0.100578       0.714902     -52.779455      49.512040       0.062500       0.687500
      0.396985       0.466582       0.477668      -0.163728       0.791812     -12.567143      15.305446       0.062500       0.687500
      0.402010       0.465666       0.482375      -0.182342       0.936852      -3.704274      28.863805       0.062500       0.687500
      0.407035       0.465811       0.486751       0.028862       0.870806      42.030525     -13.143651       0.062500       0.687500
      0.412060       0.465674       0.492380      -0.027309       1.120167     -11.178351      49.624229       0.062500       0.687500
      0.417085       0.464323       0.498240      -0.268875       1.166061     -48.072752       9.132989       0.062500       0.687500
      0.422111       0.462081       0.505191      -0.446117       1.383464     -35.272091      43.264384       0.062500       0.687500
      0.427136       0.459286       0.512813      -0.556313       1.516734     -21.929487      26.521309       0.062500       0.687500
      0.432161       0.456111       0.520774      -0.631826       1.584207     -15.027530      13.427616       0.062500       0.687500
      0.437186       0.451931       0.528647      -0.831803       1.566916     -39.796270      -3.441152       0.062500       0.687500
      0.442211       0.446787       0.535828      -1.023723       1.428913     -38.193094     -27.463226       0.062500       0.687500
      0.447236       0.441484       0.542568      -1.055253       1.341413      -6.274562     -17.412924       0.062500       0.687500
      0.452261       0.436495       0.548630      -0.992854       1.206310      12.417564     -26.886240       0.062500       0.687500
      0.457286       0.431348       0.554365      -1.024260       1.141197      -6.249923     -12.957754       0.062500       0.687500
      0.462312       0.426213       0.559398      -1.021898       1.001743       0.470158     -27.752004       0.062500       0.687500
      0.467337       0.420584       0.564077      -1.120173       0.931018     -19.557228     -14.074717       0.062500       0.687500
      0.472362       0.415434       0.567605      -1.024805       0.702170      18.978592     -45.541873       0.062500       0.687500
      0.477387       0.411174       0.569795      -0.847790       0.435731      35.226958     -53.022732       0.062500       0.687500
      0.482412       0.408585       0.570736      -0.515342       0.187248      66.158806     -49.449189       0.062500       0.687500
      0.487437       0.407294       0.570552      -0.256833      -0.036528      51.444558     -44.532674       0.062500       0.687500
      0.492462       0.407097       0.569514      -0.039308      -0.206617      43.288605     -33.848466       0.062500       0.687500
      0.497487       0.407748       0.568103       0.129592      -0.280675      33.611776     -14.737948       0.062500       0.687500
      0.502513       0.409270       0.565853       0.302919      -0.447846      34.493068     -33.267945       0.062500       0.687500
      0.507538       0.412191       0.563677       0.581367      -0.432928      55.412570       2.968898       0.062500       0.687500
      0.512563       0.416528       0.560968       0.863063      -0.539131      56.058847     -21.134987       0.062500       0.687500
      0.517588       0.422018       0.557519       1.092408      -0.686472      45.640688     -29.321534       0.062500       0.687500
      0.522613       0.427942       0.554213       1.179099      -0.657779      17.251968       5.710064       0.062500       0.687500
      0.527638       0.434315       0.550935       1.268217      -0.652443      17.734973       1.061898       0.062500       0.687500
      0.532663       0.441184       0.547479       1.366988      -0.687660      19.655958      -7.008477       0.062500       0.687500
      0.537688       0.447963       0.543635       1.349034      -0.765127      -3.573005     -15.416200       0.062500       0.687500
      0.542714       0.455117       0.539832       1.423630      -0.756688      14.845058       1.679385       0.062500       0.687500
      0.547739       0.462814       0.536148       1.531758      -0.733266      21.517876       4.660965       0.062500       0.687500
      0.552764       0.470522       0.533090       1.533870      -0.608559       0.420349      24.817339       0.062500       0.687500
      0.557789       0.478139       0.530497       1.515845      -0.515991      -3.586982      18.421511       0.062500       0.687500
      0.562814       0.485489       0.529193       1.462774      -0.259434     -10.561462      51.056165       0.062500       0.687500
      0.567839       0.492476       0.527898       1.390278      -0.257736     -14.427055       0.337997       0.062500       0.687500
      0.572864       0.499348       0.527255       1.367686      -0.127997      -4.495971      25.818547       0.062500       0.687500
      0.577889       0.505316       0.527435       1.187556       0.035756     -35.846713      32.587697       0.062500       0.687500
      0.582915       0.510586       0.527770       1.048844       0.066831     -27.604388       6.184136       0.062500       0.687500
      0.587940       0.515357       0.528919       0.949517       0.228541     -19.766517      32.181041       0.062500       0.687500
      0.592965       0.519042       0.530748       0.733352       0.364033     -43.017944      26.963558       0.062500       0.687500
      0.597990       0.521682       0.532715       0.525278       0.391414     -41.407808       5.448928       0.062500       0.687500
      0.603015       0.523725       0.534792       0.406613       0.413390     -23.614898       4.373425       0.062500       0.687500
      0.608040       0.525717       0.536632       0.396324       0.366144      -2.047516      -9.402169       0.062500       0.687500
      0.613065       0.527726       0.537921       0.399915       0.256454       0.714593     -21.828797       0.062500       0.687500
      0.618090       0.529377       0.539145       0.328472       0.243671     -14.217541      -2.543897       0.062500       0.687500
      0.623116       0.531165       0.540652       0.355909       0.299787       5.460103      11.167198       0.062500       0.687500
      0.628141       0.532991       0.542301       0.363362       0.328178       1.483242       5.650089       0.062500       0.687500
      0.633166       0.534554       0.543966       0.310961       0.331349     -10.428137       0.631056       0.062500       0.687500
      0.638191       0.535659       0.545591       0.219961       0.323487     -18.109376      -1.564628       0.062500       0.687500
      0.643216       0.536621       0.546989       0.191439       0.278066      -5.676067      -9.039000       0.062500       0.687500
      0.648241       0.537591       0.548128       0.193001       0.226689       0.310810     -10.224308       0.062500       0.687500
      0.653266       0.538601       0.549133       0.200913       0.200004       1.574593      -5.310421       0.062500       0.687500
      0.658291       0.539995       0.550269       0.277445       0.226215      15.230163       5.216121       0.062500       0.687500
      0.663317       0.541505       0.551507       0.300491       0.246194       4.586265       3.975997       0.062500       0.687500
      0.668342       0.542910       0.552818       0.279620       0.261039      -4.153329       2.954198       0.062500       0.687500
      0.673367       0.544304       0.554422       0.277417       0.319238      -0.438504      11.581888       0.062500       0.687500
      0.678392       0.545680       0.555968       0.273814       0.307568      -0.716955      -2.322377       0.062500       0.687500
      0.683417       0.547174       0.557270       0.297354       0.259046       4.684566      -9.656197       0.062500       0.687500
      0.688442       0.548704       0.558728       0.304434       0.290228       1.408967       6.205437       0.062500       0.687500
      0.693467       0.550229       0.560205       0.303552       0.293979      -0.175543       0.746340       0.062500       0.687500
      0.698492       0.551717       0.561474       0.296063       0.252504      -1.490352      -8.253643       0.062500       0.687500
      0.703518       0.553010       0.562584       0.257427       0.220896      -7.688660      -6.290229       0.062500       0.687500
      0.708543       0.554198       0.563782       0.236358       0.238458      -4.192939       3.494993       0.062500       0.687500
      0.713568       0.555121       0.565445       0.183762       0.330922     -10.466722      18.400772       0.062500       0.687500
      0.718593       0.556086       0.567195       0.191926       0.348115       1.624572       3.421513       0.062500       0.687500
      0.723618       0.556769       0.568869       0.135897       0.333281     -11.150017      -2.952047       0.062500       0.687500
      0.728643       0.557401       0.570687       0.125873       0.361748      -1.994839       5.665137       0.062500       0.687500
      0.733668       0.558444       0.572328       0.207598       0.326559      16.263638      -7.002890       0.062500       0.687500
      0.738693       0.559760       0.573815       0.261842       0.295984      10.794769      -6.084600       0.062500       0.687500
      0.743719       0.561009       0.575249       0.248482       0.285264      -2.658576      -2.133233       0.062500       0.687500
      0.748744       0.562263       0.576718       0.249639       0.292298       0.230152       1.399804       0.062500       0.687500
      0.753769       0.563318       0.578216       0.209999       0.298267      -7.888537       1.187922       0.062500       0.687500
      0.758794       0.564334       0.579654       0.202118       0.286093      -1.568322      -2.422752       0.062500       0.687500
      0.763819       0.565859       0.580959       0.303482       0.259757      20.171864      -5.241103       0.062500       0.687500
      0.768844       0.567598       0.582241       0.346125       0.255080       8.486341      -0.930586       0.062500       0.687500
      0.773869       0.569173       0.583624       0.313365       0.275251      -6.519507       4.014016       0.062500       0.687500
      0.778894       0.570709       0.585183       0.305754       0.310163      -1.514564       6.947774       0.062500       0.687500
      0.783920       0.572190       0.586699       0.294652       0.301648      -2.209402      -1.694655       0.062500       0.687500
      0.788945       0.573609       0.588017       0.282375       0.262419      -2.443165      -7.806675       0.062500       0.687500
      0.793970       0.574946       0.589550       0.266087       0.304985      -3.241396       8.470766       0.062500       0.687500
      0.798995       0.576318       0.591291       0.273037       0.346540       1.383129       8.269633       0.062500       0.687500
      0.804020       0.577851       0.593020       0.305024       0.344010       6.365464      -0.503485       0.062500       0.687500
      0.809045       0.579183       0.594716       0.265194       0.337629      -7.926319      -1.269831       0.062500       0.687500
      0.814070       0.580557       0.596316       0.273304       0.318252       1.613865      -3.856063       0.062500       0.687500
      0.819095       0.581954       0.597954       0.278059       0.326138       0.946309       1.569279       0.062500       0.687500
      0.824121       0.583271       0.599691       0.262032       0.345649      -3.189397       3.882744       0.062500       0.687500
      0.829146       0.584440       0.601305       0.232732       0.321136      -5.830924      -4.878125       0.062500       0.687500
      0.834171       0.585754       0.602774       0.261492       0.292436       5.723378      -5.711446       0.062500       0.687500
      0.839196       0.586983       0.604511       0.244501       0.345612      -3.381197      10.582270       0.062500       0.687500
      0.844221       0.588205       0.606352       0.243194       0.366267      -0.260148       4.110479       0.062500       0.687500
      0.849246       0.589375       0.608036       0.232826       0.335186      -2.063195      -6.185335       0.062500       0.687500
      0.854271       0.590547       0.609603       0.233303       0.311877       0.094886      -4.638633       0.062500       0.687500
      0.859296       0.591815       0.611144       0.252229       0.306702       3.766414      -1.029681       0.062500       0.687500
      0.864322       0.592998       0.612733       0.235458       0.316171      -3.337515       1.884299       0.062500       0.687500
      0.869347       0.594025       0.614308       0.204383       0.313368      -6.184160      -0.557753       0.062500       0.687500
      0.874372       0.594857       0.615833       0.165626       0.303515      -7.712751      -1.960937       0.062500       0.687500
      0.879397       0.595704       0.617437       0.168472       0.319170       0.566276       3.115447       0.062500       0.687500
      0.884422       0.596698       0.618982       0.197786       0.307606       5.833555      -2.301176       0.062500       0.687500
      0.889447       0.597572       0.620544       0.173972       0.310824      -4.739061       0.640364       0.062500       0.687500
      0.894472       0.598502       0.622161       0.185031       0.321745       2.200864       2.173390       0.062500       0.687500
      0.899497       0.599400       0.623645       0.178742       0.295207      -1.251602      -5.281175       0.062500       0.687500
      0.904523       0.600343       0.625161       0.187731       0.301717       1.788808       1.295518       0.062500       0.687500
      0.909548       0.601408       0.626733       0.211864       0.312798       4.802748       2.205156       0.062500       0.687500
      0.914573       0.602637       0.628178       0.244541       0.287727       6.502871      -4.989289       0.062500       0.687500
      0.919598       0.604079       0.629572       0.287094       0.277374       8.468141      -2.060391       0.062500       0.687500
      0.924623       0.605667       0.630995       0.315911       0.283133       5.734835       1.146073       0.062500       0.687500
      0.929648       0.607151       0.632385       0.295402       0.276684      -4.081544      -1.283276       0.062500       0.687500
      0.934673       0.608691       0.633707       0.306526       0.263120       2.213854      -2.699404       0.062500       0.687500
      0.939698       0.610199       0.635090       0.300045       0.275199      -1.289721       2.403742       0.062500       0.687500
      0.944724       0.611528       0.636657       0.264545       0.311805      -7.064789       7.284837       0.062500       0.687500
      0.949749       0.612774       0.638209       0.247829       0.308913      -3.326476      -0.575573       0.062500       0.687500
      0.954774       0.613997       0.639749       0.243382       0.306352      -0.885096      -0.509529       0.062500       0.687500
      0.959799       0.615290       0.641306       0.257447       0.309822       2.799122       0.690558       0.062500       0.687500
      0.964824       0.616642       0.642792       0.268979       0.295771       2.294800      -2.796189       0.062500       0.687500
      0.969849       0.618043       0.644090       0.278764       0.258354       1.947356      -7.446267       0.062500       0.687500
      0.974874       0.619277       0.645338       0.245642       0.248310      -6.591482      -1.998805       0.062500       0.687500
      0.979899       0.620313       0.646417       0.206062       0.214811      -7.876533      -6.666457       0.062500       0.687500
      0.984925       0.621218       0.647342       0.180220       0.183936      -5.142682      -6.144375       0.062500       0.687500
      0.989950       0.621968       0.648231       0.149305       0.177052      -6.152283      -1.369800       0.062500       0.687500
      0.994975       0.622655       0.649169       0.136596       0.186686      -2.529174       1.917216       0.062500       0.687500
      1.000000       0.623251       0.650119       0.118682       0.188967      -3.564946       0.453775       0.062500       0.687500
      1.005025       0.623791       0.650965       0.107463       0.168396      -2.232604      -4.093568       0.062500       0.687500
      1.010050       0.624288       0.651748       0.098956       0.155730      -1.692907      -2.520596       0.062500       0.687500
      1.015075       0.624707       0.652469       0.083245       0.143622      -3.126566      -2.409636       0.062500       0.687500
      1.020100       0.625011       0.653083       0.060579       0.122170      -4.510656      -4.269123       0.062500       0.687500
      1.025125       0.625266       0.653583       0.050758       0.099374      -1.954535      -4.536434       0.062500       0.687500
      1.030150       0.625422       0.653969       0.030903       0.076905      -3.951292      -4.471447       0.062500       0.687500
      1.035175       0.625531       0.654281       0.021874       0.062095      -1.796726      -2.947286       0.062500       0.687500
      1.040200       0.625734       0.654502       0.040248       0.043975       3.656483      -3.605892       0.062500       0.687500
      1.045225       0.625933       0.654676       0.039702       0.034625      -0.108678      -1.860743       0.062500       0.687500
      1.050250       0.626047       0.654844       0.022690       0.033358      -3.385429      -0.252128       0.062500       0.687500
      1.055275       0.625970       0.654998      -0.015387       0.030707      -7.577486      -0.527673       0.062500       0.687500
      1.060300       0.625817       0.655190      -0.030418       0.038218      -2.991206       1.494828       0.062500       0.687500
      1.065325       0.625711       0.655297      -0.021148       0.021358       1.844770      -3.355201       0.062500       0.687500
      1.070350       0.625684       0.655270      -0.005285      -0.005350       3.156741      -5.315065       0.062500       0.687500
      1.075375       0.625694       0.655120       0.001948      -0.029907       1.439488      -4.887013       0.062500       0.687500
      1.080400       0.625756       0.655072       0.012323      -0.009606       2.064679       4.040039       0.062500       0.687500
      1.085425       0.625962       0.655034       0.040923      -0.007636       5.691390       0.392062       0.062500       0.687500
      1.090450       0.626190       0.655022       0.045449      -0.002231       0.900850       1.075606       0.062500       0.687500
      1.095475       0.626386       0.655014       0.038920      -0.001613      -1.299414       0.123017       0.062500       0.687500
      1.100500       0.626583       0.655007       0.039374      -0.001459       0.090402       0.030659       0.062500       0.687500
      1.105525       0.626807       0.655046       0.044454       0.007784       1.010951       1.839463       0.062500       0.687500
      1.110550       0.627010       0.654961       0.040361      -0.016884      -0.814551      -4.909138       0.062500       0.687500
      1.115575       0.627133       0.654791       0.024527      -0.033944      -3.150991      -3.394993       0.062500       0.687500
      1.120600       0.627118       0.654733      -0.002938      -0.011539      -5.465794       4.458628       0.062500       0.687500
      1.125625       0.627147       0.654701       0.005720      -0.006236       1.722967       1.055277       0.062500       0.687500
      1.130650       0.627151       0.654721       0.000783       0.003918      -0.982394       2.020861       0.062500       0.687500
      1.135675       0.627106       0.654783      -0.008928       0.012329      -1.932498       1.673687       0.062500       0.687500
      1.140700       0.627056       0.654851      -0.010019       0.013529      -0.217106       0.238904       0.062500       0.687500
      1.145725       0.627022       0.654891      -0.006750       0.007917       0.650590      -1.116837       0.062500       0.687500
      1.150750       0.627018       0.654921      -0.000783       0.006053       1.187438      -0.370924       0.062500       0.687500
      1.155775       0.627019       0.654858       0.000262      -0.012650       0.207952      -3.722087       0.062500       0.687500
      1.160800       0.627024       0.654925       0.001024       0.013398       0.151537       5.183761       0.062500       0.687500
      1.165825       0.627002       0.655029      -0.004312       0.020793      -1.061892       1.471602       0.062500       0.687500
      1.170850       0.626903       0.655167      -0.019731       0.027394      -3.068404       1.313571       0.062500       0.687500
      1.175875       0.626813       0.655232      -0.018076       0.012995       0.329358      -2.865448       0.062500       0.687500
      1.180900       0.626654       0.655285      -0.031642       0.010565      -2.699699      -0.483449       0.062500       0.687500
      1.185925       0.626478       0.655287      -0.034990       0.000384      -0.666269      -2.026109       0.062500       0.687500
      1.190950       0.626298       0.655247      -0.035829      -0.008062      -0.167002      -1.680784       0.062500       0.687500
      1.195975       0.626142       0.655206      -0.030970      -0.008101       0.966969      -0.007845       0.062500       0.687500
      1.201000       0.626210       0.655098       0.013431      -0.021458       8.836002      -2.658112       0.062500       0.687500
      1.206025       0.626280       0.654920       0.014084      -0.035397       0.129904      -2.773919       0.062500       0.687500
      1.211050       0.626416       0.654723       0.026949      -0.039338       2.560379      -0.784257       0.062500       0.687500
      1.216075       0.626573       0.654601       0.031321      -0.024158       0.869956       3.020902       0.062500       0.687500
      1.221100       0.626696       0.654518       0.024381      -0.016620      -1.381136       1.500179       0.062500       0.687500
      1.226125       0.626819       0.654441       0.024624      -0.015284       0.048308       0.265787       0.062500       0.687500
      1.231150       0.626925       0.654400       0.021121      -0.008082      -0.696989       1.433279       0.062500       0.687500
      1.236175       0.627009       0.654416       0.016695       0.003108      -0.880869       2.226875       0.062500       0.687500
      1.241200       0.627038       0.654465       0.005789       0.009711      -2.170283       1.313959       0.062500       0.687500
      1.246225       0.627019       0.654530      -0.003893       0.012978      -1.926779       0.650243       0.062500       0.687500
      1.251250       0.627071       0.654507       0.010324      -0.004520       2.829287      -3.482184       0.062500       0.687500
      1.256275       0.627198       0.654444       0.025337      -0.012508       2.987535      -1.589695       0.062500       0.687500
      1.261300       0.627340       0.654345       0.028160      -0.019791       0.561801      -1.449376       0.062500       0.687500
      1.266325       0.627429       0.654234       0.017708      -0.022010      -2.079869      -0.441535       0.062500       0.687500
      1.271350       0.627476       0.654110       0.009420      -0.024798      -1.649363      -0.554823       0.062500       0.687500
      1.276375       0.627565       0.654025       0.017733      -0.016786       1.654323       1.594421       0.062500       0.687500
      1.281400       0.627623       0.653963       0.011477      -0.012501      -1.245069       0.852759       0.062500       0.687500
      1.286425       0.627643       0.653904       0.003963      -0.011616      -1.495358       0.175942       0.062500       0.687500
      1.291450       0.627646       0.653873       0.000638      -0.006290      -0.661697       1.060055       0.062500       0.687500
      1.296475       0.627648       0.653875       0.000419       0.000522      -0.043544       1.355480       0.062500       0.687500
      1.301500       0.627648       0.653866      -0.000038      -0.001853      -0.090828      -0.472512       0.062500       0.687500
      1.306525       0.627696       0.653874       0.009573       0.001606       1.912509       0.688266       0.062500       0.687500
      1.311550       0.627698       0.653921       0.000353       0.009424      -1.834820       1.555835       0.062500       0.687500
      1.316575       0.627638       0.653989      -0.011893       0.013429      -2.436945       0.796994       0.062500       0.687500
      1.321600       0.627537       0.654068      -0.020138       0.015834      -1.640805       0.478593       0.062500       0.687500
      1.326625       0.627405       0.654163      -0.026265       0.018768      -1.219325       0.583894       0.062500       0.687500
      1.331650       0.627287       0.654247      -0.023410       0.016774       0.568265      -0.396702       0.062500       0.687500
      1.336675       0.627222       0.654325      -0.012898       0.015520       2.091855      -0.249631       0.062500       0.687500
      1.341700       0.627154       0.654359      -0.013517       0.006818      -0.123186      -1.731688       0.062500       0.687500
      1.346725       0.627072       0.654392      -0.016307       0.006542      -0.555161      -0.055023       0.062500       0.687500
      1.351750       0.626991       0.654360      -0.016146      -0.006498       0.031883      -2.594976       0.062500       0.687500
      1.356775       0.626959       0.654312      -0.006345      -0.009420       1.950575      -0.581420       0.062500       0.687500
      1.361800       0.626961       0.654268       0.000323      -0.008799       1.326852       0.123533       0.062500       0.687500
      1.366825       0.626946       0.654258      -0.002948      -0.001949      -0.650831       1.363128       0.062500       0.687500
      1.371850       0.626944       0.654273      -0.000467       0.002927       0.493718       0.970476       0.062500       0.687500
      1.376875       0.626955       0.654294       0.002277       0.004286       0.546128       0.270366       0.062500       0.687500
      1.381900       0.626959       0.654319       0.000758       0.004801      -0.302473       0.102388       0.062500       0.687500
      1.386925       0.626956       0.654348      -0.000589       0.005761      -0.267966       0.191195       0.062500       0.687500
      1.391950       0.626960       0.654375       0.000681       0.005552       0.252766      -0.041611       0.062500       0.687500
      1.396975       0.626938       0.654431      -0.004226       0.011072      -0.976590       1.098446       0.062500       0.687500
      1.402000       0.626971       0.654489       0.006521       0.011505       2.138840       0.086100       0.062500       0.687500
      1.407025       0.627012       0.654539       0.008093       0.009894       0.312697      -0.320440       0.062500       0.687500
      1.412050       0.627021       0.654597       0.001788       0.011544      -1.254624       0.328267       0.062500       0.687500
      1.417075       0.627035       0.654644       0.002800       0.009476       0.201339      -0.411609       0.062500       0.687500
      1.422100       0.627059       0.654701       0.004795       0.011309       0.396929       0.364904       0.062500       0.687500
      1.427125       0.627050       0.654791      -0.001835       0.017856      -1.319281       1.302871       0.062500       0.687500
      1.432150       0.627020       0.654851      -0.005822       0.012003      -0.793522      -1.164809       0.062500       0.687500
      1.437175       0.626979       0.654875      -0.008150       0.004729      -0.463311      -1.447551       0.062500       0.687500
      1.442200       0.626880       0.654901      -0.019700       0.005155      -2.298508       0.084814       0.062500       0.687500
      1.447225       0.626751       0.654947      -0.025807       0.009208      -1.215281       0.806608       0.062500       0.687500
      1.452250       0.626621       0.654997      -0.025737       0.009970       0.013907       0.151495       0.062500       0.687500
      1.457275       0.626548       0.654997      -0.014643      -0.000100       2.207908      -2.003839       0.062500       0.687500
      1.462300       0.626476       0.655005      -0.014332       0.001607       0.061760       0.339681       0.062500       0.687500
      1.467325       0.626407       0.655003      -0.013733      -0.000256       0.119236      -0.370875       0.062500       0.687500
      1.472350       0.626332       0.654985      -0.014895      -0.003760      -0.231184      -0.697202       0.062500       0.687500
      1.477375       0.626276       0.654959      -0.011122      -0.005163       0.750757      -0.279210       0.062500       0.687500
      1.482400       0.626243       0.654949      -0.006599      -0.001860       0.900101       0.657388       0.062500       0.687500
      1.487425       0.626213       0.654973      -0.005864       0.004660       0.146397       1.297439       0.062500       0.687500
      1.492450       0.626196       0.655008      -0.003456       0.006974       0.479196       0.460479       0.062500       0.687500
      1.497475       0.626190       0.655043      -0.001155       0.006950       0.457831      -0.004787       0.062500       0.687500
      1.502500       0.626216       0.655046       0.005069       0.000708       1.238602      -1.242233       0.062500       0.687500
