      0.000000       0.407530       0.324315       0.000000       0.000000       0.000000       0.000000       0.187500       0.812500
      0.005025       0.407015       0.326803      -0.102621       0.495200     -20.422187      98.547175       0.187500       0.812500
      0.010050       0.405784       0.327687      -0.244830       0.175933     -28.300153     -63.535593       0.187500       0.812500
      0.015075       0.406437       0.328226       0.129795       0.107107      74.552192     -13.696810       0.187500       0.812500
      0.020101       0.408373       0.330126       0.385261       0.378133      50.839028      53.935577       0.187500       0.812500
      0.025126       0.410347       0.333049       0.392829       0.581855       1.506078      40.541631       0.187500       0.812500
      0.030151       0.412020       0.334165       0.333003       0.221998     -11.905731     -71.613185       0.187500       0.812500
      0.035176       0.413925       0.335975       0.379062       0.360247       9.165983      27.512248       0.187500       0.812500
      0.040201       0.414342       0.337537       0.083062       0.310888     -58.905366      -9.822725       0.187500       0.812500
      0.045226       0.416895       0.338349       0.507973       0.161437      84.559381     -29.741468       0.187500       0.812500
      0.050251       0.418698       0.338008       0.358795      -0.067752     -29.687144     -45.609841       0.187500       0.812500
      0.055276       0.419033       0.339775       0.066751       0.351638     -58.118267      83.460674       0.187500       0.812500
      0.060302       0.418612       0.342714      -0.083706       0.584907     -29.941672      46.421816       0.187500       0.812500
      0.065327       0.416508       0.346562      -0.418834       0.765772     -66.692099      35.992927       0.187500       0.812500
      0.070352       0.416343       0.349781      -0.032830       0.640483      76.816591     -24.933090       0.187500       0.812500
      0.075377       0.418922       0.351979       0.513221       0.437432     108.666970     -40.408269       0.187500       0.812500
      0.080402       0.420392       0.353114       0.292526       0.225874     -43.919552     -42.101109       0.187500       0.812500
      0.085427       0.422841       0.353467       0.487458       0.070240      38.792495     -30.971842       0.187500       0.812500
      0.090452       0.423715       0.353453       0.174005      -0.002743     -62.378711     -14.523932       0.187500       0.812500
      0.095477       0.424215       0.354590       0.099459       0.226190     -14.835023      45.558733       0.187500       0.812500
      0.100503       0.423172       0.357718      -0.207704       0.622553     -61.126991      78.878243       0.187500       0.812500
      0.105528       0.424671       0.360407       0.298495       0.535190     100.736245     -17.385735       0.187500       0.812500
      0.110553       0.427228       0.363692       0.508710       0.653616      41.833817      23.567450       0.187500       0.812500
      0.115578       0.427364       0.364623       0.027191       0.185365     -95.824786     -93.184320       0.187500       0.812500
      0.120603       0.428391       0.365240       0.204303       0.122710      35.246250     -12.468736       0.187500       0.812500
      0.125628       0.429236       0.366828       0.168170       0.316073      -7.190672      38.480180       0.187500       0.812500
      0.130653       0.429869       0.369456       0.125862       0.522932      -8.419519      41.165972       0.187500       0.812500
      0.135678       0.431660       0.371730       0.356499       0.452655      45.897860     -13.985318       0.187500       0.812500
      0.140704       0.432031       0.373911       0.073836       0.433976     -56.251219      -3.717255       0.187500       0.812500
      0.145729       0.431608       0.375725      -0.084178       0.361059     -31.445721     -14.510941       0.187500       0.812500
      0.150754       0.430989       0.377755      -0.123160       0.403835      -7.757567       8.512618       0.187500       0.812500
      0.155779       0.431068       0.380371       0.015638       0.520665      27.621613      23.249825       0.187500       0.812500
      0.160804       0.432231       0.382854       0.231441       0.494131      42.945802      -5.280437       0.187500       0.812500
      0.165829       0.434657       0.384421       0.482855       0.311798      50.032658     -36.285173       0.187500       0.812500
      0.170854       0.436860       0.385564       0.438464       0.227569      -8.834151     -16.761920       0.187500       0.812500
      0.175879       0.437181       0.387718       0.063840       0.428547     -74.552013      39.995528       0.187500       0.812500
      0.180905       0.435827       0.388759      -0.269438       0.207090     -66.323978     -44.070913       0.187500       0.812500
      0.185930       0.435500       0.388707      -0.065181      -0.010337      40.648230     -43.269074       0.187500       0.812500
      0.190955       0.435587       0.390338       0.017356       0.324586      16.425179      66.651373       0.187500       0.812500
      0.195980       0.436928       0.392167       0.266822       0.364102      49.645025       7.863840       0.187500       0.812500
      0.201005       0.439821       0.393100       0.575732       0.185670      61.474624     -35.508833       0.187500       0.812500
      0.206030       0.443105       0.394001       0.653610       0.179194      15.498089      -1.288824       0.187500       0.812500
      0.211055       0.445322       0.395809       0.441130       0.359839     -42.284475      35.949211       0.187500       0.812500
      0.216080       0.446234       0.398023       0.181478       0.440607     -51.672104      16.073253       0.187500       0.812500
      0.221106       0.447246       0.398957       0.201408       0.185818       3.966192     -50.704251       0.187500       0.812500
      0.226131       0.448029       0.399405       0.155844       0.089139      -9.067457     -19.239565       0.187500       0.812500
      0.231156       0.449891       0.402174       0.370610       0.551163      42.739462      91.945078       0.187500       0.812500
      0.236181       0.451352       0.405187       0.290764       0.599544     -15.889750       9.628041       0.187500       0.812500
      0.241206       0.452155       0.408636       0.159780       0.686363     -26.066510      17.277513       0.187500       0.812500
      0.246231       0.451928       0.411501      -0.045137       0.570241     -40.779479     -23.109016       0.187500       0.812500
      0.251256       0.452993       0.412356       0.211957       0.170131      51.163068     -79.623847       0.187500       0.812500
      0.256281       0.453738       0.413288       0.148232       0.185463     -12.681636       3.051171       0.187500       0.812500
      0.261307       0.454894       0.413198       0.230055      -0.017893      16.283180     -40.468836       0.187500       0.812500
      0.266332       0.456224       0.414657       0.264675       0.290351       6.889521      61.342017       0.187500       0.812500
      0.271357       0.456476       0.418322       0.050150       0.729247     -42.691568      87.342637       0.187500       0.812500
      0.276382       0.455856       0.420728      -0.123355       0.478954     -34.528252     -49.809662       0.187500       0.812500
      0.281407       0.456987       0.421861       0.224975       0.225320      69.319301     -50.474384       0.187500       0.812500
      0.286432       0.458382       0.423868       0.277561       0.399480      10.464988      34.658711       0.187500       0.812500
      0.291457       0.459767       0.425067       0.275617       0.238618      -0.386880     -32.012315       0.187500       0.812500
      0.296482       0.461666       0.426059       0.378042       0.197384      20.383132      -8.205902       0.187500       0.812500
      0.301508       0.462738       0.427383       0.213363       0.263418     -32.772015      13.141146       0.187500       0.812500
      0.306533       0.463045       0.429588       0.060949       0.438803     -30.331153      34.902459       0.187500       0.812500
      0.311558       0.463312       0.432261       0.053236       0.531982      -1.535022      18.543108       0.187500       0.812500
      0.316583       0.463663       0.434643       0.069810       0.474010       3.298464     -11.536774       0.187500       0.812500
      0.321608       0.464495       0.437357       0.165466       0.540080      19.035978      13.148394       0.187500       0.812500
      0.326633       0.465212       0.439757       0.142727       0.477631      -4.525153     -12.427700       0.187500       0.812500
      0.331658       0.466776       0.442000       0.311335       0.446446      33.553834      -6.206055       0.187500       0.812500
      0.336683       0.468128       0.444047       0.268980       0.407316      -8.428816      -7.787067       0.187500       0.812500
      0.341709       0.469629       0.446086       0.298699       0.405871       5.914227      -0.287522       0.187500       0.812500
      0.346734       0.470588       0.447866       0.190827       0.354161     -21.467069     -10.290578       0.187500       0.812500
      0.351759       0.470591       0.450167       0.000700       0.457911     -37.836254      20.646889       0.187500       0.812500
      0.356784       0.470527       0.452933      -0.012834       0.550444      -2.693416      18.414489       0.187500       0.812500
      0.361809       0.470813       0.455747       0.056880       0.560058      13.873449       1.913260       0.187500       0.812500
      0.366834       0.470656       0.458184      -0.031112       0.484861     -17.510884     -14.964567       0.187500       0.812500
      0.371859       0.471045       0.460442       0.077326       0.449370      21.579822      -7.062967       0.187500       0.812500
      0.376884       0.471580       0.462667       0.106472       0.442791       5.800157      -1.309248       0.187500       0.812500
      0.381910       0.471891       0.465305       0.061931       0.524976      -8.863889      16.355200       0.187500       0.812500
      0.386935       0.471401       0.468677      -0.097423       0.670987     -31.712284      29.056894       0.187500       0.812500
      0.391960       0.470248       0.471817      -0.229523       0.624949     -26.288496      -9.161812       0.187500       0.812500
      0.396985       0.469655       0.476021      -0.117982       0.836555      22.197185      42.110750       0.187500       0.812500
      0.402010       0.468139       0.481023      -0.301777       0.995423     -36.576200      31.615449       0.187500       0.812500
      0.407035       0.466016       0.486455      -0.422350       1.081032     -23.994449      17.036662       0.187500       0.812500
      0.412060       0.462227       0.491132      -0.754095       0.930872     -66.019020     -29.882601       0.187500       0.812500
      0.417085       0.458000       0.496472      -0.841261       1.062683     -17.346438      26.231153       0.187500       0.812500
      0.422111       0.453543       0.501669      -0.886973       1.034073      -9.096944      -5.693566       0.187500       0.812500
      0.427136       0.449020       0.507014      -0.899973       1.063721      -2.587068       5.900097       0.187500       0.812500
      0.432161       0.443891       0.512701      -1.020739       1.131680     -24.033012      13.524171       0.187500       0.812500
      0.437186       0.438599       0.518075      -1.053111       1.069629      -6.442182     -12.348431       0.187500       0.812500
      0.442211       0.433560       0.522121      -1.002867       0.805011       9.998871     -52.660327       0.187500       0.812500
      0.447236       0.428020       0.527012      -1.102378       0.973476     -19.803206      33.525359       0.187500       0.812500
      0.452261       0.422447       0.532196      -1.109233       1.031630      -1.364162      11.572927       0.187500       0.812500
      0.457286       0.416620       0.537178      -1.159496       0.991426     -10.002737      -8.000838       0.187500       0.812500
      0.462312       0.410328       0.541850      -1.252196       0.929735     -18.447740     -12.276716       0.187500       0.812500
      0.467337       0.405121       0.545809      -1.036117       0.787789      43.000844     -28.248100       0.187500       0.812500
      0.472362       0.400742       0.548540      -0.871557       0.543608      32.748371     -48.593190       0.187500       0.812500
      0.477387       0.397587       0.550446      -0.627850       0.379229      48.498738     -32.712177       0.187500       0.812500
      0.482412       0.396780       0.551214      -0.160546       0.152909      92.995913     -45.038875       0.187500       0.812500
      0.487437       0.395848       0.551358      -0.185402       0.028499      -4.946447     -24.758249       0.187500       0.812500
      0.492462       0.395676       0.551024      -0.034218      -0.066456      30.086408     -18.896503       0.187500       0.812500
      0.497487       0.396394       0.549937       0.142880      -0.216285      35.243301     -29.816633       0.187500       0.812500
      0.502513       0.397657       0.548435       0.251228      -0.298918      21.561863     -16.444368       0.187500       0.812500
      0.507538       0.399236       0.546617       0.314293      -0.361783      12.550139     -12.510582       0.187500       0.812500
      0.512563       0.401960       0.544410       0.542038      -0.439191      45.322411     -15.404516       0.187500       0.812500
      0.517588       0.406181       0.541363       0.840084      -0.606376      59.312705     -33.270634       0.187500       0.812500
      0.522613       0.412073       0.538630       1.172402      -0.543781      66.132872      12.456643       0.187500       0.812500
      0.527638       0.418935       0.536039       1.365738      -0.515620      38.474860       5.604345       0.187500       0.812500
      0.532663       0.426485       0.533864       1.502315      -0.432939      27.179558      16.453864       0.187500       0.812500
      0.537688       0.434511       0.532332       1.597209      -0.304814      18.884389      25.497501       0.187500       0.812500
      0.542714       0.442770       0.531023       1.643631      -0.260448       9.238048       8.829025       0.187500       0.812500
      0.547739       0.450275       0.530373       1.493522      -0.129442     -29.872309      26.070832       0.187500       0.812500
      0.552764       0.457846       0.529942       1.506763      -0.085734       2.635063       8.698222       0.187500       0.812500
      0.557789       0.465146       0.529830       1.452705      -0.022383     -10.757990      12.607126       0.187500       0.812500
      0.562814       0.471768       0.529640       1.317717      -0.037650     -26.863239      -3.038193       0.187500       0.812500
      0.567839       0.478274       0.529102       1.294825      -0.107110      -4.555542     -13.822876       0.187500       0.812500
      0.572864       0.484157       0.529488       1.170757       0.076723     -24.690205      36.583588       0.187500       0.812500
      0.577889       0.489868       0.530217       1.136397       0.145214      -6.837887      13.630153       0.187500       0.812500
      0.582915       0.494715       0.531355       0.964582       0.226382     -34.191920      16.152850       0.187500       0.812500
      0.587940       0.499227       0.532846       0.897921       0.296622     -13.265983      13.978088       0.187500       0.812500
      0.592965       0.503043       0.534393       0.759398       0.307872     -27.566678       2.238731       0.187500       0.812500
      0.597990       0.506358       0.536057       0.659844       0.331191     -19.811660       4.640654       0.187500       0.812500
      0.603015       0.509549       0.537654       0.634924       0.317857      -4.959292      -2.653598       0.187500       0.812500
      0.608040       0.512507       0.538954       0.588727       0.258661      -9.193383     -11.780251       0.187500       0.812500
      0.613065       0.515189       0.540281       0.533605       0.264175     -10.969599       1.097342       0.187500       0.812500
      0.618090       0.517477       0.541907       0.455401       0.323498     -15.562908      11.805624       0.187500       0.812500
      0.623116       0.519311       0.543757       0.364971       0.368262     -17.996192       8.908130       0.187500       0.812500
      0.628141       0.520948       0.545579       0.325871       0.362572      -7.780968      -1.132345       0.187500       0.812500
      0.633166       0.522577       0.547292       0.324123       0.340879      -0.347906      -4.317043       0.187500       0.812500
      0.638191       0.523998       0.548682       0.282734       0.276489      -8.236596     -12.813847       0.187500       0.812500
      0.643216       0.525136       0.550081       0.226443       0.278544     -11.202135       0.408930       0.187500       0.812500
      0.648241       0.526114       0.551276       0.194707       0.237694      -6.315640      -8.129269       0.187500       0.812500
      0.653266       0.527147       0.552596       0.205502       0.262717       2.148231       4.979664       0.187500       0.812500
      0.658291       0.528066       0.553948       0.182838       0.269085      -4.510236       1.267242       0.187500       0.812500
      0.663317       0.529169       0.555438       0.219570       0.296452       7.309857       5.446237       0.187500       0.812500
      0.668342       0.530669       0.556766       0.298523       0.264387      15.712046      -6.381256       0.187500       0.812500
      0.673367       0.532119       0.558474       0.288585       0.339856      -1.977668      15.018726       0.187500       0.812500
      0.678392       0.533676       0.560025       0.309822       0.308742       4.226240      -6.191769       0.187500       0.812500
      0.683417       0.535187       0.561600       0.300783       0.313402      -1.798928       0.927396       0.187500       0.812500
      0.688442       0.536793       0.563529       0.319490       0.383787       3.722775      14.006984       0.187500       0.812500
      0.693467       0.538281       0.565634       0.296181       0.418947      -4.638570       6.997020       0.187500       0.812500
      0.698492       0.539641       0.567605       0.270708       0.392316      -5.069270      -5.299844       0.187500       0.812500
      0.703518       0.540713       0.569564       0.213262       0.389750     -11.432044      -0.510525       0.187500       0.812500
      0.708543       0.541687       0.571476       0.193893       0.380467      -3.854416      -1.847427       0.187500       0.812500
      0.713568       0.542613       0.573337       0.184167       0.370495      -1.935645      -1.984522       0.187500       0.812500
      0.718593       0.543260       0.575213       0.128786       0.373263     -11.020982       0.550984       0.187500       0.812500
      0.723618       0.543645       0.577360       0.076550       0.427298     -10.395278      10.753182       0.187500       0.812500
      0.728643       0.543954       0.579667       0.061588       0.459012      -2.977466       6.311280       0.187500       0.812500
      0.733668       0.544242       0.581920       0.057301       0.448485      -0.853086      -2.094886       0.187500       0.812500
      0.738693       0.544457       0.584150       0.042742       0.443686      -2.897312      -0.955165       0.187500       0.812500
      0.743719       0.544947       0.586251       0.097616       0.418050      10.920142      -5.101748       0.187500       0.812500
      0.748744       0.545601       0.588317       0.130161       0.411186       6.476596      -1.365967       0.187500       0.812500
      0.753769       0.546696       0.590212       0.217893       0.377107      17.459200      -6.781864       0.187500       0.812500
      0.758794       0.547869       0.592045       0.233259       0.364873       3.057775      -2.434568       0.187500       0.812500
      0.763819       0.549204       0.593804       0.265765       0.350021       6.468903      -2.955699       0.187500       0.812500
      0.768844       0.550507       0.595718       0.259225       0.380754      -1.301484       6.116115       0.187500       0.812500
      0.773869       0.551773       0.597434       0.252083       0.341621      -1.421227      -7.787587       0.187500       0.812500
      0.778894       0.553029       0.599064       0.249961       0.324387      -0.422402      -3.429726       0.187500       0.812500
      0.783920       0.554161       0.600782       0.225174       0.341947      -4.932724       3.494440       0.187500       0.812500
      0.788945       0.555367       0.602607       0.239983       0.363044       2.947106       4.198486       0.187500       0.812500
      0.793970       0.556638       0.604293       0.252942       0.335558       2.578930      -5.469861       0.187500       0.812500
      0.798995       0.557817       0.606119       0.234651       0.363408      -3.640014       5.542389       0.187500       0.812500
      0.804020       0.559019       0.607982       0.239311       0.370674       0.927248       1.445826       0.187500       0.812500
      0.809045       0.560031       0.609912       0.201290       0.384117      -7.566350       2.675203       0.187500       0.812500
      0.814070       0.560983       0.611773       0.189399       0.370442      -2.366252      -2.721253       0.187500       0.812500
      0.819095       0.561804       0.613743       0.163398       0.391979      -5.174415       4.285815       0.187500       0.812500
      0.824121       0.562489       0.615785       0.136403       0.406428      -5.372025       2.875486       0.187500       0.812500
      0.829146       0.563079       0.617468       0.117417       0.334860      -3.778337     -14.242289       0.187500       0.812500
      0.834171       0.563937       0.619062       0.170686       0.317115      10.600714      -3.531411       0.187500       0.812500
      0.839196       0.564825       0.620672       0.176664       0.320500       1.189631       0.673579       0.187500       0.812500
      0.844221       0.565519       0.622380       0.138184       0.339831      -7.657596       3.847013       0.187500       0.812500
      0.849246       0.566092       0.623986       0.114042       0.319645      -4.804507      -4.017178       0.187500       0.812500
      0.854271       0.566589       0.625605       0.098891       0.322231      -3.015129       0.514671       0.187500       0.812500
      0.859296       0.567097       0.627224       0.101191       0.322236       0.457843       0.001102       0.187500       0.812500
      0.864322       0.567681       0.628778       0.116084       0.309195       2.963674      -2.595335       0.187500       0.812500
      0.869347       0.568409       0.630214       0.144983       0.285796       5.751083      -4.656558       0.187500       0.812500
      0.874372       0.569069       0.631667       0.131311       0.289199      -2.720770       0.677183       0.187500       0.812500
      0.879397       0.569860       0.633180       0.157351       0.300956       5.182086       2.339779       0.187500       0.812500
      0.884422       0.570895       0.634654       0.206080       0.293293       9.697382      -1.524910       0.187500       0.812500
      0.889447       0.572120       0.636208       0.243768       0.309317       7.499963       3.188892       0.187500       0.812500
      0.894472       0.573393       0.637725       0.253358       0.301945       1.908556      -1.467185       0.187500       0.812500
      0.899497       0.574716       0.639261       0.263115       0.305670       1.941582       0.741239       0.187500       0.812500
      0.904523       0.575936       0.640889       0.242821       0.323959      -4.038565       3.639753       0.187500       0.812500
      0.909548       0.577141       0.642505       0.239813       0.321630      -0.598531      -0.463557       0.187500       0.812500
      0.914573       0.578279       0.644137       0.226431       0.324729      -2.663136       0.616795       0.187500       0.812500
      0.919598       0.579404       0.645879       0.223849       0.346666      -0.513779       4.365471       0.187500       0.812500
      0.924623       0.580540       0.647752       0.226250       0.372673       0.477819       5.175658       0.187500       0.812500
      0.929648       0.581602       0.649582       0.211246       0.364339      -2.985901      -1.658677       0.187500       0.812500
      0.934673       0.582618       0.651495       0.202130       0.380637      -1.814133       3.243501       0.187500       0.812500
      0.939698       0.583672       0.653436       0.209861       0.386304       1.538495       1.127789       0.187500       0.812500
      0.944724       0.584643       0.655422       0.193106       0.395155      -3.334270       1.761350       0.187500       0.812500
      0.949749       0.585614       0.657459       0.193342       0.405342       0.046876       2.027178       0.187500       0.812500
      0.954774       0.586616       0.659359       0.199462       0.378066       1.217978      -5.428093       0.187500       0.812500
      0.959799       0.587557       0.661171       0.187134       0.360751      -2.453323      -3.445617       0.187500       0.812500
      0.964824       0.588558       0.662920       0.199208       0.348069       2.402815      -2.523825       0.187500       0.812500
      0.969849       0.589361       0.664478       0.159767       0.309922      -7.849110      -7.591368       0.187500       0.812500
      0.974874       0.590081       0.665982       0.143438       0.299269      -3.249473      -2.120066       0.187500       0.812500
      0.979899       0.590762       0.667444       0.135490       0.291012      -1.581694      -1.643202       0.187500       0.812500
      0.984925       0.591290       0.668884       0.105008       0.286579      -6.066012      -0.882183       0.187500       0.812500
      0.989950       0.591829       0.670222       0.107226       0.266273       0.441363      -4.040964       0.187500       0.812500
      0.994975       0.592362       0.671365       0.106044       0.227383      -0.235269      -7.739348       0.187500       0.812500
      1.000000       0.592824       0.672489       0.092077       0.223680      -2.779569      -0.736988       0.187500       0.812500
      1.005025       0.593158       0.673600       0.066468       0.221230      -5.096285      -0.487463       0.187500       0.812500
      1.010050       0.593449       0.674588       0.057859       0.196593      -1.713263      -4.902849       0.187500       0.812500
      1.015075       0.593719       0.675508       0.053683       0.182963      -0.830932      -2.712569       0.187500       0.812500
      1.020100       0.593945       0.676231       0.045088       0.144046      -1.710446      -7.744583       0.187500       0.812500
      1.025125       0.594074       0.676830       0.025563       0.119144      -3.885705      -4.955642       0.187500       0.812500
      1.030150       0.594184       0.677295       0.022024       0.092466      -0.704203      -5.309148       0.187500       0.812500
      1.035175       0.594195       0.677604       0.002002       0.061486      -3.984452      -6.165128       0.187500       0.812500
      1.040200       0.594254       0.677851       0.011754       0.049178       1.940678      -2.449414       0.187500       0.812500
      1.045225       0.594333       0.677982       0.015903       0.026019       0.825746      -4.608666       0.187500       0.812500
      1.050250       0.594346       0.677879       0.002460      -0.020346      -2.675288      -9.226876       0.187500       0.812500
      1.055275       0.594329       0.677658      -0.003324      -0.044120      -1.151036      -4.731172       0.187500       0.812500
      1.060300       0.594417       0.677459       0.017473      -0.039449       4.138709       0.929654       0.187500       0.812500
      1.065325       0.594420       0.677164       0.000687      -0.058763      -3.340429      -3.843675       0.187500       0.812500
      1.070350       0.594331       0.676810      -0.017816      -0.070420      -3.682339      -2.319820       0.187500       0.812500
      1.075375       0.594182       0.676438      -0.029606      -0.074143      -2.346224      -0.740768       0.187500       0.812500
      1.080400       0.594089       0.675999      -0.018535      -0.087246       2.203148      -2.607627       0.187500       0.812500
      1.085425       0.594019       0.675577      -0.013893      -0.084125       0.923911       0.621093       0.187500       0.812500
      1.090450       0.593981       0.675226      -0.007668      -0.069690       1.238824       2.872719       0.187500       0.812500
      1.095475       0.593955       0.674853      -0.005102      -0.074308       0.510544      -0.919026       0.187500       0.812500
      1.100500       0.593924       0.674551      -0.006180      -0.060103      -0.214508       2.826709       0.187500       0.812500
      1.105525       0.593916       0.674308      -0.001604      -0.048297       0.910541       2.349630       0.187500       0.812500
      1.110550       0.594041       0.674121       0.024996      -0.037229       5.293562       2.202449       0.187500       0.812500
      1.115575       0.594126       0.673892       0.016916      -0.045619      -1.607849      -1.669672       0.187500       0.812500
      1.120600       0.594122       0.673754      -0.000879      -0.027417      -3.541406       3.622277       0.187500       0.812500
      1.125625       0.594145       0.673708       0.004648      -0.009181       1.100059       3.629232       0.187500       0.812500
      1.130650       0.594291       0.673672       0.028897      -0.007137       4.825581       0.406696       0.187500       0.812500
      1.135675       0.594414       0.673700       0.024475       0.005485      -0.880007       2.511895       0.187500       0.812500
      1.140700       0.594527       0.673779       0.022648       0.015773      -0.363493       2.047199       0.187500       0.812500
      1.145725       0.594715       0.673880       0.037391       0.020016       2.933915       0.844548       0.187500       0.812500
      1.150750       0.594770       0.674006       0.010957       0.025166      -5.260479       1.024863       0.187500       0.812500
      1.155775       0.594770       0.674129       0.000018       0.024416      -2.176926      -0.149293       0.187500       0.812500
      1.160800       0.594786       0.674258       0.003150       0.025808       0.623212       0.276910       0.187500       0.812500
      1.165825       0.594743       0.674381      -0.008663       0.024340      -2.350800      -0.292159       0.187500       0.812500
      1.170850       0.594688       0.674517      -0.010957       0.027089      -0.456506       0.547123       0.187500       0.812500
      1.175875       0.594657       0.674705      -0.006185       0.037361       0.949541       2.044246       0.187500       0.812500
      1.180900       0.594558       0.674874      -0.019606       0.033708      -2.670869      -0.727096       0.187500       0.812500
      1.185925       0.594493       0.675021      -0.013023       0.029188       1.310163      -0.899463       0.187500       0.812500
      1.190950       0.594393       0.675172      -0.019809       0.030028      -1.350579       0.167167       0.187500       0.812500
      1.195975       0.594233       0.675301      -0.031915       0.025767      -2.408998      -0.847871       0.187500       0.812500
      1.201000       0.594030       0.675426      -0.040404       0.024873      -1.689510      -0.177888       0.187500       0.812500
      1.206025       0.593826       0.675589      -0.040541       0.032501      -0.027268       1.518032       0.187500       0.812500
      1.211050       0.593703       0.675727      -0.024539       0.027321       3.184504      -1.030875       0.187500       0.812500
      1.216075       0.593593       0.675867      -0.021860       0.027997       0.533175       0.134475       0.187500       0.812500
      1.221100       0.593502       0.675996      -0.018061       0.025687       0.756023      -0.459760       0.187500       0.812500
      1.226125       0.593447       0.676101      -0.010935       0.020765       1.418053      -0.979478       0.187500       0.812500
      1.231150       0.593426       0.676203      -0.004287       0.020281       1.323134      -0.096249       0.187500       0.812500
      1.236175       0.593424       0.676281      -0.000285       0.015619       0.796397      -0.927718       0.187500       0.812500
      1.241200       0.593456       0.676303       0.006348       0.004404       1.319902      -2.231863       0.187500       0.812500
      1.246225       0.593516       0.676321       0.011976       0.003469       1.120082      -0.186195       0.187500       0.812500
      1.251250       0.593509       0.676284      -0.001447      -0.007318      -2.671335      -2.146695       0.187500       0.812500
      1.256275       0.593514       0.676255       0.001005      -0.005793       0.488028       0.303640       0.187500       0.812500
      1.261300       0.593537       0.676275       0.004651       0.004092       0.725579       1.967141       0.187500       0.812500
      1.266325       0.593557       0.676275       0.003883       0.000001      -0.152897      -0.814164       0.187500       0.812500
      1.271350       0.593579       0.676264       0.004299      -0.002189       0.082802      -0.435850       0.187500       0.812500
      1.276375       0.593580       0.676251       0.000225      -0.002720      -0.810814      -0.105734       0.187500       0.812500
      1.281400       0.593574       0.676244      -0.001045      -0.001383      -0.252678       0.266092       0.187500       0.812500
      1.286425       0.593613       0.676263       0.007780       0.003762       1.756270       1.024038       0.187500       0.812500
      1.291450       0.593690       0.676263       0.015292       0.000049       1.494969      -0.738950       0.187500       0.812500
      1.296475       0.593807       0.676276       0.023129       0.002657       1.559624       0.518920       0.187500       0.812500
      1.301500       0.593893       0.676305       0.017213       0.005681      -1.177476       0.601780       0.187500       0.812500
      1.306525       0.593942       0.676335       0.009835       0.006026      -1.468272       0.068622       0.187500       0.812500
      1.311550       0.594004       0.676357       0.012278       0.004291       0.486238      -0.345096       0.187500       0.812500
      1.316575       0.594065       0.676399       0.012166       0.008485      -0.022325       0.834558       0.187500       0.812500
      1.321600       0.594119       0.676442       0.010697       0.008520      -0.292297       0.006913       0.187500       0.812500
      1.326625       0.594174       0.676499       0.010838       0.011265       0.028079       0.546263       0.187500       0.812500
      1.331650       0.594208       0.676593       0.006794       0.018804      -0.804849       1.500275       0.187500       0.812500
      1.336675       0.594254       0.676708       0.009292       0.022806       0.497128       0.796392       0.187500       0.812500
      1.341700       0.594321       0.676824       0.013218       0.023108       0.781406       0.060252       0.187500       0.812500
      1.346725       0.594389       0.676943       0.013582       0.023739       0.072338       0.125420       0.187500       0.812500
      1.351750       0.594513       0.677047       0.024659       0.020680       2.204348      -0.608691       0.187500       0.812500
      1.356775       0.594636       0.677155       0.024537       0.021451      -0.024188       0.153522       0.187500       0.812500
      1.361800       0.594770       0.677219       0.026570       0.012716       0.404620      -1.738375       0.187500       0.812500
      1.366825       0.594864       0.677284       0.018847       0.012904      -1.537067       0.037364       0.187500       0.812500
      1.371850       0.594908       0.677322       0.008673       0.007608      -2.024660      -1.053799       0.187500       0.812500
      1.376875       0.594934       0.677319       0.005227      -0.000649      -0.685705      -1.643336       0.187500       0.812500
      1.381900       0.594962       0.677301       0.005529      -0.003427       0.060198      -0.552852       0.187500       0.812500
      1.386925       0.594980       0.677282       0.003475      -0.003766      -0.408915      -0.067435       0.187500       0.812500
      1.391950       0.594988       0.677286       0.001693       0.000635      -0.354569       0.875886       0.187500       0.812500
      1.396975       0.594981       0.677281      -0.001427      -0.000882      -0.620893      -0.301885       0.187500       0.812500
      1.402000       0.594948       0.677269      -0.006565      -0.002407      -1.022408      -0.303563       0.187500       0.812500
      1.407025       0.594888       0.677275      -0.012001       0.001181      -1.081870       0.714017       0.187500       0.812500
      1.412050       0.594810       0.677265      -0.015352      -0.002051      -0.666902      -0.643023       0.187500       0.812500
      1.417075       0.594717       0.677247      -0.018578      -0.003542      -0.641907      -0.296898       0.187500       0.812500
      1.422100       0.594595       0.677246      -0.024259      -0.000146      -1.130612       0.675879       0.187500       0.812500
      1.427125       0.594418       0.677264      -0.035162       0.003480      -2.169662       0.721533       0.187500       0.812500
      1.432150       0.594250       0.677271      -0.033459       0.001362       0.338906      -0.421362       0.187500       0.812500
      1.437175       0.594078       0.677266      -0.034274      -0.000836      -0.162190      -0.437535       0.187500       0.812500
      1.442200       0.593920       0.677255      -0.031479      -0.002304       0.556074      -0.292148       0.187500       0.812500
      1.447225       0.593755       0.677249      -0.032785      -0.001067      -0.259793       0.246292       0.187500       0.812500
      1.452250       0.593577       0.677251      -0.035512       0.000413      -0.542765       0.294587       0.187500       0.812500
      1.457275       0.593432       0.677240      -0.028763      -0.002264       1.343046      -0.532858       0.187500       0.812500
      1.462300       0.593305       0.677240      -0.025289       0.000057       0.691447       0.461887       0.187500       0.812500
      1.467325       0.593156       0.677232      -0.029682      -0.001583      -0.874281      -0.326282       0.187500       0.812500
      1.472350       0.593029       0.677230      -0.025238      -0.000469       0.884377       0.221730       0.187500       0.812500
      1.477375       0.592922       0.677214      -0.021365      -0.003238       0.770784      -0.551110       0.187500       0.812500
      1.482400       0.592814       0.677212      -0.021435      -0.000355      -0.013924       0.573790       0.187500       0.812500
      1.487425       0.592695       0.677196      -0.023709      -0.003223      -0.452530      -0.570824       0.187500       0.812500
      1.492450       0.592586       0.677206      -0.021633       0.001937       0.413057       1.026852       0.187500       0.812500
      1.497475       0.592476       0.677232      -0.021851       0.005225      -0.043315       0.654251       0.187500       0.812500
      1.502500       0.592343       0.677297      -0.026655       0.012942      -0.955950       1.535805       0.187500       0.812500
