      0.000000       0.403509       0.324510       0.000000       0.000000       0.000000       0.000000       0.187500       0.562500
      0.005025       0.401680       0.326579      -0.364063       0.411629     -72.450269      81.916131       0.187500       0.562500
      0.010050       0.401493       0.326953      -0.037158       0.074444      65.055658     -67.101366       0.187500       0.562500
      0.015075       0.404151       0.328282       0.528935       0.264582     112.655244      37.838290       0.187500       0.562500
      0.020101       0.406849       0.329635       0.536948       0.269299       1.594616       0.938742       0.187500       0.562500
      0.025126       0.409535       0.331612       0.534405       0.393395      -0.505999      24.695716       0.187500       0.562500
      0.030151       0.409763       0.333575       0.045523       0.390638     -97.289997      -0.548613       0.187500       0.562500
      0.035176       0.411721       0.335462       0.389572       0.375455      68.467561      -3.021582       0.187500       0.562500
      0.040201       0.412434       0.337007       0.141966       0.307438     -49.274888     -13.535583       0.187500       0.562500
      0.045226       0.414285       0.339083       0.368203       0.413170      45.022279      21.041125       0.187500       0.562500
      0.050251       0.416277       0.339164       0.396537       0.016062       5.638534     -79.026385       0.187500       0.562500
      0.055276       0.418588       0.339760       0.459789       0.118616      12.587644      20.408659       0.187500       0.562500
      0.060302       0.419362       0.341511       0.154170       0.348557     -60.819806      45.759399       0.187500       0.562500
      0.065327       0.419539       0.344230       0.035137       0.541013     -23.688095      38.299770       0.187500       0.562500
      0.070352       0.419754       0.346926       0.042817       0.536526       1.528234      -0.893010       0.187500       0.562500
      0.075377       0.421472       0.349470       0.341846       0.506343      59.508323      -6.006608       0.187500       0.562500
      0.080402       0.424267       0.349972       0.556235       0.099880      42.664566     -80.887974       0.187500       0.562500
      0.085427       0.423754       0.349706      -0.101978      -0.052837    -130.987688     -30.391567       0.187500       0.562500
      0.090452       0.421365       0.351602      -0.475420       0.377141     -74.316824      85.567757       0.187500       0.562500
      0.095477       0.421713       0.354307       0.069077       0.538353     108.357551      32.081929       0.187500       0.562500
      0.100503       0.424077       0.357396       0.470500       0.614726      79.885296      15.198670       0.187500       0.562500
      0.105528       0.425656       0.358591       0.314341       0.237867     -31.076455     -74.996827       0.187500       0.562500
      0.110553       0.425869       0.360736       0.042345       0.426906     -54.128646      37.619675       0.187500       0.562500
      0.115578       0.427311       0.363325       0.286955       0.515165      48.678595      17.563980       0.187500       0.562500
      0.120603       0.427691       0.364896       0.075593       0.312684     -42.062125     -40.294627       0.187500       0.562500
      0.125628       0.428729       0.365786       0.206557       0.177095      26.062464     -26.982885       0.187500       0.562500
      0.130653       0.428831       0.366805       0.020372       0.202752     -37.051580       5.105930       0.187500       0.562500
      0.135678       0.430174       0.368421       0.267277       0.321583      49.135299      23.647886       0.187500       0.562500
      0.140704       0.431001       0.371928       0.164532       0.698009     -20.446873      74.910594       0.187500       0.562500
      0.145729       0.432480       0.373729       0.294258       0.358411      25.816267     -67.581653       0.187500       0.562500
      0.150754       0.433573       0.375392       0.217484       0.330953     -15.278557      -5.464220       0.187500       0.562500
      0.155779       0.435521       0.376906       0.387752       0.301182      33.884157      -5.924657       0.187500       0.562500
      0.160804       0.436140       0.377960       0.123206       0.209791     -52.645796     -18.187309       0.187500       0.562500
      0.165829       0.436825       0.380647       0.136341       0.534671       2.613894      64.652854       0.187500       0.562500
      0.170854       0.437249       0.382553       0.084286       0.379304     -10.359163     -30.918843       0.187500       0.562500
      0.175879       0.436902       0.385289      -0.068925       0.544486     -30.489739      32.872064       0.187500       0.562500
      0.180905       0.436937       0.387215       0.006844       0.383400      15.078393     -32.057010       0.187500       0.562500
      0.185930       0.437274       0.389135       0.067099       0.381996      11.991049      -0.279253       0.187500       0.562500
      0.190955       0.438768       0.391434       0.297357       0.457578      45.822418      15.041085       0.187500       0.562500
      0.195980       0.439965       0.393873       0.238088       0.485369     -11.794883       5.530626       0.187500       0.562500
      0.201005       0.440839       0.395180       0.173971       0.260127     -12.759542     -44.824294       0.187500       0.562500
      0.206030       0.441506       0.395740       0.132858       0.111258      -8.181658     -29.625742       0.187500       0.562500
      0.211055       0.442416       0.396453       0.181030       0.141902       9.586383       6.098249       0.187500       0.562500
      0.216080       0.444470       0.397353       0.408719       0.179257      45.311214       7.434001       0.187500       0.562500
      0.221106       0.447042       0.398603       0.511817       0.248771      20.517008      13.833587       0.187500       0.562500
      0.226131       0.449038       0.399969       0.397330       0.271694     -22.783441       4.561700       0.187500       0.562500
      0.231156       0.449887       0.402497       0.168921       0.503187     -45.454432      46.068289       0.187500       0.562500
      0.236181       0.451078       0.405089       0.237048       0.515777      13.557491       2.505479       0.187500       0.562500
      0.241206       0.452172       0.407703       0.217681       0.520218      -3.854116       0.883827       0.187500       0.562500
      0.246231       0.452854       0.409808       0.135608       0.418815     -16.332831     -20.179749       0.187500       0.562500
      0.251256       0.453876       0.411014       0.203381       0.240049      13.487089     -35.575384       0.187500       0.562500
      0.256281       0.454096       0.413335       0.043819       0.461995     -31.753694      44.168526       0.187500       0.562500
      0.261307       0.453934       0.415768      -0.032300       0.484039     -15.147988       4.386808       0.187500       0.562500
      0.266332       0.455409       0.417746       0.293671       0.393687      64.869863     -17.980584       0.187500       0.562500
      0.271357       0.457216       0.419140       0.359459       0.277432      13.092131     -23.135283       0.187500       0.562500
      0.276382       0.458519       0.419605       0.259456       0.092485     -19.901153     -36.805354       0.187500       0.562500
      0.281407       0.458991       0.420572       0.093817       0.192441     -32.962853      19.891721       0.187500       0.562500
      0.286432       0.459714       0.422349       0.143995       0.353616       9.985633      32.074623       0.187500       0.562500
      0.291457       0.461046       0.424875       0.265042       0.502832      24.088919      29.694661       0.187500       0.562500
      0.296482       0.462780       0.427473       0.345005       0.516993      15.913105       2.818238       0.187500       0.562500
      0.301508       0.464338       0.429598       0.310107       0.422803      -6.944887     -18.744324       0.187500       0.562500
      0.306533       0.465574       0.431118       0.245979       0.302461     -12.761871     -23.948582       0.187500       0.562500
      0.311558       0.466355       0.431962       0.155386       0.168065     -18.028380     -26.745485       0.187500       0.562500
      0.316583       0.466723       0.432903       0.073192       0.187099     -16.357034       3.787721       0.187500       0.562500
      0.321608       0.467175       0.434300       0.089956       0.278090       3.336033      18.107744       0.187500       0.562500
      0.326633       0.467082       0.436330      -0.018455       0.403998     -21.574309      25.056356       0.187500       0.562500
      0.331658       0.466943       0.438346      -0.027670       0.401191      -1.833755      -0.558605       0.187500       0.562500
      0.336683       0.466263       0.439909      -0.135291       0.311118     -21.417228     -17.924946       0.187500       0.562500
      0.341709       0.466936       0.441308       0.133969       0.278323      53.584160      -6.526461       0.187500       0.562500
      0.346734       0.467914       0.442724       0.194532       0.281787      12.052361       0.689331       0.187500       0.562500
      0.351759       0.469949       0.444892       0.404956       0.431483      41.875329      29.790387       0.187500       0.562500
      0.356784       0.472004       0.447668       0.408926       0.552503       0.790072      24.083522       0.187500       0.562500
      0.361809       0.472877       0.450795       0.173792       0.622187     -46.792802      13.867448       0.187500       0.562500
      0.366834       0.473838       0.454087       0.191170       0.655183       3.458267       6.566359       0.187500       0.562500
      0.371859       0.474848       0.456543       0.201054       0.488807       1.967062     -33.109614       0.187500       0.562500
      0.376884       0.475877       0.459061       0.204727       0.500933       0.730831       2.413134       0.187500       0.562500
      0.381910       0.475530       0.461761      -0.069028       0.537457     -54.478467       7.268367       0.187500       0.562500
      0.386935       0.475164       0.464815      -0.072752       0.607730      -0.741124      13.984628       0.187500       0.562500
      0.391960       0.475638       0.467701       0.094363       0.574305      33.256656      -6.651607       0.187500       0.562500
      0.396985       0.475217       0.470585      -0.083895       0.573899     -35.474186      -0.080862       0.187500       0.562500
      0.402010       0.474074       0.474375      -0.227467       0.754264     -28.571625      35.893643       0.187500       0.562500
      0.407035       0.472802       0.479277      -0.253062       0.975442      -5.093527      44.015408       0.187500       0.562500
      0.412060       0.471053       0.484024      -0.348053       0.944786     -18.903738      -6.100573       0.187500       0.562500
      0.417085       0.469492       0.489882      -0.310627       1.165697       7.448132      43.962228       0.187500       0.562500
      0.422111       0.468239       0.496450      -0.249392       1.306983      12.185959      28.116694       0.187500       0.562500
      0.427136       0.466237       0.502842      -0.398520       1.272150     -29.677186      -6.931977       0.187500       0.562500
      0.432161       0.463227       0.509469      -0.598958       1.318813     -39.888097       9.286262       0.187500       0.562500
      0.437186       0.458161       0.516346      -1.008191       1.368590     -81.439443       9.905739       0.187500       0.562500
      0.442211       0.452151       0.523284      -1.195859       1.380624     -37.346899       2.394888       0.187500       0.562500
      0.447236       0.445201       0.530917      -1.383232       1.519092     -37.288129      27.555760       0.187500       0.562500
      0.452261       0.437947       0.537087      -1.443508       1.227773     -11.995139     -57.973823       0.187500       0.562500
      0.457286       0.429505       0.541984      -1.680015       0.974469     -47.066138     -50.408793       0.187500       0.562500
      0.462312       0.421683       0.546339      -1.556690       0.866747      24.542211     -21.437215       0.187500       0.562500
      0.467337       0.414103       0.549863      -1.508334       0.701316       9.623179     -32.921703       0.187500       0.562500
      0.472362       0.407021       0.551872      -1.409301       0.399706      19.708087     -60.021737       0.187500       0.562500
      0.477387       0.401858       0.553043      -1.027521       0.233150      75.976085     -33.145601       0.187500       0.562500
      0.482412       0.397700       0.552906      -0.827487      -0.027319      39.807757     -51.834609       0.187500       0.562500
      0.487437       0.395124       0.552542      -0.512719      -0.072487      62.640405      -8.988504       0.187500       0.562500
      0.492462       0.394283       0.551174      -0.167267      -0.272117      68.746722     -39.727365       0.187500       0.562500
      0.497487       0.395348       0.548647       0.211839      -0.502878      75.443804     -45.922695       0.187500       0.562500
      0.502513       0.397585       0.545685       0.445237      -0.589602      46.447457     -17.258493       0.187500       0.562500
      0.507538       0.401162       0.542044       0.711800      -0.724461      53.047334     -26.837707       0.187500       0.562500
      0.512563       0.406800       0.537713       1.122064      -0.861929      81.644504     -27.356728       0.187500       0.562500
      0.517588       0.412986       0.533881       1.231122      -0.762663      21.703235      19.754354       0.187500       0.562500
      0.522613       0.420279       0.530819       1.451337      -0.609320      43.823741      30.516097       0.187500       0.562500
      0.527638       0.428135       0.528426       1.563323      -0.476259      22.285766      26.479858       0.187500       0.562500
      0.532663       0.436504       0.526604       1.665463      -0.362468      20.326373      22.644979       0.187500       0.562500
      0.537688       0.445478       0.524831       1.785891      -0.352899      23.965918       1.904247       0.187500       0.562500
      0.542714       0.454177       0.523790       1.731149      -0.207058     -10.894068      29.023126       0.187500       0.562500
      0.547739       0.462615       0.523137       1.679076      -0.129962     -10.362686      15.342372       0.187500       0.562500
      0.552764       0.470404       0.522764       1.550182      -0.074298     -25.650484      11.077387       0.187500       0.562500
      0.557789       0.477875       0.522943       1.486745       0.035618     -12.624290      21.873967       0.187500       0.562500
      0.562814       0.485007       0.523267       1.419312       0.064394     -13.419548       5.726439       0.187500       0.562500
      0.567839       0.491887       0.523804       1.369066       0.106882      -9.999144       8.455486       0.187500       0.562500
      0.572864       0.497931       0.525043       1.202847       0.246584     -33.078451      27.801254       0.187500       0.562500
      0.577889       0.503042       0.526542       1.017174       0.298290     -36.949957      10.289808       0.187500       0.562500
      0.582915       0.506973       0.528283       0.782256       0.346627     -46.749874       9.619274       0.187500       0.562500
      0.587940       0.510132       0.529896       0.628569       0.320855     -30.584488      -5.128713       0.187500       0.562500
      0.592965       0.512747       0.531671       0.520356       0.353244     -21.534756       6.445586       0.187500       0.562500
      0.597990       0.514579       0.533476       0.364660       0.359289     -30.984388       1.202977       0.187500       0.562500
      0.603015       0.516163       0.535309       0.315168       0.364747      -9.849123       1.086223       0.187500       0.562500
      0.608040       0.518076       0.537195       0.380848       0.375300      13.070663       2.100017       0.187500       0.562500
      0.613065       0.519603       0.538960       0.303854       0.351246     -15.322236      -4.786872       0.187500       0.562500
      0.618090       0.521208       0.540627       0.319410       0.331786       3.095739      -3.872582       0.187500       0.562500
      0.623116       0.522897       0.542289       0.335982       0.330630       3.297847      -0.230181       0.187500       0.562500
      0.628141       0.524242       0.544273       0.267672       0.394820     -13.594058      12.774123       0.187500       0.562500
      0.633166       0.525377       0.546329       0.225880       0.409299      -8.316659       2.881395       0.187500       0.562500
      0.638191       0.526542       0.548057       0.231860       0.343782       1.190033     -13.038100       0.187500       0.562500
      0.643216       0.527687       0.549816       0.227855       0.350044      -0.797008       1.246188       0.187500       0.562500
      0.648241       0.528615       0.551857       0.184641       0.406138      -8.599767      11.162899       0.187500       0.562500
      0.653266       0.529399       0.554278       0.156156       0.481923      -5.668738      15.081626       0.187500       0.562500
      0.658291       0.530189       0.556570       0.157131       0.456117       0.194110      -5.135461       0.187500       0.562500
      0.663317       0.530682       0.558576       0.098161       0.399107     -11.735356     -11.345270       0.187500       0.562500
      0.668342       0.531397       0.560145       0.142262       0.312297       8.776296     -17.275691       0.187500       0.562500
      0.673367       0.532208       0.561599       0.161464       0.289247       3.821187      -4.586955       0.187500       0.562500
      0.678392       0.533104       0.562948       0.178263       0.268590       3.343217      -4.111005       0.187500       0.562500
      0.683417       0.533820       0.564158       0.142542       0.240677      -7.108734      -5.554816       0.187500       0.562500
      0.688442       0.534524       0.565486       0.140072       0.264296      -0.491528       4.700330       0.187500       0.562500
      0.693467       0.535387       0.566963       0.171637       0.293913       6.281547       5.893961       0.187500       0.562500
      0.698492       0.536254       0.568432       0.172496       0.292346       0.170920      -0.311946       0.187500       0.562500
      0.703518       0.536766       0.569672       0.101910       0.246825     -14.046868      -9.058764       0.187500       0.562500
      0.708543       0.537597       0.571001       0.165347       0.264406      12.624232       3.498657       0.187500       0.562500
      0.713568       0.538224       0.572530       0.124781       0.304304      -8.072860       7.939995       0.187500       0.562500
      0.718593       0.538951       0.574442       0.144723       0.380639       3.968629      15.190880       0.187500       0.562500
      0.723618       0.539985       0.576244       0.205740       0.358464      12.142730      -4.412902       0.187500       0.562500
      0.728643       0.541261       0.577900       0.254078       0.329661       9.619390      -5.731837       0.187500       0.562500
      0.733668       0.542476       0.579779       0.241799       0.373793      -2.443515       8.782495       0.187500       0.562500
      0.738693       0.543493       0.581709       0.202253       0.384272      -7.869777       2.085370       0.187500       0.562500
      0.743719       0.544551       0.583478       0.210533       0.351968       1.647673      -6.428797       0.187500       0.562500
      0.748744       0.545579       0.585204       0.204676       0.343491      -1.165477      -1.686905       0.187500       0.562500
      0.753769       0.546673       0.587046       0.217710       0.366496       2.593738       4.578023       0.187500       0.562500
      0.758794       0.547832       0.589091       0.230587       0.407096       2.562568       8.079746       0.187500       0.562500
      0.763819       0.548890       0.591194       0.210520       0.418347      -3.993437       2.238927       0.187500       0.562500
      0.768844       0.549774       0.593300       0.175975       0.419153      -6.874685       0.160425       0.187500       0.562500
      0.773869       0.550713       0.595217       0.186777       0.381527       2.149678      -7.487757       0.187500       0.562500
      0.778894       0.551497       0.597078       0.156031       0.370264      -6.118590      -2.241458       0.187500       0.562500
      0.783920       0.552348       0.598960       0.169484       0.374613       2.677179       0.865598       0.187500       0.562500
      0.788945       0.553232       0.600647       0.175886       0.335680       1.274023      -7.748015       0.187500       0.562500
      0.793970       0.554276       0.602313       0.207678       0.331651       6.326920      -0.801612       0.187500       0.562500
      0.798995       0.555363       0.604104       0.216404       0.356320       1.736411       4.909108       0.187500       0.562500
      0.804020       0.556302       0.605995       0.186886       0.376397      -5.874246       3.995516       0.187500       0.562500
      0.809045       0.557156       0.607986       0.169816       0.396247      -3.397014       3.950183       0.187500       0.562500
      0.814070       0.557998       0.609809       0.167624       0.362633      -0.436240      -6.689334       0.187500       0.562500
      0.819095       0.558708       0.611670       0.141268       0.370356      -5.244874       1.536963       0.187500       0.562500
      0.824121       0.559547       0.613618       0.167079       0.387664       5.136575       3.444426       0.187500       0.562500
      0.829146       0.560551       0.615583       0.199836       0.391033       6.518745       0.670360       0.187500       0.562500
      0.834171       0.561709       0.617482       0.230359       0.378069       6.074119      -2.579950       0.187500       0.562500
      0.839196       0.562950       0.619542       0.247021       0.409951       3.315814       6.344664       0.187500       0.562500
      0.844221       0.563910       0.621478       0.190927       0.385228     -11.162975      -4.919913       0.187500       0.562500
      0.849246       0.564566       0.623152       0.130591       0.333115     -12.007017     -10.370844       0.187500       0.562500
      0.854271       0.565267       0.624760       0.139506       0.319933       1.774023      -2.623202       0.187500       0.562500
      0.859296       0.566118       0.626160       0.169449       0.278603       5.958745      -8.224823       0.187500       0.562500
      0.864322       0.566991       0.627453       0.173597       0.257337       0.825665      -4.232112       0.187500       0.562500
      0.869347       0.567932       0.628784       0.187378       0.264903       2.742441       1.505725       0.187500       0.562500
      0.874372       0.568836       0.630240       0.179903       0.289768      -1.487532       4.948309       0.187500       0.562500
      0.879397       0.569703       0.631728       0.172396       0.295993      -1.494026       1.238731       0.187500       0.562500
      0.884422       0.570757       0.633405       0.209874       0.333780       7.458379       7.519816       0.187500       0.562500
      0.889447       0.571850       0.635146       0.217374       0.346575       1.492430       2.546341       0.187500       0.562500
      0.894472       0.572912       0.636841       0.211434       0.337175      -1.181974      -1.870688       0.187500       0.562500
      0.899497       0.574182       0.638614       0.252686       0.352838       8.209279       3.117043       0.187500       0.562500
      0.904523       0.575475       0.640567       0.257389       0.388771       0.935887       7.150752       0.187500       0.562500
      0.909548       0.576635       0.642601       0.230858       0.404671      -5.279794       3.164149       0.187500       0.562500
      0.914573       0.577888       0.644634       0.249289       0.404627       3.667910      -0.008694       0.187500       0.562500
      0.919598       0.579216       0.646591       0.264264       0.389447       2.980125      -3.021008       0.187500       0.562500
      0.924623       0.580575       0.648332       0.270491       0.346493       1.239199      -8.547916       0.187500       0.562500
      0.929648       0.581903       0.650025       0.264271       0.336984      -1.237837      -1.892463       0.187500       0.562500
      0.934673       0.583097       0.651739       0.237612       0.340965      -5.305270       0.792300       0.187500       0.562500
      0.939698       0.584132       0.653727       0.206043       0.395779      -6.282338      10.908197       0.187500       0.562500
      0.944724       0.585041       0.655795       0.180927       0.411364      -4.998290       3.101484       0.187500       0.562500
      0.949749       0.585975       0.657728       0.185685       0.384771       0.946968      -5.292137       0.187500       0.562500
      0.954774       0.586898       0.659573       0.183733       0.367079      -0.388587      -3.520762       0.187500       0.562500
      0.959799       0.587753       0.661412       0.170249       0.366024      -2.683242      -0.209898       0.187500       0.562500
      0.964824       0.588557       0.663219       0.159931       0.359683      -2.053494      -1.261879       0.187500       0.562500
      0.969849       0.589265       0.664908       0.140987       0.336081      -3.769906      -4.696969       0.187500       0.562500
      0.974874       0.589918       0.666617       0.129780       0.340098      -2.230286       0.799496       0.187500       0.562500
      0.979899       0.590634       0.668282       0.142534       0.331258       2.538087      -1.759298       0.187500       0.562500
      0.984925       0.591148       0.669733       0.102270       0.288778      -8.012650      -8.453601       0.187500       0.562500
      0.989950       0.591568       0.671079       0.083585       0.267936      -3.718486      -4.147851       0.187500       0.562500
      0.994975       0.591854       0.672256       0.056888       0.234264      -5.312705      -6.700786       0.187500       0.562500
      1.000000       0.592207       0.673214       0.070381       0.190576       2.685081      -8.694227       0.187500       0.562500
      1.005025       0.592572       0.673909       0.072514       0.138243       0.424518     -10.414520       0.187500       0.562500
      1.010050       0.592830       0.674446       0.051417       0.106832      -4.198455      -6.250815       0.187500       0.562500
      1.015075       0.593047       0.674947       0.043096       0.099788      -1.655825      -1.401898       0.187500       0.562500
      1.020100       0.593255       0.675427       0.041508       0.095449      -0.316138      -0.863363       0.187500       0.562500
      1.025125       0.593351       0.675818       0.019160       0.077965      -4.447250      -3.479537       0.187500       0.562500
      1.030150       0.593404       0.676125       0.010500       0.061055      -1.723505      -3.365203       0.187500       0.562500
      1.035175       0.593435       0.676378       0.006191       0.050342      -0.857504      -2.131901       0.187500       0.562500
      1.040200       0.593444       0.676560       0.001790       0.036289      -0.875733      -2.796650       0.187500       0.562500
      1.045225       0.593410       0.676660      -0.006917       0.019726      -1.732665      -3.296117       0.187500       0.562500
      1.050250       0.593391       0.676736      -0.003693       0.015296       0.641590      -0.881464       0.187500       0.562500
      1.055275       0.593427       0.676787       0.007205       0.010119       2.168632      -1.030323       0.187500       0.562500
      1.060300       0.593408       0.676771      -0.003899      -0.003289      -2.209680      -2.668186       0.187500       0.562500
      1.065325       0.593421       0.676686       0.002651      -0.016814       1.303502      -2.691483       0.187500       0.562500
      1.070350       0.593443       0.676577       0.004489      -0.021705       0.365675      -0.973407       0.187500       0.562500
      1.075375       0.593464       0.676426       0.004059      -0.030015      -0.085556      -1.653787       0.187500       0.562500
      1.080400       0.593444       0.676218      -0.003964      -0.041500      -1.596622      -2.285480       0.187500       0.562500
      1.085425       0.593372       0.676016      -0.014226      -0.040102      -2.042170       0.278114       0.187500       0.562500
      1.090450       0.593402       0.675726       0.005787      -0.057747       3.982705      -3.511484       0.187500       0.562500
      1.095475       0.593400       0.675408      -0.000296      -0.063322      -1.210634      -1.109381       0.187500       0.562500
      1.100500       0.593431       0.675123       0.006214      -0.056681       1.295682       1.321594       0.187500       0.562500
      1.105525       0.593545       0.674876       0.022571      -0.049146       3.255129       1.499407       0.187500       0.562500
      1.110550       0.593730       0.674669       0.036893      -0.041284       2.850081       1.564732       0.187500       0.562500
      1.115575       0.593918       0.674569       0.037323      -0.019822       0.085612       4.270892       0.187500       0.562500
      1.120600       0.594044       0.674641       0.025182       0.014315      -2.416167       6.793617       0.187500       0.562500
      1.125625       0.594111       0.674770       0.013317       0.025683      -2.361197       2.262291       0.187500       0.562500
      1.130650       0.594264       0.674947       0.030457       0.035123       3.410870       1.878458       0.187500       0.562500
      1.135675       0.594444       0.675194       0.035773       0.049283       1.058060       2.817914       0.187500       0.562500
      1.140700       0.594676       0.675441       0.046289       0.049148       2.092565      -0.026715       0.187500       0.562500
      1.145725       0.594905       0.675710       0.045509       0.053520      -0.155205       0.869947       0.187500       0.562500
      1.150750       0.595131       0.675989       0.044845       0.055530      -0.131995       0.399909       0.187500       0.562500
      1.155775       0.595253       0.676231       0.024298       0.048163      -4.089119      -1.466020       0.187500       0.562500
      1.160800       0.595331       0.676416       0.015641       0.036863      -1.722705      -2.248779       0.187500       0.562500
      1.165825       0.595418       0.676557       0.017295       0.027906       0.329127      -1.782426       0.187500       0.562500
      1.170850       0.595465       0.676680       0.009360       0.024527      -1.579122      -0.672427       0.187500       0.562500
      1.175875       0.595420       0.676769      -0.009033       0.017676      -3.660264      -1.363382       0.187500       0.562500
      1.180900       0.595290       0.676859      -0.025780       0.017875      -3.332686       0.039627       0.187500       0.562500
      1.185925       0.595123       0.676979      -0.033309       0.023906      -1.498302       1.200248       0.187500       0.562500
      1.190950       0.594897       0.677119      -0.044940       0.027839      -2.314724       0.782536       0.187500       0.562500
      1.195975       0.594719       0.677283      -0.035398       0.032762       1.898973       0.979750       0.187500       0.562500
      1.201000       0.594621       0.677432      -0.019507       0.029576       3.162353      -0.634046       0.187500       0.562500
      1.206025       0.594541       0.677577      -0.015898       0.028947       0.718249      -0.125119       0.187500       0.562500
      1.211050       0.594433       0.677713      -0.021526       0.027051      -1.119931      -0.377335       0.187500       0.562500
      1.216075       0.594352       0.677846      -0.016180       0.026332       1.063791      -0.143097       0.187500       0.562500
      1.221100       0.594277       0.677932      -0.014866       0.017246       0.261548      -1.808193       0.187500       0.562500
      1.226125       0.594243       0.677975      -0.006849       0.008451       1.595296      -1.750111       0.187500       0.562500
      1.231150       0.594221       0.677988      -0.004349       0.002628       0.497639      -1.158910       0.187500       0.562500
      1.236175       0.594288       0.677995       0.013359       0.001339       3.524019      -0.256569       0.187500       0.562500
      1.241200       0.594380       0.677931       0.018414      -0.012713       1.005869      -2.796315       0.187500       0.562500
      1.246225       0.594343       0.677835      -0.007521      -0.019069      -5.161265      -1.264914       0.187500       0.562500
      1.251250       0.594299       0.677734      -0.008657      -0.020076      -0.226083      -0.200336       0.187500       0.562500
      1.256275       0.594306       0.677658       0.001303      -0.015208       1.982233       0.968706       0.187500       0.562500
      1.261300       0.594382       0.677513       0.015251      -0.028769       2.775685      -2.698784       0.187500       0.562500
      1.266325       0.594488       0.677352       0.020953      -0.032117       1.134686      -0.666188       0.187500       0.562500
      1.271350       0.594559       0.677180       0.014304      -0.034150      -1.323156      -0.404669       0.187500       0.562500
      1.276375       0.594659       0.677027       0.019897      -0.030545       1.113129       0.717426       0.187500       0.562500
      1.281400       0.594770       0.676896       0.021903      -0.026022       0.399181       0.900173       0.187500       0.562500
      1.286425       0.594856       0.676754       0.017286      -0.028137      -0.918914      -0.420978       0.187500       0.562500
      1.291450       0.594965       0.676617       0.021555      -0.027409       0.849660       0.144946       0.187500       0.562500
      1.296475       0.595065       0.676528       0.020003      -0.017735      -0.308833       1.925204       0.187500       0.562500
      1.301500       0.595154       0.676472       0.017690      -0.011128      -0.460465       1.314880       0.187500       0.562500
      1.306525       0.595223       0.676437       0.013624      -0.006973      -0.809121       0.826852       0.187500       0.562500
      1.311550       0.595290       0.676448       0.013444       0.002237      -0.035872       1.832730       0.187500       0.562500
      1.316575       0.595356       0.676444       0.013196      -0.000671      -0.049339      -0.578578       0.187500       0.562500
      1.321600       0.595401       0.676442       0.008827      -0.000564      -0.869342       0.021153       0.187500       0.562500
      1.326625       0.595384       0.676426      -0.003444      -0.003067      -2.441980      -0.498087       0.187500       0.562500
      1.331650       0.595373       0.676427      -0.002036       0.000083       0.280245       0.626934       0.187500       0.562500
      1.336675       0.595381       0.676472       0.001521       0.008979       0.707833       1.770312       0.187500       0.562500
      1.341700       0.595332       0.676520      -0.009707       0.009561      -2.234521       0.115849       0.187500       0.562500
      1.346725       0.595239       0.676503      -0.018492      -0.003420      -1.748273      -2.583287       0.187500       0.562500
      1.351750       0.595108       0.676475      -0.026199      -0.005442      -1.533584      -0.402315       0.187500       0.562500
      1.356775       0.594989       0.676455      -0.023682      -0.004007       0.500735       0.285556       0.187500       0.562500
      1.361800       0.594827       0.676452      -0.032214      -0.000625      -1.697884       0.673006       0.187500       0.562500
      1.366825       0.594665       0.676464      -0.032167       0.002449       0.009291       0.611615       0.187500       0.562500
      1.371850       0.594549       0.676475      -0.023102       0.002077       1.804050      -0.074027       0.187500       0.562500
      1.376875       0.594451       0.676478      -0.019590       0.000656       0.698890      -0.282804       0.187500       0.562500
      1.381900       0.594370       0.676481      -0.016059       0.000512       0.702822      -0.028529       0.187500       0.562500
      1.386925       0.594330       0.676469      -0.007975      -0.002378       1.608587      -0.575148       0.187500       0.562500
      1.391950       0.594331       0.676441       0.000296      -0.005412       1.645947      -0.603747       0.187500       0.562500
      1.396975       0.594378       0.676427       0.009307      -0.002925       1.793273       0.494829       0.187500       0.562500
      1.402000       0.594426       0.676396       0.009570      -0.006143       0.052349      -0.640252       0.187500       0.562500
      1.407025       0.594462       0.676335       0.007093      -0.012154      -0.492925      -1.196297       0.187500       0.562500
      1.412050       0.594527       0.676249       0.012898      -0.017044       1.155168      -0.973126       0.187500       0.562500
      1.417075       0.594567       0.676184       0.007993      -0.013068      -0.975948       0.791224       0.187500       0.562500
      1.422100       0.594590       0.676149       0.004559      -0.006873      -0.683463       1.232759       0.187500       0.562500
      1.427125       0.594597       0.676166       0.001508       0.003296      -0.607160       2.023787       0.187500       0.562500
      1.432150       0.594593       0.676184      -0.000761       0.003721      -0.451556       0.084614       0.187500       0.562500
      1.437175       0.594598       0.676195       0.000893       0.002164       0.329176      -0.309844       0.187500       0.562500
      1.442200       0.594586       0.676212      -0.002350       0.003381      -0.645435       0.242123       0.187500       0.562500
      1.447225       0.594571       0.676232      -0.002980       0.003965      -0.125297       0.116216       0.187500       0.562500
      1.452250       0.594590       0.676262       0.003688       0.006030       1.326946       0.410981       0.187500       0.562500
      1.457275       0.594622       0.676281       0.006443       0.003680       0.548343      -0.467770       0.187500       0.562500
      1.462300       0.594646       0.676297       0.004870       0.003194      -0.313067      -0.096578       0.187500       0.562500
      1.467325       0.594647       0.676309       0.000162       0.002385      -0.937070      -0.161106       0.187500       0.562500
      1.472350       0.594607       0.676315      -0.007939       0.001244      -1.612027      -0.227107       0.187500       0.562500
      1.477375       0.594585       0.676350      -0.004418       0.006975       0.700700       1.140584       0.187500       0.562500
      1.482400       0.594556       0.676381      -0.005757       0.006093      -0.266430      -0.175586       0.187500       0.562500
      1.487425       0.594514       0.676412      -0.008412       0.006229      -0.528395       0.027056       0.187500       0.562500
      1.492450       0.594446       0.676450      -0.013521       0.007490      -1.016660       0.251013       0.187500       0.562500
      1.497475       0.594361       0.676529      -0.016948       0.015715      -0.682162       1.636736       0.187500       0.562500
      1.502500       0.594280       0.676634      -0.016022       0.020944       0.184438       1.040699       0.187500       0.562500
