      0.000000       0.481850       0.298112       0.000000       0.000000       0.000000       0.000000       0.437500       0.312500
      0.005025       0.481441       0.299573      -0.081407       0.290770     -16.200361      57.864608       0.437500       0.312500
      0.010050       0.482589       0.302614       0.228282       0.605166      61.629576      62.566348       0.437500       0.312500
      0.015075       0.482078       0.304762      -0.101631       0.427441     -65.654373     -35.368118       0.437500       0.312500
      0.020101       0.482871       0.306567       0.157827       0.359229      51.633508     -13.574381       0.437500       0.312500
      0.025126       0.480457       0.308088      -0.480419       0.302739    -127.014159     -11.241894       0.437500       0.312500
      0.030151       0.479406       0.310975      -0.209154       0.574543      53.983200      54.090439       0.437500       0.312500
      0.035176       0.480110       0.313344       0.140068       0.471261      69.496806     -20.553649       0.437500       0.312500
      0.040201       0.482055       0.316004       0.387048       0.529391      49.150314      11.568135       0.437500       0.312500
      0.045226       0.483113       0.316788       0.210645       0.156104     -35.105142     -74.286038       0.437500       0.312500
      0.050251       0.480698       0.319998      -0.480610       0.638818    -137.563085      96.062607       0.437500       0.312500
      0.055276       0.482748       0.321985       0.407905       0.395442     176.818824     -48.433218       0.437500       0.312500
      0.060302       0.485239       0.323836       0.495812       0.368240      17.494019      -5.413210       0.437500       0.312500
      0.065327       0.484462       0.325591      -0.154590       0.349297    -129.433289      -3.769834       0.437500       0.312500
      0.070352       0.482105       0.328639      -0.469103       0.606588     -62.589697      51.202163       0.437500       0.312500
      0.075377       0.480956       0.331712      -0.228640       0.611603      47.853310       0.998132       0.437500       0.312500
      0.080402       0.480818       0.333584      -0.027424       0.372376      40.042979     -47.607445       0.437500       0.312500
      0.085427       0.482097       0.336215       0.254412       0.523715      56.086789      30.117251       0.437500       0.312500
      0.090452       0.484802       0.338706       0.538256       0.495727      56.486395      -5.569769       0.437500       0.312500
      0.095477       0.484896       0.341530       0.018724       0.561882    -103.389346      13.165234       0.437500       0.312500
      0.100503       0.485105       0.344213       0.041570       0.533994       4.546362      -5.549802       0.437500       0.312500
      0.105528       0.486702       0.345366       0.317843       0.229458      54.979708     -60.604237       0.437500       0.312500
      0.110553       0.486873       0.347102       0.034038       0.345388     -56.478610      23.070625       0.437500       0.312500
      0.115578       0.485657       0.348827      -0.241897       0.343309     -54.912529      -0.413668       0.437500       0.312500
      0.120603       0.485309       0.348775      -0.069373      -0.010243      34.333184     -70.358637       0.437500       0.312500
      0.125628       0.484783       0.348861      -0.104538       0.017087      -6.998009       5.438682       0.437500       0.312500
      0.130653       0.484187       0.349538      -0.118611       0.134617      -2.800623      23.389162       0.437500       0.312500
      0.135678       0.483792       0.353125      -0.078679       0.713840       7.946735     115.268130       0.437500       0.312500
      0.140704       0.483129       0.357333      -0.131930       0.837464     -10.597154      24.601940       0.437500       0.312500
      0.145729       0.483995       0.360162       0.172252       0.562915      60.533701     -54.636701       0.437500       0.312500
      0.150754       0.483751       0.361925      -0.048416       0.350918     -43.914108     -42.188414       0.437500       0.312500
      0.155779       0.482587       0.362686      -0.231696       0.151365     -36.473514     -39.712061       0.437500       0.312500
      0.160804       0.482757       0.364052       0.033815       0.271871      52.838014      23.981292       0.437500       0.312500
      0.165829       0.483385       0.366360       0.125006       0.459325      18.147442      37.304261       0.437500       0.312500
      0.170854       0.484080       0.368479       0.138220       0.421644       2.629553      -7.498654       0.437500       0.312500
      0.175879       0.483698       0.370300      -0.075843       0.362433     -42.599602     -11.783241       0.437500       0.312500
      0.180905       0.482766       0.370890      -0.185578       0.117433     -21.837667     -48.756189       0.437500       0.312500
      0.185930       0.483097       0.372040       0.065799       0.228928      50.025172      22.188028       0.437500       0.312500
      0.190955       0.484409       0.373985       0.261218       0.387115      38.889361      31.479930       0.437500       0.312500
      0.195980       0.485303       0.375976       0.177919       0.396074     -16.576974       1.782847       0.437500       0.312500
      0.201005       0.487271       0.378658       0.391620       0.533749      42.527533      27.397991       0.437500       0.312500
      0.206030       0.487477       0.382195       0.041065       0.703831     -69.762135      33.847266       0.437500       0.312500
      0.211055       0.487325       0.384736      -0.030440       0.505737     -14.229879     -39.421769       0.437500       0.312500
      0.216080       0.488135       0.387880       0.161210       0.625674      38.139311      23.868059       0.437500       0.312500
      0.221106       0.489094       0.389185       0.190973       0.259726       5.923037     -72.825418       0.437500       0.312500
      0.226131       0.489343       0.390822       0.049527       0.325675     -28.148511      13.124188       0.437500       0.312500
      0.231156       0.489774       0.392152       0.085708       0.264857       7.200273     -12.103037       0.437500       0.312500
      0.236181       0.490262       0.394127       0.097141       0.392851       2.275192      25.471310       0.437500       0.312500
      0.241206       0.490163       0.397120      -0.019767       0.595761     -23.265197      40.380069       0.437500       0.312500
      0.246231       0.490975       0.399669       0.161738       0.507174      36.120304     -17.629081       0.437500       0.312500
      0.251256       0.490632       0.401671      -0.068300       0.398523     -45.778597     -21.622166       0.437500       0.312500
      0.256281       0.491280       0.403627       0.128916       0.389198      39.246800      -1.855736       0.437500       0.312500
      0.261307       0.492550       0.405106       0.252825       0.294350      24.658672     -18.875185       0.437500       0.312500
      0.266332       0.492939       0.406422       0.077324       0.261796     -34.925632      -6.478407       0.437500       0.312500
      0.271357       0.492485       0.407929      -0.090309       0.300026     -33.359781       7.607942       0.437500       0.312500
      0.276382       0.490192       0.411303      -0.456320       0.671414     -72.838091      73.907964       0.437500       0.312500
      0.281407       0.489024       0.414154      -0.232364       0.567297      44.568388     -20.719689       0.437500       0.312500
      0.286432       0.488559       0.416802      -0.092726       0.527030      27.788638      -8.013274       0.437500       0.312500
      0.291457       0.487724       0.418805      -0.166123       0.398644     -14.606285     -25.549506       0.437500       0.312500
      0.296482       0.486938       0.420713      -0.156461       0.379717       1.922812      -3.766582       0.437500       0.312500
      0.301508       0.487644       0.421678       0.140516       0.191884      59.099911     -37.379665       0.437500       0.312500
      0.306533       0.488632       0.422012       0.196683       0.066583      11.177350     -24.935499       0.437500       0.312500
      0.311558       0.488418       0.423476      -0.042609       0.291290     -47.620157      44.717635       0.437500       0.312500
      0.316583       0.489082       0.425531       0.132262       0.408987      34.800183      23.422455       0.437500       0.312500
      0.321608       0.489289       0.427485       0.041036       0.388837     -18.154532      -4.009984       0.437500       0.312500
      0.326633       0.490182       0.428530       0.177842       0.207983      27.225051     -35.990784       0.437500       0.312500
      0.331658       0.491863       0.430022       0.334361       0.296811      31.148092      17.677031       0.437500       0.312500
      0.336683       0.492704       0.431964       0.167560       0.386529     -33.194258      17.854473       0.437500       0.312500
      0.341709       0.492671       0.434312      -0.006737       0.467299     -34.685952      16.073573       0.437500       0.312500
      0.346734       0.493651       0.437301       0.195103       0.594810      40.167245      25.375233       0.437500       0.312500
      0.351759       0.494399       0.439902       0.148781       0.517684      -9.218422     -15.348333       0.437500       0.312500
      0.356784       0.495849       0.443597       0.288645       0.735154      27.833628      43.277667       0.437500       0.312500
      0.361809       0.496446       0.446429       0.118788       0.563714     -33.802310     -34.117523       0.437500       0.312500
      0.366834       0.496888       0.448724       0.088017       0.456596      -6.123585     -21.317002       0.437500       0.312500
      0.371859       0.496966       0.450647       0.015366       0.382836     -14.457845     -14.678619       0.437500       0.312500
      0.376884       0.496822       0.452208      -0.028538       0.310508      -8.737160     -14.393709       0.437500       0.312500
      0.381910       0.496145       0.453593      -0.134666       0.275600     -21.120016      -6.946795       0.437500       0.312500
      0.386935       0.496166       0.455392       0.004195       0.358144      27.633995      16.426631       0.437500       0.312500
      0.391960       0.495739       0.457261      -0.085023       0.371919     -17.754796       2.741390       0.437500       0.312500
      0.396985       0.495173       0.459171      -0.112625       0.380092      -5.492880       1.626414       0.437500       0.312500
      0.402010       0.494193       0.461883      -0.195174       0.539735     -16.427725      31.769725       0.437500       0.312500
      0.407035       0.493444       0.465335      -0.149024       0.686865       9.184196      29.279678       0.437500       0.312500
      0.412060       0.492700       0.468938      -0.148047       0.717118       0.194313       6.020404       0.437500       0.312500
      0.417085       0.490156       0.472725      -0.506136       0.753671     -71.261485       7.274225       0.437500       0.312500
      0.422111       0.485130       0.477089      -1.000188       0.868263     -98.318793      22.804486       0.437500       0.312500
      0.427136       0.480405       0.482453      -0.940466       1.067607      11.884966      39.670502       0.437500       0.312500
      0.432161       0.475719       0.488224      -0.932475       1.148391       1.590290      16.076374       0.437500       0.312500
      0.437186       0.470252       0.493805      -1.087944       1.110642     -30.939188      -7.512195       0.437500       0.312500
      0.442211       0.462869       0.498609      -1.469230       0.955959     -75.877787     -30.782712       0.437500       0.312500
      0.447236       0.453601       0.503079      -1.844335       0.889645     -74.647772     -13.196902       0.437500       0.312500
      0.452261       0.443556       0.506953      -1.999157       0.770849     -30.810374     -23.640965       0.437500       0.312500
      0.457286       0.432858       0.510151      -2.128853       0.636412     -25.810007     -26.753659       0.437500       0.312500
      0.462312       0.422465       0.512414      -2.068359       0.450493      12.038570     -36.998707       0.437500       0.312500
      0.467337       0.413170       0.513552      -1.849614       0.226504      43.531360     -44.575021       0.437500       0.312500
      0.472362       0.404981       0.513092      -1.629729      -0.091583      43.758111     -63.300941       0.437500       0.312500
      0.477387       0.399081       0.511933      -1.174188      -0.230766      90.654957     -27.698030       0.437500       0.312500
      0.482412       0.394838       0.510540      -0.844350      -0.277111      65.639362      -9.222990       0.437500       0.312500
      0.487437       0.392044       0.508892      -0.555976      -0.328043      57.387973     -10.135575       0.437500       0.312500
      0.492462       0.390989       0.506110      -0.209908      -0.553607      68.869284     -44.888349       0.437500       0.312500
      0.497487       0.391423       0.502932       0.086398      -0.632446      58.966360     -15.689425       0.437500       0.312500
      0.502513       0.394126       0.499506       0.537904      -0.681663      89.851942      -9.794372       0.437500       0.312500
      0.507538       0.400139       0.497074       1.196554      -0.484010     131.074574      39.333922       0.437500       0.312500
      0.512563       0.408080       0.495077       1.580290      -0.397564      76.365353      17.203207       0.437500       0.312500
      0.517588       0.417358       0.493472       1.846419      -0.319393      52.960917      15.556282       0.437500       0.312500
      0.522613       0.427104       0.493598       1.939371       0.025088      18.497917      68.553521       0.437500       0.312500
      0.527638       0.436741       0.494582       1.917996       0.195904      -4.253650      33.993262       0.437500       0.312500
      0.532663       0.446131       0.496296       1.868459       0.341002      -9.858039      28.875094       0.437500       0.312500
      0.537688       0.455290       0.499088       1.822785       0.555620      -9.089539      42.710047       0.437500       0.312500
      0.542714       0.464565       0.502663       1.845815       0.711610       4.583242      31.042783       0.437500       0.312500
      0.547739       0.473448       0.506567       1.767676       0.776831     -15.550095      12.979384       0.437500       0.312500
      0.552764       0.481458       0.510470       1.594077       0.776623     -34.547082      -0.041332       0.437500       0.312500
      0.557789       0.487883       0.514383       1.278567       0.778881     -62.788000       0.449221       0.437500       0.312500
      0.562814       0.492327       0.518351       0.884496       0.789598     -78.422207       2.132880       0.437500       0.312500
      0.567839       0.496060       0.521676       0.742736       0.661561     -28.210977     -25.480119       0.437500       0.312500
      0.572864       0.499171       0.524924       0.619252       0.646412     -24.573902      -3.014706       0.437500       0.312500
      0.577889       0.501777       0.527829       0.518583       0.578099     -20.033494     -13.594598       0.437500       0.312500
      0.582915       0.503408       0.530555       0.324474       0.542564     -38.628793      -7.071689       0.437500       0.312500
      0.587940       0.504016       0.532970       0.120982       0.480490     -40.495888     -12.353020       0.437500       0.312500
      0.592965       0.504361       0.535415       0.068623       0.486749     -10.419696       1.245636       0.437500       0.312500
      0.597990       0.504428       0.537531       0.013422       0.420909     -10.985298     -13.102612       0.437500       0.312500
      0.603015       0.504578       0.539515       0.029874       0.395005       3.274122      -5.154995       0.437500       0.312500
      0.608040       0.505076       0.541482       0.098993       0.391291      13.754959      -0.739096       0.437500       0.312500
      0.613065       0.505745       0.543569       0.133180       0.415341       6.803349       4.786179       0.437500       0.312500
      0.618090       0.505925       0.545972       0.035854       0.478266     -19.368335      12.522330       0.437500       0.312500
      0.623116       0.506021       0.548374       0.019160       0.477984      -3.322203      -0.056167       0.437500       0.312500
      0.628141       0.506020       0.550848      -0.000332       0.492277      -3.878862       2.844378       0.437500       0.312500
      0.633166       0.506202       0.553622       0.036297       0.552157       7.289168      11.916479       0.437500       0.312500
      0.638191       0.506745       0.556021       0.108034       0.477429      14.276096     -14.871346       0.437500       0.312500
      0.643216       0.507257       0.558187       0.101868       0.431083      -1.227065      -9.223057       0.437500       0.312500
      0.648241       0.507641       0.560370       0.076484       0.434293      -5.051468       0.638776       0.437500       0.312500
      0.653266       0.507981       0.562245       0.067586       0.373175      -1.770816     -12.162644       0.437500       0.312500
      0.658291       0.507671       0.564169      -0.061633       0.382796     -25.715164       1.914680       0.437500       0.312500
      0.663317       0.507452       0.566334      -0.043500       0.430898       3.608557       9.572480       0.437500       0.312500
      0.668342       0.507417       0.568868      -0.007002       0.504246       7.263289      14.596544       0.437500       0.312500
      0.673367       0.507552       0.570934       0.026849       0.411305       6.736541     -18.495737       0.437500       0.312500
      0.678392       0.507676       0.572824       0.024670       0.376052      -0.433778      -7.015510       0.437500       0.312500
      0.683417       0.508117       0.574916       0.087722       0.416395      12.547716       8.028561       0.437500       0.312500
      0.688442       0.508123       0.576827       0.001316       0.380222     -17.195135      -7.198646       0.437500       0.312500
      0.693467       0.507901       0.578663      -0.044202       0.365303      -9.058358      -2.969001       0.437500       0.312500
      0.698492       0.507736       0.580659      -0.032942       0.397247       2.240675       6.357037       0.437500       0.312500
      0.703518       0.507848       0.582491       0.022228       0.364605      10.979177      -6.495953       0.437500       0.312500
      0.708543       0.507728       0.584163      -0.023750       0.332737      -9.149755      -6.341951       0.437500       0.312500
      0.713568       0.507568       0.585879      -0.031907       0.341510      -1.623297       1.745933       0.437500       0.312500
      0.718593       0.507587       0.587891       0.003910       0.400352       7.127709      11.709924       0.437500       0.312500
      0.723618       0.507749       0.589905       0.032145       0.400747       5.618947       0.078487       0.437500       0.312500
      0.728643       0.507782       0.591665       0.006576       0.350229      -5.088507     -10.053163       0.437500       0.312500
      0.733668       0.507746       0.593466      -0.007258       0.358507      -2.752943       1.647260       0.437500       0.312500
      0.738693       0.507781       0.595268       0.006961       0.358661       2.829694       0.030685       0.437500       0.312500
      0.743719       0.508270       0.596965       0.097484       0.337671      18.014492      -4.177093       0.437500       0.312500
      0.748744       0.508625       0.598472       0.070633       0.299806      -5.343456      -7.535348       0.437500       0.312500
      0.753769       0.508920       0.600124       0.058732       0.328903      -2.368442       5.790431       0.437500       0.312500
      0.758794       0.509271       0.601700       0.069705       0.313492       2.183756      -3.066868       0.437500       0.312500
      0.763819       0.509530       0.603252       0.051517       0.308944      -3.619464      -0.905153       0.437500       0.312500
      0.768844       0.509603       0.605306       0.014630       0.408726      -7.340812      19.857138       0.437500       0.312500
      0.773869       0.509679       0.607552       0.015195       0.446985       0.112473       7.613760       0.437500       0.312500
      0.778894       0.509832       0.609708       0.030352       0.429105       3.016266      -3.558278       0.437500       0.312500
      0.783920       0.509952       0.611835       0.023965       0.423231      -1.271035      -1.168858       0.437500       0.312500
      0.788945       0.510061       0.613874       0.021671       0.405860      -0.456453      -3.456850       0.437500       0.312500
      0.793970       0.510255       0.615953       0.038533       0.413633       3.355533       1.546741       0.437500       0.312500
      0.798995       0.510284       0.617899       0.005866       0.387179      -6.500810      -5.264339       0.437500       0.312500
      0.804020       0.510057       0.620040      -0.045226       0.426180     -10.167616       7.761375       0.437500       0.312500
      0.809045       0.509915       0.622103      -0.028373       0.410422       3.353806      -3.135912       0.437500       0.312500
      0.814070       0.510040       0.624012       0.024885       0.379912      10.598719      -6.071803       0.437500       0.312500
      0.819095       0.510243       0.625849       0.040415       0.365730       3.090466      -2.822239       0.437500       0.312500
      0.824121       0.510707       0.627786       0.092312       0.385310      10.327864       3.896578       0.437500       0.312500
      0.829146       0.511360       0.629695       0.130130       0.380068       7.525824      -1.043295       0.437500       0.312500
      0.834171       0.512192       0.631586       0.165541       0.376166       7.047140      -0.776495       0.437500       0.312500
      0.839196       0.512643       0.633569       0.089595       0.394627     -15.113644       3.673920       0.437500       0.312500
      0.844221       0.513015       0.635354       0.074206       0.355320      -3.062501      -7.822298       0.437500       0.312500
      0.849246       0.513367       0.637114       0.069896       0.350143      -0.857801      -1.030223       0.437500       0.312500
      0.854271       0.513764       0.638978       0.078996       0.371112       1.811041       4.172893       0.437500       0.312500
      0.859296       0.514045       0.640901       0.056080       0.382687      -4.560436       2.303384       0.437500       0.312500
      0.864322       0.514279       0.642831       0.046580       0.384015      -1.890509       0.264310       0.437500       0.312500
      0.869347       0.514531       0.644612       0.050134       0.354338       0.707130      -5.905726       0.437500       0.312500
      0.874372       0.514728       0.646312       0.039085       0.338335      -2.198818      -3.184765       0.437500       0.312500
      0.879397       0.514982       0.647964       0.050559       0.328899       2.283474      -1.877793       0.437500       0.312500
      0.884422       0.515268       0.649830       0.056949       0.371343       1.271731       8.446542       0.437500       0.312500
      0.889447       0.515259       0.651818      -0.001888       0.395618     -11.708883       4.830940       0.437500       0.312500
      0.894472       0.515170       0.653767      -0.017719       0.387789      -3.150573      -1.558170       0.437500       0.312500
      0.899497       0.515105       0.655745      -0.012917       0.393550       0.955771       1.146531       0.437500       0.312500
      0.904523       0.515053       0.657747      -0.010256       0.398488       0.529366       0.982696       0.437500       0.312500
      0.909548       0.515034       0.659841      -0.003872       0.416651       1.270612       3.614519       0.437500       0.312500
      0.914573       0.515006       0.661939      -0.005441       0.417657      -0.312398       0.200287       0.437500       0.312500
      0.919598       0.515089       0.664189       0.016436       0.447763       4.353624       5.991120       0.437500       0.312500
      0.924623       0.515090       0.666612       0.000300       0.482190      -3.211062       6.851129       0.437500       0.312500
      0.929648       0.515112       0.669118       0.004327       0.498522       0.801321       3.250137       0.437500       0.312500
      0.934673       0.515199       0.671600       0.017276       0.493975       2.577014      -0.904760       0.437500       0.312500
      0.939698       0.515314       0.673891       0.022849       0.455862       1.109115      -7.584617       0.437500       0.312500
      0.944724       0.515286       0.676094      -0.005423       0.438484      -5.626367      -3.458342       0.437500       0.312500
      0.949749       0.515266       0.678312      -0.004093       0.441510       0.264639       0.602183       0.437500       0.312500
      0.954774       0.515419       0.680480       0.030554       0.431326       6.894990      -2.026701       0.437500       0.312500
      0.959799       0.515620       0.682635       0.039868       0.428969       1.853457      -0.469142       0.437500       0.312500
      0.964824       0.515993       0.684713       0.074351       0.413415       6.862459      -3.095280       0.437500       0.312500
      0.969849       0.516479       0.686707       0.096623       0.396930       4.432156      -3.280480       0.437500       0.312500
      0.974874       0.517074       0.688626       0.118487       0.381902       4.350946      -2.990717       0.437500       0.312500
      0.979899       0.517510       0.690433       0.086744       0.359499      -6.316870      -4.458424       0.437500       0.312500
      0.984925       0.518067       0.692149       0.110885       0.341421       4.804172      -3.597564       0.437500       0.312500
      0.989950       0.518430       0.693858       0.072124       0.340206      -7.713677      -0.241734       0.437500       0.312500
      0.994975       0.518617       0.695400       0.037304       0.306868      -6.929372      -6.634354       0.437500       0.312500
      1.000000       0.518772       0.696756       0.030875       0.269808      -1.279475      -7.375261       0.437500       0.312500
      1.005025       0.518902       0.697851       0.025835       0.217999      -1.002881     -10.310143       0.437500       0.312500
      1.010050       0.518951       0.698834       0.009786       0.195489      -3.193841      -4.479670       0.437500       0.312500
      1.015075       0.519048       0.699666       0.019226       0.165659       1.878647      -5.936285       0.437500       0.312500
      1.020100       0.519124       0.700312       0.015142       0.128620      -0.812782      -7.371048       0.437500       0.312500
      1.025125       0.519197       0.700846       0.014595       0.106163      -0.108783      -4.468938       0.437500       0.312500
      1.030150       0.519161       0.701274      -0.007166       0.085098      -4.330658      -4.192048       0.437500       0.312500
      1.035175       0.519073       0.701553      -0.017592       0.055684      -2.074728      -5.853601       0.437500       0.312500
      1.040200       0.519027       0.701620      -0.009242       0.013324       1.661534      -8.429910       0.437500       0.312500
      1.045225       0.518971       0.701478      -0.011081      -0.028261      -0.365924      -8.275569       0.437500       0.312500
      1.050250       0.518923       0.701319      -0.009580      -0.031792       0.298813      -0.702592       0.437500       0.312500
      1.055275       0.518936       0.701231       0.002547      -0.017457       2.413328       2.852778       0.437500       0.312500
      1.060300       0.518875       0.700944      -0.012065      -0.057098      -2.907927      -7.888884       0.437500       0.312500
      1.065325       0.518823       0.700646      -0.010399      -0.059231       0.331633      -0.424363       0.437500       0.312500
      1.070350       0.518709       0.700327      -0.022674      -0.063580      -2.442951      -0.865592       0.437500       0.312500
      1.075375       0.518564       0.700116      -0.028809      -0.041872      -1.220875       4.320023       0.437500       0.312500
      1.080400       0.518400       0.699869      -0.032640      -0.049271      -0.762315      -1.472495       0.437500       0.312500
      1.085425       0.518312       0.699664      -0.017551      -0.040752       3.002816       1.695498       0.437500       0.312500
      1.090450       0.518305       0.699472      -0.001290      -0.038121       3.236035       0.523517       0.437500       0.312500
      1.095475       0.518264       0.699340      -0.008291      -0.026344      -1.393206       2.343653       0.437500       0.312500
      1.100500       0.518188       0.699115      -0.014971      -0.044802      -1.329505      -3.673255       0.437500       0.312500
      1.105525       0.518159       0.698776      -0.005909      -0.067547       1.803423      -4.526377       0.437500       0.312500
      1.110550       0.518143       0.698510      -0.003127      -0.052815       0.553619       2.931816       0.437500       0.312500
      1.115575       0.518096       0.698295      -0.009449      -0.042866      -1.258077       1.979943       0.437500       0.312500
      1.120600       0.518008       0.698133      -0.017377      -0.032169      -1.577741       2.128607       0.437500       0.312500
      1.125625       0.517994       0.698028      -0.002751      -0.020913       2.910677       2.240019       0.437500       0.312500
      1.130650       0.518121       0.697925       0.025094      -0.020597       5.541365       0.062992       0.437500       0.312500
      1.135675       0.518358       0.697833       0.047201      -0.018230       4.399363       0.470887       0.437500       0.312500
      1.140700       0.518639       0.697891       0.056048       0.011593       1.760662       5.935041       0.437500       0.312500
      1.145725       0.518879       0.698011       0.047649       0.023759      -1.671578       2.421119       0.437500       0.312500
      1.150750       0.519135       0.698159       0.051022       0.029524       0.671338       1.147259       0.437500       0.312500
      1.155775       0.519337       0.698372       0.040247       0.042352      -2.144396       2.552833       0.437500       0.312500
      1.160800       0.519501       0.698552       0.032468       0.035943      -1.548079      -1.275481       0.437500       0.312500
      1.165825       0.519679       0.698696       0.035584       0.028672       0.620271      -1.447000       0.437500       0.312500
      1.170850       0.519851       0.698808       0.034143       0.022251      -0.286796      -1.277785       0.437500       0.312500
      1.175875       0.520023       0.698925       0.034326       0.023184       0.036352       0.185649       0.437500       0.312500
      1.180900       0.520196       0.699026       0.034267       0.020105      -0.011663      -0.612649       0.437500       0.312500
      1.185925       0.520278       0.699159       0.016302       0.026607      -3.575159       1.293876       0.437500       0.312500
      1.190950       0.520294       0.699238       0.003198       0.015543      -2.607833      -2.201756       0.437500       0.312500
      1.195975       0.520315       0.699261       0.004280       0.004596       0.215431      -2.178600       0.437500       0.312500
      1.201000       0.520431       0.699329       0.023085       0.013587       3.742220       1.789395       0.437500       0.312500
      1.206025       0.520592       0.699369       0.031994       0.008038       1.772942      -1.104280       0.437500       0.312500
      1.211050       0.520740       0.699380       0.029407       0.002032      -0.514909      -1.195239       0.437500       0.312500
      1.216075       0.520854       0.699436       0.022658       0.011310      -1.343015       1.846306       0.437500       0.312500
      1.221100       0.520877       0.699516       0.004773       0.015807      -3.559211       0.895002       0.437500       0.312500
      1.226125       0.520877       0.699555      -0.000177       0.007742      -0.984985      -1.605087       0.437500       0.312500
      1.231150       0.520877       0.699544       0.000016      -0.002186       0.038283      -1.975742       0.437500       0.312500
      1.236175       0.520857       0.699550      -0.003946       0.001184      -0.788460       0.670679       0.437500       0.312500
      1.241200       0.520818       0.699549      -0.007756      -0.000198      -0.758096      -0.274917       0.437500       0.312500
      1.246225       0.520820       0.699499       0.000327      -0.009825       1.608598      -1.915903       0.437500       0.312500
      1.251250       0.520855       0.699433       0.007092      -0.013152       1.346178      -0.662059       0.437500       0.312500
      1.256275       0.520813       0.699379      -0.008440      -0.010884      -3.090920       0.451319       0.437500       0.312500
      1.261300       0.520760       0.699329      -0.010468      -0.009892      -0.403669       0.197458       0.437500       0.312500
      1.266325       0.520709       0.699289      -0.010187      -0.007845       0.056045       0.407267       0.437500       0.312500
      1.271350       0.520585       0.699247      -0.024669      -0.008431      -2.881980      -0.116485       0.437500       0.312500
      1.276375       0.520440       0.699151      -0.028953      -0.019127      -0.852525      -2.128668       0.437500       0.312500
      1.281400       0.520276       0.699018      -0.032554      -0.026367      -0.716616      -1.440691       0.437500       0.312500
      1.286425       0.520159       0.698863      -0.023315      -0.030930       1.838525      -0.908187       0.437500       0.312500
      1.291450       0.520050       0.698685      -0.021613      -0.035436       0.338677      -0.896682       0.437500       0.312500
      1.296475       0.519959       0.698491      -0.018071      -0.038505       0.704865      -0.610727       0.437500       0.312500
      1.301500       0.519876       0.698305      -0.016497      -0.037145       0.313223       0.270648       0.437500       0.312500
      1.306525       0.519757       0.698141      -0.023745      -0.032546      -1.442342       0.915180       0.437500       0.312500
      1.311550       0.519636       0.697976      -0.024065      -0.032955      -0.063609      -0.081373       0.437500       0.312500
      1.316575       0.519560       0.697872      -0.015254      -0.020678       1.753377       2.443242       0.437500       0.312500
      1.321600       0.519557       0.697817      -0.000536      -0.010956       2.928954       1.934616       0.437500       0.312500
      1.326625       0.519526       0.697812      -0.006148      -0.000931      -1.116747       1.995133       0.437500       0.312500
      1.331650       0.519492       0.697839      -0.006671       0.005457      -0.104170       1.271168       0.437500       0.312500
      1.336675       0.519443       0.697851      -0.009852       0.002223      -0.633028      -0.643534       0.437500       0.312500
      1.341700       0.519359       0.697857      -0.016725       0.001214      -1.367849      -0.200780       0.437500       0.312500
      1.346725       0.519262       0.697869      -0.019199       0.002367      -0.492255       0.229451       0.437500       0.312500
      1.351750       0.519176       0.697925      -0.017227       0.011134       0.392392       1.744645       0.437500       0.312500
      1.356775       0.519092       0.697991      -0.016670       0.013285       0.110878       0.427977       0.437500       0.312500
      1.361800       0.519072       0.698090      -0.003948       0.019702       2.531722       1.277073       0.437500       0.312500
      1.366825       0.519076       0.698220       0.000680       0.025736       0.920983       1.200930       0.437500       0.312500
      1.371850       0.519102       0.698359       0.005178       0.027732       0.895161       0.397119       0.437500       0.312500
      1.376875       0.519182       0.698509       0.015966       0.029778       2.146830       0.407160       0.437500       0.312500
      1.381900       0.519281       0.698641       0.019748       0.026393       0.752608      -0.673585       0.437500       0.312500
      1.386925       0.519356       0.698791       0.014808       0.029819      -0.983082       0.681696       0.437500       0.312500
      1.391950       0.519426       0.698946       0.014048       0.030743      -0.151090       0.183902       0.437500       0.312500
      1.396975       0.519526       0.699061       0.019900       0.023065       1.164390      -1.527842       0.437500       0.312500
      1.402000       0.519616       0.699139       0.017970       0.015384      -0.384071      -1.528652       0.437500       0.312500
      1.407025       0.519692       0.699203       0.015109       0.012835      -0.569223      -0.507316       0.437500       0.312500
      1.412050       0.519742       0.699295       0.009934       0.018347      -1.029884       1.097018       0.437500       0.312500
      1.417075       0.519766       0.699374       0.004709       0.015580      -1.039867      -0.550678       0.437500       0.312500
      1.422100       0.519779       0.699428       0.002644       0.010868      -0.410892      -0.937645       0.437500       0.312500
      1.427125       0.519783       0.699483       0.000790       0.010950      -0.368907       0.016163       0.437500       0.312500
      1.432150       0.519802       0.699524       0.003679       0.008093       0.574811      -0.568429       0.437500       0.312500
      1.437175       0.519825       0.699533       0.004584       0.001779       0.180073      -1.256668       0.437500       0.312500
      1.442200       0.519821       0.699515      -0.000723      -0.003658      -1.056094      -1.081852       0.437500       0.312500
      1.447225       0.519827       0.699463       0.001168      -0.010200       0.376424      -1.302006       0.437500       0.312500
      1.452250       0.519820       0.699424      -0.001463      -0.007826      -0.523654       0.472436       0.437500       0.312500
      1.457275       0.519809       0.699388      -0.002137      -0.007135      -0.134155       0.137545       0.437500       0.312500
      1.462300       0.519799       0.699344      -0.001916      -0.008779       0.044081      -0.327136       0.437500       0.312500
      1.467325       0.519809       0.699323       0.002033      -0.004234       0.785897       0.904480       0.437500       0.312500
      1.472350       0.519847       0.699301       0.007569      -0.004401       1.101561      -0.033228       0.437500       0.312500
      1.477375       0.519877       0.699301       0.005821       0.000097      -0.347860       0.895146       0.437500       0.312500
      1.482400       0.519877       0.699285      -0.000003      -0.003157      -1.158987      -0.647580       0.437500       0.312500
      1.487425       0.519855       0.699264      -0.004311      -0.004146      -0.857328      -0.196873       0.437500       0.312500
      1.492450       0.519812       0.699263      -0.008564      -0.000365      -0.846303       0.752544       0.437500       0.312500
      1.497475       0.519771       0.699250      -0.008083      -0.002424       0.095683      -0.409766       0.437500       0.312500
      1.502500       0.519735       0.699234      -0.007264      -0.003190       0.163033      -0.152426       0.437500       0.312500
