      0.000000       0.478860       0.300008       0.000000       0.000000       0.000000       0.000000       0.437500       0.812500
      0.005025       0.479037       0.302654       0.035192       0.526500       7.003472     104.776049       0.437500       0.812500
      0.010050       0.481875       0.304276       0.564669       0.322800     105.368493     -40.537333       0.437500       0.812500
      0.015075       0.483130       0.306947       0.249904       0.531674     -62.639773      41.567054       0.437500       0.812500
      0.020101       0.482604       0.310076      -0.104814       0.622573     -70.590777      18.089431       0.437500       0.812500
      0.025126       0.481527       0.312596      -0.214245       0.501560     -21.777174     -24.082318       0.437500       0.812500
      0.030151       0.480486       0.313410      -0.207248       0.162024       1.392394     -67.569280       0.437500       0.812500
      0.035176       0.481044       0.315412       0.111156       0.398365      63.363879      47.032952       0.437500       0.812500
      0.040201       0.481013       0.317576      -0.006281       0.430507     -23.370465       6.396442       0.437500       0.812500
      0.045226       0.480816       0.319614      -0.039158       0.405584      -6.542625      -4.959668       0.437500       0.812500
      0.050251       0.482186       0.321905       0.272629       0.456013      62.047140      10.035542       0.437500       0.812500
      0.055276       0.482885       0.325240       0.139140       0.663706     -26.565075      41.331848       0.437500       0.812500
      0.060302       0.483082       0.326703       0.039255       0.291077     -19.877472     -74.155040       0.437500       0.812500
      0.065327       0.486302       0.324778       0.640654      -0.383005     119.681318    -134.145503       0.437500       0.812500
      0.070352       0.486930       0.325510       0.125086       0.145678    -102.600575     105.210481       0.437500       0.812500
      0.075377       0.485484       0.328062      -0.287755       0.507890     -82.157454      72.081923       0.437500       0.812500
      0.080402       0.486152       0.331069       0.132848       0.598396      83.702111      18.011204       0.437500       0.812500
      0.085427       0.485524       0.333295      -0.124849       0.442907     -51.283086     -30.943018       0.437500       0.812500
      0.090452       0.484469       0.335941      -0.210060       0.526519     -16.957222      16.639143       0.437500       0.812500
      0.095477       0.483113       0.337905      -0.269851       0.390920     -11.898714     -26.984926       0.437500       0.812500
      0.100503       0.484909       0.339995       0.357364       0.415912     124.818851       4.973525       0.437500       0.812500
      0.105528       0.485585       0.342792       0.134664       0.556680     -44.318531      28.013583       0.437500       0.812500
      0.110553       0.485865       0.345713       0.055602       0.581215     -15.733695       4.882509       0.437500       0.812500
      0.115578       0.486923       0.346825       0.210534       0.221235      30.832244     -71.637665       0.437500       0.812500
      0.120603       0.486100       0.346662      -0.163749      -0.032351     -74.484175     -50.464897       0.437500       0.812500
      0.125628       0.485638       0.349442      -0.091832       0.553167      14.311946     116.520905       0.437500       0.812500
      0.130653       0.485528       0.351959      -0.022050       0.500954      13.886898     -10.390686       0.437500       0.812500
      0.135678       0.486554       0.353249       0.204236       0.256622      45.032087     -48.623274       0.437500       0.812500
      0.140704       0.486941       0.353917       0.077000       0.133110     -25.320620     -24.579384       0.437500       0.812500
      0.145729       0.487415       0.357494       0.094385       0.711782       3.459600     115.158498       0.437500       0.812500
      0.150754       0.486247       0.361038      -0.232449       0.705271     -65.041439      -1.295712       0.437500       0.812500
      0.155779       0.486031       0.363472      -0.042997       0.484400      37.701815     -43.954437       0.437500       0.812500
      0.160804       0.484751       0.364012      -0.254628       0.107495     -42.115715     -75.005941       0.437500       0.812500
      0.165829       0.483746       0.364839      -0.200009       0.164526      10.869602      11.349417       0.437500       0.812500
      0.170854       0.482255       0.366143      -0.296699       0.259387     -19.241817      18.877935       0.437500       0.812500
      0.175879       0.483125       0.368151       0.173010       0.399782      93.474496      27.939347       0.437500       0.812500
      0.180905       0.484306       0.371264       0.235012       0.619402      12.338674      43.705434       0.437500       0.812500
      0.185930       0.485377       0.374064       0.213205       0.557284      -4.339840     -12.361768       0.437500       0.812500
      0.190955       0.486984       0.376834       0.319687       0.551103      21.190529      -1.230192       0.437500       0.812500
      0.195980       0.487810       0.379112       0.164392       0.453314     -30.904460     -19.460351       0.437500       0.812500
      0.201005       0.487687       0.380548      -0.024429       0.285810     -37.576403     -33.334127       0.437500       0.812500
      0.206030       0.488424       0.381493       0.146616       0.188063      34.038857     -19.452271       0.437500       0.812500
      0.211055       0.488850       0.382409       0.084794       0.182387     -12.302816      -1.129471       0.437500       0.812500
      0.216080       0.488727       0.383886      -0.024402       0.293958     -21.730628      22.203214       0.437500       0.812500
      0.221106       0.489063       0.385802       0.066872       0.381305      18.164052      17.382465       0.437500       0.812500
      0.226131       0.490121       0.387772       0.210566       0.391965      28.595854       2.121323       0.437500       0.812500
      0.231156       0.489922       0.389605      -0.039625       0.364676     -49.789323      -5.430611       0.437500       0.812500
      0.236181       0.489439       0.391694      -0.096244       0.415812     -11.267508      10.176405       0.437500       0.812500
      0.241206       0.489168       0.393777      -0.053869       0.414440       8.432786      -0.273070       0.437500       0.812500
      0.246231       0.488579       0.395549      -0.117217       0.352732     -12.606532     -12.280303       0.437500       0.812500
      0.251256       0.488891       0.397965       0.062099       0.480686      35.684790      25.463440       0.437500       0.812500
      0.256281       0.488443       0.400965      -0.089044       0.597187     -30.078180      23.184294       0.437500       0.812500
      0.261307       0.487829       0.403312      -0.122274       0.466988      -6.612868     -25.910125       0.437500       0.812500
      0.266332       0.487017       0.405382      -0.161493       0.412006      -7.804841     -10.941787       0.437500       0.812500
      0.271357       0.486908       0.406891      -0.021730       0.300304      27.813586     -22.229117       0.437500       0.812500
      0.276382       0.487341       0.408914       0.086190       0.402609      21.476615      20.359055       0.437500       0.812500
      0.281407       0.488210       0.411114       0.172842       0.437668      17.244088       6.977057       0.437500       0.812500
      0.286432       0.488671       0.413671       0.091686       0.508986     -16.150369      14.192469       0.437500       0.812500
      0.291457       0.489104       0.416102       0.086307       0.483646      -1.070559      -5.042678       0.437500       0.812500
      0.296482       0.489858       0.418475       0.150009       0.472334      12.677103      -2.251203       0.437500       0.812500
      0.301508       0.490525       0.419537       0.132711       0.211208      -3.442444     -51.965442       0.437500       0.812500
      0.306533       0.491563       0.420840       0.206485       0.259331      14.681443       9.576722       0.437500       0.812500
      0.311558       0.491729       0.423323       0.033200       0.494278     -34.484631      46.755647       0.437500       0.812500
      0.316583       0.492055       0.425672       0.064819       0.467389       6.292441      -5.350952       0.437500       0.812500
      0.321608       0.492532       0.427363       0.094888       0.336430       5.983743     -26.061490       0.437500       0.812500
      0.326633       0.493879       0.429624       0.268083       0.449969      34.466662      22.594748       0.437500       0.812500
      0.331658       0.494160       0.432173       0.056006       0.507276     -42.204345      11.404524       0.437500       0.812500
      0.336683       0.494880       0.435280       0.143220       0.618428      17.355979      22.119681       0.437500       0.812500
      0.341709       0.494936       0.438309       0.011057       0.602719     -26.301051      -3.126234       0.437500       0.812500
      0.346734       0.494604       0.440762      -0.066016       0.488064     -15.337926     -22.816801       0.437500       0.812500
      0.351759       0.493786       0.443124      -0.162699       0.470114     -19.240412      -3.572135       0.437500       0.812500
      0.356784       0.492622       0.445114      -0.231691       0.396086     -13.729588     -14.731897       0.437500       0.812500
      0.361809       0.491945       0.447399      -0.134744       0.454602      19.292794      11.644875       0.437500       0.812500
      0.366834       0.490828       0.449341      -0.222325       0.386462     -17.428985     -13.560251       0.437500       0.812500
      0.371859       0.489447       0.450994      -0.274739       0.328979     -10.430585     -11.439363       0.437500       0.812500
      0.376884       0.487773       0.453286      -0.333223       0.456245     -11.638713      25.326531       0.437500       0.812500
      0.381910       0.485871       0.455839      -0.378564       0.507994      -9.023136      10.298436       0.437500       0.812500
      0.386935       0.484771       0.459699      -0.218895       0.768115      31.774915      51.765300       0.437500       0.812500
      0.391960       0.483215       0.464438      -0.309651       0.943128     -18.060880      34.828573       0.437500       0.812500
      0.396985       0.480915       0.468990      -0.457645       0.905881     -29.451400      -7.412483       0.437500       0.812500
      0.402010       0.478710       0.472893      -0.438727       0.776735       3.764658     -25.700694       0.437500       0.812500
      0.407035       0.475117       0.476743      -0.715075       0.766188     -54.994561      -2.098866       0.437500       0.812500
      0.412060       0.470367       0.480856      -0.945363       0.818399     -45.828503      10.390202       0.437500       0.812500
      0.417085       0.465700       0.484752      -0.928626       0.775398       3.330799      -8.557293       0.437500       0.812500
      0.422111       0.459811       0.488765      -1.172074       0.798639     -48.447381       4.625093       0.437500       0.812500
      0.427136       0.453776       0.492310      -1.200982       0.705503      -5.752739     -18.534623       0.437500       0.812500
      0.432161       0.445834       0.494938      -1.580384       0.522890     -75.503062     -36.340859       0.437500       0.812500
      0.437186       0.438026       0.497782      -1.553947       0.566049       5.261125       8.588780       0.437500       0.812500
      0.442211       0.430341       0.500538      -1.529248       0.548412       4.915185      -3.509815       0.437500       0.812500
      0.447236       0.422878       0.503314      -1.485129       0.552375       8.780017       0.788751       0.437500       0.812500
      0.452261       0.416365       0.505826      -1.296177       0.499922      37.602366     -10.438541       0.437500       0.812500
      0.457286       0.409699       0.507202      -1.326587       0.273798      -6.051810     -44.999778       0.437500       0.812500
      0.462312       0.403848       0.508179      -1.164386       0.194401      32.278781     -15.800287       0.437500       0.812500
      0.467337       0.398365       0.508546      -1.091175       0.073079      14.569369     -24.143692       0.437500       0.812500
      0.472362       0.393561       0.508569      -0.955924       0.004575      26.915650     -13.632802       0.437500       0.812500
      0.477387       0.389429       0.508111      -0.822384      -0.091183      26.575124     -19.056272       0.437500       0.812500
      0.482412       0.386048       0.507697      -0.672810      -0.082387      29.766106       1.750423       0.437500       0.812500
      0.487437       0.384182       0.507832      -0.371257       0.027029      60.010495      21.774474       0.437500       0.812500
      0.492462       0.384568       0.507219       0.076810      -0.122119      89.167614     -29.681297       0.437500       0.812500
      0.497487       0.386081       0.506367       0.301001      -0.169587      44.614946      -9.446387       0.437500       0.812500
      0.502513       0.388374       0.505064       0.456272      -0.259168      30.899828     -17.826953       0.437500       0.812500
      0.507538       0.392109       0.504018       0.743292      -0.208147      57.118329      10.153309       0.437500       0.812500
      0.512563       0.396659       0.503600       0.905599      -0.083320      32.299863      24.841194       0.437500       0.812500
      0.517588       0.402222       0.504112       1.106907       0.101924      40.061446      36.864456       0.437500       0.812500
      0.522613       0.409657       0.504419       1.479596       0.061148      74.166974      -8.114462       0.437500       0.812500
      0.527638       0.417412       0.504528       1.543339       0.021740      12.685184      -7.842469       0.437500       0.812500
      0.532663       0.424367       0.505568       1.384127       0.206861     -31.684055      36.840034       0.437500       0.812500
      0.537688       0.430709       0.506753       1.262137       0.235787     -24.276570       5.756461       0.437500       0.812500
      0.542714       0.436701       0.507670       1.192424       0.182586     -13.873226     -10.587430       0.437500       0.812500
      0.547739       0.443192       0.509020       1.291667       0.268576      19.749820      17.112505       0.437500       0.812500
      0.552764       0.450059       0.511059       1.366535       0.405825      14.899060      27.313183       0.437500       0.812500
      0.557789       0.457366       0.513865       1.454129       0.558499      17.431579      30.382972       0.437500       0.812500
      0.562814       0.464532       0.516839       1.426026       0.591714      -5.592654       6.610011       0.437500       0.812500
      0.567839       0.470518       0.519241       1.191271       0.478147     -46.717246     -22.600402       0.437500       0.812500
      0.572864       0.475962       0.521545       1.083486       0.458369     -21.449746      -3.936028       0.437500       0.812500
      0.577889       0.480916       0.524135       0.985889       0.515424     -19.422443      11.354346       0.437500       0.812500
      0.582915       0.485105       0.526701       0.833503       0.510604     -30.325569      -0.959341       0.437500       0.812500
      0.587940       0.488763       0.529178       0.728035       0.493050     -20.988502      -3.493208       0.437500       0.812500
      0.592965       0.491723       0.532022       0.589078       0.566043     -27.653297      14.525977       0.437500       0.812500
      0.597990       0.494237       0.534738       0.500335       0.540325     -17.660289      -5.118154       0.437500       0.812500
      0.603015       0.496320       0.537560       0.414558       0.561647     -17.070086       4.243176       0.437500       0.812500
      0.608040       0.498057       0.540116       0.345651       0.508718     -13.712724     -10.533078       0.437500       0.812500
      0.613065       0.499377       0.542548       0.262624       0.483907     -16.522859      -4.937484       0.437500       0.812500
      0.618090       0.500307       0.545166       0.184993       0.520954     -15.448927       7.372552       0.437500       0.812500
      0.623116       0.500949       0.547826       0.127756       0.529422     -11.390433       1.685233       0.437500       0.812500
      0.628141       0.501411       0.550176       0.091988       0.467614      -7.118075     -12.300103       0.437500       0.812500
      0.633166       0.502030       0.552495       0.123315       0.461600       6.234331      -1.196925       0.437500       0.812500
      0.638191       0.502816       0.554754       0.156244       0.449500       6.553001      -2.407983       0.437500       0.812500
      0.643216       0.503437       0.556875       0.123666       0.422111      -6.483199      -5.450417       0.437500       0.812500
      0.648241       0.504248       0.559036       0.161477       0.430076       7.524637       1.584975       0.437500       0.812500
      0.653266       0.505029       0.561207       0.155370       0.431978      -1.215451       0.378441       0.437500       0.812500
      0.658291       0.505488       0.563399       0.091324       0.436324     -12.745326       0.865061       0.437500       0.812500
      0.663317       0.505668       0.565441       0.035722       0.406247     -11.065116      -5.985660       0.437500       0.812500
      0.668342       0.505771       0.567286       0.020603       0.367220      -3.008676      -7.766384       0.437500       0.812500
      0.673367       0.505883       0.569154       0.022283       0.371785       0.334202       0.908318       0.437500       0.812500
      0.678392       0.505890       0.571076       0.001284       0.382421      -4.178880       2.116744       0.437500       0.812500
      0.683417       0.505950       0.573006       0.012127       0.384099       2.157820       0.333757       0.437500       0.812500
      0.688442       0.506202       0.574928       0.050133       0.382429       7.563352      -0.332331       0.437500       0.812500
      0.693467       0.506487       0.576804       0.056687       0.373427       1.304334      -1.791305       0.437500       0.812500
      0.698492       0.506733       0.578589       0.048888       0.355139      -1.552058      -3.639514       0.437500       0.812500
      0.703518       0.507439       0.580590       0.140602       0.398271      18.251445       8.583550       0.437500       0.812500
      0.708543       0.508323       0.582579       0.175841       0.395737       7.012892      -0.504303       0.437500       0.812500
      0.713568       0.508958       0.584441       0.126429       0.370555      -9.833377      -5.011258       0.437500       0.812500
      0.718593       0.509410       0.586162       0.089925       0.342523      -7.264316      -5.578648       0.437500       0.812500
      0.723618       0.509678       0.587995       0.053295       0.364863      -7.289573       4.445767       0.437500       0.812500
      0.728643       0.510082       0.589766       0.080462       0.352338       5.406225      -2.492482       0.437500       0.812500
      0.733668       0.510425       0.591748       0.068165       0.394354      -2.447110       8.361343       0.437500       0.812500
      0.738693       0.510683       0.593793       0.051295       0.407082      -3.357160       2.533023       0.437500       0.812500
      0.743719       0.511095       0.595705       0.082132       0.380497       6.136697      -5.290479       0.437500       0.812500
      0.748744       0.511600       0.597724       0.100524       0.401754       3.660123       4.230170       0.437500       0.812500
      0.753769       0.512103       0.599790       0.100098       0.411211      -0.084862       1.881934       0.437500       0.812500
      0.758794       0.512238       0.602100       0.026724       0.459661     -14.601835       9.641890       0.437500       0.812500
      0.763819       0.512268       0.604311       0.005994       0.439922      -4.125299      -3.928207       0.437500       0.812500
      0.768844       0.512189       0.606485      -0.015698       0.432772      -4.316853      -1.422969       0.437500       0.812500
      0.773869       0.511960       0.608412      -0.045475       0.383503      -5.925651      -9.804708       0.437500       0.812500
      0.778894       0.511932       0.610546      -0.005577       0.424494       7.939755       8.157414       0.437500       0.812500
      0.783920       0.511891       0.612686      -0.008208       0.425939      -0.523574       0.287648       0.437500       0.812500
      0.788945       0.511917       0.614935       0.005178       0.447633       2.663893       4.317234       0.437500       0.812500
      0.793970       0.512071       0.617279       0.030607       0.466459       5.060493       3.746466       0.437500       0.812500
      0.798995       0.512369       0.619649       0.059346       0.471523       5.719351       1.007709       0.437500       0.812500
      0.804020       0.512687       0.621916       0.063240       0.451191       0.774778      -4.046212       0.437500       0.812500
      0.809045       0.513031       0.624060       0.068516       0.426626       1.049990      -4.888503       0.437500       0.812500
      0.814070       0.513359       0.625879       0.065236       0.362134      -0.652625     -12.834337       0.437500       0.812500
      0.819095       0.513601       0.627526       0.048180       0.327783      -3.394262      -6.835897       0.437500       0.812500
      0.824121       0.513951       0.629043       0.069524       0.301803       4.247571      -5.170160       0.437500       0.812500
      0.829146       0.514346       0.630635       0.078757       0.316889       1.837330       3.002087       0.437500       0.812500
      0.834171       0.514764       0.632242       0.083042       0.319673       0.852845       0.554170       0.437500       0.812500
      0.839196       0.515068       0.634018       0.060648       0.353512      -4.456696       6.734007       0.437500       0.812500
      0.844221       0.515426       0.635967       0.071205       0.387872       2.101055       6.837851       0.437500       0.812500
      0.849246       0.515785       0.638037       0.071412       0.411875       0.041027       4.776659       0.437500       0.812500
      0.854271       0.515943       0.639955       0.031469       0.381710      -7.948722      -6.002922       0.437500       0.812500
      0.859296       0.516113       0.642028       0.033809       0.412625       0.465640       6.152124       0.437500       0.812500
      0.864322       0.516120       0.644153       0.001430       0.422856      -6.443636       2.036075       0.437500       0.812500
      0.869347       0.515932       0.646323      -0.037498       0.431733      -7.746890       1.766525       0.437500       0.812500
      0.874372       0.515682       0.648395      -0.049785       0.412364      -2.445087      -3.854510       0.437500       0.812500
      0.879397       0.515465       0.650496      -0.043114       0.418137       1.327602       1.148848       0.437500       0.812500
      0.884422       0.515198       0.652528      -0.053059       0.404423      -1.979123      -2.728988       0.437500       0.812500
      0.889447       0.515026       0.654363      -0.034396       0.365213       3.714036      -7.803122       0.437500       0.812500
      0.894472       0.514913       0.656172      -0.022466       0.359825       2.374127      -1.072289       0.437500       0.812500
      0.899497       0.514910       0.657999      -0.000509       0.363692       4.369481       0.769672       0.437500       0.812500
      0.904523       0.515047       0.659992       0.027242       0.396557       5.522647       6.540330       0.437500       0.812500
      0.909548       0.515330       0.662038       0.056279       0.407277       5.778543       2.133225       0.437500       0.812500
      0.914573       0.515600       0.664089       0.053755       0.408078      -0.502358       0.159498       0.437500       0.812500
      0.919598       0.515860       0.666271       0.051753       0.434271      -0.398324       5.212580       0.437500       0.812500
      0.924623       0.516073       0.668506       0.042412       0.444679      -1.858965       2.071165       0.437500       0.812500
      0.929648       0.516207       0.670724       0.026625       0.441434      -3.141773      -0.645813       0.437500       0.812500
      0.934673       0.516314       0.672851       0.021317       0.423263      -1.056169      -3.616121       0.437500       0.812500
      0.939698       0.516409       0.674807       0.018935       0.389287      -0.474080      -6.761388       0.437500       0.812500
      0.944724       0.516462       0.676694       0.010535       0.375451      -1.671730      -2.753471       0.437500       0.812500
      0.949749       0.516652       0.678545       0.037821       0.368497       5.430163      -1.383825       0.437500       0.812500
      0.954774       0.517017       0.680447       0.072598       0.378443       6.920705       1.979231       0.437500       0.812500
      0.959799       0.517408       0.682378       0.077858       0.384227       1.046709       1.151105       0.437500       0.812500
      0.964824       0.517729       0.684222       0.063813       0.367109      -2.794898      -3.406608       0.437500       0.812500
      0.969849       0.518057       0.686002       0.065262       0.354060       0.288257      -2.596744       0.437500       0.812500
      0.974874       0.518346       0.687619       0.057522       0.321804      -1.540140      -6.419189       0.437500       0.812500
      0.979899       0.518457       0.689130       0.022208       0.300824      -7.027827      -4.175033       0.437500       0.812500
      0.984925       0.518505       0.690468       0.009399       0.266233      -2.548896      -6.883753       0.437500       0.812500
      0.989950       0.518631       0.691644       0.025161       0.233983       3.136567      -6.417940       0.437500       0.812500
      0.994975       0.518645       0.692712       0.002859       0.212559      -4.438195      -4.263457       0.437500       0.812500
      1.000000       0.518633       0.693634      -0.002476       0.183408      -1.061643      -5.801249       0.437500       0.812500
      1.005025       0.518662       0.694515       0.005817       0.175461       1.650276      -1.581535       0.437500       0.812500
      1.010050       0.518778       0.695252       0.023028       0.146577       3.425113      -5.747913       0.437500       0.812500
      1.015075       0.518945       0.695924       0.033148       0.133720       2.013918      -2.558733       0.437500       0.812500
      1.020100       0.519077       0.696482       0.026391       0.111033      -1.344680      -4.514756       0.437500       0.812500
      1.025125       0.519101       0.696929       0.004771       0.089026      -4.302459      -4.379584       0.437500       0.812500
      1.030150       0.519118       0.697315       0.003341       0.076780      -0.284460      -2.436871       0.437500       0.812500
      1.035175       0.519273       0.697598       0.030928       0.056345       5.489886      -4.066804       0.437500       0.812500
      1.040200       0.519430       0.697805       0.031265       0.041242       0.066977      -3.005442       0.437500       0.812500
      1.045225       0.519498       0.697941       0.013416       0.026967      -3.551981      -2.840860       0.437500       0.812500
      1.050250       0.519475       0.698095      -0.004537       0.030791      -3.572778       0.760983       0.437500       0.812500
      1.055275       0.519396       0.698211      -0.015754       0.022965      -2.232289      -1.557511       0.437500       0.812500
      1.060300       0.519259       0.698405      -0.027190       0.038572      -2.275831       3.106005       0.437500       0.812500
      1.065325       0.519035       0.698447      -0.044655       0.008364      -3.475464      -6.011565       0.437500       0.812500
      1.070350       0.518814       0.698402      -0.043937      -0.009001       0.142874      -3.455780       0.437500       0.812500
      1.075375       0.518673       0.698362      -0.028152      -0.007806       3.141299       0.237777       0.437500       0.812500
      1.080400       0.518580       0.698293      -0.018423      -0.013814       1.936030      -1.195561       0.437500       0.812500
      1.085425       0.518380       0.698284      -0.039730      -0.001762      -4.240085       2.398519       0.437500       0.812500
      1.090450       0.518348       0.698290      -0.006388       0.001181       6.635131       0.585493       0.437500       0.812500
      1.095475       0.518299       0.698361      -0.009786       0.014053      -0.676171       2.561694       0.437500       0.812500
      1.100500       0.518365       0.698432       0.013177       0.014307       4.569652       0.050484       0.437500       0.812500
      1.105525       0.518396       0.698554       0.006089       0.024224      -1.410441       1.973509       0.437500       0.812500
      1.110550       0.518317       0.698677      -0.015642       0.024504      -4.324671       0.055785       0.437500       0.812500
      1.115575       0.518245       0.698846      -0.014353       0.033637       0.256616       1.817598       0.437500       0.812500
      1.120600       0.518209       0.699084      -0.007268       0.047336       1.409812       2.726134       0.437500       0.812500
      1.125625       0.518249       0.699314       0.008119       0.045724       3.062105      -0.320900       0.437500       0.812500
      1.130650       0.518314       0.699526       0.012749       0.042129       0.921460      -0.715351       0.437500       0.812500
      1.135675       0.518410       0.699629       0.019181       0.020600       1.279913      -4.284385       0.437500       0.812500
      1.140700       0.518449       0.699741       0.007694       0.022286      -2.285941       0.335561       0.437500       0.812500
      1.145725       0.518449       0.699802       0.000030       0.012034      -1.525064      -2.040193       0.437500       0.812500
      1.150750       0.518482       0.699770       0.006527      -0.006254       1.292895      -3.639548       0.437500       0.812500
      1.155775       0.518598       0.699749       0.023182      -0.004236       3.314385       0.401742       0.437500       0.812500
      1.160800       0.518781       0.699740       0.036371      -0.001762       2.624635       0.492288       0.437500       0.812500
      1.165825       0.518929       0.699707       0.029586      -0.006588      -1.350126      -0.960396       0.437500       0.812500
      1.170850       0.519082       0.699639       0.030309      -0.013434       0.143752      -1.362458       0.437500       0.812500
      1.175875       0.519208       0.699575       0.025219      -0.012804      -1.012764       0.125400       0.437500       0.812500
      1.180900       0.519309       0.699550       0.019956      -0.005015      -1.047423       1.550180       0.437500       0.812500
      1.185925       0.519419       0.699569       0.021885       0.003790       0.383775       1.752136       0.437500       0.812500
      1.190950       0.519540       0.699558       0.024095      -0.002217       0.439940      -1.195399       0.437500       0.812500
      1.195975       0.519596       0.699508       0.011102      -0.009992      -2.585799      -1.547289       0.437500       0.812500
      1.201000       0.519592       0.699454      -0.000722      -0.010681      -2.353063      -0.137063       0.437500       0.812500
      1.206025       0.519602       0.699380       0.001976      -0.014788       0.537064      -0.817390       0.437500       0.812500
      1.211050       0.519613       0.699306       0.002179      -0.014602       0.040348       0.036953       0.437500       0.812500
      1.216075       0.519605       0.699222      -0.001597      -0.016789      -0.751522      -0.435229       0.437500       0.812500
      1.221100       0.519653       0.699102       0.009566      -0.023862       2.221662      -1.407533       0.437500       0.812500
      1.226125       0.519717       0.698966       0.012782      -0.027112       0.639839      -0.646704       0.437500       0.812500
      1.231150       0.519717       0.698797      -0.000002      -0.033518      -2.544100      -1.274739       0.437500       0.812500
      1.236175       0.519731       0.698632       0.002785      -0.032927       0.554664       0.117563       0.437500       0.812500
      1.241200       0.519742       0.698488       0.002232      -0.028706      -0.110050       0.839965       0.437500       0.812500
      1.246225       0.519731       0.698329      -0.002244      -0.031635      -0.890594      -0.582963       0.437500       0.812500
      1.251250       0.519670       0.698133      -0.012160      -0.039021      -1.973491      -1.469762       0.437500       0.812500
      1.256275       0.519588       0.697956      -0.016208      -0.035072      -0.805496       0.785792       0.437500       0.812500
      1.261300       0.519509       0.697785      -0.015722      -0.034044       0.096625       0.204615       0.437500       0.812500
      1.266325       0.519439       0.697634      -0.014093      -0.030116       0.324239       0.781766       0.437500       0.812500
      1.271350       0.519344       0.697536      -0.018892      -0.019552      -0.955056       2.102335       0.437500       0.812500
      1.276375       0.519276       0.697411      -0.013537      -0.024779       1.065802      -1.040376       0.437500       0.812500
      1.281400       0.519264       0.697298      -0.002288      -0.022487       2.238478       0.456239       0.437500       0.812500
      1.286425       0.519279       0.697172       0.002934      -0.025149       1.039197      -0.529783       0.437500       0.812500
      1.291450       0.519331       0.697059       0.010439      -0.022353       1.493573       0.556323       0.437500       0.812500
      1.296475       0.519355       0.696956       0.004722      -0.020603      -1.137737       0.348399       0.437500       0.812500
      1.301500       0.519330       0.696902      -0.005008      -0.010770      -1.936379       1.956734       0.437500       0.812500
      1.306525       0.519320       0.696910      -0.001967       0.001642       0.605194       2.470011       0.437500       0.812500
      1.311550       0.519313       0.696953      -0.001381       0.008545       0.116673       1.373827       0.437500       0.812500
      1.316575       0.519284       0.696996      -0.005756       0.008503      -0.870529      -0.008286       0.437500       0.812500
      1.321600       0.519256       0.697055      -0.005695       0.011791       0.012120       0.654298       0.437500       0.812500
      1.326625       0.519235       0.697135      -0.004040       0.015857       0.329274       0.809086       0.437500       0.812500
      1.331650       0.519251       0.697198       0.003044       0.012554       1.409702      -0.657387       0.437500       0.812500
      1.336675       0.519291       0.697226       0.008025       0.005630       0.991285      -1.377905       0.437500       0.812500
      1.341700       0.519325       0.697283       0.006746       0.011282      -0.254522       1.124940       0.437500       0.812500
      1.346725       0.519347       0.697359       0.004345       0.015116      -0.477789       0.762925       0.437500       0.812500
      1.351750       0.519351       0.697437       0.000964       0.015551      -0.672868       0.086588       0.437500       0.812500
      1.356775       0.519364       0.697549       0.002532       0.022281       0.312068       1.339277       0.437500       0.812500
      1.361800       0.519370       0.697687       0.001121       0.027568      -0.280811       1.052174       0.437500       0.812500
      1.366825       0.519389       0.697832       0.003818       0.028815       0.536748       0.248085       0.437500       0.812500
      1.371850       0.519434       0.697939       0.008880       0.021288       1.007247      -1.497811       0.437500       0.812500
      1.376875       0.519503       0.697996       0.013789       0.011337       0.977040      -1.980302       0.437500       0.812500
      1.381900       0.519562       0.698060       0.011758       0.012624      -0.404142       0.256050       0.437500       0.812500
      1.386925       0.519627       0.698122       0.013010       0.012427       0.248985      -0.039176       0.437500       0.812500
      1.391950       0.519705       0.698182       0.015366       0.011910       0.468974      -0.103000       0.437500       0.812500
      1.396975       0.519761       0.698248       0.011168       0.013244      -0.835402       0.265454       0.437500       0.812500
      1.402000       0.519786       0.698339       0.005053       0.017943      -1.216979       0.935165       0.437500       0.812500
      1.407025       0.519814       0.698406       0.005618       0.013356       0.112384      -0.912739       0.437500       0.812500
      1.412050       0.519813       0.698436      -0.000335       0.006041      -1.184533      -1.455669       0.437500       0.812500
      1.417075       0.519822       0.698433       0.001765      -0.000602       0.417878      -1.322054       0.437500       0.812500
      1.422100       0.519852       0.698407       0.006099      -0.005204       0.862481      -0.915802       0.437500       0.812500
      1.427125       0.519890       0.698368       0.007438      -0.007643       0.266395      -0.485473       0.437500       0.812500
      1.432150       0.519901       0.698340       0.002250      -0.005575      -1.032406       0.411547       0.437500       0.812500
      1.437175       0.519863       0.698358      -0.007611       0.003550      -1.962345       1.815949       0.437500       0.812500
      1.442200       0.519799       0.698399      -0.012592       0.008130      -0.991283       0.911444       0.437500       0.812500
      1.447225       0.519747       0.698456      -0.010461       0.011329       0.424062       0.636600       0.437500       0.812500
      1.452250       0.519718       0.698513      -0.005741       0.011392       0.939229       0.012506       0.437500       0.812500
      1.457275       0.519691       0.698578      -0.005459       0.012983       0.056126       0.316707       0.437500       0.812500
      1.462300       0.519648       0.698647      -0.008375       0.013712      -0.580265       0.145062       0.437500       0.812500
      1.467325       0.519592       0.698719      -0.011301       0.014338      -0.582298       0.124576       0.437500       0.812500
      1.472350       0.519541       0.698783      -0.010155       0.012610       0.228046      -0.343851       0.437500       0.812500
      1.477375       0.519470       0.698802      -0.014070       0.003899      -0.778988      -1.733565       0.437500       0.812500
      1.482400       0.519421       0.698842      -0.009682       0.007793       0.873224       0.774939       0.437500       0.812500
      1.487425       0.519366       0.698917      -0.010916       0.014952      -0.245691       1.424558       0.437500       0.812500
      1.492450       0.519250       0.699015      -0.023112       0.019613      -2.426955       0.927598       0.437500       0.812500
      1.497475       0.519148       0.699135      -0.020324       0.023917       0.554834       0.856656       0.437500       0.812500
      1.502500       0.519083       0.699268      -0.012991       0.026350       1.459240       0.484063       0.437500       0.812500
