      0.000000       0.519184       0.302244       0.000000       0.000000       0.000000       0.000000       0.562500       0.062500
      0.005025       0.518157       0.303354      -0.204527       0.220914     -40.701879      43.962997       0.562500       0.062500
      0.010050       0.516567       0.303998      -0.316331       0.128164     -22.249608     -18.457814       0.562500       0.062500
      0.015075       0.517852       0.307420       0.255663       0.680969     113.829766     110.010988       0.562500       0.062500
      0.020101       0.518183       0.311019       0.065975       0.716253     -37.748989       7.021745       0.562500       0.062500
      0.025126       0.519516       0.311440       0.265280       0.083796      39.662811    -125.862127       0.562500       0.062500
      0.030151       0.517563       0.314559      -0.388791       0.620546    -130.163381     106.816037       0.562500       0.062500
      0.035176       0.517685       0.317000       0.024391       0.485867      82.225129     -26.801873       0.562500       0.062500
      0.040201       0.517040       0.318631      -0.128368       0.324632     -30.399701     -32.086605       0.562500       0.062500
      0.045226       0.516621       0.320486      -0.083356       0.369079       8.957574       8.845235       0.562500       0.062500
      0.050251       0.517063       0.322861       0.087889       0.472657      34.078723      20.612586       0.562500       0.062500
      0.055276       0.516099       0.324839      -0.191839       0.393649     -55.667460     -15.723087       0.562500       0.062500
      0.060302       0.515523       0.326542      -0.114561       0.338792      15.378887     -10.916785       0.562500       0.062500
      0.065327       0.514721       0.326983      -0.159555       0.087847      -8.954029     -49.939277       0.562500       0.062500
      0.070352       0.514779       0.328678       0.011524       0.337385      34.045583      49.659273       0.562500       0.062500
      0.075377       0.515698       0.329537       0.182721       0.170959      34.068906     -33.119633       0.562500       0.062500
      0.080402       0.515382       0.331936      -0.062851       0.477224     -48.870066      60.948245       0.562500       0.062500
      0.085427       0.517003       0.334674       0.322622       0.545031      76.711027      13.494019       0.562500       0.062500
      0.090452       0.515916       0.337934      -0.216303       0.648790    -107.248629      20.648499       0.562500       0.062500
      0.095477       0.516762       0.341673       0.168279       0.743960      76.533702      18.939412       0.562500       0.062500
      0.100503       0.515972       0.344066      -0.157082       0.476275     -64.748497     -53.270766       0.562500       0.062500
      0.105528       0.515188       0.345113      -0.156079       0.208366       0.199531     -53.315288       0.562500       0.062500
      0.110553       0.512803       0.347253      -0.474565       0.425815     -63.380232      43.273553       0.562500       0.062500
      0.115578       0.511008       0.348920      -0.357207       0.331767      23.354841     -18.716035       0.562500       0.062500
      0.120603       0.511273       0.349408       0.052662       0.097013      81.565961     -46.717161       0.562500       0.062500
      0.125628       0.511214       0.350446      -0.011734       0.206663     -12.815149      21.820755       0.562500       0.062500
      0.130653       0.510922       0.352121      -0.058174       0.333354      -9.241758      25.212151       0.562500       0.062500
      0.135678       0.511995       0.353852       0.213679       0.344540      54.100195       2.226050       0.562500       0.062500
      0.140704       0.513315       0.356453       0.262556       0.517561       9.726717      34.432119       0.562500       0.062500
      0.145729       0.514651       0.358814       0.265983       0.469847       0.681968      -9.495344       0.562500       0.062500
      0.150754       0.515081       0.361046       0.085449       0.444220     -35.927141      -5.099946       0.562500       0.062500
      0.155779       0.514718       0.363649      -0.072246       0.517906     -31.382106      14.663982       0.562500       0.062500
      0.160804       0.513898       0.366813      -0.163076       0.629714     -18.075576      22.250316       0.562500       0.062500
      0.165829       0.514036       0.369048       0.027364       0.444774      37.898436     -36.804054       0.562500       0.062500
      0.170854       0.514614       0.371129       0.115115       0.414117      17.462813      -6.100906       0.562500       0.062500
      0.175879       0.514333       0.372062      -0.055871       0.185627     -34.026982     -45.470609       0.562500       0.062500
      0.180905       0.513348       0.372856      -0.196113       0.158007     -27.908952      -5.496508       0.562500       0.062500
      0.185930       0.513445       0.373626       0.019253       0.153251      42.858923      -0.946532       0.562500       0.062500
      0.190955       0.514044       0.374084       0.119284       0.091098      19.906820     -12.368594       0.562500       0.062500
      0.195980       0.514224       0.375965       0.035852       0.374394     -16.603362      56.377253       0.562500       0.062500
      0.201005       0.513815       0.379660      -0.081370       0.735277     -23.327828      71.817461       0.562500       0.062500
      0.206030       0.512446       0.382528      -0.272526       0.570708     -38.040990     -32.750005       0.562500       0.062500
      0.211055       0.511307       0.385170      -0.226571       0.525785       9.145229      -8.939991       0.562500       0.062500
      0.216080       0.510608       0.388563      -0.139104       0.675362      17.406332      29.766753       0.562500       0.062500
      0.221106       0.510557       0.390549      -0.010164       0.395222      25.659652     -55.749300       0.562500       0.062500
      0.226131       0.509899       0.391297      -0.131061       0.148730     -24.059000     -49.053109       0.562500       0.062500
      0.231156       0.510073       0.391736       0.034731       0.087446      32.993451     -12.195891       0.562500       0.062500
      0.236181       0.510265       0.393583       0.038216       0.367480       0.693561      55.728242       0.562500       0.062500
      0.241206       0.510275       0.395978       0.001934       0.476726      -7.220350      21.740510       0.562500       0.062500
      0.246231       0.510593       0.397036       0.063257       0.210540      12.203678     -52.972450       0.562500       0.062500
      0.251256       0.510902       0.397529       0.061440       0.097965      -0.361748     -22.402976       0.562500       0.062500
      0.256281       0.511343       0.399876       0.087814       0.467082       5.248591      73.456054       0.562500       0.062500
      0.261307       0.511182       0.402359      -0.032041       0.494238     -23.851778       5.404309       0.562500       0.062500
      0.266332       0.511712       0.403907       0.105499       0.308019      27.371262     -37.058629       0.562500       0.062500
      0.271357       0.511813       0.404906       0.020181       0.198790     -16.978792     -21.737002       0.562500       0.062500
      0.276382       0.510716       0.406678      -0.218448       0.352737     -47.488346      30.636243       0.562500       0.062500
      0.281407       0.510600       0.408878      -0.022972       0.437806      38.900753      16.929076       0.562500       0.062500
      0.286432       0.510280       0.411355      -0.063730       0.492832      -8.111172      10.950482       0.562500       0.062500
      0.291457       0.509668       0.414280      -0.121806       0.582125     -11.557268      17.769754       0.562500       0.062500
      0.296482       0.509070       0.416949      -0.118990       0.531124       0.560435     -10.149406       0.562500       0.062500
      0.301508       0.510003       0.420100       0.185576       0.627117      60.610023      19.103075       0.562500       0.062500
      0.306533       0.510528       0.422366       0.104570       0.450877     -16.120583     -35.072791       0.562500       0.062500
      0.311558       0.510506       0.424275      -0.004442       0.379919     -21.693861     -14.120934       0.562500       0.062500
      0.316583       0.510978       0.425917       0.093915       0.326767      19.573448     -10.577432       0.562500       0.062500
      0.321608       0.511162       0.427588       0.036645       0.332573     -11.397003       1.155415       0.562500       0.062500
      0.326633       0.511295       0.429360       0.026608       0.352610      -1.997373       3.987342       0.562500       0.062500
      0.331658       0.511530       0.431065       0.046752       0.339380       4.008646      -2.632721       0.562500       0.062500
      0.336683       0.511056       0.432618      -0.094484       0.308889     -28.106524      -6.067812       0.562500       0.062500
      0.341709       0.510528       0.433905      -0.105059       0.256114      -2.104462     -10.502648       0.562500       0.062500
      0.346734       0.508936       0.436271      -0.316684       0.470919     -42.114461      42.747325       0.562500       0.062500
      0.351759       0.507084       0.439092      -0.368710       0.561409     -10.353490      18.007975       0.562500       0.062500
      0.356784       0.506086       0.441602      -0.198590       0.499531      33.854734     -12.313978       0.562500       0.062500
      0.361809       0.506693       0.445385       0.120838       0.752876      63.567783      50.416882       0.562500       0.062500
      0.366834       0.507486       0.448710       0.157882       0.661725       7.372029     -18.139483       0.562500       0.062500
      0.371859       0.507992       0.450759       0.100602       0.407616     -11.399032     -50.568966       0.562500       0.062500
      0.376884       0.508368       0.452318       0.074922       0.310301      -5.110575     -19.366257       0.562500       0.062500
      0.381910       0.508786       0.453220       0.083229       0.179546       1.653198     -26.020918       0.562500       0.062500
      0.386935       0.508275       0.454480      -0.101816       0.250674     -36.824784      14.154952       0.562500       0.062500
      0.391960       0.507926       0.455520      -0.069504       0.206997       6.430173      -8.692013       0.562500       0.062500
      0.396985       0.507879       0.456665      -0.009336       0.227952      11.973638       4.170112       0.562500       0.062500
      0.402010       0.507837       0.458749      -0.008384       0.414547       0.189467      37.133437       0.562500       0.062500
      0.407035       0.507973       0.461238       0.027115       0.495478       7.064572      16.105551       0.562500       0.062500
      0.412060       0.508566       0.463653       0.118054       0.480481      18.097338      -2.984374       0.562500       0.062500
      0.417085       0.509058       0.466868       0.097820       0.639897      -4.026708      31.724462       0.562500       0.062500
      0.422111       0.508989       0.470807      -0.013595       0.783740     -22.172245      28.625523       0.562500       0.062500
      0.427136       0.507188       0.474783      -0.358484       0.791275     -68.634610       1.499630       0.562500       0.062500
      0.432161       0.503656       0.479423      -0.702812       0.923413     -68.522887      26.296033       0.562500       0.062500
      0.437186       0.499317       0.484185      -0.863505       0.947597     -31.978815       4.812667       0.562500       0.062500
      0.442211       0.492755       0.489979      -1.305809       1.153210     -88.020516      40.918175       0.562500       0.062500
      0.447236       0.483899       0.495564      -1.762379       1.111388     -90.859718      -8.322941       0.562500       0.062500
      0.452261       0.473080       0.500286      -2.153195       0.939597     -77.774346     -34.187182       0.562500       0.062500
      0.457286       0.460798       0.504054      -2.444063       0.749876     -57.884258     -37.755478       0.562500       0.062500
      0.462312       0.448574       0.506478      -2.432660       0.482472       2.269362     -53.214794       0.562500       0.062500
      0.467337       0.436747       0.507125      -2.353752       0.128628      15.702941     -70.416635       0.562500       0.062500
      0.472362       0.426460       0.506225      -2.047027      -0.179090      61.039806     -61.237344       0.562500       0.062500
      0.477387       0.417884       0.503568      -1.706618      -0.528680      67.743108     -69.570188       0.562500       0.062500
      0.482412       0.410931       0.500046      -1.383756      -0.700821      64.251110     -34.256859       0.562500       0.062500
      0.487437       0.407509       0.495316      -0.680955      -0.941447     139.860965     -47.885747       0.562500       0.062500
      0.492462       0.407193       0.490127      -0.062936      -1.032572     122.988899     -18.134366       0.562500       0.062500
      0.497487       0.410564       0.484890       0.670746      -1.042217     146.006247      -1.919411       0.562500       0.062500
      0.502513       0.415641       0.480487       1.010487      -0.876209      67.610298      33.036309       0.562500       0.062500
      0.507538       0.422686       0.476913       1.401990      -0.711176      77.911028      32.842448       0.562500       0.062500
      0.512563       0.432609       0.475957       1.974728      -0.190196     113.977677     103.677520       0.562500       0.062500
      0.517588       0.443237       0.477656       2.114919       0.337943      27.898741     105.102469       0.562500       0.062500
      0.522613       0.453154       0.482153       1.973590       0.895102     -28.125159     110.877368       0.562500       0.062500
      0.527638       0.462954       0.487895       1.950328       1.142589      -4.629273      49.251090       0.562500       0.062500
      0.532663       0.472016       0.494458       1.803339       1.306108     -29.251564      32.541109       0.562500       0.062500
      0.537688       0.479546       0.500861       1.498515       1.274169     -60.661549      -6.356119       0.562500       0.062500
      0.542714       0.486008       0.507005       1.285944       1.222620     -42.302754     -10.258496       0.562500       0.062500
      0.547739       0.491487       0.513099       1.090241       1.212926     -38.945800      -1.929041       0.562500       0.062500
      0.552764       0.496348       0.518746       0.967454       1.123721     -24.435301     -17.752319       0.562500       0.062500
      0.557789       0.498612       0.523051       0.450525       0.856781    -102.871359     -53.122365       0.562500       0.062500
      0.562814       0.498973       0.526438       0.071791       0.673859     -75.369855     -36.402389       0.562500       0.062500
      0.567839       0.497881       0.529034      -0.217190       0.516641     -57.508656     -31.287214       0.562500       0.062500
      0.572864       0.496364       0.531490      -0.301997       0.488752     -16.877015      -5.550032       0.562500       0.062500
      0.577889       0.495129       0.533631      -0.245782       0.426183      11.187067     -12.451475       0.562500       0.062500
      0.582915       0.494656       0.535193      -0.094024       0.310851      30.200421     -22.951729       0.562500       0.062500
      0.587940       0.494326       0.536612      -0.065780       0.282417       5.620713      -5.658438       0.562500       0.062500
      0.592965       0.494364       0.537950       0.007706       0.266203      14.624081      -3.226674       0.562500       0.062500
      0.597990       0.494246       0.539430      -0.023520       0.294461      -6.214064       5.623451       0.562500       0.062500
      0.603015       0.493764       0.540559      -0.095888       0.224749     -14.401582     -13.872940       0.562500       0.062500
      0.608040       0.492967       0.541666      -0.158773       0.220167     -12.514438      -0.911875       0.562500       0.062500
      0.613065       0.492532       0.543202      -0.086394       0.305693      14.403773      17.020034       0.562500       0.062500
      0.618090       0.492532       0.544827       0.000017       0.323481      17.196262       3.539898       0.562500       0.062500
      0.623116       0.492796       0.546942       0.052515       0.420902      10.447325      19.387329       0.562500       0.062500
      0.628141       0.493162       0.549209       0.072760       0.451179       4.028925       6.025297       0.562500       0.062500
      0.633166       0.493357       0.551561       0.038816       0.467994      -6.755019       3.346235       0.562500       0.062500
      0.638191       0.493755       0.553896       0.079231       0.464588       8.042634      -0.677783       0.562500       0.062500
      0.643216       0.493830       0.556120       0.014842       0.442662     -12.813660      -4.363487       0.562500       0.062500
      0.648241       0.494021       0.558554       0.038095       0.484405       4.627545       8.307128       0.562500       0.062500
      0.653266       0.493912       0.560918      -0.021795       0.470379     -11.918422      -2.791130       0.562500       0.062500
      0.658291       0.493687       0.563349      -0.044663       0.483766      -4.550952       2.664006       0.562500       0.062500
      0.663317       0.493470       0.565774      -0.043291       0.482601       0.273157      -0.231779       0.562500       0.062500
      0.668342       0.493282       0.567843      -0.037344       0.411876       1.183374     -14.074750       0.562500       0.062500
      0.673367       0.493102       0.569700      -0.035793       0.369570       0.308643      -8.419018       0.562500       0.062500
      0.678392       0.493115       0.571551       0.002470       0.368319       7.614625      -0.249073       0.562500       0.062500
      0.683417       0.493347       0.573382       0.046254       0.364410       8.713262      -0.777850       0.562500       0.062500
      0.688442       0.493172       0.575255      -0.034782       0.372650     -16.126617       1.639768       0.562500       0.062500
      0.693467       0.493361       0.577207       0.037640       0.388423      14.412255       3.139038       0.562500       0.062500
      0.698492       0.493429       0.579052       0.013411       0.367129      -4.821687      -4.237791       0.562500       0.062500
      0.703518       0.493496       0.580828       0.013387       0.353590      -0.004774      -2.694279       0.562500       0.062500
      0.708543       0.493477       0.582569      -0.003887       0.346401      -3.437521      -1.430695       0.562500       0.062500
      0.713568       0.493341       0.584416      -0.026886       0.367564      -4.576867       4.211619       0.562500       0.062500
      0.718593       0.492778       0.586224      -0.112177       0.359867     -16.973344      -1.531652       0.562500       0.062500
      0.723618       0.491752       0.587737      -0.204070       0.300954     -18.287308     -11.724090       0.562500       0.062500
      0.728643       0.490676       0.589217      -0.214187       0.294502      -2.013240      -1.283905       0.562500       0.062500
      0.733668       0.490215       0.590931      -0.091827       0.341182      24.350293       9.289425       0.562500       0.062500
      0.738693       0.490129       0.592921      -0.016985       0.396019      14.893832      10.912858       0.562500       0.062500
      0.743719       0.489843       0.594859      -0.056986       0.385582      -7.960434      -2.077023       0.562500       0.062500
      0.748744       0.489456       0.596730      -0.077060       0.372393      -3.994700      -2.624515       0.562500       0.062500
      0.753769       0.488920       0.598496      -0.106503       0.351565      -5.859464      -4.144954       0.562500       0.062500
      0.758794       0.488811       0.600599      -0.021869       0.418383      16.842739      13.297163       0.562500       0.062500
      0.763819       0.488686       0.602681      -0.024791       0.414379      -0.581464      -0.796796       0.562500       0.062500
      0.768844       0.488569       0.604619      -0.023206       0.385551       0.315333      -5.736947       0.562500       0.062500
      0.773869       0.488441       0.606516      -0.025554       0.377688      -0.467331      -1.564815       0.562500       0.062500
      0.778894       0.488424       0.608558      -0.003281       0.406245       4.432596       5.682880       0.562500       0.062500
      0.783920       0.488555       0.610581       0.026029       0.402547       5.832681      -0.735873       0.562500       0.062500
      0.788945       0.488282       0.612564      -0.054374       0.394618     -16.000464      -1.577934       0.562500       0.062500
      0.793970       0.487986       0.614505      -0.058839       0.386316      -0.888674      -1.652103       0.562500       0.062500
      0.798995       0.487570       0.616521      -0.082916       0.401299      -4.791338       2.981649       0.562500       0.062500
      0.804020       0.487212       0.618641      -0.071119       0.421811       2.347610       4.082003       0.562500       0.062500
      0.809045       0.486967       0.620774      -0.048864       0.424587       4.428866       0.552416       0.562500       0.062500
      0.814070       0.486640       0.622811      -0.065130       0.405255      -3.236928      -3.847095       0.562500       0.062500
      0.819095       0.486267       0.624762      -0.074185       0.388284      -1.802055      -3.377360       0.562500       0.062500
      0.824121       0.485835       0.626526      -0.085945       0.351114      -2.340264      -7.396958       0.562500       0.062500
      0.829146       0.485546       0.628461      -0.057498       0.384994       5.661038       6.742220       0.562500       0.062500
      0.834171       0.485599       0.630277       0.010532       0.361448      13.538399      -4.685779       0.562500       0.062500
      0.839196       0.485851       0.632163       0.050263       0.375247       7.906658       2.746115       0.562500       0.062500
      0.844221       0.486000       0.634321       0.029639       0.429473      -4.104417      10.791310       0.562500       0.062500
      0.849246       0.486071       0.636465       0.014048       0.426778      -3.102716      -0.536316       0.562500       0.062500
      0.854271       0.486097       0.638653       0.005162       0.435398      -1.768191       1.715481       0.562500       0.062500
      0.859296       0.485803       0.640713      -0.058520       0.409813     -12.673119      -5.091584       0.562500       0.062500
      0.864322       0.485547       0.642826      -0.050899       0.420654       1.516568       2.157389       0.562500       0.062500
      0.869347       0.485318       0.645080      -0.045577       0.448556       1.059244       5.552523       0.562500       0.062500
      0.874372       0.485294       0.647309      -0.004838       0.443503       8.107153      -1.005514       0.562500       0.062500
      0.879397       0.485154       0.649619      -0.027865       0.459627      -4.582550       3.208833       0.562500       0.062500
      0.884422       0.485108       0.651529      -0.009085       0.380147       3.737314     -15.816913       0.562500       0.062500
      0.889447       0.485339       0.653385       0.045874       0.369404      10.937140      -2.137894       0.562500       0.062500
      0.894472       0.485612       0.655466       0.054442       0.414137       1.705049       8.902026       0.562500       0.062500
      0.899497       0.485845       0.657665       0.046358       0.437531      -1.608624       4.655546       0.562500       0.062500
      0.904523       0.485984       0.659999       0.027555       0.464459      -3.742011       5.358759       0.562500       0.062500
      0.909548       0.485931       0.662374      -0.010516       0.472660      -7.576210       1.632108       0.562500       0.062500
      0.914573       0.485746       0.664803      -0.036677       0.483460      -5.206171       2.149122       0.562500       0.062500
      0.919598       0.485525       0.666955      -0.044080       0.428262      -1.473269     -10.984678       0.562500       0.062500
      0.924623       0.485224       0.668962      -0.059944       0.399420      -3.157002      -5.739606       0.562500       0.062500
      0.929648       0.484834       0.670950      -0.077508       0.395599      -3.495363      -0.760489       0.562500       0.062500
      0.934673       0.484384       0.673025      -0.089534       0.412922      -2.393154       3.447412       0.562500       0.062500
      0.939698       0.484020       0.675197      -0.072426       0.432165       3.404437       3.829439       0.562500       0.062500
      0.944724       0.483623       0.677428      -0.079115       0.444064      -1.331109       2.368052       0.562500       0.062500
      0.949749       0.483098       0.679806      -0.104350       0.473200      -5.021817       5.798084       0.562500       0.062500
      0.954774       0.482612       0.681959      -0.096801       0.428516       1.502330      -8.892280       0.562500       0.062500
      0.959799       0.482121       0.684036      -0.097680       0.413366      -0.175062      -3.014853       0.562500       0.062500
      0.964824       0.481703       0.686014      -0.083127       0.393626       2.896200      -3.928489       0.562500       0.062500
      0.969849       0.481394       0.687816      -0.061584       0.358484       4.287091      -6.993313       0.562500       0.062500
      0.974874       0.481338       0.689567      -0.011184       0.348409      10.029953      -2.004991       0.562500       0.062500
      0.979899       0.481517       0.691231       0.035698       0.331141       9.329698      -3.436450       0.562500       0.062500
      0.984925       0.481694       0.692744       0.035221       0.301258      -0.095004      -5.946857       0.562500       0.062500
      0.989950       0.481701       0.694013       0.001274       0.252466      -6.755457      -9.709937       0.562500       0.062500
      0.994975       0.481555       0.695177      -0.029019       0.231551      -6.028609      -4.162175       0.562500       0.062500
      1.000000       0.481451       0.696244      -0.020649       0.212499       1.665768      -3.791297       0.562500       0.062500
      1.005025       0.481328       0.697109      -0.024502       0.172155      -0.766837      -8.028743       0.562500       0.062500
      1.010050       0.481382       0.697909       0.010792       0.159148       7.023723      -2.588541       0.562500       0.062500
      1.015075       0.481425       0.698715       0.008509       0.160314      -0.454353       0.232088       0.562500       0.062500
      1.020100       0.481227       0.699398      -0.039396       0.135920      -9.533234      -4.854529       0.562500       0.062500
      1.025125       0.480832       0.699707      -0.078619       0.061519      -7.805600     -14.806076       0.562500       0.062500
      1.030150       0.480446       0.699979      -0.076775       0.054079       0.366977      -1.480606       0.562500       0.062500
      1.035175       0.480123       0.700113      -0.064345       0.026728       2.473627      -5.442967       0.562500       0.062500
      1.040200       0.479922       0.700072      -0.039921      -0.008144       4.860458      -6.939669       0.562500       0.062500
      1.045225       0.479704       0.699973      -0.043476      -0.019647      -0.707558      -2.289209       0.562500       0.062500
      1.050250       0.479533       0.699739      -0.034011      -0.046581       1.883754      -5.359984       0.562500       0.062500
      1.055275       0.479312       0.699443      -0.043996      -0.058948      -1.987095      -2.461070       0.562500       0.062500
      1.060300       0.479064       0.699107      -0.049296      -0.066935      -1.054756      -1.589487       0.562500       0.062500
      1.065325       0.478851       0.698766      -0.042352      -0.067719       1.381885      -0.155970       0.562500       0.062500
      1.070350       0.478669       0.698330      -0.036249      -0.086787       1.214481      -3.794718       0.562500       0.062500
      1.075375       0.478587       0.697946      -0.016340      -0.076558       3.962109       2.035637       0.562500       0.062500
      1.080400       0.478503       0.697685      -0.016657      -0.051749      -0.063204       4.937045       0.562500       0.062500
      1.085425       0.478479       0.697549      -0.004912      -0.027191       2.337255       4.887318       0.562500       0.062500
      1.090450       0.478508       0.697527       0.005778      -0.004384       2.127418       4.538642       0.562500       0.062500
      1.095475       0.478568       0.697569       0.012123       0.008343       1.262721       2.532665       0.562500       0.062500
      1.100500       0.478614       0.697596       0.009099       0.005365      -0.601751      -0.592643       0.562500       0.062500
      1.105525       0.478713       0.697698       0.019700       0.020259       2.109620       2.964104       0.562500       0.062500
      1.110550       0.478836       0.697733       0.024436       0.007044       0.942499      -2.629917       0.562500       0.062500
      1.115575       0.479124       0.697733       0.057308       0.000073       6.541651      -1.387334       0.562500       0.062500
      1.120600       0.479375       0.697779       0.049957       0.009091      -1.462957       1.794690       0.562500       0.062500
      1.125625       0.479506       0.697842       0.026160       0.012459      -4.735656       0.670222       0.562500       0.062500
      1.130650       0.479681       0.697880       0.034793       0.007585       1.717946      -0.969938       0.562500       0.062500
      1.135675       0.479947       0.697925       0.052883       0.009003       3.600059       0.282209       0.562500       0.062500
      1.140700       0.480191       0.697969       0.048525       0.008736      -0.867250      -0.053102       0.562500       0.062500
      1.145725       0.480432       0.698115       0.047909       0.029001      -0.122619       4.032707       0.562500       0.062500
      1.150750       0.480679       0.698352       0.049182       0.047342       0.253285       3.650064       0.562500       0.062500
      1.155775       0.480905       0.698597       0.045080       0.048724      -0.816135       0.274943       0.562500       0.062500
      1.160800       0.481089       0.698846       0.036555       0.049523      -1.696605       0.159063       0.562500       0.062500
      1.165825       0.481289       0.699066       0.039729       0.043752       0.631707      -1.148426       0.562500       0.062500
      1.170850       0.481364       0.699300       0.014913       0.046624      -4.938603       0.571512       0.562500       0.062500
      1.175875       0.481366       0.699459       0.000592       0.031551      -2.849897      -2.999547       0.562500       0.062500
      1.180900       0.481412       0.699579       0.009155       0.023863       1.704070      -1.530065       0.562500       0.062500
      1.185925       0.481666       0.699669       0.050423       0.017997       8.212460      -1.167321       0.562500       0.062500
      1.190950       0.481886       0.699748       0.043791       0.015747      -1.319831      -0.447798       0.562500       0.062500
      1.195975       0.482044       0.699881       0.031398       0.026401      -2.466184       2.120181       0.562500       0.062500
      1.201000       0.482140       0.699957       0.019188       0.015098      -2.429903      -2.249247       0.562500       0.062500
      1.206025       0.482161       0.700007       0.004184       0.009932      -2.985767      -1.028015       0.562500       0.062500
      1.211050       0.482129       0.700065      -0.006452       0.011518      -2.116644       0.315538       0.562500       0.062500
      1.216075       0.482013       0.700146      -0.023022       0.016173      -3.297486       0.926396       0.562500       0.062500
      1.221100       0.481877       0.700222      -0.027114       0.015111      -0.814421      -0.211348       0.562500       0.062500
      1.226125       0.481745       0.700307      -0.026186       0.017035       0.184669       0.382802       0.562500       0.062500
      1.231150       0.481631       0.700328      -0.022667       0.004152       0.700443      -2.563761       0.562500       0.062500
      1.236175       0.481525       0.700306      -0.021063      -0.004475       0.319103      -1.716700       0.562500       0.062500
      1.241200       0.481420       0.700277      -0.021029      -0.005641       0.006809      -0.232062       0.562500       0.062500
      1.246225       0.481341       0.700235      -0.015645      -0.008446       1.071394      -0.558216       0.562500       0.062500
      1.251250       0.481186       0.700141      -0.030860      -0.018622      -3.027895      -2.025083       0.562500       0.062500
      1.256275       0.480993       0.700067      -0.038341      -0.014823      -1.488724       0.755933       0.562500       0.062500
      1.261300       0.480850       0.699987      -0.028517      -0.015819       1.954990      -0.198255       0.562500       0.062500
      1.266325       0.480752       0.699959      -0.019458      -0.005563       1.802836       2.041093       0.562500       0.062500
      1.271350       0.480731       0.699932      -0.004234      -0.005474       3.029727       0.017696       0.562500       0.062500
      1.276375       0.480731       0.699877      -0.000024      -0.010897       0.837793      -1.079247       0.562500       0.062500
      1.281400       0.480744       0.699815       0.002562      -0.012325       0.514674      -0.284120       0.562500       0.062500
      1.286425       0.480716       0.699732      -0.005622      -0.016523      -1.628738      -0.835505       0.562500       0.062500
      1.291450       0.480681       0.699674      -0.006957      -0.011511      -0.265611       0.997457       0.562500       0.062500
      1.296475       0.480628       0.699689      -0.010418       0.002854      -0.688760       2.858775       0.562500       0.062500
      1.301500       0.480586       0.699729      -0.008421       0.007913       0.397279       1.006713       0.562500       0.062500
      1.306525       0.480538       0.699750      -0.009497       0.004307      -0.214044      -0.717549       0.562500       0.062500
      1.311550       0.480528       0.699738      -0.002114      -0.002518       1.469269      -1.358291       0.562500       0.062500
      1.316575       0.480517       0.699698      -0.002085      -0.007824       0.005648      -1.055938       0.562500       0.062500
      1.321600       0.480481       0.699638      -0.007091      -0.011996      -0.996202      -0.830265       0.562500       0.062500
      1.326625       0.480454       0.699604      -0.005468      -0.006726       0.323111       1.048909       0.562500       0.062500
      1.331650       0.480424       0.699573      -0.005957      -0.006102      -0.097268       0.124184       0.562500       0.062500
      1.336675       0.480360       0.699495      -0.012740      -0.015699      -1.349977      -1.909992       0.562500       0.062500
      1.341700       0.480293       0.699420      -0.013347      -0.014913      -0.120752       0.156548       0.562500       0.062500
      1.346725       0.480219       0.699356      -0.014762      -0.012683      -0.281592       0.443668       0.562500       0.062500
      1.351750       0.480209       0.699315      -0.001897      -0.008194       2.560174       0.893411       0.562500       0.062500
      1.356775       0.480168       0.699266      -0.008223      -0.009670      -1.258964      -0.293854       0.562500       0.062500
      1.361800       0.480124       0.699214      -0.008706      -0.010406      -0.096151      -0.146436       0.562500       0.062500
      1.366825       0.480126       0.699147       0.000338      -0.013377       1.799893      -0.591225       0.562500       0.062500
      1.371850       0.480146       0.699087       0.004068      -0.011951       0.742390       0.283806       0.562500       0.062500
      1.376875       0.480184       0.699069       0.007409      -0.003530       0.664704       1.675782       0.562500       0.062500
      1.381900       0.480212       0.699085       0.005735       0.003185      -0.333105       1.336317       0.562500       0.062500
      1.386925       0.480195       0.699110      -0.003490       0.005061      -1.835865       0.373303       0.562500       0.062500
      1.391950       0.480100       0.699138      -0.018795       0.005610      -3.045709       0.109273       0.562500       0.062500
      1.396975       0.479984       0.699130      -0.023203      -0.001582      -0.877165      -1.431172       0.562500       0.062500
      1.402000       0.479852       0.699082      -0.026259      -0.009570      -0.608239      -1.589600       0.562500       0.062500
      1.407025       0.479665       0.699010      -0.037129      -0.014477      -2.163031      -0.976633       0.562500       0.062500
      1.412050       0.479515       0.698906      -0.029958      -0.020693       1.426941      -1.236985       0.562500       0.062500
      1.417075       0.479411       0.698796      -0.020683      -0.021908       1.845844      -0.241721       0.562500       0.062500
      1.422100       0.479344       0.698686      -0.013269      -0.021834       1.475286       0.014595       0.562500       0.062500
      1.427125       0.479308       0.698579      -0.007121      -0.021316       1.223667       0.103220       0.562500       0.062500
      1.432150       0.479303       0.698516      -0.001048      -0.012559       1.208563       1.742623       0.562500       0.062500
      1.437175       0.479279       0.698468      -0.004858      -0.009423      -0.758341       0.624100       0.562500       0.062500
      1.442200       0.479253       0.698437      -0.005038      -0.006221      -0.035692       0.637172       0.562500       0.062500
      1.447225       0.479208       0.698397      -0.008953      -0.007884      -0.779110      -0.330953       0.562500       0.062500
      1.452250       0.479189       0.698339      -0.003901      -0.011581       1.005381      -0.735717       0.562500       0.062500
      1.457275       0.479176       0.698299      -0.002581      -0.008093       0.262598       0.694186       0.562500       0.062500
      1.462300       0.479167       0.698269      -0.001754      -0.005860       0.164555       0.444260       0.562500       0.062500
      1.467325       0.479160       0.698250      -0.001376      -0.003890       0.075202       0.392093       0.562500       0.062500
      1.472350       0.479143       0.698241      -0.003311      -0.001617      -0.385104       0.452408       0.562500       0.062500
      1.477375       0.479148       0.698245       0.000892       0.000616       0.836428       0.444374       0.562500       0.062500
      1.482400       0.479133       0.698218      -0.002891      -0.005354      -0.752753      -1.188012       0.562500       0.062500
      1.487425       0.479074       0.698192      -0.011832      -0.005183      -1.779380       0.033955       0.562500       0.062500
      1.492450       0.479015       0.698156      -0.011741      -0.007012       0.018123      -0.363976       0.562500       0.062500
      1.497475       0.478991       0.698117      -0.004723      -0.007830       1.396604      -0.162840       0.562500       0.062500
      1.502500       0.479001       0.698119       0.001942       0.000392       1.326383       1.636275       0.562500       0.062500
