      0.000000       0.519928       0.303483       0.000000       0.000000       0.000000       0.000000       0.562500       0.312500
      0.005025       0.520489       0.303873       0.111592       0.077705      22.207430      15.463759       0.562500       0.312500
      0.010050       0.522140       0.304358       0.328626       0.096525      43.190703       3.745122       0.562500       0.312500
      0.015075       0.521174       0.306576      -0.192302       0.441254    -103.667273      68.602815       0.562500       0.312500
      0.020101       0.518551       0.307629      -0.521931       0.209666     -65.597638     -46.087043       0.562500       0.312500
      0.025126       0.516700       0.309423      -0.368464       0.356963      30.540520      29.312694       0.562500       0.312500
      0.030151       0.515335       0.309882      -0.271571       0.091425      19.282320     -52.843339       0.562500       0.312500
      0.035176       0.516110       0.311954       0.154083       0.412189      84.707129      63.833705       0.562500       0.312500
      0.040201       0.516575       0.313279       0.092648       0.263782     -12.225778     -29.533769       0.562500       0.312500
      0.045226       0.517229       0.314927       0.130075       0.327976       7.448223      12.774832       0.562500       0.312500
      0.050251       0.517893       0.316470       0.132266       0.307011       0.435998      -4.172127       0.562500       0.312500
      0.055276       0.516478       0.318851      -0.281657       0.473907     -82.372804      33.213237       0.562500       0.312500
      0.060302       0.517108       0.322120       0.125452       0.650499      81.016688      35.142655       0.562500       0.312500
      0.065327       0.519449       0.323541       0.465692       0.282821      67.709586     -73.169742       0.562500       0.312500
      0.070352       0.519009       0.326495      -0.087542       0.587706    -110.096477      60.673636       0.562500       0.312500
      0.075377       0.517470       0.329789      -0.306243       0.655571     -43.522542      13.505464       0.562500       0.312500
      0.080402       0.517249       0.332647      -0.043861       0.568744      52.215359     -17.278949       0.562500       0.312500
      0.085427       0.518997       0.334089       0.347712       0.286932      77.925038     -56.081994       0.562500       0.312500
      0.090452       0.518686       0.335227      -0.061776       0.226543     -81.490190     -12.017839       0.562500       0.312500
      0.095477       0.516638       0.338585      -0.407624       0.668304     -68.825519      87.912747       0.562500       0.312500
      0.100503       0.516153       0.342058      -0.096453       0.691074      61.924655       4.531348       0.562500       0.312500
      0.105528       0.515464       0.344037      -0.137110       0.393832      -8.091063     -59.152713       0.562500       0.312500
      0.110553       0.515927       0.344374       0.092110       0.067053      45.615975     -65.030541       0.562500       0.312500
      0.115578       0.515225       0.344998      -0.139704       0.124245     -46.132115      11.381424       0.562500       0.312500
      0.120603       0.514716       0.346235      -0.101301       0.246208       7.642422      24.271280       0.562500       0.312500
      0.125628       0.514241       0.348643      -0.094563       0.479144       1.340866      46.355375       0.562500       0.312500
      0.130653       0.512549       0.351202      -0.336596       0.509325     -48.165725       6.006108       0.562500       0.312500
      0.135678       0.512818       0.353073       0.053346       0.372175      77.600318     -27.293401       0.562500       0.312500
      0.140704       0.513736       0.353864       0.182742       0.157440      25.750526     -42.733449       0.562500       0.312500
      0.145729       0.515400       0.355496       0.331125       0.324937      29.528866      33.332723       0.562500       0.312500
      0.150754       0.515622       0.358534       0.044190       0.604472     -57.101476      55.628905       0.562500       0.312500
      0.155779       0.514506       0.361249      -0.222105       0.540241     -52.993936     -12.782327       0.562500       0.312500
      0.160804       0.513521       0.363975      -0.195933       0.542652       5.208311       0.479851       0.562500       0.312500
      0.165829       0.513662       0.366774       0.028110       0.556987      44.585576       2.852726       0.562500       0.312500
      0.170854       0.513719       0.369508       0.011190       0.544039      -3.367064      -2.576615       0.562500       0.312500
      0.175879       0.513514       0.371343      -0.040759       0.365108     -10.338205     -35.608168       0.562500       0.312500
      0.180905       0.513141       0.372570      -0.074286       0.244314      -6.672023     -24.038662       0.562500       0.312500
      0.185930       0.513060       0.372751      -0.016045       0.035906      11.590224     -41.474340       0.562500       0.312500
      0.190955       0.512570       0.374441      -0.097518       0.336295     -16.213527      59.779024       0.562500       0.312500
      0.195980       0.512117       0.375930      -0.090132       0.296378       1.469969      -7.943758       0.562500       0.312500
      0.201005       0.513041       0.378279       0.183862       0.467450      54.526034      34.044255       0.562500       0.312500
      0.206030       0.514195       0.380870       0.229729       0.515516       9.127745       9.565435       0.562500       0.312500
      0.211055       0.515015       0.383142       0.163199       0.452173     -13.239730     -12.605700       0.562500       0.312500
      0.216080       0.515533       0.386463       0.103085       0.660955     -11.963046      41.548774       0.562500       0.312500
      0.221106       0.514248       0.388105      -0.255881       0.326765     -71.435926     -66.505625       0.562500       0.312500
      0.226131       0.511694       0.389695      -0.508072       0.316424     -50.187228      -2.057758       0.562500       0.312500
      0.231156       0.510110       0.392032      -0.315225       0.465039      38.377482      29.575130       0.562500       0.312500
      0.236181       0.508977       0.394249      -0.225500       0.441218      17.855684      -4.740527       0.562500       0.312500
      0.241206       0.508494       0.396299      -0.096185       0.407993      25.734398      -6.612015       0.562500       0.312500
      0.246231       0.509141       0.397633       0.128845       0.265461      44.782099     -28.364518       0.562500       0.312500
      0.251256       0.509402       0.400053       0.051874       0.481604     -15.317695      43.013565       0.562500       0.312500
      0.256281       0.509723       0.402200       0.063776       0.427257       2.368626     -10.815326       0.562500       0.312500
      0.261307       0.509863       0.403495       0.028022       0.257645      -7.115201     -33.753664       0.562500       0.312500
      0.266332       0.510298       0.405261       0.086542       0.351483      11.645715      18.674225       0.562500       0.312500
      0.271357       0.510427       0.407976       0.025649       0.540324     -12.118078      37.580206       0.562500       0.312500
      0.276382       0.509648       0.411860      -0.154986       0.772997     -35.947135      46.303128       0.562500       0.312500
      0.281407       0.509024       0.415735      -0.124189       0.771002       6.128629      -0.396917       0.562500       0.312500
      0.286432       0.508691       0.418459      -0.066327       0.542196      11.514905     -45.533539       0.562500       0.312500
      0.291457       0.508331       0.420470      -0.071643       0.400186      -1.057925     -28.260879       0.562500       0.312500
      0.296482       0.507111       0.422026      -0.242804       0.309697     -34.061909     -18.007665       0.562500       0.312500
      0.301508       0.506317       0.423331      -0.157960       0.259681      16.884374      -9.953367       0.562500       0.312500
      0.306533       0.506563       0.423630       0.049021       0.059396      41.190276     -39.857798       0.562500       0.312500
      0.311558       0.507562       0.423924       0.198777       0.058498      29.802144      -0.178591       0.562500       0.312500
      0.316583       0.507494       0.425105      -0.013507       0.235085     -42.245471      35.141579       0.562500       0.312500
      0.321608       0.507189       0.427423      -0.060723       0.461234      -9.396365      45.004784       0.562500       0.312500
      0.326633       0.506929       0.430366      -0.051768       0.585741       1.782107      24.777603       0.562500       0.312500
      0.331658       0.506019       0.432617      -0.181226       0.447913     -25.762785     -27.428631       0.562500       0.312500
      0.336683       0.504908       0.434641      -0.221065       0.402730      -7.928186      -8.991490       0.562500       0.312500
      0.341709       0.504968       0.437010       0.012079       0.471563      46.396963      13.698067       0.562500       0.312500
      0.346734       0.504612       0.438642      -0.070936       0.324764     -16.520421     -29.213744       0.562500       0.312500
      0.351759       0.504637       0.439786       0.005048       0.227732      15.121185     -19.309758       0.562500       0.312500
      0.356784       0.505493       0.441682       0.170291       0.377321      32.884116      29.768832       0.562500       0.312500
      0.361809       0.505996       0.443897       0.100162       0.440711     -13.955955      12.614951       0.562500       0.312500
      0.366834       0.506661       0.445764       0.132249       0.371579       6.385375     -13.757544       0.562500       0.312500
      0.371859       0.506745       0.447238       0.016669       0.293341     -23.000903     -15.569752       0.562500       0.312500
      0.376884       0.505563       0.448502      -0.235208       0.251538     -50.124817      -8.319002       0.562500       0.312500
      0.381910       0.504470       0.449840      -0.217487       0.266197       3.526655       2.917078       0.562500       0.312500
      0.386935       0.503648       0.451889      -0.163528       0.407717      10.737993      28.163227       0.562500       0.312500
      0.391960       0.502351       0.454223      -0.258169       0.464540     -18.833972      11.308120       0.562500       0.312500
      0.396985       0.501144       0.456540      -0.240131       0.461099       3.589673      -0.684854       0.562500       0.312500
      0.402010       0.500028       0.458800      -0.222074       0.449758       3.593353      -2.256801       0.562500       0.312500
      0.407035       0.498101       0.461765      -0.383547       0.589996     -32.133841      27.907915       0.562500       0.312500
      0.412060       0.495573       0.465634      -0.503146       0.770045     -23.800805      35.830679       0.562500       0.312500
      0.417085       0.492480       0.469450      -0.615486       0.759324     -22.356181      -2.133478       0.562500       0.312500
      0.422111       0.488753       0.473457      -0.741702       0.797419     -25.117758       7.581111       0.562500       0.312500
      0.427136       0.483610       0.477895      -1.023422       0.883272     -56.063552      17.085224       0.562500       0.312500
      0.432161       0.477635       0.481976      -1.189004       0.812102     -32.951673     -14.163318       0.562500       0.312500
      0.437186       0.470792       0.486153      -1.361818       0.831157     -34.390864       3.792138       0.562500       0.312500
      0.442211       0.462934       0.489671      -1.563777       0.700162     -40.190948     -26.068764       0.562500       0.312500
      0.447236       0.454195       0.491867      -1.739187       0.436945     -34.907321     -52.381479       0.562500       0.312500
      0.452261       0.443211       0.493461      -2.185825       0.317248     -88.883309     -23.820209       0.562500       0.312500
      0.457286       0.432668       0.494267      -2.098028       0.160455      17.472165     -31.202722       0.562500       0.312500
      0.462312       0.422854       0.494673      -1.953104       0.080821      28.840521     -15.847536       0.562500       0.312500
      0.467337       0.414242       0.494752      -1.713749       0.015771      47.632943     -12.945141       0.562500       0.312500
      0.472362       0.406923       0.494050      -1.456571      -0.139864      51.179689     -30.972150       0.562500       0.312500
      0.477387       0.400094       0.491949      -1.359075      -0.418008      19.402022     -55.352045       0.562500       0.312500
      0.482412       0.395043       0.489528      -1.005231      -0.481823      70.416886     -12.699477       0.562500       0.312500
      0.487437       0.392072       0.486795      -0.591202      -0.543907      82.393830     -12.355179       0.562500       0.312500
      0.492462       0.391088       0.483360      -0.195726      -0.683602      78.701605     -27.799857       0.562500       0.312500
      0.497487       0.391924       0.480871       0.166245      -0.495217      72.034101      37.489456       0.562500       0.312500
      0.502513       0.394590       0.478731       0.530550      -0.426029      72.498471      13.768754       0.562500       0.312500
      0.507538       0.401558       0.476524       1.386675      -0.439044     170.373154      -2.590015       0.562500       0.312500
      0.512563       0.410177       0.475728       1.715203      -0.158566      65.378709      55.816532       0.562500       0.312500
      0.517588       0.418564       0.476008       1.669127       0.055898      -9.169303      42.679355       0.562500       0.312500
      0.522613       0.427468       0.478112       1.771941       0.418576      20.460431      72.174697       0.562500       0.312500
      0.527638       0.436356       0.481219       1.768729       0.618450      -0.639215      39.776066       0.562500       0.312500
      0.532663       0.445148       0.484928       1.749619       0.737920      -3.802944      23.775003       0.562500       0.312500
      0.537688       0.453683       0.489649       1.698671       0.939546     -10.139039      40.124709       0.562500       0.312500
      0.542714       0.462248       0.494848       1.704444       1.034693       1.148922      18.934710       0.562500       0.312500
      0.547739       0.470319       0.500326       1.606204       1.090136     -19.550252      11.033403       0.562500       0.312500
      0.552764       0.477697       0.506078       1.468262       1.144708     -27.451192      10.860061       0.562500       0.312500
      0.557789       0.483697       0.511016       1.193899       0.982584     -54.599619     -32.263405       0.562500       0.312500
      0.562814       0.488418       0.515739       0.939451       0.939882     -50.636383      -8.498033       0.562500       0.312500
      0.567839       0.491613       0.520255       0.635989       0.898875     -60.390375      -8.160628       0.562500       0.312500
      0.572864       0.494072       0.524596       0.489193       0.863859     -29.213235      -6.968316       0.562500       0.312500
      0.577889       0.495769       0.528263       0.337871       0.729652     -30.113756     -26.707890       0.562500       0.312500
      0.582915       0.496604       0.531314       0.166159       0.607124     -34.171643     -24.383630       0.562500       0.312500
      0.587940       0.497208       0.534130       0.120063       0.560527      -9.173316      -9.272947       0.562500       0.312500
      0.592965       0.497269       0.536454       0.012287       0.462416     -21.447801     -19.524729       0.562500       0.312500
      0.597990       0.496863       0.538582      -0.080795       0.423540     -18.523931      -7.736516       0.562500       0.312500
      0.603015       0.495707       0.541105      -0.230104       0.501992     -29.713186      15.612423       0.562500       0.312500
      0.608040       0.494710       0.543658      -0.198363       0.508046       6.316647       1.204780       0.562500       0.312500
      0.613065       0.494165       0.546124      -0.108498       0.490890      17.883564      -3.414110       0.562500       0.312500
      0.618090       0.493763       0.548310      -0.079959       0.435058       5.679487     -11.110847       0.562500       0.312500
      0.623116       0.493524       0.550327      -0.047594       0.401221       6.440644      -6.733719       0.562500       0.312500
      0.628141       0.493360       0.551954      -0.032675       0.323759       2.969092     -15.415359       0.562500       0.312500
      0.633166       0.493265       0.553378      -0.018828       0.283504       2.755474      -8.010998       0.562500       0.312500
      0.638191       0.493227       0.554947      -0.007651       0.312270       2.224418       5.724663       0.562500       0.312500
      0.643216       0.492941       0.556820      -0.056971       0.372742      -9.814898      12.034248       0.562500       0.312500
      0.648241       0.492555       0.558955      -0.076803       0.424854      -3.946838      10.370535       0.562500       0.312500
      0.653266       0.492261       0.560599      -0.058452       0.327124       3.652103     -19.448743       0.562500       0.312500
      0.658291       0.492137       0.562481      -0.024774       0.374559       6.701952       9.439773       0.562500       0.312500
      0.663317       0.491602       0.564163      -0.106340       0.334784     -16.231923      -7.915424       0.562500       0.312500
      0.668342       0.491338       0.565909      -0.052647       0.347395      10.685057       2.509695       0.562500       0.312500
      0.673367       0.491345       0.567844       0.001516       0.385068      10.778752       7.497054       0.562500       0.312500
      0.678392       0.491246       0.569833      -0.019850       0.395724      -4.251901       2.120670       0.562500       0.312500
      0.683417       0.491197       0.571769      -0.009675       0.385447       2.024780      -2.045177       0.562500       0.312500
      0.688442       0.491219       0.573770       0.004394       0.398075       2.799942       2.512956       0.562500       0.312500
      0.693467       0.491196       0.575890      -0.004567       0.421995      -1.783324       4.760113       0.562500       0.312500
      0.698492       0.490847       0.577681      -0.069430       0.356349     -12.908046     -13.063782       0.562500       0.312500
      0.703518       0.490525       0.579742      -0.064204       0.410164       1.040062      10.709436       0.562500       0.312500
      0.708543       0.490306       0.581853      -0.043451       0.420044       4.129900       1.966064       0.562500       0.312500
      0.713568       0.490097       0.583886      -0.041635       0.404710       0.361252      -3.051418       0.562500       0.312500
      0.718593       0.489713       0.586151      -0.076386       0.450565      -6.915476       9.125277       0.562500       0.312500
      0.723618       0.489339       0.588345      -0.074495       0.436777       0.376231      -2.743833       0.562500       0.312500
      0.728643       0.489148       0.590659      -0.037924       0.460525       7.277938       4.725919       0.562500       0.312500
      0.733668       0.489119       0.592913      -0.005781       0.448527       6.396551      -2.387525       0.562500       0.312500
      0.738693       0.489234       0.594876       0.022911       0.390664       5.709838     -11.515154       0.562500       0.312500
      0.743719       0.489382       0.596494       0.029356       0.321834       1.282546     -13.697540       0.562500       0.312500
      0.748744       0.489460       0.598424       0.015462       0.384238      -2.765044      12.418759       0.562500       0.312500
      0.753769       0.489537       0.600389       0.015351       0.391020      -0.022037       1.349719       0.562500       0.312500
      0.758794       0.489774       0.602108       0.047147       0.342084       6.327639      -9.738595       0.562500       0.312500
      0.763819       0.489988       0.603991       0.042754       0.374762      -0.874279       6.503178       0.562500       0.312500
      0.768844       0.490147       0.605830       0.031485       0.365904      -2.242656      -1.762832       0.562500       0.312500
      0.773869       0.490178       0.607676       0.006313       0.367279      -5.009190       0.273659       0.562500       0.312500
      0.778894       0.490066       0.609841      -0.022384       0.430960      -5.710934      12.672842       0.562500       0.312500
      0.783920       0.490062       0.612052      -0.000860       0.439966       4.283351       1.792132       0.562500       0.312500
      0.788945       0.489855       0.614419      -0.041081       0.471047      -8.004066       6.185394       0.562500       0.312500
      0.793970       0.489692       0.616808      -0.032412       0.475450       1.725067       0.876216       0.562500       0.312500
      0.798995       0.489554       0.619080      -0.027504       0.452064       0.976686      -4.654043       0.562500       0.312500
      0.804020       0.489458       0.621125      -0.019083       0.406897       1.675846      -8.988405       0.562500       0.312500
      0.809045       0.489310       0.623020      -0.029396       0.377309      -2.052216      -5.888066       0.562500       0.312500
      0.814070       0.489092       0.624898      -0.043442       0.373652      -2.795266      -0.727824       0.562500       0.312500
      0.819095       0.488960       0.626606      -0.026277       0.339797       3.415823      -6.737411       0.562500       0.312500
      0.824121       0.488796       0.628152      -0.032620       0.307844      -1.262272      -6.358629       0.562500       0.312500
      0.829146       0.488644       0.629860      -0.030282       0.339739       0.465328       6.347125       0.562500       0.312500
      0.834171       0.488432       0.631833      -0.042195       0.392642      -2.370846      10.527953       0.562500       0.312500
      0.839196       0.488326       0.633757      -0.020987       0.382921       4.220510      -1.934517       0.562500       0.312500
      0.844221       0.488275       0.635784      -0.010282       0.403317       2.130495       4.058918       0.562500       0.312500
      0.849246       0.488172       0.637992      -0.020383       0.439405      -2.010311       7.181764       0.562500       0.312500
      0.854271       0.488019       0.640146      -0.030454       0.428694      -2.004117      -2.131577       0.562500       0.312500
      0.859296       0.487900       0.642078      -0.023665       0.384599       1.351079      -8.775137       0.562500       0.312500
      0.864322       0.487597       0.644098      -0.060446       0.401889      -7.319683       3.440843       0.562500       0.312500
      0.869347       0.487252       0.646206      -0.068544       0.419534      -1.611551       3.511473       0.562500       0.312500
      0.874372       0.486761       0.648378      -0.097745       0.432293      -5.811000       2.539106       0.562500       0.312500
      0.879397       0.486248       0.650390      -0.102092       0.400298      -0.865184      -6.367274       0.562500       0.312500
      0.884422       0.485765       0.652109      -0.096224       0.342105       1.167743     -11.580724       0.562500       0.312500
      0.889447       0.485461       0.653898      -0.060378       0.355974       7.133522       2.759981       0.562500       0.312500
      0.894472       0.485030       0.655654      -0.085803       0.349595      -5.059667      -1.269395       0.562500       0.312500
      0.899497       0.484514       0.657431      -0.102641       0.353608      -3.350894       0.798699       0.562500       0.312500
      0.904523       0.484197       0.659357      -0.063124       0.383190       7.864086       5.886863       0.562500       0.312500
      0.909548       0.483852       0.661253      -0.068571       0.377320      -1.083842      -1.168072       0.562500       0.312500
      0.914573       0.483540       0.663169      -0.062083       0.381246       1.291111       0.781349       0.562500       0.312500
      0.919598       0.483256       0.665215      -0.056566       0.407174       1.097823       5.159767       0.562500       0.312500
      0.924623       0.482920       0.667332      -0.066830       0.421378      -2.042438       2.826580       0.562500       0.312500
      0.929648       0.482496       0.669516      -0.084485       0.434531      -3.513510       2.617453       0.562500       0.312500
      0.934673       0.482151       0.671574      -0.068636       0.409643       3.154116      -4.952712       0.562500       0.312500
      0.939698       0.481758       0.673609      -0.078148       0.404925      -1.893015      -0.939004       0.562500       0.312500
      0.944724       0.481439       0.675780      -0.063540       0.432041       2.907146       5.396379       0.562500       0.312500
      0.949749       0.481065       0.678122      -0.074433       0.466044      -2.167814       6.766593       0.562500       0.312500
      0.954774       0.480630       0.680383      -0.086502       0.449936      -2.401824      -3.205411       0.562500       0.312500
      0.959799       0.480284       0.682408      -0.068904       0.403174       3.502029      -9.306005       0.562500       0.312500
      0.964824       0.480129       0.684416      -0.030885       0.399471       7.566053      -0.736848       0.562500       0.312500
      0.969849       0.480115       0.686472      -0.002834       0.409262       5.582216       1.948478       0.562500       0.312500
      0.974874       0.480278       0.688516       0.032522       0.406737       7.035983      -0.502582       0.562500       0.312500
      0.979899       0.480481       0.690354       0.040379       0.365792       1.563665      -8.148198       0.562500       0.312500
      0.984925       0.480668       0.692098       0.037289       0.346946      -0.614859      -3.750547       0.562500       0.312500
      0.989950       0.480855       0.693573       0.037155       0.293518      -0.026740     -10.632317       0.562500       0.312500
      0.994975       0.480956       0.694970       0.020014       0.278026      -3.411212      -3.082970       0.562500       0.312500
      1.000000       0.480959       0.696312       0.000635       0.267032      -3.856451      -2.187917       0.562500       0.312500
      1.005025       0.481028       0.697519       0.013831       0.240312       2.626070      -5.317406       0.562500       0.312500
      1.010050       0.481161       0.698544       0.026422       0.203900       2.505774      -7.246109       0.562500       0.312500
      1.015075       0.481171       0.699393       0.001984       0.168913      -4.863425      -6.962684       0.562500       0.312500
      1.020100       0.481153       0.700135      -0.003510       0.147695      -1.093241      -4.222363       0.562500       0.312500
      1.025125       0.480976       0.700776      -0.035295       0.127686      -6.325405      -3.981916       0.562500       0.312500
      1.030150       0.480704       0.701338      -0.054177       0.111713      -3.757693      -3.178669       0.562500       0.312500
      1.035175       0.480447       0.701840      -0.051124       0.099950       0.607568      -2.341000       0.562500       0.312500
      1.040200       0.480233       0.702046      -0.042504       0.040997       1.715417     -11.731962       0.562500       0.312500
      1.045225       0.479989       0.701987      -0.048587      -0.011815      -1.210389     -10.509881       0.562500       0.312500
      1.050250       0.479866       0.701779      -0.024467      -0.041213       4.799823      -5.850347       0.562500       0.312500
      1.055275       0.479763       0.701519      -0.020546      -0.051881       0.780468      -2.122890       0.562500       0.312500
      1.060300       0.479691       0.701282      -0.014389      -0.047037       1.225274       0.963971       0.562500       0.312500
      1.065325       0.479704       0.701018       0.002562      -0.052542       3.373188      -1.095496       0.562500       0.312500
      1.070350       0.479707       0.700708       0.000607      -0.061691      -0.389055      -1.820827       0.562500       0.312500
      1.075375       0.479661       0.700432      -0.009121      -0.055047      -1.935900       1.322312       0.562500       0.312500
      1.080400       0.479593       0.700163      -0.013533      -0.053551      -0.878003       0.297720       0.562500       0.312500
      1.085425       0.479513       0.699888      -0.015802      -0.054745      -0.451434      -0.237577       0.562500       0.312500
      1.090450       0.479430       0.699710      -0.016605      -0.035409      -0.159859       3.847920       0.562500       0.312500
      1.095475       0.479328       0.699561      -0.020247      -0.029634      -0.724842       1.149213       0.562500       0.312500
      1.100500       0.479287       0.699432      -0.008279      -0.025668       2.381750       0.789278       0.562500       0.312500
      1.105525       0.479174       0.699273      -0.022493      -0.031546      -2.828661      -1.169777       0.562500       0.312500
      1.110550       0.479060       0.699082      -0.022551      -0.038041      -0.011610      -1.292503       0.562500       0.312500
      1.115575       0.478962       0.698840      -0.019584      -0.048222       0.590484      -2.026147       0.562500       0.312500
      1.120600       0.478944       0.698562      -0.003615      -0.055203       3.177861      -1.389229       0.562500       0.312500
      1.125625       0.479008       0.698386       0.012901      -0.035097       3.286910       4.001156       0.562500       0.312500
      1.130650       0.479071       0.698248       0.012471      -0.027543      -0.085738       1.503246       0.562500       0.312500
      1.135675       0.479106       0.698171       0.006935      -0.015163      -1.101628       2.463788       0.562500       0.312500
      1.140700       0.479101       0.698101      -0.000930      -0.014084      -1.565161       0.214752       0.562500       0.312500
      1.145725       0.479163       0.698083       0.012193      -0.003501       2.611655       2.106049       0.562500       0.312500
      1.150750       0.479232       0.698005       0.013839      -0.015596       0.327431      -2.406909       0.562500       0.312500
      1.155775       0.479237       0.697868       0.001064      -0.027223      -2.542323      -2.313970       0.562500       0.312500
      1.160800       0.479178       0.697752      -0.011865      -0.023076      -2.572851       0.825417       0.562500       0.312500
      1.165825       0.479094       0.697672      -0.016675      -0.015810      -0.957320       1.445853       0.562500       0.312500
      1.170850       0.479036       0.697611      -0.011597      -0.012242       1.010719       0.709988       0.562500       0.312500
      1.175875       0.479068       0.697589       0.006488      -0.004329       3.598923       1.574795       0.562500       0.312500
      1.180900       0.479211       0.697653       0.028340       0.012604       4.348753       3.369816       0.562500       0.312500
      1.185925       0.479371       0.697747       0.031782       0.018872       0.684793       1.247299       0.562500       0.312500
      1.190950       0.479598       0.697847       0.045175       0.019823       2.665331       0.189303       0.562500       0.312500
      1.195975       0.479735       0.697957       0.027390       0.021986      -3.539206       0.430494       0.562500       0.312500
      1.201000       0.479874       0.698057       0.027723       0.019727       0.066169      -0.449541       0.562500       0.312500
      1.206025       0.479999       0.698183       0.024756       0.025109      -0.590335       1.070892       0.562500       0.312500
      1.211050       0.480110       0.698299       0.022160       0.023189      -0.516729      -0.382115       0.562500       0.312500
      1.216075       0.480234       0.698403       0.024582       0.020591       0.482031      -0.516873       0.562500       0.312500
      1.221100       0.480328       0.698500       0.018681       0.019254      -1.174291      -0.266133       0.562500       0.312500
      1.226125       0.480447       0.698613       0.023859       0.022483       1.030318       0.642691       0.562500       0.312500
      1.231150       0.480536       0.698688       0.017604       0.015074      -1.244786      -1.474480       0.562500       0.312500
      1.236175       0.480673       0.698763       0.027267       0.014843       1.922988      -0.045918       0.562500       0.312500
      1.241200       0.480807       0.698808       0.026591       0.009041      -0.134366      -1.154614       0.562500       0.312500
      1.246225       0.480889       0.698917       0.016352       0.021711      -2.037591       2.521202       0.562500       0.312500
      1.251250       0.480997       0.699033       0.021502       0.022986       1.024867       0.253820       0.562500       0.312500
      1.256275       0.481111       0.699004       0.022750      -0.005710       0.248300      -5.710596       0.562500       0.312500
      1.261300       0.481038       0.698917      -0.014639      -0.017439      -7.440615      -2.334220       0.562500       0.312500
      1.266325       0.480932       0.698843      -0.020981      -0.014564      -1.262130       0.572251       0.562500       0.312500
      1.271350       0.480870       0.698794      -0.012297      -0.009760       1.728134       0.955984       0.562500       0.312500
      1.276375       0.480866       0.698768      -0.000854      -0.005170       2.277184       0.913432       0.562500       0.312500
      1.281400       0.480863       0.698759      -0.000686      -0.001892       0.033499       0.652335       0.562500       0.312500
      1.286425       0.480801       0.698795      -0.012271       0.007113      -2.305493       1.792050       0.562500       0.312500
      1.291450       0.480764       0.698859      -0.007303       0.012850       0.988759       1.141578       0.562500       0.312500
      1.296475       0.480754       0.698923      -0.002075       0.012722       1.040311      -0.025466       0.562500       0.312500
      1.301500       0.480746       0.698970      -0.001480       0.009277       0.118488      -0.685488       0.562500       0.312500
      1.306525       0.480713       0.699007      -0.006591       0.007485      -1.017241      -0.356677       0.562500       0.312500
      1.311550       0.480658       0.699012      -0.010983       0.001021      -0.873982      -1.286337       0.562500       0.312500
      1.316575       0.480584       0.699012      -0.014826      -0.000117      -0.764805      -0.226440       0.562500       0.312500
      1.321600       0.480478       0.698972      -0.020960      -0.007934      -1.220669      -1.555651       0.562500       0.312500
      1.326625       0.480344       0.698945      -0.026781      -0.005315      -1.158318       0.521196       0.562500       0.312500
      1.331650       0.480178       0.698950      -0.033051       0.000859      -1.247768       1.228679       0.562500       0.312500
      1.336675       0.479992       0.698961      -0.036931       0.002212      -0.772144       0.269243       0.562500       0.312500
      1.341700       0.479805       0.698959      -0.037161      -0.000350      -0.045848      -0.509905       0.562500       0.312500
      1.346725       0.479676       0.698913      -0.025651      -0.009204       2.290498      -1.761981       0.562500       0.312500
      1.351750       0.479593       0.698870      -0.016572      -0.008450       1.806873       0.150002       0.562500       0.312500
      1.356775       0.479484       0.698789      -0.021649      -0.016259      -1.010401      -1.553948       0.562500       0.312500
      1.361800       0.479407       0.698712      -0.015378      -0.015325       1.248030       0.185845       0.562500       0.312500
      1.366825       0.479388       0.698697      -0.003808      -0.002908       2.302501       2.471149       0.562500       0.312500
      1.371850       0.479393       0.698698       0.001012       0.000135       0.959141       0.605556       0.562500       0.312500
      1.376875       0.479417       0.698700       0.004834       0.000509       0.760544       0.074285       0.562500       0.312500
      1.381900       0.479441       0.698706       0.004702       0.001148      -0.026272       0.127339       0.562500       0.312500
      1.386925       0.479442       0.698726       0.000141       0.004002      -0.907553       0.567807       0.562500       0.312500
      1.391950       0.479439       0.698749      -0.000487       0.004589      -0.124966       0.116946       0.562500       0.312500
      1.396975       0.479427       0.698798      -0.002477       0.009725      -0.395980       1.022039       0.562500       0.312500
      1.402000       0.479419       0.698836      -0.001464       0.007654       0.201451      -0.412155       0.562500       0.312500
      1.407025       0.479460       0.698880       0.008073       0.008734       1.898013       0.214845       0.562500       0.312500
      1.412050       0.479502       0.698940       0.008399       0.011957       0.064782       0.641523       0.562500       0.312500
      1.417075       0.479535       0.699020       0.006545       0.015798      -0.368924       0.764357       0.562500       0.312500
      1.422100       0.479561       0.699108       0.005169       0.017628      -0.273752       0.364214       0.562500       0.312500
      1.427125       0.479569       0.699206       0.001659       0.019473      -0.698512       0.367035       0.562500       0.312500
      1.432150       0.479586       0.699305       0.003274       0.019604       0.321225       0.026183       0.562500       0.312500
      1.437175       0.479627       0.699392       0.008258       0.017289       0.991940      -0.460684       0.562500       0.312500
      1.442200       0.479680       0.699484       0.010539       0.018449       0.453869       0.230862       0.562500       0.312500
      1.447225       0.479707       0.699584       0.005277       0.019905      -1.047092       0.289725       0.562500       0.312500
      1.452250       0.479737       0.699696       0.005981       0.022185       0.140170       0.453767       0.562500       0.312500
      1.457275       0.479771       0.699763       0.006750       0.013298       0.153009      -1.768630       0.562500       0.312500
      1.462300       0.479812       0.699805       0.008261       0.008345       0.300706      -0.985710       0.562500       0.312500
      1.467325       0.479863       0.699843       0.010141       0.007677       0.374024      -0.132841       0.562500       0.312500
      1.472350       0.479943       0.699876       0.015839       0.006466       1.133938      -0.241053       0.562500       0.312500
      1.477375       0.480000       0.699931       0.011340       0.010967      -0.895386       0.895769       0.562500       0.312500
      1.482400       0.480031       0.700002       0.006203       0.014083      -1.022123       0.619992       0.562500       0.312500
      1.487425       0.480053       0.700041       0.004404       0.007931      -0.358090      -1.224123       0.562500       0.312500
      1.492450       0.480097       0.700066       0.008778       0.004973       0.870503      -0.588727       0.562500       0.312500
      1.497475       0.480154       0.700045       0.011372      -0.004154       0.516091      -1.816359       0.562500       0.312500
      1.502500       0.480219       0.699985       0.012897      -0.011975       0.303608      -1.556433       0.562500       0.312500
