      0.000000       0.595541       0.324075       0.000000       0.000000       0.000000       0.000000       0.812500       0.187500
      0.005025       0.593925       0.323342      -0.321649      -0.145900     -64.009738     -29.034870       0.812500       0.187500
      0.010050       0.591467       0.325343      -0.489178       0.398261     -33.339150     108.290786       0.812500       0.187500
      0.015075       0.590673       0.328345      -0.158101       0.597381      65.885923      39.625936       0.812500       0.187500
      0.020101       0.588167       0.331539      -0.498664       0.635571     -67.773742       7.599857       0.812500       0.187500
      0.025126       0.588703       0.332613       0.106818       0.213630     120.494042     -83.968266       0.812500       0.187500
      0.030151       0.589851       0.334514       0.228369       0.378356      24.189240      32.781233       0.812500       0.187500
      0.035176       0.590829       0.336615       0.194686       0.418094      -6.703167       7.908072       0.812500       0.187500
      0.040201       0.590030       0.337442      -0.159138       0.164741     -70.412629     -50.418551       0.812500       0.187500
      0.045226       0.589271       0.339754      -0.150893       0.460044       1.640794      58.766783       0.812500       0.187500
      0.050251       0.588329       0.342129      -0.187517       0.472497      -7.288397       2.478197       0.812500       0.187500
      0.055276       0.587426       0.344661      -0.179701       0.504046       1.555385       6.278552       0.812500       0.187500
      0.060302       0.587324       0.346756      -0.020339       0.416913      31.713834     -17.339936       0.812500       0.187500
      0.065327       0.584615       0.349075      -0.539014       0.461459    -103.218898       8.864894       0.812500       0.187500
      0.070352       0.583098       0.350100      -0.302029       0.203990      47.161138     -51.237606       0.812500       0.187500
      0.075377       0.580830       0.350193      -0.451319       0.018536     -29.709404     -36.906373       0.812500       0.187500
      0.080402       0.577926       0.350198      -0.577956       0.000941     -25.201324      -3.501387       0.812500       0.187500
      0.085427       0.576901       0.352093      -0.203925       0.377074      74.433970      74.852235       0.812500       0.187500
      0.090452       0.576870       0.353753      -0.006170       0.330329      39.354189      -9.302439       0.812500       0.187500
      0.095477       0.576768       0.356807      -0.020267       0.607787      -2.805352      55.215559       0.812500       0.187500
      0.100503       0.575916       0.357970      -0.169556       0.231451     -29.709296     -74.892786       0.812500       0.187500
      0.105528       0.575586       0.360172      -0.065620       0.438198      20.683793      41.143751       0.812500       0.187500
      0.110553       0.574460       0.363693      -0.224198       0.700617     -31.557800      52.222598       0.812500       0.187500
      0.115578       0.574564       0.364476       0.020678       0.155986      48.731616    -108.384257       0.812500       0.187500
      0.120603       0.574970       0.366500       0.080934       0.402687      11.991283      49.094774       0.812500       0.187500
      0.125628       0.575073       0.368500       0.020484       0.398072     -12.029948      -0.918530       0.812500       0.187500
      0.130653       0.572944       0.369534      -0.423643       0.205795     -88.383339     -38.264000       0.812500       0.187500
      0.135678       0.571254       0.370319      -0.336394       0.156193      17.362937      -9.870959       0.812500       0.187500
      0.140704       0.569544       0.373124      -0.340311       0.558265      -0.779563      80.014315       0.812500       0.187500
      0.145729       0.567690       0.376152      -0.368926       0.602489      -5.694552       8.800661       0.812500       0.187500
      0.150754       0.565851       0.376926      -0.366024       0.154027       0.577599     -89.246036       0.812500       0.187500
      0.155779       0.565109       0.376856      -0.147632      -0.013981      43.461082     -33.434400       0.812500       0.187500
      0.160804       0.564091       0.376623      -0.202631      -0.046400     -10.945091      -6.451602       0.812500       0.187500
      0.165829       0.564250       0.378057       0.031668       0.285378      46.626554      66.025415       0.812500       0.187500
      0.170854       0.564588       0.380849       0.067286       0.555651       7.088311      53.785669       0.812500       0.187500
      0.175879       0.563835       0.383511      -0.149791       0.529815     -43.199545      -5.141537       0.812500       0.187500
      0.180905       0.562078       0.386498      -0.349681       0.594376     -39.779106      12.847989       0.812500       0.187500
      0.185930       0.560185       0.389143      -0.376739       0.526474      -5.384656     -13.512799       0.812500       0.187500
      0.190955       0.559245       0.391569      -0.187055       0.482697      37.748140      -8.711930       0.812500       0.187500
      0.195980       0.557827       0.393843      -0.282267       0.452655     -18.947603      -5.978466       0.812500       0.187500
      0.201005       0.555393       0.395409      -0.484310       0.311619     -40.207639     -28.066785       0.812500       0.187500
      0.206030       0.554320       0.396523      -0.213637       0.221550      53.865302     -17.924243       0.812500       0.187500
      0.211055       0.553944       0.398274      -0.074631       0.348608      27.662961      25.285199       0.812500       0.187500
      0.216080       0.554253       0.400332       0.061333       0.409484      27.057379      12.114687       0.812500       0.187500
      0.221106       0.553453       0.400742      -0.159160       0.081575     -43.879075     -65.255478       0.812500       0.187500
      0.226131       0.551663       0.402033      -0.356172       0.256995     -39.206506      34.909449       0.812500       0.187500
      0.231156       0.549010       0.403944      -0.528038       0.380272     -34.202132      24.532645       0.812500       0.187500
      0.236181       0.547348       0.405757      -0.330765       0.360679      39.258356      -3.899177       0.812500       0.187500
      0.241206       0.545649       0.408224      -0.338011       0.491002      -1.441980      25.935083       0.812500       0.187500
      0.246231       0.544588       0.409549      -0.211192       0.263758      25.237511     -45.222713       0.812500       0.187500
      0.251256       0.543893       0.411177      -0.138319       0.324002      14.502086      11.988874       0.812500       0.187500
      0.256281       0.543473       0.413516      -0.083638       0.465420      10.881731      28.142818       0.812500       0.187500
      0.261307       0.543722       0.415976       0.049678       0.489470      26.530567       4.786123       0.812500       0.187500
      0.266332       0.543578       0.417937      -0.028644       0.390250     -15.586391     -19.745300       0.812500       0.187500
      0.271357       0.543146       0.420172      -0.085946       0.444786     -11.403347      10.852875       0.812500       0.187500
      0.276382       0.542475       0.422033      -0.133613       0.370485      -9.485926     -14.786328       0.812500       0.187500
      0.281407       0.541309       0.424116      -0.232108       0.414531     -19.601137       8.765362       0.812500       0.187500
      0.286432       0.540864       0.425230      -0.088420       0.221605      28.594727     -38.393205       0.812500       0.187500
      0.291457       0.540548       0.426129      -0.062905       0.178939       5.077490      -8.490726       0.812500       0.187500
      0.296482       0.539047       0.427486      -0.298809       0.270094     -46.945946      18.140361       0.812500       0.187500
      0.301508       0.537818       0.428911      -0.244534       0.283450      10.800940       2.657981       0.812500       0.187500
      0.306533       0.536848       0.429667      -0.193099       0.150448      10.235759     -26.468134       0.812500       0.187500
      0.311558       0.536296       0.429865      -0.109766       0.039515      16.583786     -22.076175       0.812500       0.187500
      0.316583       0.535601       0.431185      -0.138294       0.262715      -5.677279      44.417887       0.812500       0.187500
      0.321608       0.534847       0.434284      -0.149985       0.616568      -2.326450      70.418497       0.812500       0.187500
      0.326633       0.533626       0.437843      -0.243112       0.708284     -18.532837      18.251897       0.812500       0.187500
      0.331658       0.532190       0.441379      -0.285691       0.703712      -8.473441      -0.909890       0.812500       0.187500
      0.336683       0.531030       0.444370      -0.230957       0.595282      10.892324     -21.578098       0.812500       0.187500
      0.341709       0.529751       0.446061      -0.254436       0.336498      -4.672487     -51.499327       0.812500       0.187500
      0.346734       0.528329       0.447657      -0.283005       0.317617      -5.685272      -3.757294       0.812500       0.187500
      0.351759       0.526091       0.449055      -0.445369       0.278078     -32.311292      -7.868552       0.812500       0.187500
      0.356784       0.525270       0.450669      -0.163367       0.321250      56.119929       8.591463       0.812500       0.187500
      0.361809       0.525109       0.452390      -0.032102       0.342551      26.122335       4.239011       0.812500       0.187500
      0.366834       0.524404       0.453754      -0.140269       0.271441     -21.525862     -14.151195       0.812500       0.187500
      0.371859       0.522991       0.455555      -0.281093       0.358354     -28.024678      17.296077       0.812500       0.187500
      0.376884       0.521660       0.457967      -0.265040       0.480061       3.194618      24.220284       0.812500       0.187500
      0.381910       0.520680       0.459902      -0.195026       0.384986      13.933177     -18.920346       0.812500       0.187500
      0.386935       0.519085       0.461445      -0.317405       0.307038     -24.353964     -15.512034       0.812500       0.187500
      0.391960       0.517492       0.463308      -0.316942       0.370858       0.092028      12.700484       0.812500       0.187500
      0.396985       0.516346       0.465753      -0.228003       0.486545      17.699394      23.022264       0.812500       0.187500
      0.402010       0.516195       0.468068      -0.030042       0.460761      39.395154      -5.131153       0.812500       0.187500
      0.407035       0.515709       0.469708      -0.096866       0.326266     -13.298291     -26.765108       0.812500       0.187500
      0.412060       0.514453       0.471072      -0.249956       0.271542     -30.465542     -10.890427       0.812500       0.187500
      0.417085       0.511467       0.473345      -0.594143       0.452367     -68.494995      35.985196       0.812500       0.187500
      0.422111       0.507872       0.476328      -0.715497       0.593438     -24.150167      28.073672       0.812500       0.187500
      0.427136       0.502993       0.478907      -0.970811       0.513399     -50.808762     -15.928037       0.812500       0.187500
      0.432161       0.495771       0.480740      -1.437188       0.364802     -92.811181     -29.571628       0.812500       0.187500
      0.437186       0.487607       0.481865      -1.624704       0.223846     -37.316773     -28.050853       0.812500       0.187500
      0.442211       0.478788       0.482390      -1.755063       0.104477     -25.941933     -23.755060       0.812500       0.187500
      0.447236       0.469205       0.482262      -1.907088      -0.025457     -30.253705     -25.857503       0.812500       0.187500
      0.452261       0.457936       0.481124      -2.242594      -0.226494     -66.767507     -40.007361       0.812500       0.187500
      0.457286       0.446063       0.478678      -2.362808      -0.486810     -23.923097     -51.804289       0.812500       0.187500
      0.462312       0.434585       0.475310      -2.284178      -0.670254      15.647646     -36.506195       0.812500       0.187500
      0.467337       0.424860       0.471325      -1.935220      -0.793015      69.444496     -24.429980       0.812500       0.187500
      0.472362       0.416625       0.466823      -1.638890      -0.895933      58.971047     -20.481268       0.812500       0.187500
      0.477387       0.410402       0.461620      -1.238407      -1.035527      79.698071     -27.779816       0.812500       0.187500
      0.482412       0.406536       0.456192      -0.769341      -1.080039      93.346587      -8.858205       0.812500       0.187500
      0.487437       0.404860       0.451133      -0.333467      -1.006820      86.741023      14.570890       0.812500       0.187500
      0.492462       0.405462       0.446893       0.119659      -0.843847      90.174375      32.432423       0.812500       0.187500
      0.497487       0.409644       0.442965       0.832321      -0.781734     141.823330      12.360836       0.812500       0.187500
      0.502513       0.416593       0.441355       1.382928      -0.320280     109.573545      91.831716       0.812500       0.187500
      0.507538       0.424287       0.442240       1.531114       0.176117      29.489688      98.785493       0.812500       0.187500
      0.512563       0.433749       0.445609       1.882959       0.670483      70.018943      98.381283       0.812500       0.187500
      0.517588       0.444573       0.451183       2.154120       1.109202      53.962320      87.307158       0.812500       0.187500
      0.522613       0.454618       0.458561       1.998966       1.468234     -30.876453      71.449228       0.812500       0.187500
      0.527638       0.461388       0.466709       1.347214       1.621580    -129.701891      30.516685       0.812500       0.187500
      0.532663       0.467407       0.475039       1.197802       1.657734     -29.733634       7.194715       0.812500       0.187500
      0.537688       0.472647       0.482975       1.042790       1.579220     -30.848109     -15.624663       0.812500       0.187500
      0.542714       0.476751       0.490954       0.816690       1.587805     -44.995066       1.708449       0.812500       0.187500
      0.547739       0.480137       0.498824       0.673820       1.566257     -28.431847      -4.288219       0.812500       0.187500
      0.552764       0.482765       0.506288       0.523093       1.485405     -29.995393     -16.089850       0.812500       0.187500
      0.557789       0.484689       0.512406       0.382868       1.217429     -27.905504     -53.328649       0.812500       0.187500
      0.562814       0.485240       0.517357       0.109594       0.985344     -54.383002     -46.185938       0.812500       0.187500
      0.567839       0.485420       0.520981       0.035802       0.721213     -14.684918     -52.563533       0.812500       0.187500
      0.572864       0.485400       0.523590      -0.003910       0.519220      -7.902912     -40.197421       0.812500       0.187500
      0.577889       0.484830       0.526066      -0.113395       0.492624     -21.787951      -5.292802       0.812500       0.187500
      0.582915       0.484336       0.528090      -0.098467       0.402720       2.970776     -17.891328       0.812500       0.187500
      0.587940       0.484010       0.529869      -0.064797       0.354036       6.700386      -9.688324       0.812500       0.187500
      0.592965       0.483095       0.531137      -0.182012       0.252408     -23.326256     -20.224603       0.812500       0.187500
      0.597990       0.482050       0.532820      -0.208067       0.335016      -5.185087      16.439400       0.812500       0.187500
      0.603015       0.480930       0.534434      -0.222903       0.321200      -2.952598      -2.749456       0.812500       0.187500
      0.608040       0.479841       0.536009      -0.216730       0.313275       1.228464      -1.577012       0.812500       0.187500
      0.613065       0.478782       0.537777      -0.210687       0.351850       1.202583       7.676567       0.812500       0.187500
      0.618090       0.477886       0.539555      -0.178329       0.353854       6.439399       0.398776       0.812500       0.187500
      0.623116       0.477374       0.541356      -0.101818       0.358380      15.226253       0.900818       0.812500       0.187500
      0.628141       0.476886       0.543435      -0.097138       0.413847       0.931235      11.038116       0.812500       0.187500
      0.633166       0.476173       0.545384      -0.141888       0.387752      -8.905412      -5.193054       0.812500       0.187500
      0.638191       0.475775       0.547246      -0.079148       0.370547      12.485561      -3.423946       0.812500       0.187500
      0.643216       0.475155       0.549248      -0.123440       0.398416      -8.814424       5.546088       0.812500       0.187500
      0.648241       0.474187       0.551162      -0.192565       0.381014     -13.756072      -3.463060       0.812500       0.187500
      0.653266       0.473090       0.552900      -0.218481       0.345784      -5.157490      -7.010809       0.812500       0.187500
      0.658291       0.472366       0.554141      -0.144009       0.247010      14.820211     -19.656687       0.812500       0.187500
      0.663317       0.471820       0.555287      -0.108600       0.227940       7.046688      -3.794907       0.812500       0.187500
      0.668342       0.470661       0.556729      -0.230756       0.287093     -24.309659      11.771687       0.812500       0.187500
      0.673367       0.469626       0.558296      -0.205850       0.311837       4.956456       4.924115       0.812500       0.187500
      0.678392       0.468353       0.560051      -0.253299       0.349251      -9.442629       7.445681       0.812500       0.187500
      0.683417       0.467006       0.562009      -0.268124       0.389582      -2.950285       8.025992       0.812500       0.187500
      0.688442       0.465613       0.563937      -0.277310       0.383642      -1.828111      -1.181969       0.812500       0.187500
      0.693467       0.464577       0.566082      -0.206012       0.427006      14.188642       8.629656       0.812500       0.187500
      0.698492       0.463535       0.568430      -0.207408       0.467265      -0.277803       8.011631       0.812500       0.187500
      0.703518       0.462389       0.570580      -0.228187       0.427715      -4.135102      -7.870699       0.812500       0.187500
      0.708543       0.461279       0.572541      -0.220782       0.390251       1.473619      -7.455344       0.812500       0.187500
      0.713568       0.460360       0.574377      -0.183002       0.365496       7.518367      -4.926502       0.812500       0.187500
      0.718593       0.459474       0.576090      -0.176305       0.340947       1.332846      -4.885287       0.812500       0.187500
      0.723618       0.458603       0.577934      -0.173302       0.366862       0.597689       5.157146       0.812500       0.187500
      0.728643       0.457691       0.579892      -0.181364       0.389617      -1.604426       4.528378       0.812500       0.187500
      0.733668       0.456564       0.581925      -0.224364       0.404608      -8.557257       2.983307       0.812500       0.187500
      0.738693       0.455531       0.583819      -0.205655       0.377007       3.723191      -5.492726       0.812500       0.187500
      0.743719       0.454257       0.585725      -0.253550       0.379311      -9.531272       0.458494       0.812500       0.187500
      0.748744       0.452939       0.586701      -0.262287       0.194070      -1.738751     -36.863850       0.812500       0.187500
      0.753769       0.451733       0.588147      -0.239999       0.287897       4.435424      18.672087       0.812500       0.187500
      0.758794       0.450578       0.590079      -0.229824       0.384502       2.024880      19.224813       0.812500       0.187500
      0.763819       0.449392       0.591915      -0.235894       0.365256      -1.207997      -3.830013       0.812500       0.187500
      0.768844       0.448275       0.593934      -0.222254       0.401905       2.714460       7.293189       0.812500       0.187500
      0.773869       0.447389       0.595957      -0.176323       0.402489       9.140370       0.116232       0.812500       0.187500
      0.778894       0.446445       0.597953      -0.188032       0.397305      -2.330129      -1.031655       0.812500       0.187500
      0.783920       0.445673       0.599961      -0.153563       0.399466       6.859551       0.430166       0.812500       0.187500
      0.788945       0.444908       0.601971      -0.152141       0.400105       0.282947       0.127213       0.812500       0.187500
      0.793970       0.444071       0.603883      -0.166613       0.380526      -2.879883      -3.896368       0.812500       0.187500
      0.798995       0.442926       0.605802      -0.227991       0.381760     -12.214613       0.245608       0.812500       0.187500
      0.804020       0.441890       0.607763      -0.206048       0.390223       4.366885       1.684023       0.812500       0.187500
      0.809045       0.440828       0.609812      -0.211429       0.407814      -1.071021       3.500758       0.812500       0.187500
      0.814070       0.439958       0.611645      -0.173172       0.364726       7.613491      -8.574651       0.812500       0.187500
      0.819095       0.439093       0.613330      -0.172064       0.335337       0.220530      -5.848547       0.812500       0.187500
      0.824121       0.438159       0.614799      -0.185830       0.292313      -2.739534      -8.561992       0.812500       0.187500
      0.829146       0.437053       0.616315      -0.220159       0.301762      -6.831781       1.880380       0.812500       0.187500
      0.834171       0.436001       0.617802      -0.209234       0.295947       2.174260      -1.157263       0.812500       0.187500
      0.839196       0.434929       0.619082      -0.213425       0.254775      -0.834147      -8.193463       0.812500       0.187500
      0.844221       0.433762       0.620440      -0.232184       0.270235      -3.733145       3.076700       0.812500       0.187500
      0.849246       0.432477       0.621999      -0.255853       0.310221      -4.710190       7.957318       0.812500       0.187500
      0.854271       0.431264       0.623578      -0.241295       0.314240       2.897090       0.799842       0.812500       0.187500
      0.859296       0.430191       0.625323      -0.213640       0.347251       5.503573       6.569338       0.812500       0.187500
      0.864322       0.429167       0.626964      -0.203760       0.326626       1.966044      -4.104439       0.812500       0.187500
      0.869347       0.428363       0.628704      -0.159986       0.346115       8.711353       3.878377       0.812500       0.187500
      0.874372       0.427588       0.630592      -0.154262       0.375864       1.138998       5.920132       0.812500       0.187500
      0.879397       0.426659       0.632557      -0.184853       0.391041      -6.087786       3.020381       0.812500       0.187500
      0.884422       0.425733       0.634566      -0.184118       0.399736       0.146371       1.730403       0.812500       0.187500
      0.889447       0.424721       0.636482      -0.201497       0.381237      -3.458534      -3.681410       0.812500       0.187500
      0.894472       0.423577       0.638481      -0.227590       0.397931      -5.192533       3.322157       0.812500       0.187500
      0.899497       0.422530       0.640496      -0.208444       0.400896       3.810046       0.590081       0.812500       0.187500
      0.904523       0.421656       0.642371      -0.173981       0.373146       6.858371      -5.522416       0.812500       0.187500
      0.909548       0.420849       0.644156      -0.160614       0.355163       2.659959      -3.578800       0.812500       0.187500
      0.914573       0.420100       0.645960      -0.148905       0.359148       2.330236       0.793187       0.812500       0.187500
      0.919598       0.419471       0.647968      -0.125204       0.399577       4.716720       8.045552       0.812500       0.187500
      0.924623       0.419036       0.650080      -0.086654       0.420252       7.671492       4.114337       0.812500       0.187500
      0.929648       0.418469       0.652093      -0.112724       0.400699      -5.187911      -3.891063       0.812500       0.187500
      0.934673       0.417894       0.654082      -0.114483       0.395825      -0.350146      -0.969967       0.812500       0.187500
      0.939698       0.417248       0.656090      -0.128542       0.399586      -2.797809       0.748403       0.812500       0.187500
      0.944724       0.416482       0.658181      -0.152521       0.415965      -4.772036       3.259489       0.812500       0.187500
      0.949749       0.415640       0.660134      -0.167447       0.388692      -2.970200      -5.427346       0.812500       0.187500
      0.954774       0.414799       0.662015      -0.167375       0.374424       0.014359      -2.839514       0.812500       0.187500
      0.959799       0.414077       0.663766      -0.143704       0.348327       4.710585      -5.193419       0.812500       0.187500
      0.964824       0.413369       0.665587      -0.140987       0.362381       0.540726       2.796839       0.812500       0.187500
      0.969849       0.412595       0.667374      -0.153965       0.355703      -2.582829      -1.329000       0.812500       0.187500
      0.974874       0.411869       0.669083      -0.144528       0.340049       1.878198      -3.115232       0.812500       0.187500
      0.979899       0.411134       0.670575      -0.146278       0.296960      -0.348390      -8.574820       0.812500       0.187500
      0.984925       0.410403       0.671879      -0.145490       0.259462       0.156800      -7.462297       0.812500       0.187500
      0.989950       0.409754       0.672966      -0.129095       0.216388       3.262754      -8.571904       0.812500       0.187500
      0.994975       0.409182       0.673999      -0.113860       0.205469       3.031885      -2.173055       0.812500       0.187500
      1.000000       0.408522       0.674991      -0.131368       0.197412      -3.484205      -1.603298       0.812500       0.187500
      1.005025       0.407983       0.675826      -0.107146       0.166255       4.820285      -6.200501       0.812500       0.187500
      1.010050       0.407474       0.676387      -0.101242       0.111569       1.174919     -10.882714       0.812500       0.187500
      1.015075       0.407055       0.676894      -0.083481       0.100974       3.534555      -2.108481       0.812500       0.187500
      1.020100       0.406741       0.677299      -0.062447       0.080517       4.185737      -4.071120       0.812500       0.187500
      1.025125       0.406464       0.677512      -0.055203       0.042493       1.441594      -7.566973       0.812500       0.187500
      1.030150       0.406227       0.677683      -0.047016       0.034062       1.629242      -1.677640       0.812500       0.187500
      1.035175       0.406055       0.677835      -0.034381       0.030167       2.514615      -0.775295       0.812500       0.187500
      1.040200       0.405937       0.677902      -0.023359       0.013307       2.193374      -3.355229       0.812500       0.187500
      1.045225       0.405812       0.677848      -0.024974      -0.010708      -0.321335      -4.778985       0.812500       0.187500
      1.050250       0.405566       0.677711      -0.048897      -0.027148      -4.760868      -3.271728       0.812500       0.187500
      1.055275       0.405338       0.677552      -0.045336      -0.031685       0.708691      -0.902830       0.812500       0.187500
      1.060300       0.405202       0.677360      -0.027196      -0.038192       3.609896      -1.294991       0.812500       0.187500
      1.065325       0.405064       0.677158      -0.027483      -0.040220      -0.057078      -0.403540       0.812500       0.187500
      1.070350       0.404841       0.676893      -0.044288      -0.052837      -3.344328      -2.510761       0.812500       0.187500
      1.075375       0.404557       0.676599      -0.056537      -0.058369      -2.437595      -1.101040       0.812500       0.187500
      1.080400       0.404377       0.676427      -0.035871      -0.034257       4.112694       4.798437       0.812500       0.187500
      1.085425       0.404331       0.676388      -0.009027      -0.007764       5.341993       5.272231       0.812500       0.187500
      1.090450       0.404403       0.676297       0.014283      -0.018233       4.638775      -2.083360       0.812500       0.187500
      1.095475       0.404592       0.676101       0.037666      -0.038977       4.653392      -4.128170       0.812500       0.187500
      1.100500       0.404798       0.675950       0.040902      -0.030088       0.643981       1.769102       0.812500       0.187500
      1.105525       0.405054       0.675842       0.051025      -0.021470       2.014523       1.714907       0.812500       0.187500
      1.110550       0.405294       0.675708       0.047774      -0.026613      -0.646917      -1.023372       0.812500       0.187500
      1.115575       0.405521       0.675545       0.045038      -0.032518      -0.544538      -1.175227       0.812500       0.187500
      1.120600       0.405813       0.675433       0.058259      -0.022182       2.631138       2.056917       0.812500       0.187500
      1.125625       0.406070       0.675341       0.050997      -0.018273      -1.445238       0.777847       0.812500       0.187500
      1.130650       0.406321       0.675283       0.050026      -0.011659      -0.193212       1.316341       0.812500       0.187500
      1.135675       0.406632       0.675226       0.061851      -0.011286       2.353202       0.074140       0.812500       0.187500
      1.140700       0.406987       0.675168       0.070748      -0.011486       1.770618      -0.039816       0.812500       0.187500
      1.145725       0.407311       0.675150       0.064388      -0.003716      -1.265678       1.546351       0.812500       0.187500
      1.150750       0.407617       0.675099       0.060997      -0.010154      -0.674813      -1.281113       0.812500       0.187500
      1.155775       0.407900       0.675122       0.056240       0.004614      -0.946732       2.938718       0.812500       0.187500
      1.160800       0.408176       0.675162       0.054944       0.007976      -0.257903       0.669139       0.812500       0.187500
      1.165825       0.408435       0.675202       0.051452       0.008037      -0.694865       0.012179       0.812500       0.187500
      1.170850       0.408564       0.675347       0.025768       0.028758      -5.111395       4.123504       0.812500       0.187500
      1.175875       0.408647       0.675506       0.016580       0.031638      -1.828468       0.573096       0.812500       0.187500
      1.180900       0.408669       0.675686       0.004231       0.035954      -2.457457       0.858984       0.812500       0.187500
      1.185925       0.408625       0.675918      -0.008611       0.046158      -2.555627       2.030555       0.812500       0.187500
      1.190950       0.408536       0.676136      -0.017864       0.043397      -1.841397      -0.549297       0.812500       0.187500
      1.195975       0.408492       0.676361      -0.008646       0.044631       1.834401       0.245456       0.812500       0.187500
      1.201000       0.408474       0.676617      -0.003547       0.051098       1.014736       1.286939       0.812500       0.187500
      1.206025       0.408405       0.676878      -0.013850       0.051911      -2.050190       0.161948       0.812500       0.187500
      1.211050       0.408272       0.677089      -0.026394       0.041883      -2.496370      -1.995669       0.812500       0.187500
      1.216075       0.408103       0.677201      -0.033717       0.022278      -1.457288      -3.901536       0.812500       0.187500
      1.221100       0.407893       0.677278      -0.041699       0.015357      -1.588466      -1.377198       0.812500       0.187500
      1.226125       0.407687       0.677325      -0.041055       0.009459       0.128190      -1.173847       0.812500       0.187500
      1.231150       0.407577       0.677285      -0.021911      -0.008081       3.809678      -3.490471       0.812500       0.187500
      1.236175       0.407467       0.677259      -0.021805      -0.005180       0.021115       0.577197       0.812500       0.187500
      1.241200       0.407346       0.677277      -0.024103       0.003624      -0.457297       1.752044       0.812500       0.187500
      1.246225       0.407215       0.677295      -0.026142       0.003529      -0.405820      -0.018811       0.812500       0.187500
      1.251250       0.407075       0.677296      -0.027713       0.000298      -0.312621      -0.642954       0.812500       0.187500
      1.256275       0.406966       0.677306      -0.021727       0.001988       1.191248       0.336208       0.812500       0.187500
      1.261300       0.406843       0.677304      -0.024527      -0.000337      -0.557274      -0.462616       0.812500       0.187500
      1.266325       0.406708       0.677279      -0.026846      -0.005118      -0.461435      -0.951463       0.812500       0.187500
      1.271350       0.406553       0.677251      -0.030899      -0.005496      -0.806511      -0.075223       0.812500       0.187500
      1.276375       0.406327       0.677225      -0.044866      -0.005174      -2.779501       0.064076       0.812500       0.187500
      1.281400       0.406113       0.677198      -0.042610      -0.005357       0.448807      -0.036450       0.812500       0.187500
      1.286425       0.405925       0.677159      -0.037390      -0.007805       1.038784      -0.487232       0.812500       0.187500
      1.291450       0.405772       0.677087      -0.030437      -0.014333       1.383712      -1.298944       0.812500       0.187500
      1.296475       0.405644       0.677031      -0.025629      -0.011065       0.956773       0.650196       0.812500       0.187500
      1.301500       0.405544       0.677004      -0.019826      -0.005417       1.154913       1.123969       0.812500       0.187500
      1.306525       0.405474       0.677008      -0.013967       0.000847       1.165910       1.246583       0.812500       0.187500
      1.311550       0.405410       0.676988      -0.012643      -0.004135       0.263558      -0.991388       0.812500       0.187500
      1.316575       0.405349       0.676948      -0.012270      -0.007901       0.074132      -0.749398       0.812500       0.187500
      1.321600       0.405277       0.676931      -0.014342      -0.003332      -0.412288       0.909164       0.812500       0.187500
      1.326625       0.405192       0.676921      -0.016888      -0.002070      -0.506585       0.251295       0.812500       0.187500
      1.331650       0.405079       0.676888      -0.022349      -0.006623      -1.086812      -0.906155       0.812500       0.187500
      1.336675       0.404985       0.676848      -0.018865      -0.007943       0.693425      -0.262750       0.812500       0.187500
      1.341700       0.404898       0.676831      -0.017239      -0.003357       0.323434       0.912721       0.812500       0.187500
      1.346725       0.404798       0.676854      -0.019955       0.004715      -0.540395       1.606415       0.812500       0.187500
      1.351750       0.404698       0.676873      -0.019913       0.003775       0.008323      -0.187203       0.812500       0.187500
      1.356775       0.404591       0.676902      -0.021148       0.005745      -0.245700       0.392113       0.812500       0.187500
      1.361800       0.404523       0.676921      -0.013572       0.003631       1.507620      -0.420630       0.812500       0.187500
      1.366825       0.404455       0.676951      -0.013522       0.006152       0.009993       0.501614       0.812500       0.187500
      1.371850       0.404388       0.676944      -0.013308      -0.001553       0.042515      -1.533280       0.812500       0.187500
      1.376875       0.404342       0.676950      -0.009176       0.001334       0.822186       0.574512       0.812500       0.187500
      1.381900       0.404322       0.676970      -0.003965       0.003958       1.037040       0.522095       0.812500       0.187500
      1.386925       0.404342       0.676998       0.003843       0.005458       1.553961       0.298520       0.812500       0.187500
      1.391950       0.404367       0.677037       0.005099       0.007809       0.249847       0.467964       0.812500       0.187500
      1.396975       0.404404       0.677077       0.007342       0.008007       0.446465       0.039275       0.812500       0.187500
      1.402000       0.404450       0.677110       0.009071       0.006518       0.344007      -0.296351       0.812500       0.187500
      1.407025       0.404524       0.677101       0.014811      -0.001726       1.142309      -1.640584       0.812500       0.187500
      1.412050       0.404611       0.677078       0.017329      -0.004678       0.501078      -0.587396       0.812500       0.187500
      1.417075       0.404696       0.677018       0.016881      -0.011819      -0.089051      -1.421057       0.812500       0.187500
      1.422100       0.404778       0.676950       0.016272      -0.013563      -0.121281      -0.347002       0.812500       0.187500
      1.427125       0.404842       0.676885       0.012763      -0.012994      -0.698296       0.113074       0.812500       0.187500
      1.432150       0.404872       0.676801       0.005951      -0.016614      -1.355534      -0.720322       0.812500       0.187500
      1.437175       0.404910       0.676697       0.007604      -0.020857       0.328817      -0.844428       0.812500       0.187500
      1.442200       0.404941       0.676600       0.006219      -0.019283      -0.275609       0.313308       0.812500       0.187500
      1.447225       0.404957       0.676508       0.003072      -0.018141      -0.626300       0.227150       0.812500       0.187500
      1.452250       0.404944       0.676412      -0.002535      -0.019141      -1.115840      -0.198874       0.812500       0.187500
      1.457275       0.404907       0.676297      -0.007407      -0.022951      -0.969375      -0.758238       0.812500       0.187500
      1.462300       0.404896       0.676192      -0.002160      -0.020807       1.044045       0.426641       0.812500       0.187500
      1.467325       0.404885       0.676094      -0.002230      -0.019571      -0.013818       0.245891       0.812500       0.187500
      1.472350       0.404860       0.675998      -0.005010      -0.019054      -0.553240       0.102944       0.812500       0.187500
      1.477375       0.404817       0.675938      -0.008542      -0.011987      -0.702885       1.406429       0.812500       0.187500
      1.482400       0.404759       0.675890      -0.011423      -0.009553      -0.573499       0.484374       0.812500       0.187500
      1.487425       0.404677       0.675839      -0.016414      -0.010236      -0.993054      -0.135956       0.812500       0.187500
      1.492450       0.404592       0.675802      -0.016952      -0.007388      -0.107152       0.566834       0.812500       0.187500
      1.497475       0.404523       0.675756      -0.013641      -0.009059       0.658918      -0.332517       0.812500       0.187500
      1.502500       0.404471       0.675720      -0.010432      -0.007266       0.638622       0.356742       0.812500       0.187500
