      0.000000       0.561333       0.305512       0.000000       0.000000       0.000000       0.000000       0.687500       0.937500
      0.005025       0.560908       0.308789      -0.084726       0.652140     -16.860859     129.779069       0.687500       0.937500
      0.010050       0.558651       0.312081      -0.448995       0.655228     -72.491374       0.614563       0.687500       0.937500
      0.015075       0.558008       0.314032      -0.127956       0.388142      63.888345     -53.151449       0.687500       0.937500
      0.020101       0.556544       0.316008      -0.291420       0.393280     -32.530101       1.022424       0.687500       0.937500
      0.025126       0.555556       0.315764      -0.196634      -0.048586      18.862846     -87.933552       0.687500       0.937500
      0.030151       0.556890       0.317622       0.265555       0.369694      91.977856      83.239915       0.687500       0.937500
      0.035176       0.557007       0.320677       0.023239       0.608025     -48.221995      47.429028       0.687500       0.937500
      0.040201       0.555360       0.326076      -0.327825       1.074432     -69.863583      92.817340       0.687500       0.937500
      0.045226       0.555147       0.326938      -0.042238       0.171595      56.833251    -179.669025       0.687500       0.937500
      0.050251       0.555095       0.326881      -0.010392      -0.011292       6.337637     -36.395405       0.687500       0.937500
      0.055276       0.553485       0.327921      -0.320378       0.206876     -61.688893      43.416346       0.687500       0.937500
      0.060302       0.552420       0.329841      -0.212105       0.382042      21.546844      34.858925       0.687500       0.937500
      0.065327       0.550956       0.332673      -0.291346       0.563718     -15.769349      36.154584       0.687500       0.937500
      0.070352       0.549575       0.335222      -0.274716       0.507234       3.309548     -11.240680       0.687500       0.937500
      0.075377       0.549083       0.338702      -0.098022       0.692473      35.163007      36.863588       0.687500       0.937500
      0.080402       0.548854       0.341618      -0.045513       0.580311      10.449502     -22.320867       0.687500       0.937500
      0.085427       0.545957       0.343928      -0.576412       0.459719    -105.651440     -23.998449       0.687500       0.937500
      0.090452       0.546284       0.344658       0.065067       0.145196     127.657394     -62.591627       0.687500       0.937500
      0.095477       0.546882       0.345315       0.118932       0.130801      10.719414      -2.864592       0.687500       0.937500
      0.100503       0.545893       0.346352      -0.196724       0.206379     -62.817023      15.040259       0.687500       0.937500
      0.105528       0.545145       0.348783      -0.148840       0.483664       9.529010      55.181148       0.687500       0.937500
      0.110553       0.545134       0.350767      -0.002266       0.394905      29.168934     -17.663430       0.687500       0.937500
      0.115578       0.544424       0.352169      -0.141405       0.278988     -27.689248     -23.068134       0.687500       0.937500
      0.120603       0.544879       0.354537       0.090708       0.471307      46.191574      38.272545       0.687500       0.937500
      0.125628       0.545377       0.358284       0.098950       0.745735       1.640274      54.612489       0.687500       0.937500
      0.130653       0.543623       0.360751      -0.348961       0.490856     -89.136528     -50.722139       0.687500       0.937500
      0.135678       0.541518       0.362251      -0.418853       0.298590     -13.908841     -38.261935       0.687500       0.937500
      0.140704       0.540233       0.365108      -0.255714       0.568541      32.465444      53.721548       0.687500       0.937500
      0.145729       0.539917       0.367498      -0.062911       0.475609      38.368837     -18.493933       0.687500       0.937500
      0.150754       0.538858       0.367760      -0.210851       0.052140     -29.440855     -84.272411       0.687500       0.937500
      0.155779       0.537989       0.367965      -0.172872       0.040694       7.557955      -2.277777       0.687500       0.937500
      0.160804       0.537213       0.369848      -0.154367       0.374729       3.682566      66.474623       0.687500       0.937500
      0.165829       0.536785       0.370878      -0.085297       0.204928      13.745280     -33.791240       0.687500       0.937500
      0.170854       0.535648       0.373527      -0.226169       0.527181     -28.034200      64.129961       0.687500       0.937500
      0.175879       0.534655       0.376350      -0.197687       0.561858       5.668012       6.900894       0.687500       0.937500
      0.180905       0.534740       0.378736       0.016927       0.474805      42.709310     -17.323987       0.687500       0.937500
      0.185930       0.535530       0.380633       0.157168       0.377632      27.908697     -19.337993       0.687500       0.937500
      0.190955       0.535928       0.381899       0.079280       0.251780     -15.500160     -25.045134       0.687500       0.937500
      0.195980       0.536408       0.383946       0.095617       0.407513       3.251115      30.991648       0.687500       0.937500
      0.201005       0.535517       0.386873      -0.177403       0.582500     -54.332263      34.823233       0.687500       0.937500
      0.206030       0.533629       0.388607      -0.375630       0.345043     -39.448168     -47.255129       0.687500       0.937500
      0.211055       0.531670       0.390216      -0.389860       0.320159      -2.831877      -4.952072       0.687500       0.937500
      0.216080       0.531508       0.392350      -0.032310       0.424710      71.154312      20.806257       0.687500       0.937500
      0.221106       0.532489       0.393754       0.195118       0.279245      45.259274     -28.948271       0.687500       0.937500
      0.226131       0.532502       0.395246       0.002640       0.297079     -38.304120       3.548949       0.687500       0.937500
      0.231156       0.531817       0.396601      -0.136244       0.269617     -27.638495      -5.465056       0.687500       0.937500
      0.236181       0.530274       0.399140      -0.307175       0.505205     -34.016309      46.883165       0.687500       0.937500
      0.241206       0.528638       0.401093      -0.325414       0.388781      -3.629575     -23.168850       0.687500       0.937500
      0.246231       0.528015       0.402028      -0.124160       0.185929      40.050512     -40.368544       0.687500       0.937500
      0.251256       0.527171       0.402927      -0.167796       0.178986      -8.683640      -1.381683       0.687500       0.937500
      0.256281       0.526689       0.404067      -0.095979       0.226849      14.291772       9.524846       0.687500       0.937500
      0.261307       0.526481       0.406570      -0.041330       0.498176      10.875456      53.995454       0.687500       0.937500
      0.266332       0.526059       0.409580      -0.083963       0.598933      -8.484123      20.051199       0.687500       0.937500
      0.271357       0.526909       0.412535       0.169037       0.588065      50.348287      -2.162861       0.687500       0.937500
      0.276382       0.527347       0.415002       0.087110       0.491011     -16.303833     -19.314085       0.687500       0.937500
      0.281407       0.528466       0.415944       0.222825       0.187479      27.007897     -60.404506       0.687500       0.937500
      0.286432       0.529297       0.417607       0.165315       0.330923     -11.444709      28.546042       0.687500       0.937500
      0.291457       0.529281       0.419737      -0.003206       0.423728     -33.536656      18.468797       0.687500       0.937500
      0.296482       0.528907       0.421528      -0.074342       0.356490     -14.156300     -13.380833       0.687500       0.937500
      0.301508       0.527087       0.423604      -0.362209       0.413179     -57.286943      11.281579       0.687500       0.937500
      0.306533       0.525489       0.425867      -0.318080       0.450235       8.781759       7.374167       0.687500       0.937500
      0.311558       0.523550       0.427834      -0.385796       0.391588     -13.475741     -11.671067       0.687500       0.937500
      0.316583       0.522061       0.429266      -0.296440       0.284831      17.782348     -21.245097       0.687500       0.937500
      0.321608       0.520471       0.430413      -0.316278       0.228261      -3.947880     -11.257758       0.687500       0.937500
      0.326633       0.519891       0.432138      -0.115579       0.343448      39.939941      22.922756       0.687500       0.937500
      0.331658       0.519430       0.434125      -0.091586       0.395247       4.774848      10.308368       0.687500       0.937500
      0.336683       0.519654       0.436388       0.044451       0.450387      27.071897      10.973072       0.687500       0.937500
      0.341709       0.519802       0.438897       0.029432       0.499286      -2.988813       9.731207       0.687500       0.937500
      0.346734       0.519162       0.440962      -0.127357       0.411108     -31.201694     -17.547849       0.687500       0.937500
      0.351759       0.518633       0.443936      -0.105250       0.591739       4.399297      35.946451       0.687500       0.937500
      0.356784       0.517494       0.445945      -0.226701       0.399722     -24.169331     -38.212260       0.687500       0.937500
      0.361809       0.515785       0.448025      -0.340061       0.414067     -22.559253       2.854686       0.687500       0.937500
      0.366834       0.513713       0.450879      -0.412214       0.567894     -14.358674      30.612368       0.687500       0.937500
      0.371859       0.511302       0.454025      -0.479875       0.626155     -13.464827      11.594147       0.687500       0.937500
      0.376884       0.507929       0.456335      -0.671192       0.459706     -38.073102     -33.124122       0.687500       0.937500
      0.381910       0.504091       0.458497      -0.763920       0.430140     -18.453348      -5.883896       0.687500       0.937500
      0.386935       0.500218       0.460698      -0.770693       0.437987      -1.347867       1.561628       0.687500       0.937500
      0.391960       0.495543       0.462014      -0.930275       0.261890     -31.757558     -35.044134       0.687500       0.937500
      0.396985       0.490411       0.462883      -1.021383       0.172984     -18.130985     -17.692706       0.687500       0.937500
      0.402010       0.485118       0.463432      -1.053194       0.109307      -6.330605     -12.672045       0.687500       0.937500
      0.407035       0.480008       0.464777      -1.017020       0.267621       7.198859      31.505269       0.687500       0.937500
      0.412060       0.474695       0.466302      -1.057369       0.303430      -8.029746       7.126031       0.687500       0.937500
      0.417085       0.468787       0.468434      -1.175564       0.424334     -23.521244      24.060638       0.687500       0.937500
      0.422111       0.462789       0.470106      -1.193775       0.332712      -3.624125     -18.233229       0.687500       0.937500
      0.427136       0.456100       0.471229      -1.331010       0.223424     -27.310389     -21.748914       0.687500       0.937500
      0.432161       0.449190       0.471851      -1.375287       0.123790      -8.811465     -19.827596       0.687500       0.937500
      0.437186       0.441744       0.471984      -1.481730       0.026529     -21.182639     -19.355508       0.687500       0.937500
      0.442211       0.434365       0.471430      -1.468493      -0.110213       2.634182     -27.212325       0.687500       0.937500
      0.447236       0.426414       0.470715      -1.582154      -0.142365     -22.618969      -6.398406       0.687500       0.937500
      0.452261       0.419652       0.469764      -1.345847      -0.189174      47.026234      -9.315218       0.687500       0.937500
      0.457286       0.413118       0.468554      -1.300187      -0.240764       9.086479     -10.266570       0.687500       0.937500
      0.462312       0.407546       0.467758      -1.108812      -0.158535      38.084515      16.363888       0.687500       0.937500
      0.467337       0.402422       0.467619      -1.019711      -0.027591      17.731554      26.058548       0.687500       0.937500
      0.472362       0.398505       0.466777      -0.779597      -0.167573      47.783947     -27.857106       0.687500       0.937500
      0.477387       0.395092       0.464927      -0.679175      -0.368142      19.984405     -39.914268       0.687500       0.937500
      0.482412       0.392029       0.463515      -0.609501      -0.281100      13.865484      17.321853       0.687500       0.937500
      0.487437       0.389672       0.462800      -0.469159      -0.142178      27.928873      27.646107       0.687500       0.937500
      0.492462       0.388695       0.462151      -0.194428      -0.129082      54.672810       2.606219       0.687500       0.937500
      0.497487       0.389106       0.462158       0.081937       0.001397      54.997960      25.965993       0.687500       0.937500
      0.502513       0.390903       0.462371       0.357619       0.042193      54.862164       8.118473       0.687500       0.937500
      0.507538       0.394658       0.462156       0.747122      -0.042694      77.513056     -16.892855       0.687500       0.937500
      0.512563       0.398453       0.462797       0.755303       0.127637       1.627921      33.896661       0.687500       0.937500
      0.517588       0.403203       0.463965       0.945229       0.232285      37.796303      20.825432       0.687500       0.937500
      0.522613       0.408645       0.465879       1.082912       0.381041      27.399563      29.603288       0.687500       0.937500
      0.527638       0.414266       0.468343       1.118716       0.490337       7.125202      21.750362       0.687500       0.937500
      0.532663       0.419671       0.471967       1.075626       0.721172      -8.575214      45.937363       0.687500       0.937500
      0.537688       0.425377       0.476573       1.135542       0.916620      11.923637      38.895219       0.687500       0.937500
      0.542714       0.430736       0.481466       1.066473       0.973757     -13.745040      11.370497       0.687500       0.937500
      0.547739       0.436736       0.486488       1.193930       0.999275      25.364594       5.078238       0.687500       0.937500
      0.552764       0.442842       0.491772       1.215153       1.051518       4.223446      10.396593       0.687500       0.937500
      0.557789       0.448231       0.496241       1.072433       0.889515     -28.401922     -32.239362       0.687500       0.937500
      0.562814       0.453165       0.500138       0.981921       0.775464     -18.012311     -22.696899       0.687500       0.937500
      0.567839       0.458623       0.504674       1.086232       0.902718      20.758266      25.324205       0.687500       0.937500
      0.572864       0.463459       0.509589       0.962358       0.978010     -24.651493      14.983529       0.687500       0.937500
      0.577889       0.467529       0.514309       0.810012       0.939393     -30.317671      -7.684984       0.687500       0.937500
      0.582915       0.471100       0.518748       0.710492       0.883411     -19.804849     -11.140601       0.687500       0.937500
      0.587940       0.473792       0.522726       0.535785       0.791673     -34.767579     -18.256460       0.687500       0.937500
      0.592965       0.476303       0.526424       0.499640       0.735820      -7.192996     -11.115006       0.687500       0.937500
      0.597990       0.478112       0.530333       0.360004       0.777946     -27.788416       8.383365       0.687500       0.937500
      0.603015       0.479563       0.533873       0.288729       0.704538     -14.183996     -14.608533       0.687500       0.937500
      0.608040       0.480798       0.537124       0.245759       0.646964      -8.551290     -11.457590       0.687500       0.937500
      0.613065       0.481808       0.540451       0.201003       0.661959      -8.906687       2.984083       0.687500       0.937500
      0.618090       0.482492       0.543032       0.136167       0.513622     -12.902609     -29.519764       0.687500       0.937500
      0.623116       0.482607       0.545342       0.022862       0.459810     -22.548337     -10.708893       0.687500       0.937500
      0.628141       0.482444       0.547792      -0.032420       0.487423     -11.001305       5.495177       0.687500       0.937500
      0.633166       0.482060       0.550260      -0.076468       0.491217      -8.765808       0.754947       0.687500       0.937500
      0.638191       0.481788       0.552316      -0.053938       0.409186       4.483607     -16.324442       0.687500       0.937500
      0.643216       0.481732       0.554174      -0.011263       0.369648       8.492502      -7.868406       0.687500       0.937500
      0.648241       0.481723       0.555933      -0.001786       0.350165       1.885912      -3.877116       0.687500       0.937500
      0.653266       0.481954       0.557368       0.046070       0.285615       9.523734     -12.845716       0.687500       0.937500
      0.658291       0.482267       0.558809       0.062163       0.286697       3.202432       0.215162       0.687500       0.937500
      0.663317       0.482236       0.560363      -0.006064       0.309331     -13.577421       4.504434       0.687500       0.937500
      0.668342       0.482194       0.561874      -0.008398       0.300535      -0.464532      -1.750569       0.687500       0.937500
      0.673367       0.482018       0.563549      -0.035051       0.333484      -5.304073       6.557020       0.687500       0.937500
      0.678392       0.481445       0.565554      -0.114077       0.398845     -15.726539      13.007155       0.687500       0.937500
      0.683417       0.480922       0.567416      -0.104069       0.370701       1.991713      -5.600714       0.687500       0.937500
      0.688442       0.480682       0.569183      -0.047625       0.351505      11.232608      -3.820106       0.687500       0.937500
      0.693467       0.480348       0.571297      -0.066590       0.420690      -3.774128      13.768192       0.687500       0.937500
      0.698492       0.479782       0.573269      -0.112557       0.392465      -9.147598      -5.617078       0.687500       0.937500
      0.703518       0.478902       0.575382      -0.175210       0.420618     -12.468339       5.602681       0.687500       0.937500
      0.708543       0.477751       0.577629      -0.229107       0.447048     -10.725794       5.259765       0.687500       0.937500
      0.713568       0.476472       0.579718      -0.254380       0.415785      -5.029528      -6.221614       0.687500       0.937500
      0.718593       0.475407       0.581888      -0.211905       0.431824       8.452749       3.191895       0.687500       0.937500
      0.723618       0.474982       0.584036      -0.084684       0.427422      25.317715      -0.875967       0.687500       0.937500
      0.728643       0.474757       0.585930      -0.044815       0.377043       7.934078     -10.025623       0.687500       0.937500
      0.733668       0.474531       0.587642      -0.044940       0.340667      -0.024809      -7.239156       0.687500       0.937500
      0.738693       0.474126       0.589530      -0.080633       0.375680      -7.103085       6.967795       0.687500       0.937500
      0.743719       0.473958       0.591412      -0.033299       0.374569       9.419636      -0.221148       0.687500       0.937500
      0.748744       0.473483       0.593235      -0.094549       0.362793     -12.188991      -2.343385       0.687500       0.937500
      0.753769       0.472850       0.594950      -0.125991       0.341274      -6.257200      -4.282463       0.687500       0.937500
      0.758794       0.472240       0.596716      -0.121507       0.351364       0.892314       2.008052       0.687500       0.937500
      0.763819       0.471602       0.598672      -0.126912       0.389239      -1.075496       7.537267       0.687500       0.937500
      0.768844       0.470961       0.600916      -0.127625       0.446629      -0.141849      11.420975       0.687500       0.937500
      0.773869       0.470336       0.603206      -0.124224       0.455619       0.676786       1.788994       0.687500       0.937500
      0.778894       0.469562       0.605503      -0.154097       0.457112      -5.944893       0.297170       0.687500       0.937500
      0.783920       0.468646       0.607708      -0.182327       0.438817      -5.617965      -3.640939       0.687500       0.937500
      0.788945       0.467896       0.609831      -0.149229       0.422534       6.586581      -3.240234       0.687500       0.937500
      0.793970       0.466985       0.612040      -0.181230       0.439712      -6.368233       3.418502       0.687500       0.937500
      0.798995       0.466277       0.614359      -0.140952       0.461420       8.015564       4.319964       0.687500       0.937500
      0.804020       0.465582       0.616456      -0.138391       0.417407       0.509677      -8.758937       0.687500       0.937500
      0.809045       0.464966       0.618481      -0.122453       0.402893       3.171553      -2.888183       0.687500       0.937500
      0.814070       0.464226       0.620284      -0.147243       0.358709      -4.933150      -8.792960       0.687500       0.937500
      0.819095       0.463446       0.621926      -0.155354       0.326944      -1.614160      -6.321390       0.687500       0.937500
      0.824121       0.462610       0.623673      -0.166240       0.347496      -2.166455       4.089982       0.687500       0.937500
      0.829146       0.461901       0.625486      -0.141148       0.360799       4.993527       2.647347       0.687500       0.937500
      0.834171       0.461262       0.627461      -0.127205       0.393207       2.774602       6.449273       0.687500       0.937500
      0.839196       0.460629       0.629382      -0.125898       0.382102       0.260149      -2.209924       0.687500       0.937500
      0.844221       0.459849       0.631307      -0.155228       0.383263      -5.836819       0.231161       0.687500       0.937500
      0.849246       0.459189       0.633199      -0.131450       0.376501       4.731994      -1.345694       0.687500       0.937500
      0.854271       0.458664       0.635096      -0.104322       0.377516       5.398639       0.201946       0.687500       0.937500
      0.859296       0.458265       0.636882      -0.079429       0.355289       4.953789      -4.423247       0.687500       0.937500
      0.864322       0.457774       0.638479      -0.097870       0.317860      -3.669902      -7.448508       0.687500       0.937500
      0.869347       0.457248       0.640062      -0.104659       0.315029      -1.351122      -0.563478       0.687500       0.937500
      0.874372       0.456568       0.641643      -0.135174       0.314731      -6.072476      -0.059226       0.687500       0.937500
      0.879397       0.455816       0.643262      -0.149783       0.322145      -2.907265       1.475316       0.687500       0.937500
      0.884422       0.455136       0.644939      -0.135240       0.333627       2.894098       2.284962       0.687500       0.937500
      0.889447       0.454367       0.646676      -0.152990       0.345668      -3.532470       2.396224       0.687500       0.937500
      0.894472       0.453730       0.648440      -0.126831       0.351031       5.205963       1.067402       0.687500       0.937500
      0.899497       0.453193       0.650284      -0.106952       0.367052       3.955939       3.188119       0.687500       0.937500
      0.904523       0.452748       0.652119      -0.088493       0.365243       3.673451      -0.359892       0.687500       0.937500
      0.909548       0.452410       0.653983      -0.067231       0.370784       4.231128       1.102638       0.687500       0.937500
      0.914573       0.452097       0.656042      -0.062288       0.409896       0.983714       7.783421       0.687500       0.937500
      0.919598       0.451829       0.658219      -0.053265       0.433117       1.795595       4.621160       0.687500       0.937500
      0.924623       0.451682       0.660309      -0.029288       0.415900       4.771634      -3.426247       0.687500       0.937500
      0.929648       0.451614       0.662407      -0.013525       0.417595       3.136874       0.337237       0.687500       0.937500
      0.934673       0.451142       0.664569      -0.094041       0.430245     -16.023003       2.517403       0.687500       0.937500
      0.939698       0.450577       0.666565      -0.112350       0.397144      -3.643640      -6.587133       0.687500       0.937500
      0.944724       0.449993       0.668486      -0.116282       0.382424      -0.782570      -2.929424       0.687500       0.937500
      0.949749       0.449444       0.670376      -0.109206       0.376110       1.408190      -1.256591       0.687500       0.937500
      0.954774       0.448793       0.672204      -0.129480       0.363689      -4.034630      -2.471723       0.687500       0.937500
      0.959799       0.448127       0.674156      -0.132551       0.388461      -0.611022       4.929670       0.687500       0.937500
      0.964824       0.447613       0.676194      -0.102377       0.405653       6.004731       3.421246       0.687500       0.937500
      0.969849       0.447214       0.678167      -0.079392       0.392577       4.574116      -2.602158       0.687500       0.937500
      0.974874       0.446730       0.680010      -0.096394       0.366835      -3.383571      -5.122695       0.687500       0.937500
      0.979899       0.446095       0.681747      -0.126369       0.345595      -5.965127      -4.226813       0.687500       0.937500
      0.984925       0.445527       0.683370      -0.112944       0.322901       2.671646      -4.516361       0.687500       0.937500
      0.989950       0.445030       0.684856      -0.098968       0.295789       2.781371      -5.395407       0.687500       0.937500
      0.994975       0.444605       0.686238      -0.084491       0.275140       2.880955      -4.109123       0.687500       0.937500
      1.000000       0.444217       0.687521      -0.077186       0.255164       1.453663      -3.975466       0.687500       0.937500
      1.005025       0.443731       0.688623      -0.096860       0.219380      -3.915180      -7.121104       0.687500       0.937500
      1.010050       0.443128       0.689601      -0.119930       0.194626      -4.591043      -4.926296       0.687500       0.937500
      1.015075       0.442600       0.690419      -0.105071       0.162732       2.956983      -6.347053       0.687500       0.937500
      1.020100       0.442106       0.691153      -0.098319       0.146064       1.343776      -3.317021       0.687500       0.937500
      1.025125       0.441695       0.691874      -0.081689       0.143626       3.309335      -0.485149       0.687500       0.937500
      1.030150       0.441253       0.692418      -0.088053       0.108106      -1.266438      -7.068614       0.687500       0.937500
      1.035175       0.440811       0.692867      -0.087909       0.089496       0.028691      -3.703555       0.687500       0.937500
      1.040200       0.440422       0.693181      -0.077441       0.062373       2.083157      -5.397475       0.687500       0.937500
      1.045225       0.440175       0.693430      -0.049243       0.049584       5.611535      -2.545119       0.687500       0.937500
      1.050250       0.440072       0.693668      -0.020414       0.047342       5.737227      -0.446080       0.687500       0.937500
      1.055275       0.440031       0.693836      -0.008185       0.033445       2.433656      -2.765570       0.687500       0.937500
      1.060300       0.439946       0.693846      -0.016953       0.002101      -1.744962      -6.237631       0.687500       0.937500
      1.065325       0.439887       0.693818      -0.011698      -0.005705       1.045849      -1.553592       0.687500       0.937500
      1.070350       0.439819       0.693756      -0.013492      -0.012396      -0.357074      -1.331512       0.687500       0.937500
      1.075375       0.439728       0.693587      -0.018212      -0.033511      -0.939304      -4.201846       0.687500       0.937500
      1.080400       0.439564       0.693399      -0.032501      -0.037479      -2.843601      -0.789695       0.687500       0.937500
      1.085425       0.439370       0.693203      -0.038748      -0.039057      -1.243221      -0.314025       0.687500       0.937500
      1.090450       0.439209       0.692993      -0.032049      -0.041682       1.333065      -0.522426       0.687500       0.937500
      1.095475       0.439067       0.692781      -0.028238      -0.042154       0.758418      -0.093973       0.687500       0.937500
      1.100500       0.438923       0.692604      -0.028590      -0.035266      -0.069925       1.370805       0.687500       0.937500
      1.105525       0.438809       0.692454      -0.022728      -0.029863       1.166523       1.075096       0.687500       0.937500
      1.110550       0.438739       0.692316      -0.013839      -0.027546       1.769036       0.461120       0.687500       0.937500
      1.115575       0.438696       0.692143      -0.008702      -0.034260       1.022235      -1.336047       0.687500       0.937500
      1.120600       0.438778       0.691945       0.016337      -0.039540       4.982881      -1.050722       0.687500       0.937500
      1.125625       0.438920       0.691726       0.028378      -0.043616       2.396181      -0.811244       0.687500       0.937500
      1.130650       0.439050       0.691533       0.025855      -0.038303      -0.502001       1.057428       0.687500       0.937500
      1.135675       0.439140       0.691302       0.017960      -0.046040      -1.571175      -1.539657       0.687500       0.937500
      1.140700       0.439107       0.691067      -0.006605      -0.046794      -4.888694      -0.150083       0.687500       0.937500
      1.145725       0.439196       0.690843       0.017578      -0.044431       4.812552       0.470300       0.687500       0.937500
      1.150750       0.439378       0.690613       0.036263      -0.045797       3.718554      -0.271935       0.687500       0.937500
      1.155775       0.439605       0.690386       0.045175      -0.045250       1.773558       0.108863       0.687500       0.937500
      1.160800       0.439834       0.690250       0.045661      -0.027039       0.096538       3.624113       0.687500       0.937500
      1.165825       0.439977       0.690159       0.028387      -0.018019      -3.437475       1.795049       0.687500       0.937500
      1.170850       0.440110       0.690104       0.026495      -0.010973      -0.376576       1.402084       0.687500       0.937500
      1.175875       0.440272       0.690109       0.032196       0.000945       1.134627       2.371856       0.687500       0.937500
      1.180900       0.440453       0.690181       0.035967       0.014424       0.750263       2.682374       0.687500       0.937500
      1.185925       0.440625       0.690297       0.034304       0.023070      -0.330778       1.720442       0.687500       0.937500
      1.190950       0.440755       0.690407       0.025948       0.021754      -1.663054      -0.261866       0.687500       0.937500
      1.195975       0.440861       0.690535       0.020992       0.025480      -0.986232       0.741461       0.687500       0.937500
      1.201000       0.440986       0.690717       0.024909       0.036170       0.779578       2.127382       0.687500       0.937500
      1.206025       0.441175       0.690943       0.037557       0.045061       2.516963       1.769334       0.687500       0.937500
      1.211050       0.441348       0.691106       0.034533       0.032451      -0.601810      -2.509342       0.687500       0.937500
      1.216075       0.441550       0.691155       0.040103       0.009838       1.108448      -4.500131       0.687500       0.937500
      1.221100       0.441768       0.691215       0.043424       0.011793       0.661062       0.389014       0.687500       0.937500
      1.226125       0.441916       0.691258       0.029440       0.008550      -2.783024      -0.645397       0.687500       0.937500
      1.231150       0.442031       0.691270       0.022901       0.002416      -1.301222      -1.220593       0.687500       0.937500
      1.236175       0.442158       0.691298       0.025331       0.005631       0.483630       0.639707       0.687500       0.937500
      1.241200       0.442246       0.691339       0.017384       0.008196      -1.581523       0.510615       0.687500       0.937500
      1.246225       0.442257       0.691330       0.002320      -0.001890      -2.997830      -2.007282       0.687500       0.937500
      1.251250       0.442267       0.691299       0.001909      -0.006125      -0.081726      -0.842774       0.687500       0.937500
      1.256275       0.442325       0.691271       0.011653      -0.005652       1.939080       0.094055       0.687500       0.937500
      1.261300       0.442378       0.691248       0.010546      -0.004600      -0.220359       0.209429       0.687500       0.937500
      1.266325       0.442429       0.691290       0.010121       0.008402      -0.084642       2.587427       0.687500       0.937500
      1.271350       0.442469       0.691381       0.007943       0.018257      -0.433458       1.961303       0.687500       0.937500
      1.276375       0.442484       0.691517       0.003025       0.026908      -0.978667       1.721507       0.687500       0.937500
      1.281400       0.442462       0.691670      -0.004411       0.030441      -1.479726       0.703074       0.687500       0.937500
      1.286425       0.442443       0.691795      -0.003848       0.024931       0.111926      -1.096485       0.687500       0.937500
      1.291450       0.442410       0.691897      -0.006501       0.020378      -0.527966      -0.906149       0.687500       0.937500
      1.296475       0.442376       0.692002      -0.006739       0.020862      -0.047335       0.096305       0.687500       0.937500
      1.301500       0.442372       0.692061      -0.000866       0.011733       1.168812      -1.816627       0.687500       0.937500
      1.306525       0.442333       0.692101      -0.007700       0.008016      -1.359923      -0.739687       0.687500       0.937500
      1.311550       0.442367       0.692139       0.006768       0.007512       2.879079      -0.100363       0.687500       0.937500
      1.316575       0.442448       0.692171       0.016120       0.006250       1.861205      -0.251163       0.687500       0.937500
      1.321600       0.442537       0.692192       0.017755       0.004196       0.325386      -0.408615       0.687500       0.937500
      1.326625       0.442615       0.692178       0.015445      -0.002733      -0.459753      -1.379032       0.687500       0.937500
      1.331650       0.442698       0.692155       0.016475      -0.004603       0.205038      -0.372091       0.687500       0.937500
      1.336675       0.442775       0.692124       0.015263      -0.006206      -0.241239      -0.319048       0.687500       0.937500
      1.341700       0.442752       0.692067      -0.004424      -0.011345      -3.917812      -1.022557       0.687500       0.937500
      1.346725       0.442690       0.691990      -0.012508      -0.015236      -1.608872      -0.774366       0.687500       0.937500
      1.351750       0.442654       0.691921      -0.007159      -0.013767       1.064588       0.292385       0.687500       0.937500
      1.356775       0.442616       0.691808      -0.007514      -0.022523      -0.070647      -1.742523       0.687500       0.937500
      1.361800       0.442550       0.691663      -0.013041      -0.028880      -1.100034      -1.265099       0.687500       0.937500
      1.366825       0.442501       0.691490      -0.009837      -0.034365       0.637702      -1.091651       0.687500       0.937500
      1.371850       0.442457       0.691350      -0.008711      -0.027891       0.224113       1.288513       0.687500       0.937500
      1.376875       0.442420       0.691218      -0.007461      -0.026287       0.248794       0.319218       0.687500       0.937500
      1.381900       0.442427       0.691105       0.001466      -0.022385       1.776401       0.776388       0.687500       0.937500
      1.386925       0.442461       0.691006       0.006837      -0.019803       1.068845       0.513825       0.687500       0.937500
      1.391950       0.442489       0.690922       0.005592      -0.016702      -0.247659       0.617225       0.687500       0.937500
      1.396975       0.442521       0.690878       0.006298      -0.008645       0.140463       1.603324       0.687500       0.937500
      1.402000       0.442536       0.690869       0.003040      -0.001805      -0.648359       1.361108       0.687500       0.937500
      1.407025       0.442583       0.690908       0.009198       0.007779       1.225454       1.907247       0.687500       0.937500
      1.412050       0.442602       0.690972       0.003830       0.012726      -1.068294       0.984609       0.687500       0.937500
      1.417075       0.442599       0.691023      -0.000642       0.010113      -0.889917      -0.520002       0.687500       0.937500
      1.422100       0.442581       0.691080      -0.003445       0.011264      -0.557796       0.229089       0.687500       0.937500
      1.427125       0.442563       0.691150      -0.003620       0.014024      -0.034853       0.549238       0.687500       0.937500
      1.432150       0.442559       0.691215      -0.000759       0.012914       0.569404      -0.220949       0.687500       0.937500
      1.437175       0.442573       0.691296       0.002734       0.016101       0.695029       0.634292       0.687500       0.937500
      1.442200       0.442559       0.691381      -0.002830       0.016891      -1.107166       0.157113       0.687500       0.937500
      1.447225       0.442563       0.691510       0.000933       0.025791       0.748788       1.771155       0.687500       0.937500
      1.452250       0.442565       0.691653       0.000373       0.028443      -0.111397       0.527863       0.687500       0.937500
      1.457275       0.442585       0.691806       0.003935       0.030357       0.708917       0.380733       0.687500       0.937500
      1.462300       0.442626       0.691949       0.008073       0.028403       0.823332      -0.388673       0.687500       0.937500
      1.467325       0.442653       0.692086       0.005349       0.027334      -0.541981      -0.212828       0.687500       0.937500
      1.472350       0.442655       0.692218       0.000523       0.026375      -0.960478      -0.190829       0.687500       0.937500
      1.477375       0.442597       0.692346      -0.011488       0.025460      -2.390257      -0.182066       0.687500       0.937500
      1.482400       0.442541       0.692478      -0.011281       0.026255       0.041232       0.158261       0.687500       0.937500
      1.487425       0.442461       0.692610      -0.015911       0.026156      -0.921288      -0.019840       0.687500       0.937500
      1.492450       0.442377       0.692756      -0.016758       0.029125      -0.168707       0.590815       0.687500       0.937500
      1.497475       0.442298       0.692895      -0.015560       0.027676       0.238520      -0.288338       0.687500       0.937500
      1.502500       0.442227       0.693059      -0.014238       0.032504       0.263025       0.960929       0.687500       0.937500
