      0.000000       0.557931       0.310410       0.000000       0.000000       0.000000       0.000000       0.687500       0.437500
      0.005025       0.556422       0.311451      -0.300321       0.207146     -59.765423      41.223115       0.687500       0.437500
      0.010050       0.556088       0.314131      -0.066515       0.533227      46.528533      64.891738       0.687500       0.437500
      0.015075       0.553993       0.315283      -0.416910       0.229292     -69.730259     -60.484656       0.687500       0.437500
      0.020101       0.553175       0.315589      -0.162871       0.060953      50.555029     -33.500248       0.687500       0.437500
      0.025126       0.553810       0.316968       0.126501       0.274397      57.586455      42.476321       0.687500       0.437500
      0.030151       0.553053       0.318596      -0.150632       0.323960     -55.150913       9.863310       0.687500       0.437500
      0.035176       0.554281       0.320405       0.244240       0.359985      78.581502       7.169272       0.687500       0.437500
      0.040201       0.554541       0.323837       0.051846       0.682947     -38.287291      64.271016       0.687500       0.437500
      0.045226       0.554152       0.325672      -0.077471       0.365256     -25.734730     -63.222094       0.687500       0.437500
      0.050251       0.552593       0.328561      -0.310221       0.574829     -46.318357      41.705979       0.687500       0.437500
      0.055276       0.550327       0.331701      -0.451022       0.625015     -28.020118       9.987272       0.687500       0.437500
      0.060302       0.552665       0.333107       0.465281       0.279728     182.348756     -68.713795       0.687500       0.437500
      0.065327       0.552583       0.332920      -0.016341      -0.037113     -95.845179     -63.052969       0.687500       0.437500
      0.070352       0.551039       0.334659      -0.307118       0.345923     -57.865930      76.226145       0.687500       0.437500
      0.075377       0.545931       0.338993      -1.016656       0.862580    -141.201736     102.817266       0.687500       0.437500
      0.080402       0.544966       0.341252      -0.192029       0.449521     164.104939     -82.200784       0.687500       0.437500
      0.085427       0.547602       0.342531       0.524730       0.254466     142.638595     -38.816805       0.687500       0.437500
      0.090452       0.547609       0.343927       0.001312       0.277868    -104.162819       4.657038       0.687500       0.437500
      0.095477       0.546689       0.344142      -0.183039       0.042788     -36.686700     -46.782162       0.687500       0.437500
      0.100503       0.546545       0.347094      -0.028689       0.587555      30.716317     108.411462       0.687500       0.437500
      0.105528       0.546465       0.350527      -0.015963       0.683050       2.532690      19.003895       0.687500       0.437500
      0.110553       0.544299       0.351674      -0.430960       0.228345     -82.586549     -90.488598       0.687500       0.437500
      0.115578       0.542353       0.351718      -0.387387       0.008690       8.671183     -43.712357       0.687500       0.437500
      0.120603       0.541201       0.352938      -0.229184       0.242885      31.483245      46.606042       0.687500       0.437500
      0.125628       0.541832       0.355030       0.125664       0.416196      70.616491      34.489618       0.687500       0.437500
      0.130653       0.541945       0.357943       0.022307       0.579742     -20.568544      32.546496       0.687500       0.437500
      0.135678       0.541303       0.361675      -0.127714       0.742673     -29.854819      32.424164       0.687500       0.437500
      0.140704       0.541314       0.363322       0.002287       0.327753      25.870721     -82.571209       0.687500       0.437500
      0.145729       0.540599       0.364985      -0.142283       0.330942     -28.770172       0.634588       0.687500       0.437500
      0.150754       0.539329       0.366788      -0.252725       0.358934     -21.978514       5.570556       0.687500       0.437500
      0.155779       0.538464       0.367449      -0.172169       0.131471      16.031057     -45.266296       0.687500       0.437500
      0.160804       0.537908       0.369318      -0.110602       0.372015      12.252177      47.869475       0.687500       0.437500
      0.165829       0.537067       0.372282      -0.167509       0.589748     -11.324752      43.330069       0.687500       0.437500
      0.170854       0.538123       0.374435       0.210214       0.428472      75.168723     -32.094904       0.687500       0.437500
      0.175879       0.539808       0.376160       0.335228       0.343349      24.878350     -16.939704       0.687500       0.437500
      0.180905       0.541182       0.377861       0.273429       0.338513     -12.298134      -0.962438       0.687500       0.437500
      0.185930       0.539652       0.379230      -0.304344       0.272360    -114.979878     -13.164755       0.687500       0.437500
      0.190955       0.538273       0.380461      -0.274455       0.245049       5.948180      -5.435070       0.687500       0.437500
      0.195980       0.537038       0.382529      -0.245718       0.411486       5.718776      33.121718       0.687500       0.437500
      0.201005       0.536094       0.384980      -0.187879       0.487750      11.510297      15.177006       0.687500       0.437500
      0.206030       0.534961       0.387608      -0.225549       0.522967      -7.496612       7.008239       0.687500       0.437500
      0.211055       0.534363       0.390901      -0.118951       0.655374      21.213495      26.349743       0.687500       0.437500
      0.216080       0.534094       0.393335      -0.053559       0.484326      13.013488     -34.039509       0.687500       0.437500
      0.221106       0.532922       0.393836      -0.233241       0.099806     -35.757719     -76.521296       0.687500       0.437500
      0.226131       0.531165       0.394714      -0.349737       0.174641     -23.183340      14.892511       0.687500       0.437500
      0.231156       0.529321       0.395722      -0.366886       0.200623      -3.412637       5.170649       0.687500       0.437500
      0.236181       0.529368       0.398276       0.009325       0.508236      74.867938      61.216368       0.687500       0.437500
      0.241206       0.529677       0.400567       0.061525       0.456004      10.387992     -10.394437       0.687500       0.437500
      0.246231       0.530089       0.402194       0.082008       0.323673       4.076216     -26.334541       0.687500       0.437500
      0.251256       0.529288       0.403594      -0.159466       0.278658     -48.054479      -8.958198       0.687500       0.437500
      0.256281       0.528181       0.406166      -0.220268       0.511878     -12.100031      46.412103       0.687500       0.437500
      0.261307       0.527435       0.407716      -0.148473       0.308324      14.287675     -40.508398       0.687500       0.437500
      0.266332       0.526483       0.409159      -0.189496       0.287146      -8.163878      -4.214407       0.687500       0.437500
      0.271357       0.525916       0.410711      -0.112687       0.308916      15.285382       4.332218       0.687500       0.437500
      0.276382       0.525519       0.412617      -0.079135       0.379389       6.677052      14.024553       0.687500       0.437500
      0.281407       0.524263       0.414332      -0.249952       0.341279     -33.993431      -7.584155       0.687500       0.437500
      0.286432       0.522489       0.417136      -0.352962       0.557893     -20.499500      43.107246       0.687500       0.437500
      0.291457       0.521812       0.418952      -0.134768       0.361510      43.421675     -39.081167       0.687500       0.437500
      0.296482       0.521263       0.420514      -0.109232       0.310750       5.081885     -10.101430       0.687500       0.437500
      0.301508       0.521369       0.421592       0.021201       0.214481      25.956797     -19.158078       0.687500       0.437500
      0.306533       0.521750       0.423476       0.075744       0.375071      10.854259      31.958314       0.687500       0.437500
      0.311558       0.521563       0.426068      -0.037145       0.515853     -22.465371      28.016308       0.687500       0.437500
      0.316583       0.521593       0.428677       0.005952       0.519159       8.576362       0.657939       0.687500       0.437500
      0.321608       0.521038       0.431351      -0.110569       0.532126     -23.188153       2.580391       0.687500       0.437500
      0.326633       0.518965       0.434112      -0.412473       0.549425     -60.080447       3.442704       0.687500       0.437500
      0.331658       0.517264       0.436578      -0.338513       0.490760      14.718354     -11.674702       0.687500       0.437500
      0.336683       0.516205       0.438582      -0.210730       0.398741      25.429442     -18.312228       0.687500       0.437500
      0.341709       0.515429       0.440871      -0.154388       0.455648      11.212425      11.324667       0.687500       0.437500
      0.346734       0.514755       0.443051      -0.134234       0.433822       4.010722      -4.343470       0.687500       0.437500
      0.351759       0.513925       0.444530      -0.165161       0.294342      -6.154530     -27.757089       0.687500       0.437500
      0.356784       0.513203       0.446050      -0.143604       0.302496       4.289909       1.622648       0.687500       0.437500
      0.361809       0.513036       0.448361      -0.033255       0.459748      21.959864      31.293838       0.687500       0.437500
      0.366834       0.512202       0.449917      -0.166058       0.309806     -26.428374     -29.839103       0.687500       0.437500
      0.371859       0.511847       0.451711      -0.070576       0.356938      19.001489       9.379425       0.687500       0.437500
      0.376884       0.512537       0.453545       0.137383       0.364922      41.384700       1.588835       0.687500       0.437500
      0.381910       0.513279       0.455689       0.147640       0.426781       2.041224      12.310266       0.687500       0.437500
      0.386935       0.512734       0.457311      -0.108542       0.322748     -50.981395     -20.703090       0.687500       0.437500
      0.391960       0.510491       0.459128      -0.446267       0.361570     -67.208905       7.725774       0.687500       0.437500
      0.396985       0.507826       0.461429      -0.530378       0.457953     -16.738663      19.180798       0.687500       0.437500
      0.402010       0.505004       0.463626      -0.561696       0.437080      -6.232377      -4.153885       0.687500       0.437500
      0.407035       0.502122       0.465766      -0.573433       0.425932      -2.335729      -2.218410       0.687500       0.437500
      0.412060       0.498248       0.468286      -0.770925       0.501563     -39.301813      15.050906       0.687500       0.437500
      0.417085       0.493485       0.471785      -0.947899       0.696352     -35.218846      38.763952       0.687500       0.437500
      0.422111       0.487997       0.475224      -1.092253       0.684297     -28.727190      -2.399109       0.687500       0.437500
      0.427136       0.481917       0.477996      -1.209904       0.551573     -23.412969     -26.412702       0.687500       0.437500
      0.432161       0.474246       0.480657      -1.526450       0.529628     -62.994202      -4.367093       0.687500       0.437500
      0.437186       0.466350       0.482790      -1.571446       0.424529      -8.954565     -20.915257       0.687500       0.437500
      0.442211       0.457575       0.483705      -1.746297       0.182035     -34.796097     -48.257522       0.687500       0.437500
      0.447236       0.448223       0.483572      -1.861088      -0.026440     -22.844028     -41.487622       0.687500       0.437500
      0.452261       0.439026       0.483215      -1.830161      -0.071019       6.154665      -8.871381       0.687500       0.437500
      0.457286       0.430511       0.482020      -1.694552      -0.237804      26.986709     -33.190931       0.687500       0.437500
      0.462312       0.421386       0.480322      -1.815991      -0.337897     -24.166796     -19.918999       0.687500       0.437500
      0.467337       0.412676       0.478400      -1.733347      -0.382619      16.446435      -8.899903       0.687500       0.437500
      0.472362       0.405240       0.475745      -1.479657      -0.528245      50.485636     -28.980457       0.687500       0.437500
      0.477387       0.399298       0.472747      -1.182648      -0.596596      59.106189     -13.602206       0.687500       0.437500
      0.482412       0.394026       0.469350      -1.049052      -0.676173      26.586378     -15.836102       0.687500       0.437500
      0.487437       0.390614       0.466176      -0.679039      -0.631503      73.634394       8.889607       0.687500       0.437500
      0.492462       0.389849       0.463742      -0.152218      -0.484486     104.840044      29.257110       0.687500       0.437500
      0.497487       0.390981       0.462221       0.225295      -0.302576      75.126882      36.200959       0.687500       0.437500
      0.502513       0.395227       0.461644       0.844920      -0.114939     123.308386      37.340702       0.687500       0.437500
      0.507538       0.401169       0.461912       1.182519       0.053356      67.183921      33.491585       0.687500       0.437500
      0.512563       0.408218       0.463189       1.402695       0.254049      43.816271      39.938878       0.687500       0.437500
      0.517588       0.416521       0.464629       1.652456       0.286688      49.703567       6.495313       0.687500       0.437500
      0.522613       0.424920       0.467310       1.671468       0.533530       3.783487      49.122719       0.687500       0.437500
      0.527638       0.433048       0.470873       1.617548       0.708971     -10.730239      34.913604       0.687500       0.437500
      0.532663       0.440837       0.475355       1.549907       0.891944     -13.461086      36.412622       0.687500       0.437500
      0.537688       0.448544       0.480234       1.533846       0.970956      -3.196052      15.723799       0.687500       0.437500
      0.542714       0.455023       0.485449       1.289338       1.037820     -48.658435      13.306294       0.687500       0.437500
      0.547739       0.461486       0.491423       1.286213       1.188847      -0.621792      30.054974       0.687500       0.437500
      0.552764       0.467316       0.496864       1.160081       1.082820     -25.100850     -21.099875       0.687500       0.437500
      0.557789       0.472805       0.502486       1.092332       1.118855     -13.482462       7.171093       0.687500       0.437500
      0.562814       0.477666       0.508185       0.967476       1.134005     -24.847039       3.015025       0.687500       0.437500
      0.567839       0.481889       0.513271       0.840424       1.012292     -25.283917     -24.221580       0.687500       0.437500
      0.572864       0.484860       0.517828       0.591079       0.906851     -49.620831     -20.983188       0.687500       0.437500
      0.577889       0.486425       0.522056       0.311499       0.841425     -55.637961     -13.020042       0.687500       0.437500
      0.582915       0.487135       0.525660       0.141282       0.717205     -33.873947     -24.720487       0.687500       0.437500
      0.587940       0.487798       0.528854       0.131883       0.635621      -1.870487     -16.235626       0.687500       0.437500
      0.592965       0.488021       0.531807       0.044441       0.587580     -17.401289      -9.560387       0.687500       0.437500
      0.597990       0.487787       0.534098      -0.046528       0.455902     -18.103414     -26.204520       0.687500       0.437500
      0.603015       0.487322       0.536579      -0.092657       0.493799      -9.179883       7.541620       0.687500       0.437500
      0.608040       0.486615       0.538914      -0.140536       0.464603      -9.528116      -5.810153       0.687500       0.437500
      0.613065       0.485852       0.541147      -0.151826       0.444406      -2.246663      -4.019211       0.687500       0.437500
      0.618090       0.485147       0.543401      -0.140290       0.448585       2.295565       0.831526       0.687500       0.437500
      0.623116       0.484680       0.545377      -0.093063       0.393299       9.398543     -11.002175       0.687500       0.437500
      0.628141       0.484163       0.547333      -0.102878       0.389084      -1.953371      -0.838736       0.687500       0.437500
      0.633166       0.483775       0.549569      -0.077088       0.445051       5.132322      11.137595       0.687500       0.437500
      0.638191       0.483619       0.552080      -0.031130       0.499623       9.145911      10.860113       0.687500       0.437500
      0.643216       0.483501       0.554582      -0.023428       0.497984       1.532809      -0.326041       0.687500       0.437500
      0.648241       0.483112       0.556606      -0.077377       0.402713     -10.736254     -18.959542       0.687500       0.437500
      0.653266       0.482489       0.558407      -0.124139       0.358498      -9.305753      -8.798864       0.687500       0.437500
      0.658291       0.482075       0.560295      -0.082263       0.375722       8.333483       3.427510       0.687500       0.437500
      0.663317       0.482044       0.562166      -0.006192       0.372316      15.138606      -0.677800       0.687500       0.437500
      0.668342       0.481825       0.563729      -0.043612       0.310962      -7.446822     -12.209683       0.687500       0.437500
      0.673367       0.481440       0.565428      -0.076687       0.338292      -6.582095       5.438858       0.687500       0.437500
      0.678392       0.480934       0.567339      -0.100538       0.380211      -4.746510       8.341969       0.687500       0.437500
      0.683417       0.480387       0.569236      -0.109030       0.377526      -1.689977      -0.534323       0.687500       0.437500
      0.688442       0.479766       0.571005      -0.123475       0.352003      -2.874553      -5.079157       0.687500       0.437500
      0.693467       0.478811       0.572618      -0.189988       0.320974     -13.236349      -6.174800       0.687500       0.437500
      0.698492       0.478369       0.574455      -0.088068       0.365548      20.282486       8.870266       0.687500       0.437500
      0.703518       0.477723       0.576225      -0.128604       0.352346      -8.066803      -2.627211       0.687500       0.437500
      0.708543       0.476534       0.577978      -0.236546       0.348907     -21.480962      -0.684359       0.687500       0.437500
      0.713568       0.475415       0.579723      -0.222707       0.347162       2.753957      -0.347287       0.687500       0.437500
      0.718593       0.474353       0.581392      -0.211253       0.332191       2.279466      -2.979182       0.687500       0.437500
      0.723618       0.473426       0.583280      -0.184609       0.375676       5.302218       8.653729       0.687500       0.437500
      0.728643       0.472827       0.585363      -0.119134       0.414561      13.029949       7.738274       0.687500       0.437500
      0.733668       0.472263       0.587174      -0.112171       0.360288       1.385531     -10.800640       0.687500       0.437500
      0.738693       0.471666       0.588952      -0.118871       0.353995      -1.333370      -1.252275       0.687500       0.437500
      0.743719       0.470979       0.590952      -0.136786       0.397974      -3.564992       8.751948       0.687500       0.437500
      0.748744       0.470365       0.592895      -0.122104       0.386630       2.921636      -2.257398       0.687500       0.437500
      0.753769       0.469754       0.594792      -0.121708       0.377440       0.078945      -1.828856       0.687500       0.437500
      0.758794       0.469049       0.596863      -0.140221       0.412171      -3.684233       6.911516       0.687500       0.437500
      0.763819       0.468343       0.598825      -0.140512       0.390408      -0.057882      -4.330859       0.687500       0.437500
      0.768844       0.467645       0.600825      -0.138819       0.398014       0.336896       1.513559       0.687500       0.437500
      0.773869       0.466855       0.602880      -0.157248       0.409010      -3.667498       2.188271       0.687500       0.437500
      0.778894       0.466132       0.604998      -0.144014       0.421411       2.633696       2.467893       0.687500       0.437500
      0.783920       0.465618       0.607153      -0.102135       0.428900       8.334113       1.490400       0.687500       0.437500
      0.788945       0.465031       0.609274      -0.116877       0.422094      -2.933801      -1.354446       0.687500       0.437500
      0.793970       0.464737       0.611210      -0.058560       0.385375      11.605333      -7.307307       0.687500       0.437500
      0.798995       0.464755       0.613053       0.003579       0.366710      12.366003      -3.714468       0.687500       0.437500
      0.804020       0.464603       0.614907      -0.030193       0.369034      -6.720716       0.462496       0.687500       0.437500
      0.809045       0.464182       0.616938      -0.083754       0.404031     -10.658877       6.964640       0.687500       0.437500
      0.814070       0.463724       0.618993      -0.091100       0.409007      -1.461911       0.990258       0.687500       0.437500
      0.819095       0.463199       0.620858      -0.104598       0.371144      -2.686220      -7.534967       0.687500       0.437500
      0.824121       0.462647       0.622544      -0.109758       0.335511      -1.026801      -7.091109       0.687500       0.437500
      0.829146       0.462037       0.624418      -0.121514       0.372998      -2.339522       7.460078       0.687500       0.437500
      0.834171       0.461550       0.626293      -0.096793       0.373184       4.919528       0.037031       0.687500       0.437500
      0.839196       0.461356       0.628153      -0.038709       0.370101      11.558954      -0.613616       0.687500       0.437500
      0.844221       0.460884       0.630004      -0.093879       0.368367     -10.978951      -0.345009       0.687500       0.437500
      0.849246       0.460283       0.631737      -0.119620       0.344887      -5.122662      -4.672726       0.687500       0.437500
      0.854271       0.459694       0.633427      -0.117177       0.336274       0.486243      -1.714063       0.687500       0.437500
      0.859296       0.459006       0.635129      -0.137021       0.338663      -3.949104       0.475445       0.687500       0.437500
      0.864322       0.458208       0.636927      -0.158796       0.357931      -4.333370       3.834452       0.687500       0.437500
      0.869347       0.457389       0.638758      -0.162854       0.364231      -0.807548       1.253724       0.687500       0.437500
      0.874372       0.456668       0.640609      -0.143619       0.368468       3.827767       0.843195       0.687500       0.437500
      0.879397       0.456036       0.642485      -0.125746       0.373198       3.556962       0.941274       0.687500       0.437500
      0.884422       0.455478       0.644336      -0.110982       0.368536       2.937964      -0.927676       0.687500       0.437500
      0.889447       0.454967       0.646192      -0.101617       0.369178       1.863816       0.127694       0.687500       0.437500
      0.894472       0.454466       0.648179      -0.099861       0.395517       0.349358       5.241583       0.687500       0.437500
      0.899497       0.454006       0.650126      -0.091439       0.387382       1.676087      -1.618786       0.687500       0.437500
      0.904523       0.453573       0.652184      -0.086168       0.409590       1.048969       4.419385       0.687500       0.437500
      0.909548       0.453057       0.654436      -0.102786       0.448272      -3.307185       7.697939       0.687500       0.437500
      0.914573       0.452425       0.656771      -0.125776       0.464592      -4.575054       3.247861       0.687500       0.437500
      0.919598       0.451767       0.659054      -0.130774       0.454341      -0.994661      -2.040151       0.687500       0.437500
      0.924623       0.451203       0.661382      -0.112393       0.463184       3.657908       1.759942       0.687500       0.437500
      0.929648       0.450576       0.663818      -0.124693       0.484866      -2.447666       4.314844       0.687500       0.437500
      0.934673       0.449695       0.666151      -0.175411       0.464187     -10.093118      -4.115251       0.687500       0.437500
      0.939698       0.448819       0.668402      -0.174213       0.447982       0.238420      -3.224932       0.687500       0.437500
      0.944724       0.448088       0.670543      -0.145606       0.426210       5.692930      -4.332702       0.687500       0.437500
      0.949749       0.447378       0.672607      -0.141190       0.410654       0.878791      -3.095671       0.687500       0.437500
      0.954774       0.446487       0.674639      -0.177424       0.404371      -7.210755      -1.250371       0.687500       0.437500
      0.959799       0.445586       0.676518      -0.179231       0.373921      -0.359589      -6.059715       0.687500       0.437500
      0.964824       0.444877       0.678148      -0.141121       0.324471       7.584093      -9.840851       0.687500       0.437500
      0.969849       0.444261       0.679777      -0.122554       0.324074       3.694821      -0.079031       0.687500       0.437500
      0.974874       0.443654       0.681249      -0.120734       0.293060       0.362308      -6.171937       0.687500       0.437500
      0.979899       0.443072       0.682676      -0.115941       0.283841       0.953778      -1.834571       0.687500       0.437500
      0.984925       0.442696       0.684031      -0.074761       0.269670       8.194966      -2.820134       0.687500       0.437500
      0.989950       0.442548       0.685330      -0.029448       0.258486       9.017497      -2.225670       0.687500       0.437500
      0.994975       0.442440       0.686570      -0.021481       0.246766       1.585555      -2.332260       0.687500       0.437500
      1.000000       0.442432       0.687703      -0.001655       0.225525       3.945527      -4.227156       0.687500       0.437500
      1.005025       0.442284       0.688726      -0.029452       0.203608      -5.531832      -4.361553       0.687500       0.437500
      1.010050       0.442060       0.689592      -0.044493       0.172233      -2.993317      -6.243815       0.687500       0.437500
      1.015075       0.441768       0.690403      -0.058068       0.161495      -2.701435      -2.136910       0.687500       0.437500
      1.020100       0.441566       0.691194      -0.040289       0.157445       3.538140      -0.805972       0.687500       0.437500
      1.025125       0.441489       0.691926      -0.015290       0.145574       4.974921      -2.362293       0.687500       0.437500
      1.030150       0.441399       0.692490      -0.017898       0.112323      -0.519075      -6.617129       0.687500       0.437500
      1.035175       0.441354       0.692971      -0.008898       0.095713       1.791157      -3.305523       0.687500       0.437500
      1.040200       0.441229       0.693302      -0.025021       0.065810      -3.208537      -5.950937       0.687500       0.437500
      1.045225       0.441066       0.693495      -0.032345       0.038517      -1.457610      -5.431466       0.687500       0.437500
      1.050250       0.440892       0.693521      -0.034675       0.005174      -0.463579      -6.635409       0.687500       0.437500
      1.055275       0.440851       0.693439      -0.008195      -0.016465       5.269484      -4.306150       0.687500       0.437500
      1.060300       0.440946       0.693399       0.018900      -0.007873       5.392212       1.709799       0.687500       0.437500
      1.065325       0.441057       0.693292       0.022186      -0.021364       0.653830      -2.684792       0.687500       0.437500
      1.070350       0.441222       0.693111       0.032766      -0.035858       2.105398      -2.884305       0.687500       0.437500
      1.075375       0.441589       0.692883       0.073150      -0.045454       8.036700      -1.909625       0.687500       0.437500
      1.080400       0.442039       0.692594       0.089484      -0.057555       3.250564      -2.408257       0.687500       0.437500
      1.085425       0.442471       0.692265       0.086017      -0.065469      -0.689929      -1.574806       0.687500       0.437500
      1.090450       0.442895       0.691999       0.084273      -0.052872      -0.347171       2.506704       0.687500       0.437500
      1.095475       0.443273       0.691916       0.075336      -0.016509      -1.778427       7.236422       0.687500       0.437500
      1.100500       0.443589       0.691946       0.062838       0.005861      -2.487105       4.451784       0.687500       0.437500
      1.105525       0.443899       0.691997       0.061649       0.010141      -0.236631       0.851735       0.687500       0.437500
      1.110550       0.444150       0.692042       0.049874       0.008979      -2.343312      -0.231166       0.687500       0.437500
      1.115575       0.444283       0.692153       0.026624       0.022178      -4.626875       2.626573       0.687500       0.437500
      1.120600       0.444326       0.692244       0.008463       0.018057      -3.614221      -0.820011       0.687500       0.437500
      1.125625       0.444307       0.692328      -0.003732       0.016792      -2.426772      -0.251760       0.687500       0.437500
      1.130650       0.444132       0.692375      -0.034745       0.009309      -6.171808      -1.489097       0.687500       0.437500
      1.135675       0.444006       0.692362      -0.025264      -0.002629       1.886839      -2.375861       0.687500       0.437500
      1.140700       0.443838       0.692347      -0.033353      -0.002869      -1.609676      -0.047755       0.687500       0.437500
      1.145725       0.443609       0.692351      -0.045653       0.000640      -2.447888       0.698368       0.687500       0.437500
      1.150750       0.443370       0.692348      -0.047465      -0.000596      -0.360493      -0.245947       0.687500       0.437500
      1.155775       0.443078       0.692293      -0.058095      -0.010841      -2.115518      -2.038911       0.687500       0.437500
      1.160800       0.442790       0.692211      -0.057360      -0.016400       0.146375      -1.106248       0.687500       0.437500
      1.165825       0.442484       0.692066      -0.060941      -0.028795      -0.712765      -2.466633       0.687500       0.437500
      1.170850       0.442201       0.691905      -0.056208      -0.032013       0.941953      -0.640467       0.687500       0.437500
      1.175875       0.441914       0.691750      -0.057082      -0.030888      -0.174025       0.223951       0.687500       0.437500
      1.180900       0.441662       0.691572      -0.050263      -0.035461       1.357196      -0.910019       0.687500       0.437500
      1.185925       0.441460       0.691413      -0.040163      -0.031614       2.009885       0.765634       0.687500       0.437500
      1.190950       0.441287       0.691241      -0.034445      -0.034184       1.137801      -0.511489       0.687500       0.437500
      1.195975       0.441055       0.691090      -0.046119      -0.030174      -2.323085       0.797915       0.687500       0.437500
      1.201000       0.440899       0.690962      -0.031043      -0.025431       3.000274       0.943963       0.687500       0.437500
      1.206025       0.440761       0.690866      -0.027417      -0.019069       0.721451       1.266015       0.687500       0.437500
      1.211050       0.440642       0.690833      -0.023847      -0.006607       0.710505       2.479945       0.687500       0.437500
      1.216075       0.440553       0.690836      -0.017596       0.000571       1.243919       1.428476       0.687500       0.437500
      1.221100       0.440496       0.690841      -0.011418       0.001139       1.229550       0.113132       0.687500       0.437500
      1.226125       0.440451       0.690875      -0.008951       0.006773       0.490878       1.121077       0.687500       0.437500
      1.231150       0.440450       0.690931      -0.000085       0.010977       1.764415       0.836663       0.687500       0.437500
      1.236175       0.440512       0.690989       0.012293       0.011706       2.463285       0.145206       0.687500       0.437500
      1.241200       0.440588       0.691053       0.015023       0.012687       0.543265       0.195201       0.687500       0.437500
      1.246225       0.440681       0.691080       0.018671       0.005325       0.725936      -1.465222       0.687500       0.437500
      1.251250       0.440865       0.691143       0.036618       0.012573       3.571527       1.442465       0.687500       0.437500
      1.256275       0.441080       0.691217       0.042780       0.014759       1.226347       0.435131       0.687500       0.437500
      1.261300       0.441308       0.691305       0.045237       0.017386       0.488831       0.522792       0.687500       0.437500
      1.266325       0.441522       0.691366       0.042665       0.012140      -0.511752      -1.044052       0.687500       0.437500
      1.271350       0.441776       0.691400       0.050446       0.006750       1.548379      -1.072602       0.687500       0.437500
      1.276375       0.442063       0.691380       0.057188      -0.003824       1.341725      -2.104287       0.687500       0.437500
      1.281400       0.442385       0.691362       0.064141      -0.003676       1.383686       0.029372       0.687500       0.437500
      1.286425       0.442666       0.691339       0.055878      -0.004500      -1.644298      -0.163982       0.687500       0.437500
      1.291450       0.442856       0.691348       0.037743       0.001759      -3.609015       1.245604       0.687500       0.437500
      1.296475       0.443035       0.691346       0.035676      -0.000433      -0.411256      -0.436271       0.687500       0.437500
      1.301500       0.443208       0.691315       0.034422      -0.006084      -0.249637      -1.124497       0.687500       0.437500
      1.306525       0.443357       0.691251       0.029572      -0.012845      -0.965233      -1.345591       0.687500       0.437500
      1.311550       0.443472       0.691205       0.022936      -0.009053      -1.320436       0.754771       0.687500       0.437500
      1.316575       0.443561       0.691154       0.017836      -0.010189      -1.014911      -0.226175       0.687500       0.437500
      1.321600       0.443606       0.691083       0.008878      -0.014073      -1.782834      -0.772825       0.687500       0.437500
      1.326625       0.443618       0.691023       0.002311      -0.012046      -1.306873       0.403384       0.687500       0.437500
      1.331650       0.443607       0.690958      -0.002152      -0.012915      -0.888152      -0.173007       0.687500       0.437500
      1.336675       0.443594       0.690934      -0.002470      -0.004740      -0.063295       1.626969       0.687500       0.437500
      1.341700       0.443566       0.690968      -0.005618       0.006689      -0.626404       2.274375       0.687500       0.437500
      1.346725       0.443524       0.691011      -0.008461       0.008606      -0.565692       0.381384       0.687500       0.437500
      1.351750       0.443430       0.691046      -0.018601       0.006926      -2.018031      -0.334170       0.687500       0.437500
      1.356775       0.443337       0.691092      -0.018488       0.009292       0.022459       0.470752       0.687500       0.437500
      1.361800       0.443260       0.691167      -0.015364       0.014748       0.621848       1.085737       0.687500       0.437500
      1.366825       0.443204       0.691249      -0.011187       0.016331       0.831075       0.315152       0.687500       0.437500
      1.371850       0.443175       0.691341      -0.005810       0.018425       1.070068       0.416587       0.687500       0.437500
      1.376875       0.443173       0.691439      -0.000404       0.019439       1.075982       0.201856       0.687500       0.437500
      1.381900       0.443186       0.691534       0.002699       0.018878       0.617398      -0.111620       0.687500       0.437500
      1.386925       0.443199       0.691629       0.002591       0.018995      -0.021565       0.023239       0.687500       0.437500
      1.391950       0.443174       0.691714      -0.005055       0.016889      -1.521522      -0.419206       0.687500       0.437500
      1.396975       0.443126       0.691797      -0.009455       0.016475      -0.875657      -0.082191       0.687500       0.437500
      1.402000       0.443052       0.691857      -0.014876       0.012029      -1.078680      -0.884849       0.687500       0.437500
      1.407025       0.442941       0.691901      -0.021928       0.008693      -1.403481      -0.663982       0.687500       0.437500
      1.412050       0.442821       0.691935      -0.024010       0.006818      -0.414288      -0.373067       0.687500       0.437500
      1.417075       0.442707       0.691928      -0.022568      -0.001478       0.287015      -1.650918       0.687500       0.437500
      1.422100       0.442630       0.691903      -0.015473      -0.005001       1.411941      -0.701100       0.687500       0.437500
      1.427125       0.442562       0.691882      -0.013532      -0.004057       0.386155       0.187943       0.687500       0.437500
      1.432150       0.442505       0.691865      -0.011292      -0.003541       0.445736       0.102593       0.687500       0.437500
      1.437175       0.442438       0.691858      -0.013213      -0.001245      -0.382107       0.456887       0.687500       0.437500
      1.442200       0.442408       0.691855      -0.006126      -0.000639       1.410229       0.120718       0.687500       0.437500
      1.447225       0.442411       0.691863       0.000626       0.001651       1.343614       0.455712       0.687500       0.437500
      1.452250       0.442420       0.691865       0.001824       0.000240       0.238506      -0.280873       0.687500       0.437500
      1.457275       0.442425       0.691846       0.000982      -0.003779      -0.167641      -0.799736       0.687500       0.437500
      1.462300       0.442443       0.691799       0.003701      -0.009187       0.541085      -1.076360       0.687500       0.437500
      1.467325       0.442469       0.691750       0.004998      -0.009761       0.258172      -0.114250       0.687500       0.437500
      1.472350       0.442492       0.691680       0.004722      -0.014042      -0.054883      -0.851766       0.687500       0.437500
      1.477375       0.442507       0.691596       0.002953      -0.016662      -0.352015      -0.521500       0.687500       0.437500
      1.482400       0.442531       0.691520       0.004707      -0.015184       0.349084       0.294221       0.687500       0.437500
      1.487425       0.442556       0.691477       0.005010      -0.008552       0.060249       1.319793       0.687500       0.437500
      1.492450       0.442567       0.691458       0.002191      -0.003726      -0.561045       0.960362       0.687500       0.437500
      1.497475       0.442571       0.691455       0.000766      -0.000596      -0.283629       0.622907       0.687500       0.437500
      1.502500       0.442585       0.691461       0.002893       0.001190       0.423429       0.355435       0.687500       0.437500
