  0.000000   0.388886   0.333706   0.000000   0.000000  19.122759  21.821040   0.125000   0.875000
  0.005025   0.388886   0.333706   0.096092   0.109651  16.697585  19.749802   0.125000   0.875000
  0.010050   0.389369   0.334257   0.179997   0.208893  12.764921  15.188093   0.125000   0.875000
  0.015075   0.390273   0.335307   0.244141   0.285214   7.986496   8.614963   0.125000   0.875000
  0.020101   0.391500   0.336740   0.284281   0.328512   4.099183   2.866630   0.125000   0.875000
  0.025126   0.392929   0.338391   0.304879   0.342917   1.294785  -1.222631   0.125000   0.875000
  0.030151   0.394461   0.340114   0.311386   0.336774  -0.284352  -3.074397   0.125000   0.875000
  0.035176   0.396026   0.341806   0.309957   0.321325  -0.440974  -2.408316   0.125000   0.875000
  0.040201   0.397583   0.343421   0.307741   0.309223  -0.192903  -1.204332   0.125000   0.875000
  0.045226   0.399130   0.344975   0.306772   0.303171  -0.184351  -0.571575   0.125000   0.875000
  0.050251   0.400671   0.346498   0.305845   0.300299  -0.307903  -0.314771   0.125000   0.875000
  0.055276   0.402208   0.348007   0.304298   0.298717  -0.368911  -0.112748   0.125000   0.875000
  0.060302   0.403737   0.349509   0.302444   0.298151  -0.420365   0.055160   0.125000   0.875000
  0.065327   0.405257   0.351007   0.300332   0.298428  -0.534647   0.124970   0.125000   0.875000
  0.070352   0.406766   0.352506   0.297645   0.299056  -0.647801   0.151753   0.125000   0.875000
  0.075377   0.408262   0.354009   0.294390   0.299818  -0.673157   0.234763   0.125000   0.875000
  0.080402   0.409741   0.355516   0.291007   0.300998  -0.678610   0.327366   0.125000   0.875000
  0.085427   0.411204   0.357028   0.287597   0.302643  -0.730938   0.355880   0.125000   0.875000
  0.090452   0.412649   0.358549   0.283924   0.304431  -0.785997   0.350794   0.125000   0.875000
  0.095477   0.414076   0.360079   0.279975   0.306194  -0.778040   0.386880   0.125000   0.875000
  0.100503   0.415483   0.361618   0.276064   0.308138  -0.755754   0.436498   0.125000   0.875000
  0.105528   0.416870   0.363166   0.272266   0.310332  -0.770663   0.441648   0.125000   0.875000
  0.110553   0.418238   0.364726   0.268394   0.312551  -0.789959   0.420074   0.125000   0.875000
  0.115578   0.419587   0.366296   0.264424   0.314662  -0.763690   0.428073   0.125000   0.875000
  0.120603   0.420915   0.367877   0.260587   0.316813  -0.727884   0.450725   0.125000   0.875000
  0.125628   0.422225   0.369469   0.256929   0.319078  -0.722036   0.442961   0.125000   0.875000
  0.130653   0.423516   0.371073   0.253301   0.321304  -0.720648   0.414200   0.125000   0.875000
  0.135678   0.424789   0.372687   0.249680   0.323385  -0.685684   0.406392   0.125000   0.875000
  0.140704   0.426044   0.374313   0.246233   0.325428  -0.645075   0.412803   0.125000   0.875000
  0.145729   0.427281   0.375948   0.242992   0.327502  -0.629139   0.398761   0.125000   0.875000
  0.150754   0.428502   0.377594   0.239831   0.329506  -0.616937   0.368417   0.125000   0.875000
  0.155779   0.429707   0.379249   0.236730   0.331357  -0.579205   0.352711   0.125000   0.875000
  0.160804   0.430897   0.380914   0.233820   0.333130  -0.538867   0.349949   0.125000   0.875000
  0.165829   0.432072   0.382588   0.231112   0.334888  -0.519392   0.333737   0.125000   0.875000
  0.170854   0.433233   0.384271   0.228502   0.336565  -0.502654   0.304979   0.125000   0.875000
  0.175879   0.434381   0.385962   0.225976   0.338098  -0.465669   0.286260   0.125000   0.875000
  0.180905   0.435517   0.387662   0.223636   0.339536  -0.428313   0.278839   0.125000   0.875000
  0.185930   0.436641   0.389368   0.221484   0.340938  -0.409169   0.262846   0.125000   0.875000
  0.190955   0.437754   0.391081   0.219428   0.342258  -0.391754   0.237296   0.125000   0.875000
  0.195980   0.438856   0.392801   0.217459   0.343451  -0.357421   0.218513   0.125000   0.875000
  0.201005   0.439949   0.394527   0.215663   0.344549  -0.324256   0.209309   0.125000   0.875000
  0.206030   0.441033   0.396258   0.214034   0.345601  -0.307490   0.194868   0.125000   0.875000
  0.211055   0.442108   0.397995   0.212488   0.346580  -0.291619   0.173200   0.125000   0.875000
  0.216080   0.443176   0.399736   0.211023   0.347450  -0.260886   0.156031   0.125000   0.875000
  0.221106   0.444237   0.401483   0.209712   0.348234  -0.232277   0.146861   0.125000   0.875000
  0.226131   0.445290   0.403233   0.208545   0.348972  -0.218867   0.134682   0.125000   0.875000
  0.231156   0.446338   0.404986   0.207445   0.349649  -0.205711   0.117109   0.125000   0.875000
  0.236181   0.447381   0.406743   0.206411   0.350238  -0.179025   0.102859   0.125000   0.875000
  0.241206   0.448418   0.408503   0.205512   0.350754  -0.155152   0.095616   0.125000   0.875000
  0.246231   0.449451   0.410266   0.204732   0.351235  -0.145636   0.086725   0.125000   0.875000
  0.251256   0.450480   0.412031   0.204000   0.351671  -0.135835   0.073917   0.125000   0.875000
  0.256281   0.451505   0.413798   0.203317   0.352042  -0.114015   0.065423   0.125000   0.875000
  0.261307   0.452526   0.415567   0.202744   0.352371  -0.096557   0.065205   0.125000   0.875000
  0.266332   0.453545   0.417338   0.202259   0.352699  -0.092795   0.063979   0.125000   0.875000
  0.271357   0.454562   0.419110   0.201793   0.353020  -0.087808   0.060216   0.125000   0.875000
  0.276382   0.455576   0.420884   0.201352   0.353323  -0.074697   0.068096   0.125000   0.875000
  0.281407   0.456587   0.422659   0.200976   0.353665  -0.072629   0.093543   0.125000   0.875000
  0.286432   0.457597   0.424437   0.200611   0.354135  -0.084144   0.118216   0.125000   0.875000
  0.291457   0.458605   0.426216   0.200189   0.354729  -0.091668   0.141949   0.125000   0.875000
  0.296482   0.459611   0.427999   0.199728   0.355442  -0.103004   0.201497   0.125000   0.875000
  0.301508   0.460615   0.429785   0.199210   0.356455  -0.149953   0.310538   0.125000   0.875000
  0.306533   0.461616   0.431576   0.198457   0.358015  -0.213863   0.419420   0.125000   0.875000
  0.311558   0.462613   0.433375   0.197382   0.360123  -0.266052   0.529070   0.125000   0.875000
  0.316583   0.463605   0.435185   0.196045   0.362782  -0.352938   0.733288   0.125000   0.875000
  0.321608   0.464590   0.437008   0.194272   0.366466  -0.545129   1.064147   0.125000   0.875000
  0.326633   0.465567   0.438849   0.191532   0.371814  -0.769883   1.394316   0.125000   0.875000
  0.331658   0.466529   0.440718   0.187664   0.378820  -0.965289   1.723204   0.125000   0.875000
  0.336683   0.467472   0.442621   0.182813   0.387479  -1.256692   2.249765   0.125000   0.875000
  0.341709   0.468391   0.444569   0.176497   0.398787  -1.800325   3.027846   0.125000   0.875000
  0.346734   0.469278   0.446573   0.167450   0.414001  -2.415295   3.785189   0.125000   0.875000
  0.351759   0.470119   0.448653   0.155314   0.433022  -2.966952   4.518427   0.125000   0.875000
  0.356784   0.470900   0.450829   0.140405   0.455727  -3.694193   5.551523   0.125000   0.875000
  0.361809   0.471605   0.453119   0.121841   0.483624  -4.874573   6.916388   0.125000   0.875000
  0.366834   0.472218   0.455549   0.097347   0.518378  -6.173499   8.166029   0.125000   0.875000
  0.371859   0.472707   0.458154   0.066325   0.559413  -7.348350   9.309653   0.125000   0.875000
  0.376884   0.473040   0.460965   0.029399   0.606194  -8.710569  10.693656   0.125000   0.875000
  0.381910   0.473188   0.464012  -0.014380   0.659940 -10.591732  12.202211   0.125000   0.875000
  0.386935   0.473115   0.467328  -0.067604   0.721256 -12.558608  13.369792   0.125000   0.875000
  0.391960   0.472776   0.470952  -0.130711   0.788439 -14.305641  14.284797   0.125000   0.875000
  0.396985   0.472119   0.474914  -0.202596   0.860220 -16.000249  15.007218   0.125000   0.875000
  0.402010   0.471101   0.479237  -0.282998   0.935632 -17.750542  15.104232   0.125000   0.875000
  0.407035   0.469679   0.483938  -0.372194   1.011530 -19.345528  14.608445   0.125000   0.875000
  0.412060   0.467809   0.489021  -0.469405   1.084938 -20.664458  13.863722   0.125000   0.875000
  0.417085   0.465450   0.494473  -0.573244   1.154603 -21.342989  12.284866   0.125000   0.875000
  0.422111   0.462569   0.500276  -0.680514   1.216347 -20.807167   9.016110   0.125000   0.875000
  0.427136   0.459149   0.506388  -0.785070   1.261653 -19.672277   5.170232   0.125000   0.875000
  0.432161   0.455204   0.512728  -0.883923   1.287633 -18.551890   1.667108   0.125000   0.875000
  0.437186   0.450762   0.519198  -0.977147   1.296010 -16.395931  -2.460442   0.125000   0.875000
  0.442211   0.445852   0.525711  -1.059536   1.283647 -11.583562  -8.376816   0.125000   0.875000
  0.447236   0.440528   0.532161  -1.117744   1.241553  -5.714397 -14.596753   0.125000   0.875000
  0.452261   0.434911   0.538400  -1.146458   1.168204  -0.723340 -19.656987   0.125000   0.875000
  0.457286   0.429150   0.544270  -1.150093   1.069428   4.208339 -23.505213   0.125000   0.875000
  0.462312   0.423370   0.549645  -1.128942   0.951291  11.332707 -26.693171   0.125000   0.875000
  0.467337   0.417697   0.554425  -1.071995   0.817158  19.850938 -29.996383   0.125000   0.875000
  0.472362   0.412310   0.558532  -0.972244   0.666426  27.289923 -33.496342   0.125000   0.875000
  0.477387   0.407425   0.561880  -0.835112   0.498107  32.645233 -36.122913   0.125000   0.875000
  0.482412   0.403228   0.564383  -0.671070   0.316589  36.468275 -35.428242   0.125000   0.875000
  0.487437   0.399856   0.565974  -0.487817   0.138562  40.656528 -32.034728   0.125000   0.875000
  0.492462   0.397405   0.566671  -0.283518  -0.022412  45.514202 -29.145082   0.125000   0.875000
  0.497487   0.395980   0.566558  -0.054809  -0.168866  49.358646 -27.884342   0.125000   0.875000
  0.502513   0.395705   0.565709   0.193267  -0.309013  49.020669 -26.068164   0.125000   0.875000
  0.507538   0.396676   0.564156   0.439596  -0.440006  45.239473 -21.169475   0.125000   0.875000
  0.512563   0.398885   0.561945   0.666925  -0.546382  41.936286 -14.625658   0.125000   0.875000
  0.517588   0.402236   0.559200   0.877655  -0.619876  40.145260  -8.084541   0.125000   0.875000
  0.522613   0.406646   0.556085   1.079384  -0.660501  37.038797  -2.450161   0.125000   0.875000
  0.527638   0.412070   0.552766   1.265504  -0.672813  30.154687   2.055195   0.125000   0.875000
  0.532663   0.418430   0.549385   1.417032  -0.662486  21.843956   6.227415   0.125000   0.875000
  0.537688   0.425550   0.546056   1.526798  -0.631193  14.167412  10.685483   0.125000   0.875000
  0.542714   0.433224   0.542884   1.598003  -0.577488   7.461046  14.565926   0.125000   0.875000
  0.547739   0.441254   0.539982   1.635495  -0.504294   1.130320  16.341947   0.125000   0.875000
  0.552764   0.449472   0.537448   1.641175  -0.422176  -5.197022  16.817751   0.125000   0.875000
  0.557789   0.457719   0.535326   1.615060  -0.337666 -11.416458  17.161955   0.125000   0.875000
  0.562814   0.465835   0.533630   1.557692  -0.251428 -16.459809  17.228273   0.125000   0.875000
  0.567839   0.473662   0.532366   1.474981  -0.164855 -19.286073  16.295135   0.125000   0.875000
  0.572864   0.481074   0.531538   1.378069  -0.082972 -20.983067  14.756518   0.125000   0.875000
  0.577889   0.487999   0.531121   1.272629  -0.008821 -22.505083  13.158263   0.125000   0.875000
  0.582915   0.494395   0.531076   1.159518   0.057313 -23.300563  11.577542   0.125000   0.875000
  0.587940   0.500222   0.531364   1.042433   0.115490 -22.564790   9.969279   0.125000   0.875000
  0.592965   0.505460   0.531945   0.929045   0.165585 -21.100549   8.396960   0.125000   0.875000
  0.597990   0.510128   0.532777   0.823015   0.207780 -19.610642   6.880537   0.125000   0.875000
  0.603015   0.514264   0.533821   0.724471   0.242355 -17.946287   5.479750   0.125000   0.875000
  0.608040   0.517904   0.535039   0.634291   0.269890 -15.890707   4.357888   0.125000   0.875000
  0.613065   0.521092   0.536395   0.554440   0.291789 -13.763403   3.460007   0.125000   0.875000
  0.618090   0.523878   0.537861   0.485279   0.309175 -11.754051   2.634869   0.125000   0.875000
  0.623116   0.526317   0.539415   0.426203   0.322418  -9.860752   1.889130   0.125000   0.875000
  0.628141   0.528458   0.541035   0.376653   0.331911  -8.163184   1.361688   0.125000   0.875000
  0.633166   0.530351   0.542703   0.335633   0.338754  -6.679710   1.006618   0.125000   0.875000
  0.638191   0.532038   0.544405   0.302068   0.343812  -5.324643   0.696840   0.125000   0.875000
  0.643216   0.533556   0.546133   0.275311   0.347313  -4.118069   0.413863   0.125000   0.875000
  0.648241   0.534939   0.547878   0.254618   0.349393  -3.190304   0.228093   0.125000   0.875000
  0.653266   0.536218   0.549634   0.238587   0.350539  -2.473502   0.127580   0.125000   0.875000
  0.658291   0.537417   0.551395   0.226157   0.351180  -1.831942   0.048551   0.125000   0.875000
  0.663317   0.538554   0.553161   0.216950   0.351424  -1.271939  -0.027888   0.125000   0.875000
  0.668342   0.539644   0.554926   0.210558   0.351284  -0.887920  -0.076587   0.125000   0.875000
  0.673367   0.540702   0.556692   0.206097   0.350899  -0.630892  -0.093999   0.125000   0.875000
  0.678392   0.541738   0.558455   0.202926   0.350427  -0.404339  -0.102726   0.125000   0.875000
  0.683417   0.542758   0.560216   0.200895   0.349911  -0.201318  -0.113665   0.125000   0.875000
  0.688442   0.543767   0.561974   0.199883   0.349340  -0.074982  -0.120401   0.125000   0.875000
  0.693467   0.544771   0.563730   0.199506   0.348735  -0.011166  -0.118307   0.125000   0.875000
  0.698492   0.545774   0.565482   0.199450   0.348140   0.043364  -0.113491   0.125000   0.875000
  0.703518   0.546776   0.567232   0.199668   0.347570   0.102164  -0.110406   0.125000   0.875000
  0.708543   0.547780   0.568978   0.200181   0.347015   0.136180  -0.107344   0.125000   0.875000
  0.713568   0.548786   0.570722   0.200866   0.346476   0.138606  -0.102196   0.125000   0.875000
  0.718593   0.549795   0.572463   0.201562   0.345962   0.138544  -0.097020   0.125000   0.875000
  0.723618   0.550808   0.574201   0.202258   0.345475   0.152417  -0.093064   0.125000   0.875000
  0.728643   0.551824   0.575937   0.203024   0.345007   0.161402  -0.088565   0.125000   0.875000
  0.733668   0.552844   0.577671   0.203835   0.344562   0.149085  -0.083281   0.125000   0.875000
  0.738693   0.553869   0.579403   0.204585   0.344143   0.135412  -0.079421   0.125000   0.875000
  0.743719   0.554897   0.581132   0.205265   0.343744   0.139091  -0.076909   0.125000   0.875000
  0.748744   0.555928   0.582860   0.205964   0.343358   0.144452  -0.072566   0.125000   0.875000
  0.753769   0.556963   0.584585   0.206690   0.342993   0.129767  -0.067195   0.125000   0.875000
  0.758794   0.558002   0.586308   0.207342   0.342655   0.113058  -0.064527   0.125000   0.875000
  0.763819   0.559044   0.588030   0.207910   0.342331   0.116161  -0.063849   0.125000   0.875000
  0.768844   0.560089   0.589750   0.208494   0.342010   0.123766  -0.059738   0.125000   0.875000
  0.773869   0.561136   0.591469   0.209116   0.341710   0.108936  -0.053721   0.125000   0.875000
  0.778894   0.562187   0.593186   0.209663   0.341440   0.090616  -0.052113   0.125000   0.875000
  0.783920   0.563241   0.594902   0.210119   0.341178   0.095323  -0.053766   0.125000   0.875000
  0.788945   0.564297   0.596617   0.210598   0.340908   0.107146  -0.049763   0.125000   0.875000
  0.793970   0.565355   0.598330   0.211136   0.340658   0.092113  -0.042195   0.125000   0.875000
  0.798995   0.566416   0.600042   0.211599   0.340446   0.071255  -0.041517   0.125000   0.875000
  0.804020   0.567479   0.601752   0.211957   0.340237   0.077949  -0.046330   0.125000   0.875000
  0.809045   0.568544   0.603462   0.212349   0.340005   0.095528  -0.042403   0.125000   0.875000
  0.814070   0.569611   0.605171   0.212829   0.339792   0.079965  -0.032024   0.125000   0.875000
  0.819095   0.570681   0.606878   0.213230   0.339631   0.054833  -0.032062   0.125000   0.875000
  0.824121   0.571752   0.608585   0.213506   0.339469   0.063331  -0.041283   0.125000   0.875000
  0.829146   0.572825   0.610291   0.213824   0.339262   0.088551  -0.037654   0.125000   0.875000
  0.834171   0.573900   0.611996   0.214269   0.339073   0.072409  -0.022793   0.125000   0.875000
  0.839196   0.574977   0.613699   0.214633   0.338958   0.040822  -0.023084   0.125000   0.875000
  0.844221   0.576055   0.615403   0.214838   0.338842   0.050466  -0.038275   0.125000   0.875000
  0.849246   0.577135   0.617105   0.215092   0.338650   0.085589  -0.035538   0.125000   0.875000
  0.854271   0.578215   0.618807   0.215522   0.338471   0.069339  -0.014196   0.125000   0.875000
  0.859296   0.579298   0.620508   0.215870   0.338400   0.028768  -0.013942   0.125000   0.875000
  0.864322   0.580383   0.622209   0.216015   0.338330   0.038190  -0.036924   0.125000   0.875000
  0.869347   0.581469   0.623909   0.216207   0.338144   0.085522  -0.036217   0.125000   0.875000
  0.874372   0.582555   0.625608   0.216637   0.337962   0.070407  -0.006256   0.125000   0.875000
  0.879397   0.583644   0.627306   0.216990   0.337931   0.018431  -0.004182   0.125000   0.875000
  0.884422   0.584734   0.629004   0.217083   0.337910   0.025471  -0.036611   0.125000   0.875000
  0.889447   0.585825   0.630702   0.217211   0.337726   0.086818  -0.039609   0.125000   0.875000
  0.894472   0.586917   0.632399   0.217647   0.337527   0.074951   0.000866   0.125000   0.875000
  0.899497   0.588010   0.634095   0.218024   0.337531   0.009712   0.006500   0.125000   0.875000
  0.904523   0.589106   0.635792   0.218073   0.337564   0.011499  -0.036570   0.125000   0.875000
  0.909548   0.590202   0.637488   0.218130   0.337380   0.087597  -0.045423   0.125000   0.875000
  0.914573   0.591298   0.639184   0.218571   0.337152   0.081848   0.006758   0.125000   0.875000
  0.919598   0.592396   0.640878   0.218982   0.337186   0.002655   0.018032   0.125000   0.875000
  0.924623   0.593497   0.642572   0.218995   0.337277  -0.004017  -0.035942   0.125000   0.875000
  0.929648   0.594597   0.644267   0.218975   0.337096   0.086092  -0.053015   0.125000   0.875000
  0.934673   0.595698   0.645961   0.219408   0.336830   0.089772   0.011005   0.125000   0.875000
  0.939698   0.596800   0.647653   0.219859   0.336885  -0.002630   0.030093   0.125000   0.875000
  0.944724   0.597905   0.649347   0.219846   0.337036  -0.020792  -0.034070   0.125000   0.875000
  0.949749   0.599010   0.651040   0.219741   0.336865   0.081129  -0.061425   0.125000   0.875000
  0.954774   0.600114   0.652733   0.220149   0.336556   0.097304   0.014136   0.125000   0.875000
  0.959799   0.601220   0.654424   0.220638   0.336627  -0.006675   0.044872   0.125000   0.875000
  0.964824   0.602329   0.656116   0.220604   0.336853  -0.040091  -0.024312   0.125000   0.875000
  0.969849   0.603437   0.657808   0.220403   0.336731   0.067228  -0.060035   0.125000   0.875000
  0.974874   0.604545   0.659500   0.220741   0.336429   0.091330   0.029579   0.125000   0.875000
  0.979899   0.605654   0.661191   0.221199   0.336578  -0.043491   0.089596   0.125000   0.875000
  0.984925   0.606766   0.662883   0.220981   0.337028  -0.157167   0.048409   0.125000   0.875000
  0.989950   0.607876   0.664576   0.220191   0.337271  -0.160181  -0.004262   0.125000   0.875000
  0.994975   0.608983   0.666271   0.219386   0.337250  -0.204430  -0.015968   0.125000   0.875000
  1.000000   0.610085   0.667966   0.218359   0.337169  -0.376615  -0.083075   0.125000   0.875000