  0.000000   0.388886   0.333706   0.000000   0.000000  19.122767  21.821095   0.125000   0.750000
  0.005025   0.388886   0.333706   0.096092   0.109651  16.697588  19.749831   0.125000   0.750000
  0.010050   0.389369   0.334257   0.179997   0.208894  12.764916  15.188090   0.125000   0.750000
  0.015075   0.390273   0.335307   0.244141   0.285214   7.986489   8.614938   0.125000   0.750000
  0.020101   0.391500   0.336740   0.284281   0.328513   4.099177   2.866601   0.125000   0.750000
  0.025126   0.392929   0.338391   0.304879   0.342917   1.294783  -1.222656   0.125000   0.750000
  0.030151   0.394461   0.340114   0.311386   0.336774  -0.284353  -3.074416   0.125000   0.750000
  0.035176   0.396026   0.341806   0.309957   0.321325  -0.440976  -2.408332   0.125000   0.750000
  0.040201   0.397583   0.343421   0.307741   0.309223  -0.192907  -1.204348   0.125000   0.750000
  0.045226   0.399130   0.344975   0.306772   0.303171  -0.184355  -0.571590   0.125000   0.750000
  0.050251   0.400671   0.346498   0.305845   0.300299  -0.307906  -0.314782   0.125000   0.750000
  0.055276   0.402208   0.348007   0.304298   0.298717  -0.368912  -0.112752   0.125000   0.750000
  0.060302   0.403737   0.349509   0.302444   0.298150  -0.420366   0.055160   0.125000   0.750000
  0.065327   0.405257   0.351007   0.300331   0.298427  -0.534647   0.124971   0.125000   0.750000
  0.070352   0.406766   0.352506   0.297645   0.299055  -0.647801   0.151754   0.125000   0.750000
  0.075377   0.408262   0.354009   0.294390   0.299818  -0.673157   0.234765   0.125000   0.750000
  0.080402   0.409741   0.355516   0.291007   0.300998  -0.678609   0.327368   0.125000   0.750000
  0.085427   0.411204   0.357028   0.287597   0.302643  -0.730937   0.355883   0.125000   0.750000
  0.090452   0.412649   0.358549   0.283924   0.304431  -0.785996   0.350796   0.125000   0.750000
  0.095477   0.414076   0.360079   0.279974   0.306194  -0.778039   0.386883   0.125000   0.750000
  0.100503   0.415483   0.361618   0.276064   0.308138  -0.755753   0.436501   0.125000   0.750000
  0.105528   0.416870   0.363166   0.272266   0.310332  -0.770662   0.441651   0.125000   0.750000
  0.110553   0.418238   0.364726   0.268394   0.312551  -0.789958   0.420077   0.125000   0.750000
  0.115578   0.419587   0.366296   0.264424   0.314662  -0.763689   0.428076   0.125000   0.750000
  0.120603   0.420915   0.367877   0.260587   0.316813  -0.727883   0.450727   0.125000   0.750000
  0.125628   0.422225   0.369469   0.256929   0.319078  -0.722035   0.442963   0.125000   0.750000
  0.130653   0.423516   0.371073   0.253301   0.321304  -0.720647   0.414203   0.125000   0.750000
  0.135678   0.424789   0.372687   0.249680   0.323385  -0.685683   0.406395   0.125000   0.750000
  0.140704   0.426044   0.374313   0.246233   0.325428  -0.645074   0.412806   0.125000   0.750000
  0.145729   0.427281   0.375948   0.242992   0.327502  -0.629138   0.398764   0.125000   0.750000
  0.150754   0.428502   0.377594   0.239830   0.329506  -0.616936   0.368419   0.125000   0.750000
  0.155779   0.429707   0.379249   0.236730   0.331357  -0.579204   0.352714   0.125000   0.750000
  0.160804   0.430897   0.380914   0.233820   0.333129  -0.538866   0.349951   0.125000   0.750000
  0.165829   0.432072   0.382588   0.231112   0.334888  -0.519391   0.333739   0.125000   0.750000
  0.170854   0.433233   0.384271   0.228502   0.336565  -0.502653   0.304980   0.125000   0.750000
  0.175879   0.434381   0.385962   0.225976   0.338097  -0.465667   0.286260   0.125000   0.750000
  0.180905   0.435517   0.387662   0.223636   0.339536  -0.428310   0.278837   0.125000   0.750000
  0.185930   0.436641   0.389368   0.221484   0.340937  -0.409165   0.262841   0.125000   0.750000
  0.190955   0.437754   0.391081   0.219428   0.342258  -0.391749   0.237285   0.125000   0.750000
  0.195980   0.438856   0.392801   0.217459   0.343450  -0.357409   0.218485   0.125000   0.750000
  0.201005   0.439949   0.394527   0.215663   0.344548  -0.324237   0.209263   0.125000   0.750000
  0.206030   0.441033   0.396258   0.214034   0.345600  -0.307463   0.194801   0.125000   0.750000
  0.211055   0.442108   0.397995   0.212489   0.346579  -0.291574   0.173086   0.125000   0.750000
  0.216080   0.443176   0.399736   0.211024   0.347449  -0.260796   0.155810   0.125000   0.750000
  0.221106   0.444237   0.401483   0.209713   0.348232  -0.232130   0.146509   0.125000   0.750000
  0.226131   0.445290   0.403232   0.208546   0.348968  -0.218664   0.134197   0.125000   0.750000
  0.231156   0.446338   0.404986   0.207448   0.349642  -0.205395   0.116347   0.125000   0.750000
  0.236181   0.447381   0.406743   0.206415   0.350227  -0.178433   0.101474   0.125000   0.750000
  0.241206   0.448418   0.408503   0.205519   0.350737  -0.154198   0.093462   0.125000   0.750000
  0.246231   0.449451   0.410265   0.204744   0.351206  -0.144340   0.083832   0.125000   0.750000
  0.251256   0.450480   0.412030   0.204019   0.351628  -0.133940   0.069685   0.125000   0.750000
  0.256281   0.451505   0.413797   0.203346   0.351978  -0.110705   0.058236   0.125000   0.750000
  0.261307   0.452527   0.415566   0.202789   0.352271  -0.091334   0.054291   0.125000   0.750000
  0.266332   0.453546   0.417336   0.202330   0.352543  -0.085820   0.049670   0.125000   0.750000
  0.271357   0.454563   0.419108   0.201899   0.352793  -0.078188   0.040584   0.125000   0.750000
  0.276382   0.455577   0.420881   0.201506   0.352997  -0.059098   0.037113   0.125000   0.750000
  0.281407   0.456590   0.422654   0.201209   0.353183  -0.048752   0.047969   0.125000   0.750000
  0.286432   0.457601   0.424429   0.200964   0.353424  -0.052831   0.059876   0.125000   0.750000
  0.291457   0.458611   0.426205   0.200699   0.353725  -0.050716   0.066531   0.125000   0.750000
  0.296482   0.459619   0.427983   0.200444   0.354060  -0.041666   0.091776   0.125000   0.750000
  0.301508   0.460627   0.429762   0.200234   0.354521  -0.059710   0.155943   0.125000   0.750000
  0.306533   0.461633   0.431544   0.199934   0.355304  -0.097869   0.226680   0.125000   0.750000
  0.311558   0.462637   0.433329   0.199443   0.356444  -0.121486   0.293443   0.125000   0.750000
  0.316583   0.463640   0.435120   0.198832   0.357918  -0.153976   0.420175   0.125000   0.750000
  0.321608   0.464639   0.436919   0.198058   0.360029  -0.267611   0.649003   0.125000   0.750000
  0.326633   0.465634   0.438728   0.196714   0.363291  -0.421990   0.893903   0.125000   0.750000
  0.331658   0.466622   0.440553   0.194593   0.367783  -0.550628   1.144132   0.125000   0.750000
  0.336683   0.467600   0.442401   0.191826   0.373532  -0.735368   1.556062   0.125000   0.750000
  0.341709   0.468564   0.444279   0.188130   0.381353  -1.124816   2.188767   0.125000   0.750000
  0.346734   0.469510   0.446195   0.182478   0.392351  -1.598500   2.826308   0.125000   0.750000
  0.351759   0.470427   0.448167   0.174446   0.406553  -2.035760   3.476158   0.125000   0.750000
  0.356784   0.471303   0.450210   0.164216   0.424021  -2.634358   4.456582   0.125000   0.750000
  0.361809   0.472129   0.452340   0.150978   0.446415  -3.643755   5.794142   0.125000   0.750000
  0.366834   0.472887   0.454584   0.132668   0.475531  -4.776960   7.030634   0.125000   0.750000
  0.371859   0.473554   0.456973   0.108664   0.510860  -5.841872   8.209318   0.125000   0.750000
  0.376884   0.474100   0.459540   0.079309   0.552112  -7.195451   9.801030   0.125000   0.750000
  0.381910   0.474498   0.462315   0.043144   0.601372  -9.147710  11.715727   0.125000   0.750000
  0.386935   0.474715   0.465337  -0.002823   0.660243 -11.168212  13.273162   0.125000   0.750000
  0.391960   0.474701   0.468655  -0.058943   0.726941 -12.988810  14.530849   0.125000   0.750000
  0.396985   0.474405   0.472308  -0.124212   0.799958 -14.997384  15.785864   0.125000   0.750000
  0.402010   0.473781   0.476327  -0.199574   0.879282 -17.403388  16.740950   0.125000   0.750000
  0.407035   0.472778   0.480746  -0.287026   0.963406 -19.654469  17.098504   0.125000   0.750000
  0.412060   0.471336   0.485587  -0.385789   1.049326 -21.484735  16.995819   0.125000   0.750000
  0.417085   0.469397   0.490860  -0.493750   1.134730 -22.783800  15.859817   0.125000   0.750000
  0.422111   0.466915   0.496563  -0.608262   1.214441 -23.264753  12.931970   0.125000   0.750000
  0.427136   0.463859   0.502665  -0.725167   1.279424 -23.258968   9.445682   0.125000   0.750000
  0.432161   0.460215   0.509095  -0.842043   1.326889 -23.021828   6.230753   0.125000   0.750000
  0.437186   0.455984   0.515762  -0.957728   1.358198 -21.333353   1.826006   0.125000   0.750000
  0.442211   0.451171   0.522587  -1.064928   1.367374 -16.628710  -5.409217   0.125000   0.750000
  0.447236   0.445820   0.529458  -1.148487   1.340193 -10.922726 -13.221806   0.125000   0.750000
  0.452261   0.440049   0.536193  -1.203374   1.273753  -6.218599 -19.399145   0.125000   0.750000
  0.457286   0.434002   0.542593  -1.234622   1.176272  -1.097939 -24.040741   0.125000   0.750000
  0.462312   0.427796   0.548505  -1.240141   1.055444   7.545047 -28.536135   0.125000   0.750000
  0.467337   0.421565   0.553809  -1.202227   0.912049  18.246518 -33.954440   0.125000   0.750000
  0.472362   0.415524   0.558392  -1.110538   0.741428  27.442164 -39.757768   0.125000   0.750000
  0.477387   0.409943   0.562117  -0.972641   0.541646  34.015209 -43.993763   0.125000   0.750000
  0.482412   0.405056   0.564839  -0.801715   0.320577  39.200827 -42.901806   0.125000   0.750000
  0.487437   0.401027   0.566450  -0.604731   0.104995  45.437745 -37.671933   0.125000   0.750000
  0.492462   0.397988   0.566978  -0.376406  -0.084306  52.653827 -33.226038   0.125000   0.750000
  0.497487   0.396097   0.566554  -0.111820  -0.251267  58.364677 -31.248983   0.125000   0.750000
  0.502513   0.395535   0.565291   0.181520  -0.408324  57.983378 -28.859709   0.125000   0.750000
  0.507538   0.396447   0.563239   0.472887  -0.553344  52.487445 -22.431078   0.125000   0.750000
  0.512563   0.398823   0.560459   0.736636  -0.666061  47.534155 -13.593459   0.125000   0.750000
  0.517588   0.402525   0.557112   0.975495  -0.734368  44.771293  -4.629096   0.125000   0.750000
  0.522613   0.407427   0.553422   1.200471  -0.757629  40.677951   2.485261   0.125000   0.750000
  0.527638   0.413459   0.549615   1.404878  -0.745140  31.839437   7.043422   0.125000   0.750000
  0.532663   0.420519   0.545870   1.564871  -0.709747  20.951340  10.846802   0.125000   0.750000
  0.537688   0.428382   0.542304   1.670152  -0.655242  10.730259  15.216031   0.125000   0.750000
  0.542714   0.436776   0.539011   1.724082  -0.578766   2.412390  19.101417   0.125000   0.750000
  0.547739   0.445440   0.536102   1.736204  -0.482782  -4.272927  20.329001   0.125000   0.750000
  0.552764   0.454164   0.533676   1.714733  -0.380628 -10.630084  19.795913   0.125000   0.750000
  0.557789   0.462781   0.531764   1.661316  -0.281154 -17.117062  19.030643   0.125000   0.750000
  0.562814   0.471129   0.530351   1.575303  -0.185525 -22.309998  18.162477   0.125000   0.750000
  0.567839   0.479045   0.529419   1.463195  -0.094259 -24.501591  16.604569   0.125000   0.750000
  0.572864   0.486397   0.528945   1.340075  -0.010821 -25.079213  14.562321   0.125000   0.750000
  0.577889   0.493131   0.528891   1.214052   0.062355 -25.476810  12.410293   0.125000   0.750000
  0.582915   0.499233   0.529204   1.086005   0.124729 -25.335128  10.315497   0.125000   0.750000
  0.587940   0.504690   0.529831   0.958696   0.176565 -23.813810   8.498223   0.125000   0.750000
  0.592965   0.509508   0.530718   0.839032   0.219268 -21.577744   6.943976   0.125000   0.750000
  0.597990   0.513724   0.531820   0.730604   0.254162 -19.284389   5.470813   0.125000   0.750000
  0.603015   0.517395   0.533097   0.633700   0.281652 -16.927357   4.091329   0.125000   0.750000
  0.608040   0.520579   0.534512   0.548640   0.302211 -14.519368   3.056543   0.125000   0.750000
  0.613065   0.523336   0.536031   0.475680   0.317571 -12.255150   2.323695   0.125000   0.750000
  0.618090   0.525727   0.537627   0.414098   0.329247 -10.123232   1.686476   0.125000   0.750000
  0.623116   0.527808   0.539281   0.363219   0.337723  -8.118001   1.114228   0.125000   0.750000
  0.628141   0.529633   0.540978   0.322426   0.343322  -6.453230   0.725702   0.125000   0.750000
  0.633166   0.531253   0.542704   0.289998   0.346969  -5.123721   0.488946   0.125000   0.750000
  0.638191   0.532710   0.544447   0.264251   0.349426  -3.941388   0.296606   0.125000   0.750000
  0.643216   0.534038   0.546203   0.244446   0.350916  -2.891065   0.127707   0.125000   0.750000
  0.648241   0.535267   0.547966   0.229918   0.351558  -2.119027   0.024343   0.125000   0.750000
  0.653266   0.536422   0.549733   0.219270   0.351680  -1.566951  -0.025189   0.125000   0.750000
  0.658291   0.537524   0.551500   0.211396   0.351554  -1.090736  -0.061561   0.125000   0.750000
  0.663317   0.538586   0.553267   0.205914   0.351244  -0.683618  -0.095552   0.125000   0.750000
  0.668342   0.539621   0.555032   0.202479   0.350764  -0.419820  -0.113909   0.125000   0.750000
  0.673367   0.540638   0.556795   0.200369   0.350192  -0.256248  -0.116419   0.125000   0.750000
  0.678392   0.541645   0.558554   0.199082   0.349607  -0.115018  -0.115588   0.125000   0.750000
  0.683417   0.542646   0.560311   0.198504   0.349026   0.008599  -0.116933   0.125000   0.750000
  0.688442   0.543643   0.562065   0.198547   0.348438   0.076474  -0.116589   0.125000   0.750000
  0.693467   0.544641   0.563816   0.198931   0.347853   0.102317  -0.111887   0.125000   0.750000
  0.698492   0.545640   0.565564   0.199445   0.347290   0.125556  -0.106381   0.125000   0.750000
  0.703518   0.546643   0.567309   0.200077   0.346756   0.155368  -0.102604   0.125000   0.750000
  0.708543   0.547648   0.569052   0.200857   0.346240   0.168626  -0.098942   0.125000   0.750000
  0.713568   0.548658   0.570792   0.201705   0.345743   0.159279  -0.093920   0.125000   0.750000
  0.718593   0.549671   0.572529   0.202505   0.345271   0.150603  -0.089295   0.125000   0.750000
  0.723618   0.550689   0.574264   0.203262   0.344822   0.156631  -0.085883   0.125000   0.750000
  0.728643   0.551710   0.575997   0.204049   0.344391   0.160138  -0.081786   0.125000   0.750000
  0.733668   0.552735   0.577727   0.204854   0.343980   0.145169  -0.076894   0.125000   0.750000
  0.738693   0.553765   0.579456   0.205583   0.343593   0.129896  -0.073466   0.125000   0.750000
  0.743719   0.554798   0.581183   0.206236   0.343224   0.132182  -0.071371   0.125000   0.750000
  0.748744   0.555834   0.582907   0.206900   0.342866   0.136669  -0.067378   0.125000   0.750000
  0.753769   0.556874   0.584630   0.207587   0.342527   0.121785  -0.062305   0.125000   0.750000
  0.758794   0.557917   0.586352   0.208199   0.342214   0.105134  -0.059920   0.125000   0.750000
  0.763819   0.558963   0.588071   0.208727   0.341913   0.108326  -0.059512   0.125000   0.750000
  0.768844   0.560012   0.589789   0.209271   0.341614   0.116100  -0.055644   0.125000   0.750000
  0.773869   0.561064   0.591506   0.209855   0.341334   0.101555  -0.049848   0.125000   0.750000
  0.778894   0.562118   0.593221   0.210365   0.341084   0.083557  -0.048445   0.125000   0.750000
  0.783920   0.563176   0.594935   0.210785   0.340840   0.088578  -0.050293   0.125000   0.750000
  0.788945   0.564235   0.596648   0.211230   0.340587   0.100711  -0.046473   0.125000   0.750000
  0.793970   0.565296   0.598360   0.211736   0.340354   0.085992  -0.039077   0.125000   0.750000
  0.798995   0.566360   0.600070   0.212168   0.340158   0.065442  -0.038559   0.125000   0.750000
  0.804020   0.567426   0.601779   0.212497   0.339964   0.072428  -0.043525   0.125000   0.750000
  0.809045   0.568494   0.603487   0.212861   0.339745   0.090286  -0.039743   0.125000   0.750000
  0.814070   0.569564   0.605195   0.213315   0.339545   0.074991  -0.029501   0.125000   0.750000
  0.819095   0.570636   0.606901   0.213692   0.339397   0.050114  -0.029669   0.125000   0.750000
  0.824121   0.571710   0.608607   0.213944   0.339248   0.058853  -0.039013   0.125000   0.750000
  0.829146   0.572785   0.610311   0.214239   0.339052   0.084303  -0.035501   0.125000   0.750000
  0.834171   0.573861   0.612015   0.214663   0.338874   0.068380  -0.020751   0.125000   0.750000
  0.839196   0.574940   0.613718   0.215007   0.338769   0.036999  -0.021147   0.125000   0.750000
  0.844221   0.576020   0.615420   0.215192   0.338663   0.046840  -0.036437   0.125000   0.750000
  0.849246   0.577102   0.617122   0.215428   0.338480   0.082150  -0.033795   0.125000   0.750000
  0.854271   0.578184   0.618823   0.215841   0.338310   0.066076  -0.012542   0.125000   0.750000
  0.859296   0.579269   0.620523   0.216173   0.338247   0.025673  -0.012374   0.125000   0.750000
  0.864322   0.580355   0.622223   0.216302   0.338185   0.035254  -0.035437   0.125000   0.750000
  0.869347   0.581442   0.623922   0.216479   0.338007   0.082737  -0.034806   0.125000   0.750000
  0.874372   0.582530   0.625621   0.216895   0.337832   0.067766  -0.004918   0.125000   0.750000
  0.879397   0.583620   0.627318   0.217235   0.337807   0.015925  -0.002913   0.125000   0.750000
  0.884422   0.584712   0.629016   0.217315   0.337793   0.023094  -0.035407   0.125000   0.750000
  0.889447   0.585804   0.630713   0.217431   0.337615   0.084563  -0.038468   0.125000   0.750000
  0.894472   0.586896   0.632410   0.217856   0.337421   0.072812   0.001949   0.125000   0.750000
  0.899497   0.587991   0.634105   0.218222   0.337431   0.007683   0.007527   0.125000   0.750000
  0.904523   0.589088   0.635801   0.218261   0.337469   0.009574  -0.035596   0.125000   0.750000
  0.909548   0.590185   0.637497   0.218309   0.337290   0.085772  -0.044499   0.125000   0.750000
  0.914573   0.591282   0.639192   0.218740   0.337066   0.080116   0.007635   0.125000   0.750000
  0.919598   0.592381   0.640886   0.219142   0.337105   0.001012   0.018863   0.125000   0.750000
  0.924623   0.593482   0.642580   0.219147   0.337200  -0.005575  -0.035154   0.125000   0.750000
  0.929648   0.594583   0.644274   0.219119   0.337023   0.084615  -0.052267   0.125000   0.750000
  0.934673   0.595684   0.645968   0.219545   0.336760   0.088371   0.011715   0.125000   0.750000
  0.939698   0.596787   0.647660   0.219989   0.336819  -0.003959   0.030766   0.125000   0.750000
  0.944724   0.597893   0.649353   0.219969   0.336974  -0.022053  -0.033431   0.125000   0.750000
  0.949749   0.598998   0.651046   0.219858   0.336806   0.079933  -0.060820   0.125000   0.750000
  0.954774   0.600103   0.652738   0.220260   0.336500   0.096170   0.014711   0.125000   0.750000
  0.959799   0.601210   0.654429   0.220743   0.336574  -0.007752   0.045417   0.125000   0.750000
  0.964824   0.602319   0.656121   0.220704   0.336802  -0.041113  -0.023795   0.125000   0.750000
  0.969849   0.603428   0.657813   0.220497   0.336683   0.066258  -0.059543   0.125000   0.750000
  0.974874   0.604536   0.659505   0.220830   0.336384   0.090409   0.030045   0.125000   0.750000
  0.979899   0.605646   0.661195   0.221285   0.336535  -0.044366   0.090038   0.125000   0.750000
  0.984925   0.606758   0.662887   0.221062   0.336987  -0.157997   0.048828   0.125000   0.750000
  0.989950   0.607869   0.664580   0.220268   0.337232  -0.160970  -0.003864   0.125000   0.750000
  0.994975   0.608976   0.666275   0.219459   0.337213  -0.205178  -0.015590   0.125000   0.750000
  1.000000   0.610079   0.667969   0.218428   0.337135  -0.377325  -0.082717   0.125000   0.750000