  0.000000   0.460982   0.303843   0.000000   0.000000  15.788708  22.924344   0.375000   0.625000
  0.005025   0.460982   0.303843   0.079338   0.115195  13.322045  20.837677   0.375000   0.625000
  0.010050   0.461381   0.304422   0.146282   0.219904  10.474495  15.896117   0.375000   0.625000
  0.015075   0.462116   0.305527   0.198916   0.299782   7.670674   8.737320   0.375000   0.625000
  0.020101   0.463115   0.307034   0.237469   0.343696   5.417759   2.583065   0.375000   0.625000
  0.025126   0.464309   0.308761   0.264693   0.356676   3.590053  -1.708355   0.375000   0.625000
  0.030151   0.465639   0.310553   0.282733   0.348091   2.188529  -3.579305   0.375000   0.625000
  0.035176   0.467060   0.312302   0.293730   0.330105   1.352480  -2.737407   0.375000   0.625000
  0.040201   0.468536   0.313961   0.300527   0.316350   0.764101  -1.309991   0.375000   0.625000
  0.045226   0.470046   0.315551   0.304366   0.309767   0.162400  -0.499788   0.375000   0.625000
  0.050251   0.471575   0.317107   0.305182   0.307256  -0.391727  -0.106393   0.375000   0.625000
  0.055276   0.473109   0.318651   0.303214   0.306721  -0.779189   0.202847   0.375000   0.625000
  0.060302   0.474633   0.320193   0.299298   0.307741  -1.091164   0.452460   0.375000   0.625000
  0.065327   0.476137   0.321739   0.293814   0.310014  -1.419055   0.586504   0.375000   0.625000
  0.070352   0.477613   0.323297   0.286684   0.312961  -1.709737   0.667609   0.375000   0.625000
  0.075377   0.479054   0.324870   0.278092   0.316316  -1.879302   0.793962   0.375000   0.625000
  0.080402   0.480451   0.326459   0.268649   0.320306  -1.995405   0.914491   0.375000   0.625000
  0.085427   0.481801   0.328069   0.258622   0.324901  -2.130885   0.960182   0.375000   0.625000
  0.090452   0.483101   0.329701   0.247914   0.329726  -2.248844   0.968195   0.375000   0.625000
  0.095477   0.484346   0.331358   0.236614   0.334591  -2.284843   1.012172   0.375000   0.625000
  0.100503   0.485536   0.333040   0.225130   0.339678  -2.285595   1.059132   0.375000   0.625000
  0.105528   0.486667   0.334747   0.213645   0.345001  -2.307027   1.054758   0.375000   0.625000
  0.110553   0.487740   0.336480   0.202052   0.350301  -2.322569   1.023196   0.375000   0.625000
  0.115578   0.488756   0.338240   0.190381   0.355442  -2.282997   1.019836   0.375000   0.625000
  0.120603   0.489712   0.340027   0.178909   0.360567  -2.221216   1.023775   0.375000   0.625000
  0.125628   0.490611   0.341838   0.167748   0.365711  -2.179898   0.992773   0.375000   0.625000
  0.130653   0.491454   0.343676   0.156794   0.370700  -2.139090   0.942483   0.375000   0.625000
  0.135678   0.492242   0.345539   0.146045   0.375436  -2.061237   0.914305   0.375000   0.625000
  0.140704   0.492976   0.347426   0.135685   0.380031  -1.970354   0.895076   0.375000   0.625000
  0.145729   0.493658   0.349335   0.125784   0.384529  -1.898974   0.852185   0.375000   0.625000
  0.150754   0.494290   0.351268   0.116242   0.388811  -1.831244   0.795908   0.375000   0.625000
  0.155779   0.494874   0.353222   0.107040   0.392811  -1.738363   0.757074   0.375000   0.625000
  0.160804   0.495412   0.355195   0.098304   0.396615  -1.638832   0.727277   0.375000   0.625000
  0.165829   0.495906   0.357188   0.090069   0.400270  -1.557496   0.681445   0.375000   0.625000
  0.170854   0.496359   0.359200   0.082243   0.403694  -1.481017   0.626538   0.375000   0.625000
  0.175879   0.496772   0.361228   0.074801   0.406842  -1.387002   0.585526   0.375000   0.625000
  0.180905   0.497148   0.363273   0.067830   0.409785  -1.290584   0.552804   0.375000   0.625000
  0.185930   0.497489   0.365332   0.061344   0.412563  -1.211056   0.509128   0.375000   0.625000
  0.190955   0.497797   0.367405   0.055259   0.415121  -1.136497   0.459495   0.375000   0.625000
  0.195980   0.498075   0.369491   0.049548   0.417430  -1.049088   0.421125   0.375000   0.625000
  0.201005   0.498324   0.371589   0.044276   0.419546  -0.962022   0.389942   0.375000   0.625000
  0.206030   0.498546   0.373697   0.039442   0.421506  -0.890593   0.351075   0.375000   0.625000
  0.211055   0.498744   0.375815   0.034967   0.423270  -0.823704   0.308428   0.375000   0.625000
  0.216080   0.498920   0.377942   0.030828   0.424820  -0.746696   0.275093   0.375000   0.625000
  0.221106   0.499075   0.380077   0.027075   0.426202  -0.671634   0.247763   0.375000   0.625000
  0.226131   0.499211   0.382219   0.023700   0.427448  -0.611138   0.214787   0.375000   0.625000
  0.231156   0.499330   0.384367   0.020629   0.428527  -0.554477   0.179480   0.375000   0.625000
  0.236181   0.499434   0.386520   0.017843   0.429429  -0.489174   0.152102   0.375000   0.625000
  0.241206   0.499523   0.388678   0.015385   0.430193  -0.426768   0.129762   0.375000   0.625000
  0.246231   0.499601   0.390840   0.013240   0.430845  -0.377956   0.102944   0.375000   0.625000
  0.251256   0.499667   0.393005   0.011341   0.431362  -0.332019   0.074586   0.375000   0.625000
  0.256281   0.499724   0.395172   0.009672   0.431737  -0.278256   0.053371   0.375000   0.625000
  0.261307   0.499773   0.397342   0.008274   0.432005  -0.228489   0.036988   0.375000   0.625000
  0.266332   0.499814   0.399513   0.007126   0.432191  -0.191558   0.016818   0.375000   0.625000
  0.271357   0.499850   0.401685   0.006163   0.432276  -0.155827  -0.004735   0.375000   0.625000
  0.276382   0.499881   0.403857   0.005380   0.432252  -0.113400  -0.018502   0.375000   0.625000
  0.281407   0.499908   0.406029   0.004810   0.432159  -0.079001  -0.024967   0.375000   0.625000
  0.286432   0.499932   0.408201   0.004413   0.432034  -0.057572  -0.034322   0.375000   0.625000
  0.291457   0.499955   0.410372   0.004124   0.431861  -0.034093  -0.045099   0.375000   0.625000
  0.296482   0.499975   0.412542   0.003953   0.431634  -0.008723  -0.042379   0.375000   0.625000
  0.301508   0.499995   0.414711   0.003909   0.431421  -0.006936  -0.021837   0.375000   0.625000
  0.306533   0.500015   0.416879   0.003874   0.431312  -0.022122  -0.001839   0.375000   0.625000
  0.311558   0.500034   0.419046   0.003763   0.431302  -0.030173   0.018793   0.375000   0.625000
  0.316583   0.500053   0.421214   0.003611   0.431397  -0.056608   0.075354   0.375000   0.625000
  0.321608   0.500071   0.423382   0.003327   0.431776  -0.156223   0.180385   0.375000   0.625000
  0.326633   0.500088   0.425551   0.002542   0.432682  -0.286877   0.287763   0.375000   0.625000
  0.331658   0.500101   0.427725   0.001100   0.434128  -0.405097   0.403484   0.375000   0.625000
  0.336683   0.500106   0.429907  -0.000935   0.436156  -0.607611   0.617626   0.375000   0.625000
  0.341709   0.500102   0.432099  -0.003989   0.439260  -1.012071   0.948788   0.375000   0.625000
  0.346734   0.500082   0.434306  -0.009075   0.444027  -1.475189   1.272664   0.375000   0.625000
  0.351759   0.500036   0.436538  -0.016488   0.450423  -1.915371   1.610205   0.375000   0.625000
  0.356784   0.499953   0.438801  -0.026113   0.458514  -2.589849   2.159521   0.375000   0.625000
  0.361809   0.499822   0.441105  -0.039127   0.469365  -3.724901   2.929304   0.375000   0.625000
  0.366834   0.499625   0.443464  -0.057844   0.484085  -4.944035   3.635750   0.375000   0.625000
  0.371859   0.499335   0.445896  -0.082688   0.502355  -6.080899   4.313268   0.375000   0.625000
  0.376884   0.498919   0.448420  -0.113244   0.524029  -7.632683   5.269944   0.375000   0.625000
  0.381910   0.498350   0.451054  -0.151606   0.550516  -9.969015   6.465520   0.375000   0.625000
  0.386935   0.497588   0.453821  -0.201701   0.583005 -12.368912   7.464483   0.375000   0.625000
  0.391960   0.496575   0.456750  -0.263854   0.620514 -14.495659   8.298001   0.375000   0.625000
  0.396985   0.495249   0.459868  -0.336695   0.662211 -16.910474   9.149604   0.375000   0.625000
  0.402010   0.493557   0.463196  -0.421670   0.708188 -19.996490   9.787384   0.375000   0.625000
  0.407035   0.491438   0.466754  -0.522153   0.757370 -23.006988  10.026880   0.375000   0.625000
  0.412060   0.488814   0.470560  -0.637763   0.807755 -25.504654  10.021890   0.375000   0.625000
  0.417085   0.485609   0.474619  -0.765924   0.858115 -27.365819   9.326677   0.375000   0.625000
  0.422111   0.481760   0.478932  -0.903464   0.904991 -28.274360   7.142159   0.375000   0.625000
  0.427136   0.477220   0.483480  -1.045543   0.940880 -28.625046   4.304671   0.375000   0.625000
  0.432161   0.471966   0.488208  -1.189384   0.962511 -28.756774   1.643833   0.375000   0.625000
  0.437186   0.465989   0.493044  -1.333886   0.970771 -27.066375  -1.889893   0.375000   0.625000
  0.442211   0.459287   0.497922  -1.469895   0.961275 -21.157719  -7.796892   0.375000   0.625000
  0.447236   0.451900   0.502753  -1.576213   0.922095 -13.497749 -14.477890   0.375000   0.625000
  0.452261   0.443980   0.507386  -1.644039   0.849344  -7.061192 -20.070233   0.375000   0.625000
  0.457286   0.435719   0.511654  -1.679521   0.748491  -0.198079 -24.340555   0.375000   0.625000
  0.462312   0.427277   0.515416  -1.680517   0.626155  11.448840 -27.730979   0.375000   0.625000
  0.467337   0.418833   0.518563  -1.622986   0.486807  26.385498 -31.260691   0.375000   0.625000
  0.472362   0.410677   0.521009  -1.490399   0.329722  40.072379 -35.357809   0.375000   0.625000
  0.477387   0.403188   0.522666  -1.289036   0.152049  50.815125 -38.080063   0.375000   0.625000
  0.482412   0.396711   0.523430  -1.033690  -0.039303  58.311539 -34.058662   0.375000   0.625000
  0.487437   0.391516   0.523232  -0.740674  -0.210448  64.626853 -23.953066   0.375000   0.625000
  0.492462   0.387795   0.522175  -0.415924  -0.330812  71.552877 -13.975669   0.375000   0.625000
  0.497487   0.385705   0.520512  -0.056371  -0.401040  77.246503  -6.832360   0.375000   0.625000
  0.502513   0.385421   0.518497   0.331870  -0.435379  75.109895  -1.729855   0.375000   0.625000
  0.507538   0.387089   0.516309   0.709297  -0.444072  64.895069   4.373193   0.375000   0.625000
  0.512563   0.390653   0.514077   1.035395  -0.422097  53.983207  12.215523   0.375000   0.625000
  0.517588   0.395856   0.511956   1.306661  -0.360714  44.960244  20.421926   0.375000   0.625000
  0.522613   0.402422   0.510144   1.532586  -0.258093  35.197935  25.091326   0.375000   0.625000
  0.527638   0.410123   0.508847   1.709455  -0.132009  22.474045  24.333396   0.375000   0.625000
  0.532663   0.418713   0.508184   1.822388  -0.009734   8.772487  21.847440   0.375000   0.625000
  0.537688   0.427871   0.508135   1.866469   0.100049  -4.070827  20.119631   0.375000   0.625000
  0.542714   0.437252   0.508638   1.846009   0.201171 -13.924816  18.749551   0.375000   0.625000
  0.547739   0.446528   0.509648   1.776037   0.295387 -19.955741  16.078919   0.375000   0.625000
  0.552764   0.455452   0.511133   1.675760   0.376184 -24.567706  12.367979   0.375000   0.625000
  0.557789   0.463873   0.513023   1.552307   0.438333 -29.072336   8.572168   0.375000   0.625000
  0.562814   0.471673   0.515226   1.406218   0.481408 -31.976837   5.446958   0.375000   0.625000
  0.567839   0.478740   0.517645   1.245535   0.508779 -31.699939   3.258514   0.375000   0.625000
  0.572864   0.484998   0.520201   1.086243   0.525153 -29.967601   1.440002   0.375000   0.625000
  0.577889   0.490457   0.522840   0.935655   0.532389 -28.185950  -0.355751   0.375000   0.625000
  0.582915   0.495159   0.525516   0.793993   0.530601 -26.092103  -1.807548   0.375000   0.625000
  0.587940   0.499149   0.528182   0.662880   0.521518 -23.205728  -2.442637   0.375000   0.625000
  0.592965   0.502480   0.530803   0.546271   0.509244 -20.051175  -2.621000   0.375000   0.625000
  0.597990   0.505225   0.533362   0.445514   0.496073 -17.007872  -2.754091   0.375000   0.625000
  0.603015   0.507464   0.535855   0.360049   0.482234 -14.146572  -2.834547   0.375000   0.625000
  0.608040   0.509273   0.538278   0.288963   0.467990 -11.636834  -2.678614   0.375000   0.625000
  0.613065   0.510725   0.540630   0.230488   0.454530  -9.465580  -2.366303   0.375000   0.625000
  0.618090   0.511883   0.542914   0.182923   0.442640  -7.460813  -2.040691   0.375000   0.625000
  0.623116   0.512803   0.545138   0.145425   0.432383  -5.660159  -1.743819   0.375000   0.625000
  0.628141   0.513533   0.547311   0.116983   0.423620  -4.302814  -1.470160   0.375000   0.625000
  0.633166   0.514121   0.549440   0.095361   0.416233  -3.287101  -1.209704   0.375000   0.625000
  0.638191   0.514601   0.551531   0.078844   0.410154  -2.389905  -0.962324   0.375000   0.625000
  0.643216   0.514997   0.553592   0.066834   0.405318  -1.610560  -0.746179   0.375000   0.625000
  0.648241   0.515333   0.555629   0.058741   0.401569  -1.081676  -0.587152   0.375000   0.625000
  0.653266   0.515628   0.557647   0.053306   0.398618  -0.732436  -0.465707   0.375000   0.625000
  0.658291   0.515896   0.559650   0.049625   0.396278  -0.433697  -0.356305   0.375000   0.625000
  0.663317   0.516145   0.561642   0.047446   0.394487  -0.180254  -0.263011   0.375000   0.625000
  0.668342   0.516383   0.563624   0.046540   0.393166  -0.029536  -0.202548   0.375000   0.625000
  0.673367   0.516617   0.565600   0.046391   0.392148   0.051334  -0.163513   0.375000   0.625000
  0.678392   0.516850   0.567570   0.046649   0.391326   0.120510  -0.128886   0.375000   0.625000
  0.683417   0.517085   0.569537   0.047255   0.390679   0.182376  -0.098038   0.375000   0.625000
  0.688442   0.517322   0.571500   0.048171   0.390186   0.209918  -0.079499   0.375000   0.625000
  0.693467   0.517564   0.573460   0.049226   0.389786   0.211212  -0.070831   0.375000   0.625000
  0.698492   0.517812   0.575419   0.050287   0.389431   0.213528  -0.063345   0.375000   0.625000
  0.703518   0.518064   0.577376   0.051361   0.389112   0.223195  -0.053687   0.375000   0.625000
  0.708543   0.518323   0.579332   0.052482   0.388842   0.222598  -0.046409   0.375000   0.625000
  0.713568   0.518586   0.581286   0.053601   0.388609   0.207458  -0.045130   0.375000   0.625000
  0.718593   0.518856   0.583238   0.054643   0.388382   0.195525  -0.045362   0.375000   0.625000
  0.723618   0.519130   0.585190   0.055626   0.388154   0.195663  -0.041510   0.375000   0.625000
  0.728643   0.519410   0.587140   0.056609   0.387946   0.192184  -0.035676   0.375000   0.625000
  0.733668   0.519694   0.589090   0.057575   0.387767   0.175421  -0.035117   0.375000   0.625000
  0.738693   0.519983   0.591038   0.058456   0.387590   0.162019  -0.037683   0.375000   0.625000
  0.743719   0.520277   0.592986   0.059271   0.387401   0.162938  -0.035855   0.375000   0.625000
  0.748744   0.520575   0.594933   0.060089   0.387221   0.161290  -0.029309   0.375000   0.625000
  0.753769   0.520877   0.596879   0.060900   0.387073   0.144502  -0.027962   0.375000   0.625000
  0.758794   0.521183   0.598824   0.061626   0.386933   0.131568  -0.031944   0.375000   0.625000
  0.763819   0.521493   0.600768   0.062287   0.386772   0.135590  -0.031814   0.375000   0.625000
  0.768844   0.521806   0.602712   0.062968   0.386612   0.136484  -0.024035   0.375000   0.625000
  0.773869   0.522122   0.604655   0.063654   0.386492   0.118691  -0.021235   0.375000   0.625000
  0.778894   0.522442   0.606597   0.064251   0.386385   0.105775  -0.026803   0.375000   0.625000
  0.783920   0.522765   0.608539   0.064782   0.386250   0.113867  -0.029034   0.375000   0.625000
  0.788945   0.523090   0.610480   0.065354   0.386104   0.117844  -0.019627   0.375000   0.625000
  0.793970   0.523419   0.612420   0.065947   0.386006   0.097651  -0.014415   0.375000   0.625000
  0.798995   0.523750   0.614359   0.066437   0.385933   0.083674  -0.021900   0.375000   0.625000
  0.804020   0.524084   0.616299   0.066858   0.385823   0.096786  -0.027637   0.375000   0.625000
  0.809045   0.524420   0.618237   0.067344   0.385684   0.104915  -0.016195   0.375000   0.625000
  0.814070   0.524758   0.620176   0.067871   0.385603   0.080796  -0.007123   0.375000   0.625000
  0.819095   0.525100   0.622113   0.068277   0.385567   0.064192  -0.016860   0.375000   0.625000
  0.824121   0.525443   0.624051   0.068600   0.385482   0.083354  -0.027779   0.375000   0.625000
  0.829146   0.525787   0.625988   0.069019   0.385343   0.097347  -0.014027   0.375000   0.625000
  0.834171   0.526134   0.627924   0.069508   0.385272   0.067766   0.000931   0.375000   0.625000
  0.839196   0.526483   0.629860   0.069848   0.385277   0.046425  -0.011218   0.375000   0.625000
  0.844221   0.526834   0.631796   0.070082   0.385221   0.072508  -0.029482   0.375000   0.625000
  0.849246   0.527187   0.633732   0.070446   0.385073   0.094741  -0.013477   0.375000   0.625000
  0.854271   0.527541   0.635667   0.070922   0.385005   0.058407   0.009928   0.375000   0.625000
  0.859296   0.527897   0.637602   0.071216   0.385055   0.029660  -0.004466   0.375000   0.625000
  0.864322   0.528255   0.639537   0.071365   0.385032   0.063042  -0.032679   0.375000   0.625000
  0.869347   0.528614   0.641472   0.071682   0.384868   0.096348  -0.015109   0.375000   0.625000
  0.874372   0.528974   0.643406   0.072166   0.384792   0.052633   0.019614   0.375000   0.625000
  0.879397   0.529336   0.645339   0.072430   0.384891   0.013509   0.003732   0.375000   0.625000
  0.884422   0.529700   0.647273   0.072498   0.384909   0.053630  -0.037002   0.375000   0.625000
  0.889447   0.530065   0.649208   0.072768   0.384723   0.100886  -0.019336   0.375000   0.625000
  0.894472   0.530430   0.651141   0.073274   0.384626   0.050257   0.029482   0.375000   0.625000
  0.899497   0.530799   0.653074   0.073527   0.384774  -0.002105   0.013597   0.375000   0.625000
  0.904523   0.531168   0.655008   0.073516   0.384843   0.043069  -0.041804   0.375000   0.625000
  0.909548   0.531537   0.656941   0.073733   0.384633   0.106597  -0.026385   0.375000   0.625000
  0.914573   0.531908   0.658874   0.074269   0.384500   0.050880   0.038595   0.375000   0.625000
  0.919598   0.532281   0.660806   0.074524   0.384694  -0.016857   0.024923   0.375000   0.625000
  0.924623   0.532656   0.662739   0.074439   0.384819   0.030528  -0.046213   0.375000   0.625000
  0.929648   0.533030   0.664673   0.074593   0.384587   0.111553  -0.036046   0.375000   0.625000
  0.934673   0.533405   0.666606   0.075153   0.384406   0.053871   0.045993   0.375000   0.625000
  0.939698   0.533782   0.668537   0.075424   0.384637  -0.030247   0.037287   0.375000   0.625000
  0.944724   0.534161   0.670470   0.075272   0.384825   0.015823  -0.049411   0.375000   0.625000
  0.949749   0.534540   0.672404   0.075352   0.384576   0.114034  -0.047529   0.375000   0.625000
  0.954774   0.534918   0.674337   0.075925   0.384337   0.057636   0.051900   0.375000   0.625000
  0.959799   0.535300   0.676268   0.076214   0.384598  -0.044426   0.053125   0.375000   0.625000
  0.964824   0.535683   0.678201   0.075991   0.384865  -0.007298  -0.043936   0.375000   0.625000
  0.969849   0.536065   0.680135   0.075954   0.384644   0.101303  -0.050023   0.375000   0.625000
  0.974874   0.536446   0.682067   0.076463   0.384393   0.041601   0.067794   0.375000   0.625000
  0.979899   0.536830   0.683999   0.076672   0.384734  -0.105842   0.092869   0.375000   0.625000
  0.984925   0.537216   0.685933   0.076140   0.385200  -0.151283   0.002038   0.375000   0.625000
  0.989950   0.537598   0.687868   0.075380   0.385211  -0.108166  -0.063298   0.375000   0.625000
  0.994975   0.537977   0.689804   0.074837   0.384893  -0.129928  -0.093198   0.375000   0.625000
  1.000000   0.538353   0.691738   0.074184   0.384424  -0.197283  -0.235222   0.375000   0.625000