  0.000000   0.576537   0.315224   0.000000   0.000000  10.525789  22.613171   0.750000   0.500000
  0.005025   0.576537   0.315224   0.052892   0.113631   8.322422  20.473757   0.750000   0.500000
  0.010050   0.576803   0.315795   0.094712   0.216512   7.444064  15.593743   0.750000   0.500000
  0.015075   0.577279   0.316883   0.132119   0.294870   7.568592   8.604437   0.750000   0.500000
  0.020101   0.577943   0.318365   0.170158   0.338116   7.365742   2.607642   0.750000   0.500000
  0.025126   0.578798   0.320064   0.207171   0.351220   6.592268  -1.585505   0.750000   0.500000
  0.030151   0.579839   0.321829   0.240297   0.343253   5.346147  -3.445239   0.750000   0.500000
  0.035176   0.581046   0.323554   0.267162   0.325940   3.711296  -2.686645   0.750000   0.500000
  0.040201   0.582389   0.325192   0.285811   0.312440   2.081531  -1.354723   0.750000   0.500000
  0.045226   0.583825   0.326762   0.296271   0.305632   0.646937  -0.610002   0.750000   0.500000
  0.050251   0.585314   0.328297   0.299522   0.302567  -0.554961  -0.258962   0.750000   0.500000
  0.055276   0.586819   0.329818   0.296733   0.301266  -1.459211   0.020825   0.750000   0.500000
  0.060302   0.588310   0.331332   0.289399   0.301370  -2.174671   0.248178   0.750000   0.500000
  0.065327   0.589764   0.332846   0.278471   0.302618  -2.829671   0.365452   0.750000   0.500000
  0.070352   0.591164   0.334367   0.264252   0.304454  -3.405684   0.434834   0.750000   0.500000
  0.075377   0.592492   0.335897   0.247139   0.306639  -3.812810   0.553610   0.750000   0.500000
  0.080402   0.593734   0.337438   0.227979   0.309421  -4.096935   0.669621   0.750000   0.500000
  0.085427   0.594879   0.338993   0.207392   0.312786  -4.352167   0.713663   0.750000   0.500000
  0.090452   0.595921   0.340564   0.185522   0.316372  -4.572430   0.722950   0.750000   0.500000
  0.095477   0.596854   0.342154   0.162546   0.320005  -4.687394   0.770543   0.750000   0.500000
  0.100503   0.597670   0.343762   0.138987   0.323877  -4.718087   0.822550   0.750000   0.500000
  0.105528   0.598369   0.345390   0.115279   0.328011  -4.737368   0.824597   0.750000   0.500000
  0.110553   0.598948   0.347038   0.091473   0.332154  -4.748488   0.801061   0.750000   0.500000
  0.115578   0.599408   0.348707   0.067612   0.336180  -4.697628   0.806948   0.750000   0.500000
  0.120603   0.599748   0.350397   0.044007   0.340235  -4.589235   0.820553   0.750000   0.500000
  0.125628   0.599969   0.352106   0.020946   0.344358  -4.479089   0.799653   0.750000   0.500000
  0.130653   0.600074   0.353837  -0.001562   0.348376  -4.376443   0.760250   0.750000   0.500000
  0.135678   0.600066   0.355587  -0.023553   0.352196  -4.240987   0.743511   0.750000   0.500000
  0.140704   0.599948   0.357357  -0.044868   0.355933  -4.066305   0.735544   0.750000   0.500000
  0.145729   0.599722   0.359146  -0.065302   0.359629  -3.894535   0.703775   0.750000   0.500000
  0.150754   0.599394   0.360953  -0.084872   0.363166  -3.738636   0.658912   0.750000   0.500000
  0.155779   0.598968   0.362778  -0.103658   0.366477  -3.569240   0.631674   0.750000   0.500000
  0.160804   0.598447   0.364620  -0.121594   0.369651  -3.373179   0.612964   0.750000   0.500000
  0.165829   0.597836   0.366477  -0.138544   0.372731  -3.181495   0.577756   0.750000   0.500000
  0.170854   0.597140   0.368350  -0.154531   0.375634  -3.009389   0.533486   0.750000   0.500000
  0.175879   0.596363   0.370238  -0.169653   0.378315  -2.836296   0.503109   0.750000   0.500000
  0.180905   0.595510   0.372139  -0.183908   0.380844  -2.644999   0.480364   0.750000   0.500000
  0.185930   0.594586   0.374053  -0.197199   0.383258  -2.457760   0.446025   0.750000   0.500000
  0.190955   0.593595   0.375979  -0.209550   0.385499  -2.290917   0.405602   0.750000   0.500000
  0.195980   0.592542   0.377916  -0.221062   0.387537  -2.130965   0.376373   0.750000   0.500000
  0.201005   0.591431   0.379863  -0.231770   0.389428  -1.958631   0.353631   0.750000   0.500000
  0.206030   0.590267   0.381820  -0.241612   0.391205  -1.788917   0.322494   0.750000   0.500000
  0.211055   0.589053   0.383786  -0.250601   0.392826  -1.638679   0.287393   0.750000   0.500000
  0.216080   0.587793   0.385760  -0.258835   0.394270  -1.500082   0.261534   0.750000   0.500000
  0.221106   0.586493   0.387741  -0.266375   0.395584  -1.353034   0.240991   0.750000   0.500000
  0.226131   0.585154   0.389729  -0.273174   0.396795  -1.206738   0.214082   0.750000   0.500000
  0.231156   0.583781   0.391723  -0.279238   0.397871  -1.078009   0.184673   0.750000   0.500000
  0.236181   0.582378   0.393722  -0.284655   0.398799  -0.963613   0.163120   0.750000   0.500000
  0.241206   0.580948   0.395726  -0.289497   0.399619  -0.843655   0.145871   0.750000   0.500000
  0.246231   0.579493   0.397734  -0.293736   0.400352  -0.722318   0.123463   0.750000   0.500000
  0.251256   0.578017   0.399746  -0.297366   0.400972  -0.615983   0.099440   0.750000   0.500000
  0.256281   0.576523   0.401761  -0.300461   0.401472  -0.525431   0.082286   0.750000   0.500000
  0.261307   0.575013   0.403779  -0.303102   0.401886  -0.431914   0.068765   0.750000   0.500000
  0.266332   0.573490   0.405798  -0.305272   0.402231  -0.334955   0.050768   0.750000   0.500000
  0.271357   0.571956   0.407820  -0.306956   0.402486  -0.249647   0.031415   0.750000   0.500000
  0.276382   0.570413   0.409842  -0.308210   0.402644  -0.181332   0.018276   0.750000   0.500000
  0.281407   0.568864   0.411865  -0.309121   0.402736  -0.114712   0.009059   0.750000   0.500000
  0.286432   0.567311   0.413889  -0.309698   0.402781  -0.043056  -0.004108   0.750000   0.500000
  0.291457   0.565755   0.415913  -0.309914   0.402761   0.022024  -0.019388   0.750000   0.500000
  0.296482   0.564197   0.417937  -0.309803   0.402663   0.066378  -0.028762   0.750000   0.500000
  0.301508   0.562640   0.419961  -0.309470   0.402519   0.094733  -0.031238   0.750000   0.500000
  0.306533   0.561085   0.421983  -0.308994   0.402362   0.126918  -0.036273   0.750000   0.500000
  0.311558   0.559533   0.424005  -0.308356   0.402180   0.161221  -0.046052   0.750000   0.500000
  0.316583   0.557983   0.426026  -0.307546   0.401948   0.159374  -0.049932   0.750000   0.500000
  0.321608   0.556438   0.428046  -0.306745   0.401697   0.094665  -0.037442   0.750000   0.500000
  0.326633   0.554896   0.430064  -0.306269   0.401509   0.022265  -0.022510   0.750000   0.500000
  0.331658   0.553357   0.432082  -0.306157   0.401396  -0.033049  -0.018373   0.750000   0.500000
  0.336683   0.551819   0.434099  -0.306323   0.401304  -0.175585  -0.010820   0.750000   0.500000
  0.341709   0.550279   0.436116  -0.307206   0.401249  -0.513319   0.031794   0.750000   0.500000
  0.346734   0.548736   0.438132  -0.309785   0.401409  -0.897501   0.090934   0.750000   0.500000
  0.351759   0.547179   0.440149  -0.314295   0.401866  -1.239870   0.128612   0.750000   0.500000
  0.356784   0.545600   0.442169  -0.320526   0.402512  -1.794482   0.149293   0.750000   0.500000
  0.361809   0.543989   0.444191  -0.329543   0.403262  -2.833333   0.213588   0.750000   0.500000
  0.366834   0.542333   0.446218  -0.343780   0.404336  -4.000710   0.321176   0.750000   0.500000
  0.371859   0.540606   0.448250  -0.363884   0.405950  -5.084118   0.397264   0.750000   0.500000
  0.376884   0.538777   0.450289  -0.389432   0.407946  -6.576229   0.371992   0.750000   0.500000
  0.381910   0.536820   0.452340  -0.422484   0.409816  -8.946470   0.291299   0.750000   0.500000
  0.386935   0.534697   0.454399  -0.467440   0.411279 -11.507674   0.268785   0.750000   0.500000
  0.391960   0.532348   0.456466  -0.525266   0.412630 -13.902111   0.229833   0.750000   0.500000
  0.396985   0.529708   0.458539  -0.595124   0.413785 -16.765513  -0.126715   0.750000   0.500000
  0.402010   0.526718   0.460619  -0.679371   0.413148 -20.436134  -0.950946   0.750000   0.500000
  0.407035   0.523304   0.462695  -0.782062   0.408370 -23.995527  -1.810960   0.750000   0.500000
  0.412060   0.519374   0.464747  -0.902640   0.399270 -27.172844  -2.622230   0.750000   0.500000
  0.417085   0.514838   0.466753  -1.039183   0.386093 -30.122617  -4.083763   0.750000   0.500000
  0.422111   0.509615   0.468693  -1.190580   0.365568 -32.079386  -6.713409   0.750000   0.500000
  0.427136   0.503633   0.470530  -1.351778   0.331833 -32.788455  -9.509702   0.750000   0.500000
  0.432161   0.496840   0.472198  -1.516540   0.284047 -32.855686 -12.011627   0.750000   0.500000
  0.437186   0.489220   0.473625  -1.681640   0.223688 -30.772276 -15.090007   0.750000   0.500000
  0.442211   0.480769   0.474749  -1.836271   0.147861 -23.655059 -19.241543   0.750000   0.500000
  0.447236   0.471542   0.475492  -1.955138   0.051172 -14.101429 -23.099835   0.750000   0.500000
  0.452261   0.461717   0.475749  -2.025997  -0.064904  -5.337303 -25.709478   0.750000   0.500000
  0.457286   0.451537   0.475423  -2.052817  -0.194095   5.097983 -26.311772   0.750000   0.500000
  0.462312   0.441219   0.474448  -2.027195  -0.326338  21.811654 -24.356325   0.750000   0.500000
  0.467337   0.431033   0.472808  -1.917591  -0.448728  41.467539 -21.963861   0.750000   0.500000
  0.472362   0.421397   0.470553  -1.709217  -0.559096  59.103108 -20.236490   0.750000   0.500000
  0.477387   0.412808   0.467744  -1.412224  -0.660785  73.104378 -15.747125   0.750000   0.500000
  0.482412   0.405712   0.464423  -1.044874  -0.739914  80.649300  -2.804917   0.750000   0.500000
  0.487437   0.400461   0.460705  -0.639612  -0.754009  82.974192  14.994235   0.750000   0.500000
  0.492462   0.397247   0.456916  -0.222666  -0.678663  84.409848  31.071204   0.750000   0.500000
  0.497487   0.396128   0.453506   0.201493  -0.522530  83.748349  43.518752   0.750000   0.500000
  0.502513   0.397141   0.450880   0.622412  -0.303805  74.239911  49.946471   0.750000   0.500000
  0.507538   0.400268   0.449353   0.995468  -0.052824  57.158896  51.465587   0.750000   0.500000
  0.512563   0.405271   0.449088   1.282692   0.205791  40.132188  52.299929   0.750000   0.500000
  0.517588   0.411716   0.450122   1.484356   0.468598  24.855629  52.383129   0.750000   0.500000
  0.522613   0.419175   0.452476   1.609255   0.731823  10.544915  47.017566   0.750000   0.500000
  0.527638   0.427262   0.456154   1.662243   0.968086  -2.457154  35.840180   0.750000   0.500000
  0.532663   0.435614   0.461018   1.649896   1.148183 -14.052335  23.807872   0.750000   0.500000
  0.537688   0.443905   0.466788   1.579283   1.267818 -24.266049  12.516070   0.750000   0.500000
  0.542714   0.451843   0.473160   1.457322   1.330724 -30.971108   2.657311   0.750000   0.500000
  0.547739   0.459166   0.479847   1.301692   1.344077 -33.245943  -4.496439   0.750000   0.500000
  0.552764   0.465707   0.486601   1.134631   1.321482 -33.896855  -9.873563   0.750000   0.500000
  0.557789   0.471408   0.493241   0.964300   1.271867 -34.109189 -14.605303   0.750000   0.500000
  0.562814   0.476254   0.499633   0.792901   1.198476 -32.694470 -17.918659   0.750000   0.500000
  0.567839   0.480238   0.505655   0.628611   1.108435 -29.413787 -18.834760   0.750000   0.500000
  0.572864   0.483397   0.511225   0.480807   1.013790 -25.889524 -18.562618   0.750000   0.500000
  0.577889   0.485813   0.516319   0.350712   0.920513 -22.599744 -17.927562   0.750000   0.500000
  0.582915   0.487576   0.520946   0.237126   0.830409 -19.184106 -16.584111   0.750000   0.500000
  0.587940   0.488767   0.525118   0.140726   0.747074 -15.781318 -14.554313   0.750000   0.500000
  0.592965   0.489474   0.528872   0.061425   0.673938 -12.775688 -12.544538   0.750000   0.500000
  0.597990   0.489783   0.532259  -0.002773   0.610902 -10.126423 -10.680870   0.750000   0.500000
  0.603015   0.489769   0.535329  -0.053658   0.557231  -7.836558  -8.815140   0.750000   0.500000
  0.608040   0.489499   0.538129  -0.093037   0.512934  -6.031575  -7.115379   0.750000   0.500000
  0.613065   0.489032   0.540706  -0.123346   0.477180  -4.558534  -5.715622   0.750000   0.500000
  0.618090   0.488412   0.543104  -0.146252   0.448459  -3.266822  -4.486471   0.750000   0.500000
  0.623116   0.487677   0.545358  -0.162672   0.425910  -2.247222  -3.394788   0.750000   0.500000
  0.628141   0.486860   0.547498  -0.173964   0.408851  -1.575425  -2.567628   0.750000   0.500000
  0.633166   0.485985   0.549553  -0.181880   0.395949  -1.059010  -1.953666   0.750000   0.500000
  0.638191   0.485071   0.551542  -0.187202   0.386131  -0.597344  -1.423960   0.750000   0.500000
  0.643216   0.484131   0.553483  -0.190203   0.378976  -0.262046  -0.978600   0.750000   0.500000
  0.648241   0.483175   0.555387  -0.191520   0.374058  -0.085251  -0.683913   0.750000   0.500000
  0.653266   0.482213   0.557267  -0.191949   0.370622   0.045219  -0.487162   0.750000   0.500000
  0.658291   0.481248   0.559129  -0.191721   0.368174   0.169582  -0.317660   0.750000   0.500000
  0.663317   0.480284   0.560980  -0.190869   0.366577   0.245093  -0.178303   0.750000   0.500000
  0.668342   0.479325   0.562822  -0.189638   0.365681   0.264216  -0.098225   0.750000   0.500000
  0.673367   0.478372   0.564659  -0.188310   0.365188   0.281297  -0.053758   0.750000   0.500000
  0.678392   0.477426   0.566494  -0.186896   0.364918   0.303988  -0.014782   0.750000   0.500000
  0.683417   0.476487   0.568328  -0.185369   0.364843   0.305484   0.019087   0.750000   0.500000
  0.688442   0.475556   0.570161  -0.183834   0.364939   0.288094   0.035367   0.750000   0.500000
  0.693467   0.474632   0.571995  -0.182386   0.365117   0.281898   0.038836   0.750000   0.500000
  0.698492   0.473715   0.573830  -0.180970   0.365312   0.283051   0.041628   0.750000   0.500000
  0.703518   0.472806   0.575666  -0.179547   0.365521   0.270296   0.047434   0.750000   0.500000
  0.708543   0.471904   0.577503  -0.178189   0.365760   0.247637   0.050302   0.750000   0.500000
  0.713568   0.471008   0.579341  -0.176944   0.366012   0.239234   0.046417   0.750000   0.500000
  0.718593   0.470119   0.581180  -0.175742   0.366246   0.239584   0.041410   0.750000   0.500000
  0.723618   0.469236   0.583020  -0.174538   0.366454   0.227463   0.041354   0.750000   0.500000
  0.728643   0.468359   0.584862  -0.173395   0.366662   0.204435   0.043318   0.750000   0.500000
  0.733668   0.467487   0.586704  -0.172368   0.366879   0.196265   0.039560   0.750000   0.500000
  0.738693   0.466621   0.588548  -0.171382   0.367078   0.199967   0.033060   0.750000   0.500000
  0.743719   0.465760   0.590393  -0.170377   0.367244   0.191647   0.031779   0.750000   0.500000
  0.748744   0.464904   0.592238  -0.169414   0.367404   0.167751   0.035144   0.750000   0.500000
  0.753769   0.464053   0.594084  -0.168571   0.367580   0.158698   0.032784   0.750000   0.500000
  0.758794   0.463205   0.595931  -0.167773   0.367745   0.166560   0.025577   0.750000   0.500000
  0.763819   0.462362   0.597779  -0.166936   0.367874   0.163191   0.023407   0.750000   0.500000
  0.768844   0.461524   0.599628  -0.166116   0.367991   0.137262   0.028626   0.750000   0.500000
  0.773869   0.460689   0.601477  -0.165426   0.368135   0.125616   0.028123   0.750000   0.500000
  0.778894   0.459858   0.603327  -0.164795   0.368277   0.138131   0.019881   0.750000   0.500000
  0.783920   0.459029   0.605178  -0.164101   0.368376   0.141060   0.016122   0.750000   0.500000
  0.788945   0.458205   0.607029  -0.163392   0.368457   0.111930   0.023521   0.750000   0.500000
  0.793970   0.457384   0.608880  -0.162830   0.368576   0.095550   0.025636   0.750000   0.500000
  0.798995   0.456565   0.610732  -0.162350   0.368704   0.113337   0.015886   0.750000   0.500000
  0.804020   0.455750   0.612585  -0.161780   0.368784   0.124546   0.009399   0.750000   0.500000
  0.809045   0.454937   0.614438  -0.161154   0.368832   0.091093   0.019350   0.750000   0.500000
  0.814070   0.454127   0.616292  -0.160697   0.368929   0.067182   0.025319   0.750000   0.500000
  0.819095   0.453319   0.618146  -0.160359   0.369056   0.090927   0.013575   0.750000   0.500000
  0.824121   0.452513   0.620000  -0.159902   0.369124   0.113191   0.002729   0.750000   0.500000
  0.829146   0.451710   0.621855  -0.159333   0.369138   0.074497   0.015528   0.750000   0.500000
  0.834171   0.450909   0.623710  -0.158959   0.369216   0.039513   0.027155   0.750000   0.500000
  0.839196   0.450110   0.625566  -0.158760   0.369352   0.069748   0.013088   0.750000   0.500000
  0.844221   0.449313   0.627422  -0.158410   0.369418   0.106519  -0.004207   0.750000   0.500000
  0.849246   0.448517   0.629278  -0.157874   0.369397   0.062199   0.011459   0.750000   0.500000
  0.854271   0.447723   0.631134  -0.157562   0.369455   0.011979   0.031082   0.750000   0.500000
  0.859296   0.446932   0.632991  -0.157502   0.369611   0.048795   0.014655   0.750000   0.500000
  0.864322   0.446140   0.634848  -0.157256   0.369684   0.103979  -0.011621   0.750000   0.500000
  0.869347   0.445350   0.636706  -0.156734   0.369626   0.054554   0.006365   0.750000   0.500000
  0.874372   0.444562   0.638563  -0.156460   0.369658  -0.015243   0.036669   0.750000   0.500000
  0.879397   0.443776   0.640421  -0.156536   0.369842   0.027440   0.018402   0.750000   0.500000
  0.884422   0.442989   0.642279  -0.156399   0.369935   0.104675  -0.019393   0.750000   0.500000
  0.889447   0.442204   0.644138  -0.155873   0.369837   0.051971  -0.000379   0.750000   0.500000
  0.894472   0.441420   0.645997  -0.155611   0.369835  -0.041212   0.043261   0.750000   0.500000
  0.899497   0.440638   0.647855  -0.155819   0.370053   0.005521   0.024393   0.750000   0.500000
  0.904523   0.439855   0.649715  -0.155791   0.370175   0.107482  -0.027103   0.750000   0.500000
  0.909548   0.439072   0.651575  -0.155251   0.370039   0.054619  -0.009215   0.750000   0.500000
  0.914573   0.438292   0.653435  -0.154976   0.369993  -0.064383   0.049814   0.750000   0.500000
  0.919598   0.437513   0.655294  -0.155300   0.370243  -0.016518   0.032329   0.750000   0.500000
  0.924623   0.436733   0.657154  -0.155383   0.370406   0.111039  -0.034073   0.750000   0.500000
  0.929648   0.435952   0.659015  -0.154825   0.370234   0.062224  -0.020155   0.750000   0.500000
  0.934673   0.435174   0.660876  -0.154512   0.370133  -0.083163   0.055267   0.750000   0.500000
  0.939698   0.434398   0.662736  -0.154930   0.370411  -0.037997   0.041730   0.750000   0.500000
  0.944724   0.433619   0.664598  -0.155121   0.370621   0.114098  -0.039616   0.750000   0.500000
  0.949749   0.432840   0.666460  -0.154548   0.370422   0.073583  -0.032618   0.750000   0.500000
  0.954774   0.432063   0.668321  -0.154178   0.370258  -0.097923   0.059666   0.750000   0.500000
  0.959799   0.431288   0.670182  -0.154670   0.370558  -0.062497   0.054745   0.750000   0.500000
  0.964824   0.430511   0.672044  -0.154984   0.370833   0.106158  -0.036980   0.750000   0.500000
  0.969849   0.429732   0.673907  -0.154451   0.370647   0.074504  -0.036988   0.750000   0.500000
  0.974874   0.428956   0.675770  -0.154076   0.370461  -0.120748   0.072835   0.750000   0.500000
  0.979899   0.428182   0.677631  -0.154683   0.370827  -0.105350   0.088342   0.750000   0.500000
  0.984925   0.427405   0.679495  -0.155212   0.371271   0.083115  -0.001990   0.750000   0.500000
  0.989950   0.426625   0.681361  -0.154795   0.371261   0.185978  -0.062715   0.750000   0.500000
  0.994975   0.425847   0.683226  -0.153860   0.370946   0.249447  -0.092980   0.750000   0.500000
  1.000000   0.425074   0.685090  -0.152607   0.370479   0.535817  -0.233803   0.750000   0.500000