   0.000000    0.576537    0.315224    0.000000    0.000000   10.525810   22.613043    0.750000    0.000000
   0.005025    0.576537    0.315224    0.052892    0.113631    8.322432   20.473695    0.750000    0.000000
   0.010050    0.576803    0.315795    0.094712    0.216511    7.444063   15.593753    0.750000    0.000000
   0.015075    0.577279    0.316883    0.132119    0.294869    7.568586    8.604490    0.750000    0.000000
   0.020101    0.577943    0.318365    0.170159    0.338116    7.365738    2.607699    0.750000    0.000000
   0.025126    0.578798    0.320064    0.207171    0.351219    6.592269   -1.585461    0.750000    0.000000
   0.030151    0.579839    0.321829    0.240298    0.343252    5.346151   -3.445206    0.750000    0.000000
   0.035176    0.581046    0.323554    0.267162    0.325940    3.711301   -2.686612    0.750000    0.000000
   0.040201    0.582389    0.325192    0.285811    0.312440    2.081533   -1.354686    0.750000    0.000000
   0.045226    0.583825    0.326762    0.296271    0.305633    0.646936   -0.609965    0.750000    0.000000
   0.050251    0.585314    0.328297    0.299522    0.302568   -0.554963   -0.258934    0.750000    0.000000
   0.055276    0.586819    0.329818    0.296733    0.301266   -1.459212    0.020837    0.750000    0.000000
   0.060302    0.588310    0.331332    0.289399    0.301371   -2.174671    0.248180    0.750000    0.000000
   0.065327    0.589764    0.332846    0.278471    0.302618   -2.829671    0.365450    0.750000    0.000000
   0.070352    0.591164    0.334367    0.264252    0.304455   -3.405684    0.434831    0.750000    0.000000
   0.075377    0.592492    0.335897    0.247139    0.306640   -3.812811    0.553606    0.750000    0.000000
   0.080402    0.593734    0.337438    0.227979    0.309422   -4.096936    0.669616    0.750000    0.000000
   0.085427    0.594879    0.338993    0.207392    0.312786   -4.352168    0.713658    0.750000    0.000000
   0.090452    0.595921    0.340564    0.185523    0.316373   -4.572431    0.722945    0.750000    0.000000
   0.095477    0.596854    0.342154    0.162546    0.320005   -4.687395    0.770538    0.750000    0.000000
   0.100503    0.597670    0.343762    0.138987    0.323878   -4.718089    0.822544    0.750000    0.000000
   0.105528    0.598369    0.345390    0.115279    0.328011   -4.737370    0.824591    0.750000    0.000000
   0.110553    0.598948    0.347038    0.091474    0.332155   -4.748490    0.801055    0.750000    0.000000
   0.115578    0.599408    0.348707    0.067612    0.336180   -4.697629    0.806942    0.750000    0.000000
   0.120603    0.599748    0.350397    0.044007    0.340235   -4.589236    0.820548    0.750000    0.000000
   0.125628    0.599969    0.352106    0.020946    0.344358   -4.479091    0.799648    0.750000    0.000000
   0.130653    0.600074    0.353837   -0.001561    0.348377   -4.376444    0.760245    0.750000    0.000000
   0.135678    0.600066    0.355587   -0.023553    0.352197   -4.240989    0.743506    0.750000    0.000000
   0.140704    0.599948    0.357357   -0.044868    0.355934   -4.066306    0.735539    0.750000    0.000000
   0.145729    0.599722    0.359146   -0.065302    0.359630   -3.894536    0.703770    0.750000    0.000000
   0.150754    0.599394    0.360953   -0.084872    0.363166   -3.738637    0.658907    0.750000    0.000000
   0.155779    0.598968    0.362778   -0.103658    0.366477   -3.569242    0.631668    0.750000    0.000000
   0.160804    0.598447    0.364620   -0.121594    0.369651   -3.373180    0.612960    0.750000    0.000000
   0.165829    0.597836    0.366477   -0.138544    0.372731   -3.181496    0.577751    0.750000    0.000000
   0.170854    0.597140    0.368350   -0.154531    0.375635   -3.009391    0.533481    0.750000    0.000000
   0.175879    0.596363    0.370238   -0.169653    0.378315   -2.836298    0.503104    0.750000    0.000000
   0.180905    0.595510    0.372139   -0.183908    0.380844   -2.645001    0.480360    0.750000    0.000000
   0.185930    0.594586    0.374053   -0.197199    0.383258   -2.457762    0.446021    0.750000    0.000000
   0.190955    0.593595    0.375979   -0.209550    0.385499   -2.290922    0.405599    0.750000    0.000000
   0.195980    0.592542    0.377916   -0.221062    0.387537   -2.130971    0.376371    0.750000    0.000000
   0.201005    0.591432    0.379863   -0.231770    0.389428   -1.958636    0.353630    0.750000    0.000000
   0.206030    0.590267    0.381820   -0.241612    0.391205   -1.788927    0.322495    0.750000    0.000000
   0.211055    0.589053    0.383786   -0.250601    0.392826   -1.638701    0.287400    0.750000    0.000000
   0.216080    0.587793    0.385760   -0.258836    0.394270   -1.500111    0.261546    0.750000    0.000000
   0.221106    0.586493    0.387741   -0.266375    0.395585   -1.353056    0.241002    0.750000    0.000000
   0.226131    0.585154    0.389729   -0.273174    0.396796   -1.206772    0.214100    0.750000    0.000000
   0.231156    0.583781    0.391723   -0.279238    0.397872   -1.078100    0.184719    0.750000    0.000000
   0.236181    0.582378    0.393722   -0.284656    0.398800   -0.963732    0.163190    0.750000    0.000000
   0.241206    0.580948    0.395726   -0.289499    0.399620   -0.843685    0.145921    0.750000    0.000000
   0.246231    0.579493    0.397734   -0.293738    0.400353   -0.722325    0.123515    0.750000    0.000000
   0.251256    0.578017    0.399746   -0.297368    0.400974   -0.616177    0.099592    0.750000    0.000000
   0.256281    0.576523    0.401761   -0.300464    0.401474   -0.525597    0.082506    0.750000    0.000000
   0.261307    0.575013    0.403779   -0.303106    0.401889   -0.431348    0.068808    0.750000    0.000000
   0.266332    0.573490    0.405798   -0.305273    0.402235   -0.333784    0.050663    0.750000    0.000000
   0.271357    0.571956    0.407820   -0.306951    0.402489   -0.248633    0.031517    0.750000    0.000000
   0.276382    0.570413    0.409842   -0.308200    0.402648   -0.179179    0.018398    0.750000    0.000000
   0.281407    0.568864    0.411865   -0.309100    0.402740   -0.107808    0.008071    0.750000    0.000000
   0.286432    0.567311    0.413889   -0.309642    0.402781   -0.031266   -0.006350    0.750000    0.000000
   0.291457    0.565755    0.415913   -0.309799    0.402749    0.036660   -0.021850    0.750000    0.000000
   0.296482    0.564198    0.417937   -0.309615    0.402639    0.090546   -0.032344    0.750000    0.000000
   0.301508    0.562642    0.419961   -0.309160    0.402476    0.144076   -0.040202    0.750000    0.000000
   0.306533    0.561089    0.421983   -0.308436    0.402274    0.203854   -0.051800    0.750000    0.000000
   0.311558    0.559539    0.424005   -0.307411    0.402014    0.262312   -0.065750    0.750000    0.000000
   0.316583    0.557994    0.426025   -0.306093    0.401684    0.313671   -0.076990    0.750000    0.000000
   0.321608    0.556456    0.428043   -0.304517    0.401297    0.359188   -0.084595    0.750000    0.000000
   0.326633    0.554926    0.430060   -0.302712    0.400872    0.408368   -0.094619    0.750000    0.000000
   0.331658    0.553405    0.432074   -0.300660    0.400396    0.474960   -0.111443    0.750000    0.000000
   0.336683    0.551894    0.434086   -0.298274    0.399836    0.558635   -0.132337    0.750000    0.000000
   0.341709    0.550395    0.436096   -0.295466    0.399171    0.618080   -0.144931    0.750000    0.000000
   0.346734    0.548910    0.438101   -0.292360    0.398443    0.661601   -0.153879    0.750000    0.000000
   0.351759    0.547441    0.440104   -0.289035    0.397670    0.773887   -0.182166    0.750000    0.000000
   0.356784    0.545989    0.442102   -0.285147    0.396754    0.977179   -0.233576    0.750000    0.000000
   0.361809    0.544556    0.444096   -0.280236    0.395580    1.086422   -0.258166    0.750000    0.000000
   0.366834    0.543148    0.446083   -0.274777    0.394283    1.086737   -0.252317    0.750000    0.000000
   0.371859    0.541767    0.448065   -0.269316    0.393015    1.275964   -0.290611    0.750000    0.000000
   0.376884    0.540413    0.450040   -0.262904    0.391555    1.731969   -0.390643    0.750000    0.000000
   0.381910    0.539092    0.452008   -0.254200    0.389592    1.826037   -0.396716    0.750000    0.000000
   0.386935    0.537815    0.453965   -0.245024    0.387598    1.431091   -0.266730    0.750000    0.000000
   0.391960    0.536583    0.455913   -0.237833    0.386258    1.354466   -0.167005    0.750000    0.000000
   0.396985    0.535388    0.457854   -0.231026    0.385419    1.710955   -0.119951    0.750000    0.000000
   0.402010    0.534227    0.459791   -0.222429    0.384816    0.842150    0.177868    0.750000    0.000000
   0.407035    0.533110    0.461724   -0.218197    0.385710   -1.656937    0.848350    0.750000    0.000000
   0.412060    0.532013    0.463662   -0.226523    0.389973   -4.390734    1.818784    0.750000    0.000000
   0.417085    0.530875    0.465622   -0.248587    0.399112   -7.918676    3.304295    0.750000    0.000000
   0.422111    0.529626    0.467628   -0.288386    0.415719  -14.949305    5.274786    0.750000    0.000000
   0.427136    0.528177    0.469717   -0.363506    0.442225  -25.262721    7.505222    0.750000    0.000000
   0.432161    0.526350    0.471939   -0.490451    0.479939  -38.542592   10.879282    0.750000    0.000000
   0.437186    0.523885    0.474351   -0.684128    0.534607  -57.269392   15.527261    0.750000    0.000000
   0.442211    0.520448    0.477037   -0.971906    0.612632  -76.789500   16.671295    0.750000    0.000000
   0.447236    0.515564    0.480116   -1.357774    0.696405  -88.468731   11.146055    0.750000    0.000000
   0.452261    0.508741    0.483615   -1.802329    0.752414  -94.388315    0.291437    0.750000    0.000000
   0.457286    0.499684    0.487396   -2.276630    0.753878  -90.164602  -20.856299    0.750000    0.000000
   0.462312    0.488242    0.491185   -2.729798    0.649055  -57.891576  -55.847228    0.750000    0.000000
   0.467337    0.474525    0.494447   -3.020703    0.368422   -3.405261  -91.869019    0.750000    0.000000
   0.472362    0.459346    0.496298   -3.037814   -0.093219   56.835642 -122.179419    0.750000    0.000000
   0.477387    0.444081    0.495829   -2.752215   -0.707171  122.063274 -139.009042    0.750000    0.000000
   0.482412    0.430251    0.492276   -2.138847   -1.405691  176.593667 -114.423261    0.750000    0.000000
   0.487437    0.419503    0.485212   -1.251464   -1.980668  198.971147  -50.613374    0.750000    0.000000
   0.492462    0.413214    0.475259   -0.251634   -2.235001  197.991781   26.117592    0.750000    0.000000
   0.497487    0.411950    0.464029    0.743275   -2.103760  175.052182  110.714066    0.750000    0.000000
   0.502513    0.415686    0.453455    1.623087   -1.547311  120.708619  179.448953    0.750000    0.000000
   0.507538    0.423842    0.445680    2.229648   -0.645580   56.793202  199.694630    0.750000    0.000000
   0.512563    0.435046    0.442436    2.515034    0.357886    3.879901  184.318417    0.750000    0.000000
   0.517588    0.447684    0.444234    2.534530    1.284086  -40.046066  140.879325    0.750000    0.000000
   0.522613    0.460420    0.450687    2.333299    1.992004  -71.265018   69.241517    0.750000    0.000000
   0.527638    0.472145    0.460697    1.975192    2.339943  -84.445895    2.435358    0.750000    0.000000
   0.532663    0.482070    0.472455    1.550851    2.352181  -87.340497  -41.259866    0.750000    0.000000
   0.537688    0.489863    0.484274    1.111965    2.144850  -82.629172  -67.164442    0.750000    0.000000
   0.542714    0.495452    0.495054    0.696671    1.807281  -66.988393  -73.000317    0.750000    0.000000
   0.547739    0.498952    0.504136    0.360054    1.440455  -47.913189  -63.263875    0.750000    0.000000
   0.552764    0.500762    0.511374    0.119291    1.122554  -33.486989  -51.200356    0.750000    0.000000
   0.557789    0.501361    0.517015   -0.048981    0.865272  -22.319048  -39.284699    0.750000    0.000000
   0.562814    0.501115    0.521363   -0.161135    0.667866  -12.934634  -26.470789    0.750000    0.000000
   0.567839    0.500305    0.524719   -0.226131    0.534851   -6.478920  -16.361507    0.750000    0.000000
   0.572864    0.499169    0.527407   -0.258688    0.452634   -2.464204  -10.249964    0.750000    0.000000
   0.577889    0.497869    0.529681   -0.271070    0.401128    0.161090   -6.150178    0.750000    0.000000
   0.582915    0.496507    0.531697   -0.270261    0.370217    1.362340   -3.226301    0.750000    0.000000
   0.587940    0.495149    0.533558   -0.263415    0.354005    1.627084   -1.504534    0.750000    0.000000
   0.592965    0.493825    0.535337   -0.255239    0.346445    1.898508   -0.441502    0.750000    0.000000
   0.597990    0.492542    0.537077   -0.245699    0.344226    2.132400    0.300722    0.750000    0.000000
   0.603015    0.491308    0.538807   -0.234984    0.345737    1.921570    0.592443    0.750000    0.000000
   0.608040    0.490127    0.540545   -0.225328    0.348714    1.499464    0.556537    0.750000    0.000000
   0.613065    0.488995    0.542297   -0.217793    0.351511    1.300651    0.555394    0.750000    0.000000
   0.618090    0.487900    0.544063   -0.211257    0.354302    1.212509    0.592500    0.750000    0.000000
   0.623116    0.486839    0.545844   -0.205163    0.357280    1.016545    0.522279    0.750000    0.000000
   0.628141    0.485808    0.547639   -0.200055    0.359904    0.784562    0.382335    0.750000    0.000000
   0.633166    0.484802    0.549448   -0.196113    0.361825    0.667597    0.304815    0.750000    0.000000
   0.638191    0.483817    0.551266   -0.192758    0.363357    0.608068    0.271579    0.750000    0.000000
   0.643216    0.482848    0.553092   -0.189702    0.364722    0.519275    0.221853    0.750000    0.000000
   0.648241    0.481895    0.554925   -0.187093    0.365837    0.425809    0.159355    0.750000    0.000000
   0.653266    0.480955    0.556763   -0.184953    0.366637    0.380458    0.121016    0.750000    0.000000
   0.658291    0.480025    0.558605   -0.183041    0.367246    0.356572    0.101418    0.750000    0.000000
   0.663317    0.479105    0.560451   -0.181249    0.367755    0.318002    0.083322    0.750000    0.000000
   0.668342    0.478195    0.562299   -0.179651    0.368174    0.277800    0.063149    0.750000    0.000000
   0.673367    0.477292    0.564149   -0.178255    0.368491    0.261344    0.047623    0.750000    0.000000
   0.678392    0.476396    0.566001   -0.176942    0.368731    0.253684    0.038176    0.750000    0.000000
   0.683417    0.475507    0.567854   -0.175667    0.368922    0.233474    0.033440    0.750000    0.000000
   0.688442    0.474624    0.569707   -0.174494    0.369090    0.209880    0.029050    0.750000    0.000000
   0.693467    0.473748    0.571562   -0.173440    0.369236    0.202888    0.022267    0.750000    0.000000
   0.698492    0.472876    0.573418   -0.172420    0.369348    0.202248    0.016524    0.750000    0.000000
   0.703518    0.472009    0.575274   -0.171404    0.369431    0.189115    0.015957    0.750000    0.000000
   0.708543    0.471148    0.577130   -0.170453    0.369512    0.169619    0.016988    0.750000    0.000000
   0.713568    0.470292    0.578987   -0.169601    0.369597    0.165099    0.013362    0.750000    0.000000
   0.718593    0.469439    0.580844   -0.168771    0.369664    0.168490    0.008482    0.750000    0.000000
   0.723618    0.468591    0.582702   -0.167925    0.369707    0.159374    0.008805    0.750000    0.000000
   0.728643    0.467747    0.584560   -0.167124    0.369751    0.139921    0.012050    0.750000    0.000000
   0.733668    0.466908    0.586418   -0.166421    0.369811    0.135253    0.009852    0.750000    0.000000
   0.738693    0.466071    0.588276   -0.165741    0.369861    0.142055    0.004699    0.750000    0.000000
   0.743719    0.465238    0.590135   -0.165027    0.369885    0.136653    0.004700    0.750000    0.000000
   0.748744    0.464409    0.591993   -0.164340    0.369908    0.115648    0.009449    0.750000    0.000000
   0.753769    0.463583    0.593852   -0.163759    0.369956    0.109346    0.008451    0.750000    0.000000
   0.758794    0.462760    0.595711   -0.163210    0.369998    0.119761    0.002490    0.750000    0.000000
   0.763819    0.461940    0.597571   -0.162608    0.370011    0.118799    0.001491    0.750000    0.000000
   0.768844    0.461123    0.599430   -0.162011    0.370018    0.095171    0.007846    0.750000    0.000000
   0.773869    0.460309    0.601289   -0.161533    0.370058    0.085706    0.008428    0.750000    0.000000
   0.778894    0.459497    0.603149   -0.161102    0.370100    0.100280    0.001202    0.750000    0.000000
   0.783920    0.458688    0.605009   -0.160598    0.370106    0.105158   -0.001596    0.750000    0.000000
   0.788945    0.457881    0.606869   -0.160070    0.370098    0.077879    0.006715    0.750000    0.000000
   0.793970    0.457076    0.608728   -0.159678    0.370132    0.063254    0.009697    0.750000    0.000000
   0.798995    0.456274    0.610588   -0.159360    0.370180    0.082704    0.000767    0.750000    0.000000
   0.804020    0.455473    0.612448   -0.158945    0.370184    0.095490   -0.004943    0.750000    0.000000
   0.809045    0.454674    0.614309   -0.158465    0.370159    0.063532    0.005747    0.750000    0.000000
   0.814070    0.453878    0.616169   -0.158146    0.370188    0.041040    0.012416    0.750000    0.000000
   0.819095    0.453083    0.618029   -0.157940    0.370251    0.066130    0.001336    0.750000    0.000000
   0.824121    0.452290    0.619890   -0.157607    0.370257    0.089671   -0.008881    0.750000    0.000000
   0.829146    0.451498    0.621750   -0.157157    0.370213    0.052187    0.004515    0.750000    0.000000
   0.834171    0.450708    0.623611   -0.156894    0.370235    0.018352    0.016709    0.750000    0.000000
   0.839196    0.449920    0.625471   -0.156802    0.370319    0.049676    0.003180    0.750000    0.000000
   0.844221    0.449132    0.627332   -0.156553    0.370335    0.087481   -0.013606    0.750000    0.000000
   0.849246    0.448345    0.629193   -0.156113    0.370267    0.044141    0.002544    0.750000    0.000000
   0.854271    0.447560    0.631053   -0.155891    0.370280   -0.005150    0.022626    0.750000    0.000000
   0.859296    0.446777    0.632914   -0.155917    0.370394    0.032547    0.006634    0.750000    0.000000
   0.864322    0.445994    0.634776   -0.155753    0.370427    0.088567   -0.019229    0.750000    0.000000
   0.869347    0.445211    0.636637   -0.155308    0.370330    0.039936   -0.000851    0.750000    0.000000
   0.874372    0.444430    0.638498   -0.155108    0.370326   -0.029109    0.029824    0.750000    0.000000
   0.879397    0.443651    0.640359   -0.155254    0.370476    0.014288    0.011911    0.750000    0.000000
   0.884422    0.442871    0.642221   -0.155182    0.370536    0.092200   -0.025550    0.750000    0.000000
   0.889447    0.442091    0.644082   -0.154719    0.370407    0.040138   -0.006219    0.750000    0.000000
   0.894472    0.441314    0.645944   -0.154517    0.370376   -0.052436    0.037722    0.750000    0.000000
   0.899497    0.440537    0.647805   -0.154781    0.370566   -0.005125    0.019139    0.750000    0.000000
   0.904523    0.439759    0.649667   -0.154806    0.370662    0.097384   -0.032087    0.750000    0.000000
   0.909548    0.438981    0.651530   -0.154317    0.370501    0.045041   -0.013942    0.750000    0.000000
   0.914573    0.438206    0.653392   -0.154091    0.370430   -0.073468    0.045330    0.750000    0.000000
   0.919598    0.437432    0.655253   -0.154460    0.370658   -0.025136    0.028075    0.750000    0.000000
   0.924623    0.436655    0.657116   -0.154586    0.370799    0.102865   -0.038107    0.750000    0.000000
   0.929648    0.435879    0.658979   -0.154069    0.370608    0.054472   -0.023981    0.750000    0.000000
   0.934673    0.435104    0.660841   -0.153796    0.370487   -0.090516    0.051638    0.750000    0.000000
   0.939698    0.434332    0.662703   -0.154250    0.370747   -0.044972    0.038288    0.750000    0.000000
   0.944724    0.433556    0.664566   -0.154477    0.370939    0.107482   -0.042882    0.750000    0.000000
   0.949749    0.432780    0.666430   -0.153936    0.370724    0.067308   -0.035716    0.750000    0.000000
   0.954774    0.432007    0.668293   -0.153598    0.370544   -0.103876    0.056727    0.750000    0.000000
   0.959799    0.431235    0.670155   -0.154120    0.370829   -0.068143    0.051957    0.750000    0.000000
   0.964824    0.430460    0.672019   -0.154463    0.371090    0.100804   -0.039625    0.750000    0.000000
   0.969849    0.429684    0.673883   -0.153956    0.370891    0.069427   -0.039497    0.750000    0.000000
   0.974874    0.428910    0.675747   -0.153607    0.370693   -0.125564    0.070454    0.750000    0.000000
   0.979899    0.428139    0.677610   -0.154238    0.371047   -0.109918    0.086085    0.750000    0.000000
   0.984925    0.427363    0.679475   -0.154791    0.371480    0.078781   -0.004129    0.750000    0.000000
   0.989950    0.426586    0.681341   -0.154395    0.371459    0.181867   -0.064745    0.750000    0.000000
   0.994975    0.425810    0.683208   -0.153481    0.371133    0.245547   -0.094906    0.750000    0.000000
   1.000000    0.425038    0.685073   -0.152247    0.370657    0.532119   -0.235631    0.750000    0.000000