  0.000000   0.611114   0.333706   0.000000   0.000000   8.907213  21.821096   0.875000   0.375000
  0.005025   0.611114   0.333706   0.044759   0.109651   6.681711  19.749825   0.875000   0.375000
  0.010050   0.611339   0.334257   0.078334   0.208894   6.328721  15.188082   0.875000   0.375000
  0.015075   0.611733   0.335307   0.110136   0.285214   7.416597   8.614936   0.875000   0.375000
  0.020101   0.612286   0.336740   0.147412   0.328513   8.016613   2.866605   0.875000   0.375000
  0.025126   0.613027   0.338391   0.187695   0.342917   7.725739  -1.222648   0.875000   0.375000
  0.030151   0.613970   0.340114   0.226517   0.336774   6.568613  -3.074407   0.875000   0.375000
  0.035176   0.615108   0.341806   0.259525   0.321325   4.600516  -2.408325   0.875000   0.375000
  0.040201   0.616412   0.343421   0.282642   0.309223   2.560971  -1.204345   0.875000   0.375000
  0.045226   0.617833   0.344975   0.295511   0.303171   0.828416  -0.571590   0.875000   0.375000
  0.050251   0.619318   0.346498   0.299674   0.300299  -0.582922  -0.314784   0.875000   0.375000
  0.055276   0.620823   0.348007   0.296745   0.298717  -1.645714  -0.112754   0.875000   0.375000
  0.060302   0.622315   0.349509   0.288473   0.298150  -2.487964   0.055159   0.875000   0.375000
  0.065327   0.623764   0.351007   0.275971   0.298427  -3.247118   0.124971   0.875000   0.375000
  0.070352   0.625151   0.352506   0.259655   0.299055  -3.909627   0.151754   0.875000   0.375000
  0.075377   0.626456   0.354009   0.240009   0.299818  -4.387072   0.234764   0.875000   0.375000
  0.080402   0.627662   0.355516   0.217964   0.300998  -4.725525   0.327367   0.875000   0.375000
  0.085427   0.628757   0.357028   0.194218   0.302643  -5.021852   0.355882   0.875000   0.375000
  0.090452   0.629733   0.358549   0.168983   0.304431  -5.273195   0.350796   0.875000   0.375000
  0.095477   0.630582   0.360079   0.142485   0.306194  -5.409968   0.386882   0.875000   0.375000
  0.100503   0.631299   0.361618   0.115295   0.308138  -5.452569   0.436501   0.875000   0.375000
  0.105528   0.631878   0.363166   0.087896   0.310332  -5.475839   0.441651   0.875000   0.375000
  0.110553   0.632320   0.364726   0.060379   0.312551  -5.485754   0.420077   0.875000   0.375000
  0.115578   0.632623   0.366296   0.032814   0.314662  -5.428927   0.428075   0.875000   0.375000
  0.120603   0.632788   0.367877   0.005533   0.316813  -5.308637   0.450727   0.875000   0.375000
  0.125628   0.632816   0.369469  -0.021143   0.319078  -5.182080   0.442963   0.875000   0.375000
  0.130653   0.632709   0.371073  -0.047183   0.321304  -5.060895   0.414202   0.875000   0.375000
  0.135678   0.632472   0.372687  -0.072614   0.323385  -4.905055   0.406394   0.875000   0.375000
  0.140704   0.632107   0.374313  -0.097266   0.325428  -4.706600   0.412806   0.875000   0.375000
  0.145729   0.631619   0.375948  -0.120917   0.327502  -4.508653   0.398763   0.875000   0.375000
  0.150754   0.631011   0.377594  -0.143573   0.329506  -4.326330   0.368419   0.875000   0.375000
  0.155779   0.630290   0.379249  -0.165313   0.331357  -4.130507   0.352714   0.875000   0.375000
  0.160804   0.629459   0.380914  -0.186069   0.333129  -3.906233   0.349951   0.875000   0.375000
  0.165829   0.628524   0.382588  -0.205698   0.334888  -3.685161   0.333739   0.875000   0.375000
  0.170854   0.627490   0.384271  -0.224215   0.336565  -3.484502   0.304981   0.875000   0.375000
  0.175879   0.626364   0.385962  -0.241725   0.338097  -3.283967   0.286261   0.875000   0.375000
  0.180905   0.625149   0.387662  -0.258230   0.339536  -3.064403   0.278838   0.875000   0.375000
  0.185930   0.623851   0.389368  -0.273629   0.340937  -2.848391   0.262844   0.875000   0.375000
  0.190955   0.622476   0.391081  -0.287942   0.342258  -2.654172   0.237292   0.875000   0.375000
  0.195980   0.621029   0.392801  -0.301279   0.343451  -2.468599   0.218492   0.875000   0.375000
  0.201005   0.619515   0.394527  -0.313684   0.344548  -2.270390   0.209260   0.875000   0.375000
  0.206030   0.617939   0.396258  -0.325093   0.345600  -2.074587   0.194802   0.875000   0.375000
  0.211055   0.616305   0.397995  -0.335518   0.346579  -1.899877   0.173110   0.875000   0.375000
  0.216080   0.614619   0.399736  -0.345064   0.347449  -1.738889   0.155819   0.875000   0.375000
  0.221106   0.612885   0.401483  -0.353804   0.348232  -1.569498   0.146439   0.875000   0.375000
  0.226131   0.611107   0.403232  -0.361691   0.348968  -1.400720   0.134101   0.875000   0.375000
  0.231156   0.609290   0.404986  -0.368729   0.349642  -1.251130   0.116322   0.875000   0.375000
  0.236181   0.607437   0.406743  -0.375016   0.350226  -1.118066   0.101296   0.875000   0.375000
  0.241206   0.605552   0.408503  -0.380635   0.350735  -0.979619   0.092698   0.875000   0.375000
  0.246231   0.603640   0.410265  -0.385557   0.351201  -0.839581   0.082636   0.875000   0.375000
  0.251256   0.601702   0.412030  -0.389776   0.351616  -0.715993   0.068452   0.875000   0.375000
  0.256281   0.599744   0.413797  -0.393374   0.351960  -0.610199   0.055830   0.875000   0.375000
  0.261307   0.597767   0.415566  -0.396441   0.352241  -0.501530   0.048406   0.875000   0.375000
  0.266332   0.595774   0.417336  -0.398961   0.352484  -0.389023   0.040493   0.875000   0.375000
  0.271357   0.593770   0.419107  -0.400916   0.352688  -0.289011   0.029263   0.875000   0.375000
  0.276382   0.591755   0.420879  -0.402368   0.352835  -0.206844   0.018613   0.875000   0.375000
  0.281407   0.589733   0.422652  -0.403408   0.352928  -0.125841   0.012403   0.875000   0.375000
  0.286432   0.587706   0.424426  -0.404040   0.352990  -0.039141   0.006446   0.875000   0.375000
  0.291457   0.585676   0.426200  -0.404237   0.353023   0.042475  -0.002855   0.875000   0.375000
  0.296482   0.583644   0.427974  -0.404023   0.353008   0.107742  -0.012971   0.875000   0.375000
  0.301508   0.581614   0.429748  -0.403482   0.352943   0.159680  -0.018439   0.875000   0.375000
  0.306533   0.579586   0.431521  -0.402679   0.352851   0.215385  -0.022299   0.875000   0.375000
  0.311558   0.577563   0.433294  -0.401597   0.352739   0.282443  -0.030816   0.875000   0.375000
  0.316583   0.575545   0.435067  -0.400178   0.352584   0.336826  -0.043459   0.875000   0.375000
  0.321608   0.573534   0.436839  -0.398485   0.352365   0.336936  -0.049962   0.875000   0.375000
  0.326633   0.571532   0.438609  -0.396792   0.352114   0.320833  -0.050671   0.875000   0.375000
  0.331658   0.569538   0.440379  -0.395180   0.351860   0.348268  -0.057982   0.875000   0.375000
  0.336683   0.567552   0.442147  -0.393430   0.351568   0.364199  -0.078079   0.875000   0.375000
  0.341709   0.565575   0.443914  -0.391599   0.351176   0.207526  -0.093791   0.875000   0.375000
  0.346734   0.563607   0.445678  -0.390556   0.350705  -0.042646  -0.094161   0.875000   0.375000
  0.351759   0.561644   0.447441  -0.390771   0.350231  -0.212151  -0.098117   0.875000   0.375000
  0.356784   0.559681   0.449201  -0.391837   0.349738  -0.430102  -0.134996   0.875000   0.375000
  0.361809   0.557712   0.450958  -0.393998   0.349060  -1.086135  -0.198070   0.875000   0.375000
  0.366834   0.555732   0.452712  -0.399456   0.348065  -2.016096  -0.241026   0.875000   0.375000
  0.371859   0.553724   0.454461  -0.409587   0.346854  -2.886039  -0.270033   0.875000   0.375000
  0.376884   0.551666   0.456204  -0.424089   0.345497  -3.993628  -0.379929   0.875000   0.375000
  0.381910   0.549535   0.457941  -0.444161   0.343587  -5.937152  -0.650441   0.875000   0.375000
  0.386935   0.547303   0.459667  -0.473995   0.340319  -8.313414  -0.952648   0.875000   0.375000
  0.391960   0.544921   0.461377  -0.515770   0.335532 -10.753206  -1.229046   0.875000   0.375000
  0.396985   0.542329   0.463063  -0.569805   0.329356 -13.865698  -1.737679   0.875000   0.375000
  0.402010   0.539466   0.464718  -0.639480   0.320624 -17.931556  -2.761531   0.875000   0.375000
  0.407035   0.536253   0.466329  -0.729586   0.306747 -21.898018  -3.977427   0.875000   0.375000
  0.412060   0.532587   0.467871  -0.839624   0.286761 -25.694137  -5.270155   0.875000   0.375000
  0.417085   0.528367   0.469312  -0.968737   0.260278 -30.054779  -7.281870   0.875000   0.375000
  0.422111   0.523499   0.470620  -1.119792   0.223679 -34.129926 -10.298290   0.875000   0.375000
  0.427136   0.517872   0.471744  -1.291295   0.171930 -36.505660 -13.273240   0.875000   0.375000
  0.432161   0.511383   0.472608  -1.474736   0.105232 -37.556222 -16.168216   0.875000   0.375000
  0.437186   0.503972   0.473137  -1.663456   0.023987 -36.180913 -20.264480   0.875000   0.375000
  0.442211   0.495613   0.473257  -1.845265  -0.077842 -29.833315 -25.473625   0.875000   0.375000
  0.447236   0.486341   0.472866  -1.995177  -0.205847 -21.156646 -29.389999   0.875000   0.375000
  0.452261   0.476315   0.471832  -2.101490  -0.353532 -13.063029 -31.241075   0.875000   0.375000
  0.457286   0.465755   0.470055  -2.167131  -0.510518  -1.578709 -30.664914   0.875000   0.375000
  0.462312   0.454863   0.467489  -2.175066  -0.664640  20.084969 -27.591866   0.875000   0.375000
  0.467337   0.443933   0.464149  -2.074139  -0.803289  46.764890 -24.662298   0.875000   0.375000
  0.472362   0.433511   0.460113  -1.839145  -0.927217  70.866315 -22.596515   0.875000   0.375000
  0.477387   0.424269   0.455454  -1.483042  -1.040765  89.463376 -15.978202   0.875000   0.375000
  0.482412   0.416817   0.450224  -1.033489  -1.121055  97.090978   3.706094   0.875000   0.375000
  0.487437   0.411624   0.444590  -0.545607  -1.102432  95.647017  30.811755   0.875000   0.375000
  0.492462   0.408882   0.439051  -0.064980  -0.947603  92.707541  55.423655   0.875000   0.375000
  0.497487   0.408555   0.434289   0.400875  -0.669099  87.447864  74.020590   0.875000   0.375000
  0.502513   0.410570   0.430926   0.840388  -0.297071  72.198125  80.723282   0.875000   0.375000
  0.507538   0.414793   0.429433   1.203184   0.108563  49.030879  77.186423   0.875000   0.375000
  0.512563   0.420839   0.429979   1.449564   0.496425  26.454485  72.180457   0.875000   0.375000
  0.517588   0.428123   0.432473   1.582498   0.859132   6.492587  66.660133   0.875000   0.375000
  0.522613   0.436075   0.436791   1.615123   1.194099  -9.439685  54.774681   0.875000   0.375000
  0.527638   0.444191   0.442791   1.567688   1.469342 -20.251140  36.414425   0.875000   0.375000
  0.532663   0.452069   0.450174   1.465926   1.652324 -28.511456  17.470939   0.875000   0.375000
  0.537688   0.459435   0.458477   1.322656   1.740115 -35.545626  -0.203181   0.875000   0.375000
  0.542714   0.466083   0.467223   1.144004   1.739094 -39.154523 -13.921284   0.875000   0.375000
  0.547739   0.471832   0.475962   0.947253   1.669140 -38.378775 -20.957198   0.875000   0.375000
  0.552764   0.476591   0.484350   0.754399   1.563830 -36.073564 -24.530161   0.875000   0.375000
  0.557789   0.480382   0.492208   0.573130   1.440566 -33.281946 -27.388716   0.875000   0.375000
  0.562814   0.483262   0.499447   0.405888   1.302938 -29.249561 -28.937470   0.875000   0.375000
  0.567839   0.485302   0.505994   0.258909   1.157527 -24.580741 -28.073000   0.875000   0.375000
  0.572864   0.486603   0.511810   0.135391   1.016460 -20.477035 -25.967144   0.875000   0.375000
  0.577889   0.487283   0.516918   0.032493   0.885975 -16.737743 -23.295208   0.875000   0.375000
  0.582915   0.487447   0.521371  -0.051630   0.768893 -13.002176 -19.803554   0.875000   0.375000
  0.587940   0.487187   0.525235  -0.116966   0.669380  -9.766116 -16.205179   0.875000   0.375000
  0.592965   0.486599   0.528598  -0.166041   0.587949  -7.270977 -13.271095   0.875000   0.375000
  0.597990   0.485765   0.531553  -0.202578   0.521262  -5.227777 -10.690395   0.875000   0.375000
  0.603015   0.484747   0.534172  -0.228847   0.467543  -3.585400  -8.177869   0.875000   0.375000
  0.608040   0.483597   0.536522  -0.246864   0.426449  -2.412022  -6.092915   0.875000   0.375000
  0.613065   0.482357   0.538664  -0.258984   0.395832  -1.507755  -4.561400   0.875000   0.375000
  0.618090   0.481055   0.540654  -0.266561   0.372911  -0.766693  -3.317758   0.875000   0.375000
  0.623116   0.479715   0.542528  -0.270414   0.356236  -0.296122  -2.294977   0.875000   0.375000
  0.628141   0.478357   0.544318  -0.271902   0.344704  -0.066935  -1.582883   0.875000   0.375000
  0.633166   0.476990   0.546050  -0.272239   0.336750   0.134288  -1.073890   0.875000   0.375000
  0.638191   0.475622   0.547742  -0.271564   0.331354   0.324998  -0.654877   0.875000   0.375000
  0.643216   0.474258   0.549407  -0.269931   0.328063   0.401845  -0.357846   0.875000   0.375000
  0.648241   0.472901   0.551056  -0.267911   0.326265   0.384791  -0.203088   0.875000   0.375000
  0.653266   0.471555   0.552695  -0.265978   0.325244   0.393773  -0.093455   0.875000   0.375000
  0.658291   0.470219   0.554330  -0.263999   0.324775   0.422945   0.009231   0.875000   0.375000
  0.663317   0.468892   0.555962  -0.261873   0.324821   0.411273   0.070526   0.875000   0.375000
  0.668342   0.467576   0.557594  -0.259807   0.325175   0.368638   0.081981   0.875000   0.375000
  0.673367   0.466270   0.559228  -0.257954   0.325587   0.351246   0.089443   0.875000   0.375000
  0.678392   0.464974   0.560864  -0.256189   0.326037   0.349160   0.104216   0.875000   0.375000
  0.683417   0.463687   0.562503  -0.254435   0.326560   0.328243   0.109197   0.875000   0.375000
  0.688442   0.462408   0.564144  -0.252785   0.327109   0.295768   0.100439   0.875000   0.375000
  0.693467   0.461138   0.565787  -0.251299   0.327614   0.282994   0.093515   0.875000   0.375000
  0.698492   0.459875   0.567433  -0.249877   0.328084   0.280451   0.090935   0.875000   0.375000
  0.703518   0.458619   0.569082  -0.248468   0.328541   0.263540   0.086643   0.875000   0.375000
  0.708543   0.457371   0.570733  -0.247143   0.328976   0.237672   0.079893   0.875000   0.375000
  0.713568   0.456129   0.572386  -0.245949   0.329378   0.229111   0.074687   0.875000   0.375000
  0.718593   0.454893   0.574042  -0.244798   0.329753   0.230717   0.070490   0.875000   0.375000
  0.723618   0.453663   0.575699  -0.243638   0.330107   0.218555   0.065729   0.875000   0.375000
  0.728643   0.452438   0.577357  -0.242540   0.330437   0.194214   0.061755   0.875000   0.375000
  0.733668   0.451220   0.579018  -0.241564   0.330748   0.186577   0.058976   0.875000   0.375000
  0.738693   0.450006   0.580680  -0.240627   0.331044   0.192547   0.055293   0.875000   0.375000
  0.743719   0.448796   0.582344  -0.239659   0.331322   0.185147   0.050713   0.875000   0.375000
  0.748744   0.447592   0.584009  -0.238729   0.331577   0.159694   0.048372   0.875000   0.375000
  0.753769   0.446393   0.585675  -0.237926   0.331820   0.150642   0.047444   0.875000   0.375000
  0.758794   0.445197   0.587342  -0.237169   0.332058   0.161132   0.044156   0.875000   0.375000
  0.763819   0.444005   0.589011  -0.236359   0.332280   0.159291   0.039195   0.875000   0.375000
  0.768844   0.442817   0.590680  -0.235559   0.332477   0.131172   0.037977   0.875000   0.375000
  0.773869   0.441634   0.592351  -0.234900   0.332668   0.118628   0.038952   0.875000   0.375000
  0.778894   0.440453   0.594023  -0.234304   0.332864   0.134158   0.035782   0.875000   0.375000
  0.783920   0.439276   0.595696  -0.233629   0.333044   0.139493   0.029596   0.875000   0.375000
  0.788945   0.438102   0.597369  -0.232929   0.333192   0.107426   0.029305   0.875000   0.375000
  0.793970   0.436931   0.599044  -0.232389   0.333340   0.088885   0.032802   0.875000   0.375000
  0.798995   0.435764   0.600719  -0.231942   0.333504   0.110194   0.029620   0.875000   0.375000
  0.804020   0.434598   0.602394  -0.231388   0.333653   0.125164   0.021145   0.875000   0.375000
  0.809045   0.433435   0.604071  -0.230759   0.333760   0.087960   0.021598   0.875000   0.375000
  0.814070   0.432276   0.605748  -0.230317   0.333868   0.060109   0.028684   0.875000   0.375000
  0.819095   0.431118   0.607426  -0.230015   0.334012   0.087990   0.025521   0.875000   0.375000
  0.824121   0.429962   0.609105  -0.229573   0.334140   0.116010   0.013336   0.875000   0.375000
  0.829146   0.428809   0.610784  -0.228990   0.334207   0.072740   0.014153   0.875000   0.375000
  0.834171   0.427658   0.612463  -0.228625   0.334279   0.031334   0.026347   0.875000   0.375000
  0.839196   0.426509   0.614143  -0.228467   0.334411   0.066337   0.023528   0.875000   0.375000
  0.844221   0.425361   0.615823  -0.228134   0.334529   0.111618   0.005937   0.875000   0.375000
  0.849246   0.424215   0.617504  -0.227573   0.334559   0.062014   0.006398   0.875000   0.375000
  0.854271   0.423071   0.619185  -0.227261   0.334591   0.002053   0.025581   0.875000   0.375000
  0.859296   0.421929   0.620867  -0.227251   0.334720   0.044171   0.023787   0.875000   0.375000
  0.864322   0.420787   0.622549  -0.227029   0.334839   0.111469  -0.001138   0.875000   0.375000
  0.869347   0.419646   0.624232  -0.226469   0.334834   0.056368  -0.002273   0.875000   0.375000
  0.874372   0.418508   0.625914  -0.226186   0.334822  -0.027376   0.025940   0.875000   0.375000
  0.879397   0.417372   0.627597  -0.226323   0.334953   0.020844   0.026356   0.875000   0.375000
  0.884422   0.416234   0.629280  -0.226218   0.335085   0.114561  -0.007645   0.875000   0.375000
  0.889447   0.415098   0.630964  -0.225643   0.335047   0.056358  -0.012135   0.875000   0.375000
  0.894472   0.413964   0.632647  -0.225360   0.334986  -0.055741   0.026925   0.875000   0.375000
  0.899497   0.412831   0.634331  -0.225640   0.335121  -0.003755   0.031218   0.875000   0.375000
  0.904523   0.411697   0.636015  -0.225659   0.335278   0.119603  -0.013125   0.875000   0.375000
  0.909548   0.410563   0.637700  -0.225058   0.335212   0.062224  -0.023186   0.875000   0.375000
  0.914573   0.409433   0.639384  -0.224745   0.335095  -0.081122   0.027851   0.875000   0.375000
  0.919598   0.408303   0.641068  -0.225153   0.335235  -0.029005   0.038037   0.875000   0.375000
  0.924623   0.407172   0.642752  -0.225298   0.335426   0.125002  -0.016967   0.875000   0.375000
  0.929648   0.406040   0.644438  -0.224670   0.335341   0.073616  -0.035017   0.875000   0.375000
  0.934673   0.404911   0.646123  -0.224300   0.335165  -0.101578   0.028076   0.875000   0.375000
  0.939698   0.403784   0.647807  -0.224811   0.335306  -0.054004   0.046285   0.875000   0.375000
  0.944724   0.402654   0.649493  -0.225082   0.335539   0.129311  -0.018712   0.875000   0.375000
  0.949749   0.401523   0.651179  -0.224432   0.335445   0.089070  -0.046859   0.875000   0.375000
  0.954774   0.400395   0.652864  -0.223985   0.335209  -0.117565   0.027952   0.875000   0.375000
  0.959799   0.399269   0.654549  -0.224575   0.335350  -0.083113   0.057977   0.875000   0.375000
  0.964824   0.398141   0.656234  -0.224993   0.335641   0.119575  -0.011882   0.875000   0.375000
  0.969849   0.397010   0.657920  -0.224392   0.335581   0.090736  -0.048244   0.875000   0.375000
  0.974874   0.395883   0.659607  -0.223936   0.335339  -0.145076   0.040762   0.875000   0.375000
  0.979899   0.394757   0.661292  -0.224665   0.335544  -0.138445   0.100203   0.875000   0.375000
  0.984925   0.393628   0.662978  -0.225361   0.336047   0.081341   0.058468   0.875000   0.375000
  0.989950   0.392496   0.664667  -0.224952   0.336341   0.206859   0.005279   0.875000   0.375000
  0.994975   0.391365   0.666357  -0.223913   0.336368   0.280567  -0.006917   0.875000   0.375000
  1.000000   0.390240   0.668047  -0.222503   0.336333   0.615093  -0.074491   0.875000   0.375000