   0.000000    0.641421    0.358579    0.000000    0.000000    7.324813   20.868504    1.000000    0.000000
   0.005025    0.641421    0.358579    0.036807    0.104864    5.286209   18.922419    1.000000    0.000000
   0.010050    0.641606    0.359106    0.063370    0.199949    5.610934   14.776339    1.000000    0.000000
   0.015075    0.641924    0.360111    0.091565    0.274200    7.561153    8.657799    1.000000    0.000000
   0.020101    0.642385    0.361489    0.129568    0.317715    8.679250    3.102271    1.000000    0.000000
   0.025126    0.643036    0.363085    0.173181    0.333304    8.612267   -0.958296    1.000000    0.000000
   0.030151    0.643906    0.364760    0.216458    0.328488    7.485341   -2.828694    1.000000    0.000000
   0.035176    0.644994    0.366411    0.254071    0.314274    5.345549   -2.227670    1.000000    0.000000
   0.040201    0.646270    0.367990    0.280933    0.303080    3.059783   -1.129049    1.000000    0.000000
   0.045226    0.647682    0.369513    0.296308    0.297406    1.108458   -0.608454    1.000000    0.000000
   0.050251    0.649171    0.371008    0.301878    0.294349   -0.489816   -0.459515    1.000000    0.000000
   0.055276    0.650688    0.372487    0.299417    0.292040   -1.709281   -0.350801    1.000000    0.000000
   0.060302    0.652193    0.373954    0.290826    0.290277   -2.673576   -0.251771    1.000000    0.000000
   0.065327    0.653654    0.375413    0.277391    0.289012   -3.532536   -0.235410    1.000000    0.000000
   0.070352    0.655048    0.376865    0.259640    0.287829   -4.286675   -0.258505    1.000000    0.000000
   0.075377    0.656353    0.378312    0.238100    0.286530   -4.843294   -0.217634    1.000000    0.000000
   0.080402    0.657549    0.379751    0.213762    0.285436   -5.237022   -0.148957    1.000000    0.000000
   0.085427    0.658623    0.381186    0.187446    0.284688   -5.573562   -0.133746    1.000000    0.000000
   0.090452    0.659565    0.382616    0.159439    0.284015   -5.863484   -0.153212    1.000000    0.000000
   0.095477    0.660366    0.384044    0.129975    0.283246   -6.033557   -0.129120    1.000000    0.000000
   0.100503    0.661020    0.385467    0.099650    0.282597   -6.091370   -0.077514    1.000000    0.000000
   0.105528    0.661520    0.386887    0.069041    0.282207   -6.118971   -0.062623    1.000000    0.000000
   0.110553    0.661867    0.388305    0.038293    0.281892   -6.135653   -0.078366    1.000000    0.000000
   0.115578    0.662060    0.389722    0.007462    0.281499   -6.085311   -0.065870    1.000000    0.000000
   0.120603    0.662097    0.391136   -0.023117    0.281168   -5.957406   -0.027626    1.000000    0.000000
   0.125628    0.661981    0.392549   -0.053053    0.281029   -5.814821   -0.013623    1.000000    0.000000
   0.130653    0.661715    0.393961   -0.082272    0.280960   -5.682462   -0.026115    1.000000    0.000000
   0.135678    0.661301    0.395373   -0.110827    0.280829   -5.518665   -0.021586    1.000000    0.000000
   0.140704    0.660744    0.396785   -0.138564    0.280721   -5.300933    0.006261    1.000000    0.000000
   0.145729    0.660048    0.398195   -0.165201    0.280752   -5.076601    0.019099    1.000000    0.000000
   0.150754    0.659218    0.399606   -0.190711    0.280848   -4.874035    0.009389    1.000000    0.000000
   0.155779    0.658259    0.401017   -0.215203    0.280895   -4.663639    0.008572    1.000000    0.000000
   0.160804    0.657178    0.402429   -0.238637    0.280938   -4.415470    0.028356    1.000000    0.000000
   0.165829    0.655979    0.403840   -0.260825    0.281081   -4.163929    0.039974    1.000000    0.000000
   0.170854    0.654668    0.405253   -0.281749    0.281282   -3.939446    0.032631    1.000000    0.000000
   0.175879    0.653252    0.406666   -0.301545    0.281446   -3.722477    0.028305    1.000000    0.000000
   0.180905    0.651737    0.408081   -0.320254    0.281588   -3.478649    0.041844    1.000000    0.000000
   0.185930    0.650128    0.409496   -0.337734    0.281798   -3.231845    0.052269    1.000000    0.000000
   0.190955    0.648430    0.410912   -0.353974    0.282061   -3.013464    0.046935    1.000000    0.000000
   0.195980    0.646652    0.412329   -0.369117    0.282297   -2.812327    0.040441    1.000000    0.000000
   0.201005    0.644797    0.413748   -0.383249    0.282500   -2.591925    0.049176    1.000000    0.000000
   0.206030    0.642871    0.415167   -0.396273    0.282747   -2.367137    0.058525    1.000000    0.000000
   0.211055    0.640880    0.416588   -0.408168    0.283041   -2.169706    0.054905    1.000000    0.000000
   0.216080    0.638829    0.418010   -0.419071    0.283317   -1.995436    0.047150    1.000000    0.000000
   0.221106    0.636723    0.419434   -0.429100    0.283554   -1.807147    0.052164    1.000000    0.000000
   0.226131    0.634566    0.420859   -0.438181    0.283816   -1.612265    0.060543    1.000000    0.000000
   0.231156    0.632364    0.422285   -0.446282    0.284120   -1.442275    0.058386    1.000000    0.000000
   0.236181    0.630122    0.423713   -0.453530    0.284414   -1.298821    0.050022    1.000000    0.000000
   0.241206    0.627843    0.425142   -0.460056    0.284665   -1.145256    0.052161    1.000000    0.000000
   0.246231    0.625531    0.426573   -0.465811    0.284927   -0.982434    0.059688    1.000000    0.000000
   0.251256    0.623190    0.428005   -0.470748    0.285227   -0.841228    0.058780    1.000000    0.000000
   0.256281    0.620825    0.429438   -0.474975    0.285522   -0.728212    0.050225    1.000000    0.000000
   0.261307    0.618438    0.430873   -0.478635    0.285775   -0.608086    0.050103    1.000000    0.000000
   0.266332    0.616033    0.432309   -0.481691    0.286027   -0.476051    0.056859    1.000000    0.000000
   0.271357    0.613612    0.433746   -0.484083    0.286312   -0.361764    0.056995    1.000000    0.000000
   0.276382    0.611180    0.435185   -0.485901    0.286599   -0.275925    0.048499    1.000000    0.000000
   0.281407    0.608738    0.436625   -0.487287    0.286842   -0.185716    0.046560    1.000000    0.000000
   0.286432    0.606289    0.438066   -0.488221    0.287076   -0.081082    0.052589    1.000000    0.000000
   0.291457    0.603836    0.439509   -0.488628    0.287341    0.010866    0.053489    1.000000    0.000000
   0.296482    0.601381    0.440953   -0.488573    0.287609    0.076202    0.044952    1.000000    0.000000
   0.301508    0.598925    0.442398   -0.488190    0.287835    0.142570    0.041294    1.000000    0.000000
   0.306533    0.596472    0.443845   -0.487474    0.288043    0.224968    0.046476    1.000000    0.000000
   0.311558    0.594022    0.445292   -0.486344    0.288276    0.303652    0.047567    1.000000    0.000000
   0.316583    0.591578    0.446741   -0.484818    0.288515    0.363516    0.038159    1.000000    0.000000
   0.321608    0.589142    0.448191   -0.482991    0.288707    0.417538    0.032187    1.000000    0.000000
   0.326633    0.586715    0.449641   -0.480893    0.288869    0.485090    0.036009    1.000000    0.000000
   0.331658    0.584299    0.451093   -0.478455    0.289050    0.570557    0.035752    1.000000    0.000000
   0.336683    0.581894    0.452545   -0.475588    0.289230    0.664288    0.022158    1.000000    0.000000
   0.341709    0.579504    0.453999   -0.472250    0.289341    0.731303    0.010628    1.000000    0.000000
   0.346734    0.577131    0.455453   -0.468575    0.289394    0.790530    0.010872    1.000000    0.000000
   0.351759    0.574776    0.456907   -0.464602    0.289449    0.925456    0.004162    1.000000    0.000000
   0.356784    0.572442    0.458362   -0.459952    0.289470    1.151740   -0.025780    1.000000    0.000000
   0.361809    0.570131    0.459816   -0.454164    0.289340    1.275011   -0.055921    1.000000    0.000000
   0.366834    0.567848    0.461270   -0.447758    0.289059    1.288045   -0.066576    1.000000    0.000000
   0.371859    0.565598    0.462723   -0.441285    0.288725    1.511074   -0.092439    1.000000    0.000000
   0.376884    0.563381    0.464174   -0.433692    0.288260    2.026344   -0.174531    1.000000    0.000000
   0.381910    0.561201    0.465622   -0.423508    0.287383    2.150925   -0.269317    1.000000    0.000000
   0.386935    0.559073    0.467066   -0.412699    0.286030    1.745177   -0.311413    1.000000    0.000000
   0.391960    0.556999    0.468504   -0.403930    0.284465    1.693966   -0.361309    1.000000    0.000000
   0.396985    0.554970    0.469933   -0.395417    0.282649    2.148247   -0.548437    1.000000    0.000000
   0.402010    0.552983    0.471353   -0.384622    0.279893    1.307829   -0.856327    1.000000    0.000000
   0.407035    0.551050    0.472760   -0.378051    0.275590   -1.315904   -1.059060    1.000000    0.000000
   0.412060    0.549150    0.474145   -0.384663    0.270269   -4.194001   -1.133858    1.000000    0.000000
   0.417085    0.547217    0.475503   -0.405738    0.264571   -7.812839   -1.413128    1.000000    0.000000
   0.422111    0.545178    0.476833   -0.445005    0.257469  -15.042904   -2.287245    1.000000    0.000000
   0.427136    0.542942    0.478126   -0.520596    0.245975  -25.835162   -3.223335    1.000000    0.000000
   0.432161    0.540326    0.479362   -0.650418    0.229778  -39.846263   -3.671881    1.000000    0.000000
   0.437186    0.537058    0.480517   -0.850645    0.211327  -59.193723   -4.921040    1.000000    0.000000
   0.442211    0.532783    0.481579   -1.148093    0.186599  -78.204021  -10.132482    1.000000    0.000000
   0.447236    0.527014    0.482517   -1.541069    0.135683  -88.070679  -18.811127    1.000000    0.000000
   0.452261    0.519270    0.483198   -1.983624    0.041157  -90.915268  -29.672035    1.000000    0.000000
   0.457286    0.509302    0.483405   -2.440473   -0.107945  -80.219482  -46.118224    1.000000    0.000000
   0.462312    0.497036    0.482863   -2.843656   -0.339735  -37.176417  -68.257843    1.000000    0.000000
   0.467337    0.482747    0.481156   -3.030468   -0.682731   27.580464  -87.464310    1.000000    0.000000
   0.472362    0.467519    0.477725   -2.891876   -1.122239   94.994698 -100.331979    1.000000    0.000000
   0.477387    0.452987    0.472086   -2.414527   -1.626407  161.609546  -96.569553    1.000000    0.000000
   0.482412    0.440854    0.463913   -1.602440   -2.111669  205.230949  -52.526955    1.000000    0.000000
   0.487437    0.432802    0.453302   -0.571154   -2.375617  207.863196   19.844104    1.000000    0.000000
   0.492462    0.429932    0.441364    0.473359   -2.275901  184.742130   95.351048    1.000000    0.000000
   0.497487    0.432311    0.429928    1.401688   -1.796762  135.911626  169.465973    1.000000    0.000000
   0.502513    0.439356    0.420897    2.084780   -0.945026   58.197340  217.304202    1.000000    0.000000
   0.507538    0.449832    0.416149    2.377221    0.146928  -13.747964  216.115184    1.000000    0.000000
   0.512563    0.461777    0.416887    2.308138    1.232907  -61.432263  184.616500    1.000000    0.000000
   0.517588    0.473375    0.423082    1.999441    2.160605  -89.113948  127.697749    1.000000    0.000000
   0.522613    0.483423    0.433939    1.551643    2.802286  -94.388059   45.411164    1.000000    0.000000
   0.527638    0.491220    0.448021    1.077343    3.030477  -85.076454  -26.467799    1.000000    0.000000
   0.532663    0.496633    0.463249    0.649834    2.897476  -74.411970  -71.245612    1.000000    0.000000
   0.537688    0.499899    0.477809    0.275914    2.539467  -61.487509  -95.341154    1.000000    0.000000
   0.542714    0.501285    0.490572   -0.033123    2.060282  -42.631464  -95.860648    1.000000    0.000000
   0.547739    0.501119    0.500925   -0.247346    1.578583  -25.107856  -79.954978    1.000000    0.000000
   0.552764    0.499876    0.508857   -0.373513    1.176809  -13.890314  -63.305011    1.000000    0.000000
   0.557789    0.497999    0.514771   -0.443311    0.858701   -6.589306  -47.744728    1.000000    0.000000
   0.562814    0.495772    0.519086   -0.476423    0.618784   -1.699461  -31.693238    1.000000    0.000000
   0.567839    0.493378    0.522195   -0.484963    0.459526    1.177166  -19.298996    1.000000    0.000000
   0.572864    0.490941    0.524504   -0.479047    0.362548    3.023780  -11.797896    1.000000    0.000000
   0.577889    0.488533    0.526326   -0.463853    0.303264    4.059702   -6.769529    1.000000    0.000000
   0.582915    0.486202    0.527850   -0.443449    0.269240    3.875005   -3.308185    1.000000    0.000000
   0.587940    0.483974    0.529203   -0.423977    0.252616    3.202010   -1.353804    1.000000    0.000000
   0.592965    0.481843    0.530473   -0.407887    0.245813    2.939533   -0.125236    1.000000    0.000000
   0.597990    0.479794    0.531708   -0.393116    0.245184    2.791663    0.739041    1.000000    0.000000
   0.603015    0.477818    0.532940   -0.379087    0.248898    2.286887    1.019092    1.000000    0.000000
   0.608040    0.475913    0.534191   -0.367596    0.254019    1.702960    0.904282    1.000000    0.000000
   0.613065    0.474066    0.535467   -0.359038    0.258563    1.423699    0.875550    1.000000    0.000000
   0.618090    0.472262    0.536766   -0.351884    0.262962    1.274079    0.904298    1.000000    0.000000
   0.623116    0.470493    0.538088   -0.345481    0.267507    1.032042    0.784567    1.000000    0.000000
   0.628141    0.468757    0.539432   -0.340295    0.271450    0.785880    0.585624    1.000000    0.000000
   0.633166    0.467047    0.540796   -0.336346    0.274393    0.671188    0.486694    1.000000    0.000000
   0.638191    0.465357    0.542175   -0.332973    0.276838    0.610325    0.443543    1.000000    0.000000
   0.643216    0.463684    0.543566   -0.329906    0.279067    0.513806    0.364576    1.000000    0.000000
   0.648241    0.462026    0.544969   -0.327324    0.280899    0.420023    0.273368    1.000000    0.000000
   0.653266    0.460381    0.546380   -0.325214    0.282273    0.384308    0.229564    1.000000    0.000000
   0.658291    0.458747    0.547798   -0.323283    0.283426    0.366861    0.208332    1.000000    0.000000
   0.663317    0.457122    0.549223   -0.321439    0.284473    0.323446    0.173163    1.000000    0.000000
   0.668342    0.455507    0.550652   -0.319813    0.285344    0.279889    0.136818    1.000000    0.000000
   0.673367    0.453900    0.552086   -0.318407    0.286031    0.271332    0.122935    1.000000    0.000000
   0.678392    0.452300    0.553524   -0.317043    0.286649    0.270715    0.116519    1.000000    0.000000
   0.683417    0.450707    0.554964   -0.315683    0.287234    0.245107    0.099673    1.000000    0.000000
   0.688442    0.449121    0.556407   -0.314451    0.287735    0.215241    0.082768    1.000000    0.000000
   0.693467    0.447541    0.557853   -0.313370    0.288151    0.214597    0.080078    1.000000    0.000000
   0.698492    0.445966    0.559301   -0.312292    0.288553    0.221397    0.079873    1.000000    0.000000
   0.703518    0.444396    0.560751   -0.311179    0.288955    0.202804    0.069247    1.000000    0.000000
   0.708543    0.442833    0.562203   -0.310160    0.289303    0.175072    0.058143    1.000000    0.000000
   0.713568    0.441274    0.563657   -0.309280    0.289595    0.175945    0.059379    1.000000    0.000000
   0.718593    0.439720    0.565112   -0.308396    0.289893    0.187619    0.061865    1.000000    0.000000
   0.723618    0.438170    0.566569   -0.307453    0.290204    0.173446    0.053203    1.000000    0.000000
   0.728643    0.436625    0.568027   -0.306582    0.290472    0.144028    0.043447    1.000000    0.000000
   0.733668    0.435085    0.569487   -0.305858    0.290690    0.144005    0.046372    1.000000    0.000000
   0.738693    0.433548    0.570948   -0.305134    0.290923    0.160383    0.050425    1.000000    0.000000
   0.743719    0.432014    0.572410   -0.304328    0.291176    0.150622    0.042161    1.000000    0.000000
   0.748744    0.430485    0.573873   -0.303571    0.291388    0.117675    0.032290    1.000000    0.000000
   0.753769    0.428960    0.575337   -0.302980    0.291551    0.115216    0.036546    1.000000    0.000000
   0.758794    0.427437    0.576802   -0.302401    0.291734    0.137017    0.042017    1.000000    0.000000
   0.763819    0.425917    0.578268   -0.301712    0.291945    0.132687    0.033330    1.000000    0.000000
   0.768844    0.424401    0.579735   -0.301046    0.292113    0.094562    0.022631    1.000000    0.000000
   0.773869    0.422889    0.581203   -0.300570    0.292227    0.087872    0.028557    1.000000    0.000000
   0.778894    0.421378    0.582672   -0.300129    0.292370    0.116330    0.035705    1.000000    0.000000
   0.783920    0.419870    0.584141   -0.299544    0.292549    0.119252    0.025750    1.000000    0.000000
   0.788945    0.418365    0.585611   -0.298945    0.292679    0.074044    0.013443    1.000000    0.000000
   0.793970    0.416862    0.587082   -0.298573    0.292746    0.060629    0.021758    1.000000    0.000000
   0.798995    0.415362    0.588553   -0.298268    0.292856    0.097383    0.031216    1.000000    0.000000
   0.804020    0.413863    0.590025   -0.297779    0.293013    0.110327    0.019023    1.000000    0.000000
   0.809045    0.412367    0.591497   -0.297225    0.293108    0.055871    0.004009    1.000000    0.000000
   0.814070    0.410873    0.592970   -0.296944    0.293128    0.032206    0.015729    1.000000    0.000000
   0.819095    0.409381    0.594443   -0.296782    0.293207    0.079202    0.028546    1.000000    0.000000
   0.824121    0.407890    0.595916   -0.296384    0.293351    0.106101    0.012947    1.000000    0.000000
   0.829146    0.406400    0.597390   -0.295851    0.293416    0.040190   -0.006366    1.000000    0.000000
   0.834171    0.404914    0.598865   -0.295649    0.293384    0.001544    0.010035    1.000000    0.000000
   0.839196    0.403428    0.600339   -0.295641    0.293434    0.060726    0.027810    1.000000    0.000000
   0.844221    0.401942    0.601814   -0.295336    0.293574    0.106645    0.007645    1.000000    0.000000
   0.849246    0.400458    0.603289   -0.294800    0.293612    0.027567   -0.018085    1.000000    0.000000
   0.854271    0.398977    0.604764   -0.294661    0.293522   -0.031909    0.004339    1.000000    0.000000
   0.859296    0.397496    0.606239   -0.294822    0.293543    0.040979    0.029200    1.000000    0.000000
   0.864322    0.396015    0.607715   -0.294616    0.293690    0.111938    0.003433    1.000000    0.000000
   0.869347    0.394534    0.609190   -0.294053    0.293707    0.019176   -0.031333    1.000000    0.000000
   0.874372    0.393056    0.610666   -0.293957    0.293550   -0.067608   -0.001734    1.000000    0.000000
   0.879397    0.391579    0.612141   -0.294297    0.293541    0.019371    0.032784    1.000000    0.000000
   0.884422    0.390100    0.613616   -0.294199    0.293706    0.121430    0.000953    1.000000    0.000000
   0.889447    0.388622    0.615092   -0.293589    0.293711    0.016477   -0.045653    1.000000    0.000000
   0.894472    0.387147    0.616568   -0.293506    0.293481   -0.103821   -0.008360    1.000000    0.000000
   0.899497    0.385672    0.618043   -0.294028    0.293439   -0.004166    0.038495    1.000000    0.000000
   0.904523    0.384194    0.619518   -0.294049    0.293633    0.134108    0.000913    1.000000    0.000000
   0.909548    0.382717    0.620993   -0.293375    0.293637    0.020785   -0.060121    1.000000    0.000000
   0.914573    0.381242    0.622469   -0.293271    0.293335   -0.137753   -0.015574    1.000000    0.000000
   0.919598    0.379769    0.623943   -0.293963    0.293257   -0.028940    0.045969    1.000000    0.000000
   0.924623    0.378292    0.625416   -0.294108    0.293488    0.148383    0.003968    1.000000    0.000000
   0.929648    0.376814    0.626891   -0.293363    0.293508    0.032746   -0.073405    1.000000    0.000000
   0.934673    0.375339    0.628366   -0.293198    0.293139   -0.166477   -0.023245    1.000000    0.000000
   0.939698    0.373866    0.629839   -0.294035    0.293022   -0.054026    0.054584    1.000000    0.000000
   0.944724    0.372388    0.631312   -0.294306    0.293297    0.162478    0.010288    1.000000    0.000000
   0.949749    0.370909    0.632786   -0.293490    0.293348    0.051408   -0.084222    1.000000    0.000000
   0.954774    0.369435    0.634260   -0.293231    0.292925   -0.189701   -0.030347    1.000000    0.000000
   0.959799    0.367961    0.635732   -0.294185    0.292773   -0.083928    0.066443    1.000000    0.000000
   0.964824    0.366483    0.637203   -0.294606    0.293107    0.162994    0.026721    1.000000    0.000000
   0.969849    0.365003    0.638676   -0.293787    0.293241    0.060725   -0.079218    1.000000    0.000000
   0.974874    0.363526    0.640149   -0.293482    0.292843   -0.216364   -0.015699    1.000000    0.000000
   0.979899    0.362051    0.641621   -0.294569    0.292764   -0.120150    0.130111    1.000000    0.000000
   0.984925    0.360571    0.643092   -0.295173    0.293418    0.198061    0.170006    1.000000    0.000000
   0.989950    0.359088    0.644567   -0.294178    0.294272    0.338823    0.123608    1.000000    0.000000
   0.994975    0.357609    0.646045   -0.292476    0.294893    0.449325    0.142344    1.000000    0.000000
   1.000000    0.356140    0.647527   -0.290218    0.295608    0.932011    0.197374    1.000000    0.000000