  0.000000   0.405721   0.323616   0.000000   0.000000  18.323173  22.263941   0.187500   0.562500
  0.005025   0.405721   0.323616   0.092074   0.111876  15.907131  20.143078   0.187500   0.562500
  0.010050   0.406184   0.324178   0.172007   0.213095  12.249761  15.394330   0.187500   0.562500
  0.015075   0.407048   0.325249   0.233562   0.290452   7.938799   8.592452   0.187500   0.562500
  0.020101   0.408222   0.326709   0.273463   0.333637   4.421068   2.719156   0.187500   0.562500
  0.025126   0.409596   0.328385   0.295679   0.347301   1.830016  -1.415189   0.187500   0.562500
  0.030151   0.411082   0.330131   0.304874   0.340190   0.288937  -3.268522   0.187500   0.562500
  0.035176   0.412614   0.331840   0.306326   0.323766  -0.017096  -2.558997   0.187500   0.562500
  0.040201   0.414153   0.333467   0.306240   0.310907   0.043841  -1.291748   0.187500   0.562500
  0.045226   0.415692   0.335029   0.306461   0.304416  -0.087621  -0.600280   0.187500   0.562500
  0.050251   0.417232   0.336559   0.306020   0.301399  -0.312874  -0.291744   0.187500   0.562500
  0.055276   0.418770   0.338073   0.304448   0.299933  -0.452347  -0.046140   0.187500   0.562500
  0.060302   0.420300   0.339581   0.302175   0.299701  -0.566192   0.154933   0.187500   0.562500
  0.065327   0.421818   0.341087   0.299330   0.300480  -0.731646   0.251217   0.187500   0.562500
  0.070352   0.423322   0.342597   0.295653   0.301742  -0.888134   0.302248   0.187500   0.562500
  0.075377   0.424808   0.344113   0.291190   0.303261  -0.949150   0.405875   0.187500   0.562500
  0.080402   0.426271   0.345637   0.286421   0.305300  -0.981524   0.511754   0.187500   0.562500
  0.085427   0.427711   0.347171   0.281489   0.307872  -1.054012   0.549032   0.187500   0.562500
  0.090452   0.429125   0.348718   0.276192   0.310631  -1.125091   0.552502   0.187500   0.562500
  0.095477   0.430513   0.350279   0.270539   0.313407  -1.128944   0.595746   0.187500   0.562500
  0.100503   0.431873   0.351854   0.264865   0.316401  -1.112735   0.646980   0.187500   0.562500
  0.105528   0.433204   0.353444   0.259273   0.319653  -1.129492   0.650510   0.187500   0.562500
  0.110553   0.434506   0.355050   0.253597   0.322921  -1.148820   0.628353   0.187500   0.562500
  0.115578   0.435781   0.356673   0.247825   0.326079  -1.120669   0.635917   0.187500   0.562500
  0.120603   0.437026   0.358312   0.242193   0.329274  -1.079225   0.653816   0.187500   0.562500
  0.125628   0.438243   0.359966   0.236770   0.332560  -1.065111   0.638797   0.187500   0.562500
  0.130653   0.439433   0.361637   0.231418   0.335770  -1.055101   0.604543   0.187500   0.562500
  0.135678   0.440596   0.363325   0.226116   0.338808  -1.011111   0.592463   0.187500   0.562500
  0.140704   0.441732   0.365027   0.221034   0.341785  -0.959007   0.591127   0.187500   0.562500
  0.145729   0.442843   0.366745   0.216215   0.344756  -0.929918   0.567211   0.187500   0.562500
  0.150754   0.443929   0.368477   0.211542   0.347606  -0.905084   0.529123   0.187500   0.562500
  0.155779   0.444992   0.370224   0.206994   0.350265  -0.855292   0.507640   0.187500   0.562500
  0.160804   0.446033   0.371984   0.202696   0.352816  -0.801261   0.496227   0.187500   0.562500
  0.165829   0.447051   0.373757   0.198670   0.355309  -0.766977   0.469367   0.187500   0.562500
  0.170854   0.448049   0.375542   0.194816   0.357668  -0.736431   0.432216   0.187500   0.562500
  0.175879   0.449028   0.377340   0.191115   0.359840  -0.686820   0.407589   0.187500   0.562500
  0.180905   0.449989   0.379148   0.187663   0.361888  -0.635737   0.391833   0.187500   0.562500
  0.185930   0.450932   0.380967   0.184469   0.363857  -0.602021   0.365492   0.187500   0.562500
  0.190955   0.451859   0.382795   0.181444   0.365694  -0.571255   0.331810   0.187500   0.562500
  0.195980   0.452771   0.384633   0.178573   0.367361  -0.525126   0.307727   0.187500   0.562500
  0.201005   0.453668   0.386479   0.175934   0.368907  -0.479406   0.291148   0.187500   0.562500
  0.206030   0.454552   0.388332   0.173525   0.370370  -0.449330   0.267215   0.187500   0.562500
  0.211055   0.455424   0.390194   0.171268   0.371713  -0.421419   0.238113   0.187500   0.562500
  0.216080   0.456285   0.392061   0.169150   0.372910  -0.380384   0.216515   0.187500   0.562500
  0.221106   0.457135   0.393936   0.167238   0.373998  -0.340906   0.201090   0.187500   0.562500
  0.226131   0.457975   0.395815   0.165525   0.375008  -0.315879   0.180406   0.187500   0.562500
  0.231156   0.458807   0.397699   0.163938   0.375915  -0.292312   0.156097   0.187500   0.562500
  0.236181   0.459631   0.399588   0.162469   0.376699  -0.256884   0.137849   0.187500   0.562500
  0.241206   0.460447   0.401481   0.161178   0.377392  -0.223663   0.124703   0.187500   0.562500
  0.246231   0.461257   0.403378   0.160054   0.378019  -0.204042   0.107574   0.187500   0.562500
  0.251256   0.462061   0.405277   0.159029   0.378559  -0.185217   0.087739   0.187500   0.562500
  0.256281   0.462860   0.407180   0.158098   0.379000  -0.155229   0.073137   0.187500   0.562500
  0.261307   0.463655   0.409084   0.157318   0.379368  -0.128025   0.063339   0.187500   0.562500
  0.266332   0.464445   0.410991   0.156675   0.379686  -0.113845   0.050338   0.187500   0.562500
  0.271357   0.465233   0.412899   0.156103   0.379939  -0.099438   0.034800   0.187500   0.562500
  0.276382   0.466017   0.414808   0.155603   0.380114  -0.074506   0.024990   0.187500   0.562500
  0.281407   0.466799   0.416718   0.155228   0.380239  -0.054503   0.022491   0.187500   0.562500
  0.286432   0.467579   0.418629   0.154955   0.380352  -0.047488   0.017710   0.187500   0.562500
  0.291457   0.468358   0.420540   0.154716   0.380441  -0.037923   0.009715   0.187500   0.562500
  0.296482   0.469135   0.422452   0.154525   0.380490  -0.020086   0.012748   0.187500   0.562500
  0.301508   0.469912   0.424364   0.154424   0.380554  -0.016503   0.035029   0.187500   0.562500
  0.306533   0.470688   0.426276   0.154342   0.380730  -0.028309   0.057814   0.187500   0.562500
  0.311558   0.471463   0.428189   0.154199   0.381021  -0.032401   0.076817   0.187500   0.562500
  0.316583   0.472238   0.430104   0.154036   0.381407  -0.038349   0.128995   0.187500   0.562500
  0.321608   0.473012   0.432021   0.153844   0.382055  -0.091812   0.239531   0.187500   0.562500
  0.326633   0.473785   0.433940   0.153382   0.383259  -0.171429   0.357672   0.187500   0.562500
  0.331658   0.474556   0.435866   0.152521   0.385056  -0.233571   0.473601   0.187500   0.562500
  0.336683   0.475323   0.437801   0.151347   0.387436  -0.333470   0.689104   0.187500   0.562500
  0.341709   0.476083   0.439748   0.149671   0.390899  -0.577545   1.063711   0.187500   0.562500
  0.346734   0.476835   0.441713   0.146769   0.396244  -0.878897   1.454808   0.187500   0.562500
  0.351759   0.477573   0.443704   0.142353   0.403555  -1.144179   1.842372   0.187500   0.562500
  0.356784   0.478288   0.445732   0.136603   0.412813  -1.538541   2.467249   0.187500   0.562500
  0.361809   0.478975   0.447806   0.128872   0.425211  -2.297515   3.439509   0.187500   0.562500
  0.366834   0.479622   0.449943   0.117327   0.442494  -3.178465   4.417588   0.187500   0.562500
  0.371859   0.480212   0.452166   0.101355   0.464692  -3.979146   5.355308   0.187500   0.562500
  0.376884   0.480721   0.454501   0.081360   0.491603  -5.049873   6.675219   0.187500   0.562500
  0.381910   0.481130   0.456972   0.055979   0.525153  -6.826335   8.502469   0.187500   0.562500
  0.386935   0.481411   0.459611   0.021677   0.567877  -8.807892  10.239932   0.187500   0.562500
  0.391960   0.481520   0.462465  -0.022583   0.619333 -10.609491  11.815575   0.187500   0.562500
  0.396985   0.481407   0.465577  -0.075895   0.678706 -12.704418  13.632532   0.187500   0.562500
  0.402010   0.481025   0.468987  -0.139735   0.747210 -15.614437  15.558768   0.187500   0.562500
  0.407035   0.480323   0.472742  -0.218198   0.825393 -18.685626  17.053133   0.187500   0.562500
  0.412060   0.479227   0.476890  -0.312093   0.911085 -21.440241  18.218712   0.187500   0.562500
  0.417085   0.477658   0.481468  -0.419830   1.002634 -24.012908  18.817917   0.187500   0.562500
  0.422111   0.475548   0.486507  -0.540519   1.097213 -26.298538  17.813550   0.187500   0.562500
  0.427136   0.472832   0.492021  -0.672669   1.186726 -28.140595  15.666123   0.187500   0.562500
  0.432161   0.469452   0.497984  -0.814076   1.265448 -29.695187  13.336729   0.187500   0.562500
  0.437186   0.465361   0.504343  -0.963294   1.332465 -30.010027   9.479765   0.187500   0.562500
  0.442211   0.460521   0.511038  -1.114094   1.380101 -27.005394   1.833601   0.187500   0.562500
  0.447236   0.454922   0.517973  -1.249796   1.389315 -22.061747  -7.351254   0.187500   0.562500
  0.452261   0.448642   0.524955  -1.360657   1.352375 -17.589712 -15.421454   0.187500   0.562500
  0.457286   0.441805   0.531750  -1.449045   1.274882 -11.993690 -23.062302   0.187500   0.562500
  0.462312   0.434522   0.538158  -1.509325   1.158971  -0.938086 -32.009838   0.187500   0.562500
  0.467337   0.426938   0.543982  -1.514039   0.998121  13.675136 -41.771442   0.187500   0.562500
  0.472362   0.419330   0.548997  -1.445322   0.788220  27.149898 -51.197909   0.187500   0.562500
  0.477387   0.412067   0.552958  -1.308893   0.530950  38.818085 -58.108912   0.187500   0.562500
  0.482412   0.405490   0.555626  -1.113833   0.238953  49.872737 -56.545970   0.187500   0.562500
  0.487437   0.399893   0.556827  -0.863222  -0.045191  60.976032 -47.451215   0.187500   0.562500
  0.492462   0.395555   0.556600  -0.556817  -0.283633  71.950014 -38.026101   0.187500   0.562500
  0.497487   0.392757   0.555175  -0.195269  -0.474714  80.620895 -30.481060   0.187500   0.562500
  0.502513   0.391776   0.552789   0.209932  -0.627912  80.285529 -22.423958   0.187500   0.562500
  0.507538   0.392830   0.549633   0.613367  -0.740592  71.147742 -11.782996   0.187500   0.562500
  0.512563   0.395913   0.545912   0.970884  -0.799802  61.148583   0.090782   0.187500   0.562500
  0.517588   0.400791   0.541893   1.278156  -0.799346  52.512181  11.598978   0.187500   0.562500
  0.522613   0.407214   0.537876   1.542029  -0.741061  41.716421  19.439498   0.187500   0.562500
  0.527638   0.414963   0.534152   1.751654  -0.643377  27.052880  21.976689   0.187500   0.562500
  0.532663   0.423765   0.530919   1.887595  -0.532944  11.621260  22.599880   0.187500   0.562500
  0.537688   0.433250   0.528241   1.945992  -0.419380  -2.622895  23.464668   0.187500   0.562500
  0.542714   0.443031   0.526134   1.932809  -0.301447 -13.572899  23.744459   0.187500   0.562500
  0.547739   0.452743   0.524619   1.864606  -0.182131 -20.299197  21.992969   0.187500   0.562500
  0.552764   0.462113   0.523704   1.762602  -0.071616 -25.318756  19.139951   0.187500   0.562500
  0.557789   0.470970   0.523344   1.635375   0.024562 -29.963987  16.226234   0.187500   0.562500
  0.562814   0.479187   0.523467   1.484806   0.106099 -32.647648  13.527303   0.187500   0.562500
  0.567839   0.486649   0.524000   1.320752   0.174074 -32.039363  11.060221   0.187500   0.562500
  0.572864   0.493285   0.524875   1.159754   0.229651 -30.102105   8.753753   0.187500   0.562500
  0.577889   0.499113   0.526029   1.008491   0.273639 -28.117787   6.555328   0.187500   0.562500
  0.582915   0.504182   0.527404   0.867171   0.306586 -25.691495   4.675969   0.187500   0.562500
  0.587940   0.508539   0.528945   0.738071   0.330083 -22.503693   3.398996   0.187500   0.562500
  0.592965   0.512248   0.530604   0.624990   0.347163 -19.209602   2.474416   0.187500   0.562500
  0.597990   0.515389   0.532348   0.528462   0.359597 -16.123459   1.623029   0.187500   0.562500
  0.603015   0.518044   0.534155   0.447442   0.367752 -13.266175   0.888511   0.187500   0.562500
  0.608040   0.520293   0.536003   0.380779   0.372217 -10.793414   0.458732   0.187500   0.562500
  0.613065   0.522206   0.537873   0.326542   0.374522  -8.676261   0.233079   0.187500   0.562500
  0.618090   0.523847   0.539755   0.282944   0.375694  -6.747958   0.048079   0.187500   0.562500
  0.623116   0.525269   0.541644   0.249029   0.375935  -5.063744  -0.115542   0.187500   0.562500
  0.628141   0.526520   0.543533   0.223583   0.375355  -3.828538  -0.195943   0.187500   0.562500
  0.633166   0.527644   0.545419   0.204345   0.374370  -2.902179  -0.210139   0.187500   0.562500
  0.638191   0.528671   0.547300   0.189761   0.373314  -2.079232  -0.209847   0.187500   0.562500
  0.643216   0.529624   0.549176   0.179313   0.372260  -1.380829  -0.211253   0.187500   0.562500
  0.648241   0.530525   0.551047   0.172375   0.371198  -0.925826  -0.205145   0.187500   0.562500
  0.653266   0.531391   0.552912   0.167722   0.370167  -0.627448  -0.188617   0.187500   0.562500
  0.658291   0.532234   0.554772   0.164569   0.369219  -0.366594  -0.168911   0.187500   0.562500
  0.663317   0.533061   0.556628   0.162727   0.368370  -0.146371  -0.151550   0.187500   0.562500
  0.668342   0.533879   0.558479   0.161991   0.367609  -0.021466  -0.139045   0.187500   0.562500
  0.673367   0.534693   0.560326   0.161884   0.366910   0.041671  -0.128834   0.187500   0.562500
  0.678392   0.535507   0.562170   0.162093   0.366263   0.097573  -0.118210   0.187500   0.562500
  0.683417   0.536321   0.564010   0.162583   0.365669   0.150592  -0.107152   0.187500   0.562500
  0.688442   0.537138   0.565848   0.163340   0.365130   0.173846  -0.098904   0.187500   0.562500
  0.693467   0.537959   0.567682   0.164214   0.364633   0.171702  -0.094250   0.187500   0.562500
  0.698492   0.538784   0.569515   0.165076   0.364160   0.170579  -0.089997   0.187500   0.562500
  0.703518   0.539614   0.571345   0.165934   0.363707   0.179578  -0.083586   0.187500   0.562500
  0.708543   0.540448   0.573172   0.166836   0.363287   0.181211  -0.077270   0.187500   0.562500
  0.713568   0.541286   0.574998   0.167747   0.362899   0.166815  -0.074470   0.187500   0.562500
  0.718593   0.542129   0.576822   0.168585   0.362525   0.153904  -0.072967   0.187500   0.562500
  0.723618   0.542976   0.578643   0.169358   0.362158   0.155019  -0.068705   0.187500   0.562500
  0.728643   0.543827   0.580463   0.170137   0.361813   0.155363  -0.062666   0.187500   0.562500
  0.733668   0.544682   0.582281   0.170918   0.361498   0.140406  -0.060171   0.187500   0.562500
  0.738693   0.545541   0.584098   0.171624   0.361196   0.125995  -0.060188   0.187500   0.562500
  0.743719   0.546403   0.585913   0.172257   0.360893   0.127455  -0.057403   0.187500   0.562500
  0.748744   0.547269   0.587727   0.172897   0.360605   0.130197  -0.051087   0.187500   0.562500
  0.753769   0.548138   0.589539   0.173551   0.360348   0.115863  -0.048279   0.187500   0.562500
  0.758794   0.549010   0.591349   0.174134   0.360105   0.101218  -0.049629   0.187500   0.562500
  0.763819   0.549885   0.593159   0.174642   0.359856   0.104597  -0.048474   0.187500   0.562500
  0.768844   0.550762   0.594967   0.175168   0.359612   0.110436  -0.041545   0.187500   0.562500
  0.773869   0.551643   0.596774   0.175723   0.359404   0.096104  -0.037836   0.187500   0.562500
  0.778894   0.552526   0.598580   0.176206   0.359214   0.080562  -0.040663   0.187500   0.562500
  0.783920   0.553411   0.600386   0.176611   0.359009   0.086260  -0.041722   0.187500   0.562500
  0.788945   0.554299   0.602190   0.177044   0.358800   0.095896  -0.033833   0.187500   0.562500
  0.793970   0.555188   0.603993   0.177526   0.358630   0.080820  -0.028329   0.187500   0.562500
  0.798995   0.556080   0.605795   0.177932   0.358487   0.063193  -0.032821   0.187500   0.562500
  0.804020   0.556975   0.607596   0.178250   0.358322   0.071453  -0.037036   0.187500   0.562500
  0.809045   0.557870   0.609397   0.178609   0.358136   0.086089  -0.027852   0.187500   0.562500
  0.814070   0.558768   0.611196   0.179041   0.357996   0.069638  -0.019257   0.187500   0.562500
  0.819095   0.559667   0.612995   0.179391   0.357899   0.048297  -0.025590   0.187500   0.562500
  0.824121   0.560569   0.614794   0.179634   0.357771   0.059195  -0.034364   0.187500   0.562500
  0.829146   0.561472   0.616592   0.179931   0.357598   0.080560  -0.023698   0.187500   0.562500
  0.834171   0.562376   0.618389   0.180336   0.357479   0.062357  -0.010229   0.187500   0.562500
  0.839196   0.563282   0.620185   0.180650   0.357428   0.035271  -0.018407   0.187500   0.562500
  0.844221   0.564190   0.621981   0.180827   0.357335   0.048540  -0.033560   0.187500   0.562500
  0.849246   0.565099   0.623777   0.181071   0.357167   0.078804  -0.021538   0.187500   0.562500
  0.854271   0.566008   0.625572   0.181467   0.357058   0.058909  -0.000962   0.187500   0.562500
  0.859296   0.566920   0.627366   0.181763   0.357053   0.023671  -0.010706   0.187500   0.562500
  0.864322   0.567834   0.629160   0.181882   0.357000   0.038413  -0.034442   0.187500   0.562500
  0.869347   0.568748   0.630954   0.182075   0.356827   0.079880  -0.021749   0.187500   0.562500
  0.874372   0.569663   0.632747   0.182476   0.356717   0.059069   0.008428   0.187500   0.562500
  0.879397   0.570580   0.634540   0.182773   0.356760   0.013286  -0.002084   0.187500   0.562500
  0.884422   0.571498   0.636333   0.182840   0.356749   0.027815  -0.036572   0.187500   0.562500
  0.889447   0.572417   0.638125   0.182980   0.356565   0.082432  -0.024564   0.187500   0.562500
  0.894472   0.573336   0.639917   0.183394   0.356442   0.062359   0.017609   0.187500   0.562500
  0.899497   0.574258   0.641708   0.183707   0.356530   0.004065   0.007737   0.187500   0.562500
  0.904523   0.575181   0.643500   0.183728   0.356569   0.015923  -0.039298   0.187500   0.562500
  0.909548   0.576104   0.645292   0.183808   0.356372   0.084741  -0.030057   0.187500   0.562500
  0.914573   0.577028   0.647083   0.184233   0.356221   0.067914   0.025881   0.187500   0.562500
  0.919598   0.577954   0.648873   0.184575   0.356351  -0.003849   0.018649   0.187500   0.562500
  0.924623   0.578881   0.650663   0.184555   0.356445   0.002373  -0.041791   0.187500   0.562500
  0.929648   0.579809   0.652454   0.184567   0.356235   0.085125  -0.037929   0.187500   0.562500
  0.934673   0.580736   0.654244   0.184995   0.356044   0.074663   0.032506   0.187500   0.562500
  0.939698   0.581666   0.656034   0.185370   0.356207  -0.010239   0.030328   0.187500   0.562500
  0.944724   0.582597   0.657824   0.185319   0.356360  -0.012647  -0.043303   0.187500   0.562500
  0.949749   0.583529   0.659615   0.185255   0.356142   0.082373  -0.047409   0.187500   0.562500
  0.954774   0.584460   0.661404   0.185669   0.355904   0.081241   0.037761   0.187500   0.562500
  0.959799   0.585393   0.663193   0.186077   0.356094  -0.015950   0.044961   0.187500   0.562500
  0.964824   0.586328   0.664982   0.185997   0.356320  -0.031408  -0.037181   0.187500   0.562500
  0.969849   0.587262   0.666772   0.185839   0.356133   0.069744  -0.048673   0.187500   0.562500
  0.974874   0.588196   0.668562   0.186190   0.355888   0.073694   0.052529   0.187500   0.562500
  0.979899   0.589132   0.670350   0.186560   0.356152  -0.055615   0.082641   0.187500   0.562500
  0.984925   0.590069   0.672140   0.186281   0.356567  -0.147006   0.010559   0.187500   0.562500
  0.989950   0.591005   0.673932   0.185542   0.356621  -0.139479  -0.046074   0.187500   0.562500
  0.994975   0.591938   0.675724   0.184841   0.356389  -0.175956  -0.069413   0.187500   0.562500
  1.000000   0.592867   0.677515   0.183957   0.356040  -0.314223  -0.182948   0.187500   0.562500