   0.000000    0.558057    0.308612    0.000000    0.000000   11.371606   22.828315    0.687500    0.062500
   0.005025    0.558057    0.308612    0.057142    0.114712    9.197667   20.705671    0.687500    0.062500
   0.010050    0.558344    0.309188    0.103361    0.218758    8.058857   15.767278    0.687500    0.062500
   0.015075    0.558864    0.310288    0.143856    0.297989    7.674136    8.660197    0.687500    0.062500
   0.020101    0.559587    0.311785    0.182427    0.341515    7.030556    2.565817    0.687500    0.062500
   0.025126    0.560503    0.313501    0.217755    0.354408    5.985141   -1.684173    0.687500    0.062500
   0.030151    0.561597    0.315282    0.247830    0.345945    4.688193   -3.550812    0.687500    0.062500
   0.035176    0.562843    0.317021    0.271389    0.328102    3.240217   -2.745269    0.687500    0.062500
   0.040201    0.564207    0.318669    0.287671    0.314307    1.837269   -1.357378    0.687500    0.062500
   0.045226    0.565652    0.320249    0.296903    0.307487    0.564344   -0.572183    0.687500    0.062500
   0.050251    0.567144    0.321794    0.299739    0.304611   -0.526639   -0.193054    0.687500    0.062500
   0.055276    0.568650    0.323325    0.297092    0.303641   -1.348202    0.107404    0.687500    0.062500
   0.060302    0.570143    0.324851    0.290316    0.304181   -1.997313    0.350572    0.687500    0.062500
   0.065327    0.571602    0.326379    0.280280    0.305943   -2.597820    0.480133    0.687500    0.062500
   0.070352    0.573011    0.327917    0.267226    0.308355   -3.129330    0.559064    0.687500    0.062500
   0.075377    0.574353    0.329466    0.251501    0.311165   -3.500704    0.684901    0.687500    0.062500
   0.080402    0.575617    0.331030    0.233910    0.314606   -3.756778    0.805526    0.687500    0.062500
   0.085427    0.576793    0.332611    0.215032    0.318654   -3.990717    0.852190    0.687500    0.062500
   0.090452    0.577873    0.334212    0.194979    0.322936   -4.195592    0.862637    0.687500    0.062500
   0.095477    0.578853    0.335835    0.173896    0.327271   -4.300328    0.910053    0.687500    0.062500
   0.100503    0.579727    0.337479    0.152282    0.331845   -4.325291    0.960448    0.687500    0.062500
   0.105528    0.580492    0.339147    0.130548    0.336671   -4.342726    0.959773    0.687500    0.062500
   0.110553    0.581148    0.340839    0.108726    0.341494   -4.355326    0.932847    0.687500    0.062500
   0.115578    0.581695    0.342555    0.086840    0.346182   -4.308787    0.934745    0.687500    0.062500
   0.120603    0.582131    0.344294    0.065188    0.350879   -4.207140    0.943571    0.687500    0.062500
   0.125628    0.582458    0.346058    0.044048    0.355620   -4.105769    0.917330    0.687500    0.062500
   0.130653    0.582680    0.347845    0.023416    0.360230   -4.013568    0.872407    0.687500    0.062500
   0.135678    0.582797    0.349655    0.003248    0.364614   -3.889925    0.850012    0.687500    0.062500
   0.140704    0.582814    0.351487   -0.016303    0.368886   -3.728169    0.835997    0.687500    0.062500
   0.145729    0.582732    0.353341   -0.035037    0.373087   -3.570189    0.797947    0.687500    0.062500
   0.150754    0.582556    0.355216   -0.052977    0.377096   -3.428721    0.746912    0.687500    0.062500
   0.155779    0.582290    0.357111   -0.070206    0.380850   -3.274211    0.713643    0.687500    0.062500
   0.160804    0.581937    0.359024   -0.086659    0.384436   -3.093345    0.688753    0.687500    0.062500
   0.165829    0.581501    0.360956   -0.102203    0.387897   -2.917022    0.647305    0.687500    0.062500
   0.170854    0.580988    0.362905   -0.116861    0.391149   -2.760307    0.597060    0.687500    0.062500
   0.175879    0.580401    0.364871   -0.130732    0.394150   -2.602529    0.561009    0.687500    0.062500
   0.180905    0.579743    0.366852   -0.143812    0.396969   -2.426398    0.532573    0.687500    0.062500
   0.185930    0.579021    0.368847   -0.156005    0.399645   -2.254094    0.492573    0.687500    0.062500
   0.190955    0.578237    0.370855   -0.167332    0.402121   -2.101877    0.446819    0.687500    0.062500
   0.195980    0.577396    0.372875   -0.177894    0.404366   -1.956184    0.412643    0.687500    0.062500
   0.201005    0.576502    0.374907   -0.187723    0.406439   -1.797713    0.385007    0.687500    0.062500
   0.206030    0.575559    0.376950   -0.196757    0.408374   -1.641438    0.349030    0.687500    0.062500
   0.211055    0.574570    0.379002   -0.205005    0.410128   -1.504175    0.309439    0.687500    0.062500
   0.216080    0.573540    0.381063   -0.212564    0.411683   -1.378050    0.279505    0.687500    0.062500
   0.221106    0.572472    0.383132   -0.219490    0.413088   -1.242967    0.254965    0.687500    0.062500
   0.226131    0.571369    0.385208   -0.225736    0.414369   -1.108146    0.224112    0.687500    0.062500
   0.231156    0.570234    0.387290   -0.231304    0.415495   -0.990405    0.191103    0.687500    0.062500
   0.236181    0.569072    0.389378   -0.236281    0.416455   -0.886429    0.166363    0.687500    0.062500
   0.241206    0.567885    0.391470   -0.240735    0.417291   -0.776265    0.145980    0.687500    0.062500
   0.246231    0.566675    0.393567   -0.244636    0.418025   -0.664272    0.120474    0.687500    0.062500
   0.251256    0.565446    0.395668   -0.247974    0.418630   -0.566940    0.093717    0.687500    0.062500
   0.256281    0.564200    0.397771   -0.250823    0.419101   -0.484633    0.074182    0.687500    0.062500
   0.261307    0.562939    0.399878   -0.253259    0.419474   -0.398204    0.058146    0.687500    0.062500
   0.266332    0.561666    0.401986   -0.255260    0.419766   -0.307972    0.037634    0.687500    0.062500
   0.271357    0.560384    0.404095   -0.256807    0.419955   -0.229511    0.016248    0.687500    0.062500
   0.276382    0.559093    0.406205   -0.257960    0.420037   -0.166135    0.001157    0.687500    0.062500
   0.281407    0.557797    0.408316   -0.258795    0.420043   -0.100589   -0.010943    0.687500    0.062500
   0.286432    0.556497    0.410427   -0.259301    0.419988   -0.029485   -0.027172    0.687500    0.062500
   0.291457    0.555194    0.412537   -0.259449    0.419851    0.034038   -0.044726    0.687500    0.062500
   0.296482    0.553890    0.414647   -0.259278    0.419626    0.084509   -0.057398    0.687500    0.062500
   0.301508    0.552587    0.416756   -0.258853    0.419338    0.134151   -0.066850    0.687500    0.062500
   0.306533    0.551286    0.418863   -0.258179    0.419002    0.189854   -0.079783    0.687500    0.062500
   0.311558    0.549989    0.420969   -0.257225    0.418601    0.246175   -0.096166    0.687500    0.062500
   0.316583    0.548696    0.423072   -0.255988    0.418118    0.297169   -0.110953    0.687500    0.062500
   0.321608    0.547410    0.425173   -0.254495    0.417560    0.339406   -0.120193    0.687500    0.062500
   0.326633    0.546131    0.427271   -0.252789    0.416956    0.382447   -0.130066    0.687500    0.062500
   0.331658    0.544861    0.429367   -0.250867    0.416303    0.444359   -0.148821    0.687500    0.062500
   0.336683    0.543600    0.431458   -0.248634    0.415555    0.522889   -0.173761    0.687500    0.062500
   0.341709    0.542350    0.433547   -0.246006    0.414682    0.567439   -0.184734    0.687500    0.062500
   0.346734    0.541114    0.435631   -0.243155    0.413753    0.585898   -0.185952    0.687500    0.062500
   0.351759    0.539892    0.437710   -0.240211    0.412819    0.660879   -0.206940    0.687500    0.062500
   0.356784    0.538685    0.439784   -0.236890    0.411779    0.798399   -0.248192    0.687500    0.062500
   0.361809    0.537495    0.441854   -0.232878    0.410532    0.817545   -0.247597    0.687500    0.062500
   0.366834    0.536325    0.443916   -0.228770    0.409288    0.717621   -0.206112    0.687500    0.062500
   0.371859    0.535175    0.445973   -0.225164    0.408252    0.738013   -0.202674    0.687500    0.062500
   0.376884    0.534044    0.448025   -0.221455    0.407234    0.869009   -0.233199    0.687500    0.062500
   0.381910    0.532931    0.450071   -0.217088    0.406062    0.594987   -0.131913    0.687500    0.062500
   0.386935    0.531840    0.452112   -0.214098    0.405399   -0.075081    0.101105    0.687500    0.062500
   0.391960    0.530764    0.454149   -0.214475    0.405907   -0.571138    0.288568    0.687500    0.062500
   0.396985    0.529686    0.456189   -0.217345    0.407357   -1.074279    0.464532    0.687500    0.062500
   0.402010    0.528594    0.458236   -0.222743    0.409691   -2.823581    0.972856    0.687500    0.062500
   0.407035    0.527475    0.460294   -0.236932    0.414580   -5.644960    1.811958    0.687500    0.062500
   0.412060    0.526284    0.462378   -0.265298    0.423685   -8.505510    2.741408    0.687500    0.062500
   0.417085    0.524951    0.464507   -0.308038    0.437460  -12.358539    3.924124    0.687500    0.062500
   0.422111    0.523403    0.466705   -0.370152    0.457183  -19.415588    5.701886    0.687500    0.062500
   0.427136    0.521543    0.469003   -0.467715    0.485835  -28.692745    8.067179    0.687500    0.062500
   0.432161    0.519193    0.471444   -0.611896    0.526373  -39.407422   11.319417    0.687500    0.062500
   0.437186    0.516118    0.474089   -0.809919    0.583253  -53.223256   14.916452    0.687500    0.062500
   0.442211    0.512048    0.477020   -1.077365    0.658208  -67.220835   14.826083    0.687500    0.062500
   0.447236    0.506634    0.480327   -1.415150    0.732709  -76.169835    9.703241    0.687500    0.062500
   0.452261    0.499523    0.484009   -1.797904    0.781468  -81.570484    1.537115    0.687500    0.062500
   0.457286    0.490489    0.487936   -2.207795    0.789192  -78.223577  -14.461026    0.687500    0.062500
   0.462312    0.479392    0.491902   -2.600947    0.716511  -49.484065  -44.847540    0.687500    0.062500
   0.467337    0.466323    0.495503   -2.849604    0.491152   -1.159782  -80.578589    0.687500    0.062500
   0.472362    0.452003    0.497971   -2.855432    0.086244   50.792332 -113.267152    0.687500    0.062500
   0.477387    0.437655    0.498404   -2.600201   -0.482923  105.089958 -133.205574    0.687500    0.062500
   0.482412    0.424589    0.495978   -2.072124   -1.152281  151.269959 -112.494497    0.687500    0.062500
   0.487437    0.414176    0.490187   -1.311992   -1.717566  174.533516  -53.841107    0.687500    0.062500
   0.492462    0.407584    0.481557   -0.434961   -1.988118  181.384392   15.449455    0.687500    0.062500
   0.497487    0.405398    0.471566    0.476495   -1.910484  171.211922   88.629018    0.687500    0.062500
   0.502513    0.407793    0.461964    1.337006   -1.465035  130.974113  146.511701    0.687500    0.062500
   0.507538    0.414511    0.454603    1.995151   -0.728813   75.304898  165.323100    0.687500    0.062500
   0.512563    0.424537    0.450940    2.373558    0.101935   25.302585  157.148771    0.687500    0.062500
   0.517588    0.436464    0.451452    2.500704    0.891608  -18.123843  127.855843    0.687500    0.062500
   0.522613    0.449030    0.455933    2.409632    1.534083  -51.430067   74.021370    0.687500    0.062500
   0.527638    0.461138    0.463642    2.151196    1.906041  -69.099004   18.932891    0.687500    0.062500
   0.532663    0.471948    0.473219    1.803973    2.001179  -77.326785  -20.509754    0.687500    0.062500
   0.537688    0.481013    0.483275    1.415406    1.898117  -78.688556  -46.354185    0.687500    0.062500
   0.542714    0.488127    0.492815    1.019917    1.665141  -68.953647  -55.256353    0.687500    0.062500
   0.547739    0.493252    0.501183    0.673425    1.387478  -53.115897  -49.679489    0.687500    0.062500
   0.552764    0.496636    0.508155    0.406518    1.137838  -39.711558  -41.234005    0.687500    0.062500
   0.557789    0.498679    0.513872    0.206967    0.930637  -28.916527  -33.089422    0.687500    0.062500
   0.562814    0.499719    0.518549    0.061662    0.764363  -19.701859  -24.474418    0.687500    0.062500
   0.567839    0.500029    0.522390   -0.037340    0.641379  -12.979055  -17.283255    0.687500    0.062500
   0.572864    0.499841    0.525613   -0.102560    0.554531   -8.321576  -12.418436    0.687500    0.062500
   0.577889    0.499326    0.528399   -0.144376    0.492128   -4.774286   -8.732814    0.687500    0.062500
   0.582915    0.498600    0.530873   -0.168371    0.448237   -2.423965   -5.774954    0.687500    0.062500
   0.587940    0.497754    0.533125   -0.180552    0.419218   -1.192505   -3.814234    0.687500    0.062500
   0.592965    0.496847    0.535232   -0.186544    0.400051   -0.289441   -2.517737    0.687500    0.062500
   0.597990    0.495909    0.537242   -0.187999    0.387400    0.471575   -1.491207    0.687500    0.062500
   0.603015    0.494965    0.539188   -0.185629    0.379906    0.804720   -0.770136    0.687500    0.062500
   0.608040    0.494032    0.541097   -0.181585    0.376036    0.799290   -0.407577    0.687500    0.062500
   0.613065    0.493119    0.542987   -0.177569    0.373988    0.837525   -0.178233    0.687500    0.062500
   0.618090    0.492227    0.544866   -0.173360    0.373093    0.910367    0.019227    0.687500    0.062500
   0.623116    0.491356    0.546742   -0.168785    0.373189    0.851157    0.124412    0.687500    0.062500
   0.628141    0.490508    0.548617   -0.164508    0.373815    0.711954    0.132801    0.687500    0.062500
   0.633166    0.489681    0.550495   -0.160930    0.374482    0.644656    0.135971    0.687500    0.062500
   0.638191    0.488872    0.552377   -0.157691    0.375165    0.614899    0.150342    0.687500    0.062500
   0.643216    0.488080    0.554262   -0.154601    0.375921    0.542316    0.142785    0.687500    0.062500
   0.648241    0.487303    0.556151   -0.151876    0.376638    0.453480    0.112794    0.687500    0.062500
   0.653266    0.486540    0.558044   -0.149597    0.377205    0.409867    0.091673    0.687500    0.062500
   0.658291    0.485788    0.559939   -0.147537    0.377666    0.386909    0.081524    0.687500    0.062500
   0.663317    0.485047    0.561837   -0.145593    0.378075    0.345262    0.069981    0.687500    0.062500
   0.668342    0.484315    0.563737   -0.143858    0.378427    0.299475    0.053739    0.687500    0.062500
   0.673367    0.483592    0.565639   -0.142353    0.378697    0.279549    0.040148    0.687500    0.062500
   0.678392    0.482877    0.567542   -0.140948    0.378899    0.269876    0.031839    0.687500    0.062500
   0.683417    0.482168    0.569446   -0.139592    0.379059    0.246976    0.027676    0.687500    0.062500
   0.688442    0.481467    0.571351   -0.138351    0.379198    0.220455    0.023304    0.687500    0.062500
   0.693467    0.480772    0.573256   -0.137243    0.379315    0.211640    0.016420    0.687500    0.062500
   0.698492    0.480082    0.575162   -0.136180    0.379397    0.209705    0.010685    0.687500    0.062500
   0.703518    0.479398    0.577069   -0.135126    0.379451    0.195257    0.010248    0.687500    0.062500
   0.708543    0.478719    0.578976   -0.134145    0.379503    0.174847    0.011414    0.687500    0.062500
   0.713568    0.478045    0.580883   -0.133266    0.379560    0.169764    0.007780    0.687500    0.062500
   0.718593    0.477375    0.582790   -0.132413    0.379599    0.172352    0.002857    0.687500    0.062500
   0.723618    0.476710    0.584697   -0.131547    0.379613    0.162396    0.003368    0.687500    0.062500
   0.728643    0.476049    0.586605   -0.130731    0.379630    0.142844    0.006999    0.687500    0.062500
   0.733668    0.475392    0.588513   -0.130013    0.379666    0.138235    0.004946    0.687500    0.062500
   0.738693    0.474738    0.590420   -0.129318    0.379690    0.144369   -0.000274    0.687500    0.062500
   0.743719    0.474088    0.592329   -0.128593    0.379689    0.138103   -0.000115    0.687500    0.062500
   0.748744    0.473442    0.594237   -0.127899    0.379688    0.117352    0.005128    0.687500    0.062500
   0.753769    0.472800    0.596145   -0.127309    0.379714    0.111547    0.004358    0.687500    0.062500
   0.758794    0.472160    0.598053   -0.126749    0.379736    0.121272   -0.001741    0.687500    0.062500
   0.763819    0.471523    0.599961   -0.126139    0.379727    0.119166   -0.002684    0.687500    0.062500
   0.768844    0.470889    0.601869   -0.125540    0.379714    0.096027    0.004228    0.687500    0.062500
   0.773869    0.470258    0.603777   -0.125058    0.379735    0.087567    0.005117    0.687500    0.062500
   0.778894    0.469630    0.605685   -0.124618    0.379761    0.101367   -0.002344    0.687500    0.062500
   0.783920    0.469003    0.607594   -0.124108    0.379749    0.104591   -0.005241    0.687500    0.062500
   0.788945    0.468380    0.609502   -0.123583    0.379723    0.078004    0.003699    0.687500    0.062500
   0.793970    0.467759    0.611410   -0.123191    0.379741    0.065088    0.007116    0.687500    0.062500
   0.798995    0.467140    0.613318   -0.122864    0.379777    0.083666   -0.002164    0.687500    0.062500
   0.804020    0.466522    0.615227   -0.122443    0.379766    0.094017   -0.008183    0.687500    0.062500
   0.809045    0.465907    0.617135   -0.121971    0.379725    0.062909    0.003224    0.687500    0.062500
   0.814070    0.465294    0.619043   -0.121655    0.379741    0.043123    0.010530    0.687500    0.062500
   0.819095    0.464683    0.620951   -0.121438    0.379794    0.067272   -0.001026    0.687500    0.062500
   0.824121    0.464073    0.622860   -0.121100    0.379789    0.087252   -0.011841    0.687500    0.062500
   0.829146    0.463464    0.624769   -0.120662    0.379729    0.050679    0.002375    0.687500    0.062500
   0.834171    0.462858    0.626677   -0.120407    0.379741    0.020930    0.015504    0.687500    0.062500
   0.839196    0.462253    0.628585   -0.120302    0.379819    0.051343    0.001367    0.687500    0.062500
   0.844221    0.461648    0.630494   -0.120044    0.379826    0.084073   -0.016404    0.687500    0.062500
   0.849246    0.461045    0.632402   -0.119621    0.379744    0.041516    0.000666    0.687500    0.062500
   0.854271    0.460444    0.634311   -0.119413    0.379747   -0.001875    0.022098    0.687500    0.062500
   0.859296    0.459844    0.636219   -0.119422    0.379858    0.035126    0.005379    0.687500    0.062500
   0.864322    0.459244    0.638128   -0.119246    0.379885    0.084147   -0.021967    0.687500    0.062500
   0.869347    0.458644    0.640037   -0.118823    0.379775    0.035871   -0.002601    0.687500    0.062500
   0.874372    0.458047    0.641945   -0.118642    0.379762   -0.025029    0.029961    0.687500    0.062500
   0.879397    0.457451    0.643854   -0.118768    0.379912    0.018182    0.011236    0.687500    0.062500
   0.884422    0.456854    0.645763   -0.118677    0.379969    0.086847   -0.028306    0.687500    0.062500
   0.889447    0.456258    0.647672   -0.118240    0.379827    0.034294   -0.007984    0.687500    0.062500
   0.894472    0.455664    0.649581   -0.118068    0.379786   -0.047561    0.038491    0.687500    0.062500
   0.899497    0.455070    0.651489   -0.118307    0.379980    0.000459    0.019079    0.687500    0.062500
   0.904523    0.454476    0.653399   -0.118305    0.380076    0.091297   -0.034905    0.687500    0.062500
   0.909548    0.453881    0.655309   -0.117846    0.379900    0.037125   -0.015866    0.687500    0.062500
   0.914573    0.453289    0.657218   -0.117660    0.379821   -0.067965    0.046659    0.687500    0.062500
   0.919598    0.452698    0.659126   -0.118001    0.380055   -0.017588    0.028651    0.687500    0.062500
   0.924623    0.452105    0.661036   -0.118089    0.380199    0.096383   -0.040987    0.687500    0.062500
   0.929648    0.451512    0.662947   -0.117605    0.379993    0.044316   -0.026190    0.687500    0.062500
   0.934673    0.450921    0.664856   -0.117382    0.379861   -0.084681    0.053415    0.687500    0.062500
   0.939698    0.450331    0.666765   -0.117808    0.380130   -0.035317    0.039501    0.687500    0.062500
   0.944724    0.449739    0.668675   -0.117985    0.380328    0.101038   -0.045790    0.687500    0.062500
   0.949749    0.449146    0.670586   -0.117478    0.380098    0.054945   -0.038294    0.687500    0.062500
   0.954774    0.448555    0.672496   -0.117202    0.379906   -0.097893    0.058859    0.687500    0.062500
   0.959799    0.447967    0.674405   -0.117694    0.380202   -0.055781    0.053924    0.687500    0.062500
   0.964824    0.447375    0.676316   -0.117974    0.380473    0.096270   -0.042200    0.687500    0.062500
   0.969849    0.446782    0.678228   -0.117490    0.380261    0.057230   -0.042066    0.687500    0.062500
   0.974874    0.446192    0.680139   -0.117202    0.380049   -0.116700    0.073316    0.687500    0.062500
   0.979899    0.445603    0.682048   -0.117789    0.380418   -0.088499    0.089690    0.687500    0.062500
   0.984925    0.445011    0.683960   -0.118234    0.380868    0.089340   -0.004975    0.687500    0.062500
   0.989950    0.444417    0.685874   -0.117785    0.380843    0.180026   -0.068544    0.687500    0.062500
   0.994975    0.443825    0.687788   -0.116880    0.380499    0.240530   -0.100163    0.687500    0.062500
   1.000000    0.443238    0.689700   -0.115671    0.379996    0.510148   -0.247728    0.687500    0.062500