  0.000000   0.558057   0.308612   0.000000   0.000000  11.371597  22.828399   0.687500   0.437500
  0.005025   0.558057   0.308612   0.057142   0.114713   9.197664  20.705704   0.687500   0.437500
  0.010050   0.558344   0.309188   0.103361   0.218759   8.058859  15.767263   0.687500   0.437500
  0.015075   0.558864   0.310288   0.143856   0.297989   7.674139   8.660160   0.687500   0.437500
  0.020101   0.559587   0.311785   0.182427   0.341515   7.030557   2.565785   0.687500   0.437500
  0.025126   0.560503   0.313502   0.217755   0.354408   5.985139  -1.684191   0.687500   0.437500
  0.030151   0.561597   0.315282   0.247830   0.345945   4.688189  -3.550823   0.687500   0.437500
  0.035176   0.562843   0.317021   0.271389   0.328102   3.240212  -2.745283   0.687500   0.437500
  0.040201   0.564207   0.318669   0.287671   0.314307   1.837266  -1.357399   0.687500   0.437500
  0.045226   0.565652   0.320249   0.296903   0.307486   0.564343  -0.572207   0.687500   0.437500
  0.050251   0.567144   0.321794   0.299739   0.304611  -0.526640  -0.193074   0.687500   0.437500
  0.055276   0.568650   0.323325   0.297092   0.303641  -1.348202   0.107395   0.687500   0.437500
  0.060302   0.570143   0.324851   0.290316   0.304181  -1.997313   0.350570   0.687500   0.437500
  0.065327   0.571602   0.326379   0.280280   0.305942  -2.597820   0.480134   0.687500   0.437500
  0.070352   0.573011   0.327917   0.267226   0.308355  -3.129330   0.559066   0.687500   0.437500
  0.075377   0.574353   0.329466   0.251501   0.311164  -3.500704   0.684903   0.687500   0.437500
  0.080402   0.575617   0.331030   0.233910   0.314606  -3.756778   0.805528   0.687500   0.437500
  0.085427   0.576793   0.332611   0.215032   0.318654  -3.990716   0.852192   0.687500   0.437500
  0.090452   0.577873   0.334212   0.194979   0.322936  -4.195592   0.862640   0.687500   0.437500
  0.095477   0.578853   0.335835   0.173896   0.327271  -4.300327   0.910056   0.687500   0.437500
  0.100503   0.579727   0.337479   0.152282   0.331845  -4.325290   0.960451   0.687500   0.437500
  0.105528   0.580492   0.339147   0.130548   0.336671  -4.342725   0.959776   0.687500   0.437500
  0.110553   0.581148   0.340839   0.108726   0.341494  -4.355325   0.932850   0.687500   0.437500
  0.115578   0.581695   0.342555   0.086840   0.346181  -4.308786   0.934748   0.687500   0.437500
  0.120603   0.582131   0.344294   0.065188   0.350879  -4.207138   0.943574   0.687500   0.437500
  0.125628   0.582458   0.346058   0.044048   0.355620  -4.105767   0.917333   0.687500   0.437500
  0.130653   0.582680   0.347844   0.023416   0.360230  -4.013567   0.872410   0.687500   0.437500
  0.135678   0.582797   0.349655   0.003248   0.364613  -3.889924   0.850015   0.687500   0.437500
  0.140704   0.582814   0.351487  -0.016303   0.368886  -3.728168   0.836000   0.687500   0.437500
  0.145729   0.582732   0.353341  -0.035037   0.373087  -3.570188   0.797950   0.687500   0.437500
  0.150754   0.582556   0.355216  -0.052977   0.377096  -3.428719   0.746914   0.687500   0.437500
  0.155779   0.582290   0.357111  -0.070206   0.380849  -3.274209   0.713645   0.687500   0.437500
  0.160804   0.581937   0.359024  -0.086659   0.384436  -3.093343   0.688755   0.687500   0.437500
  0.165829   0.581501   0.360956  -0.102203   0.387897  -2.917021   0.647308   0.687500   0.437500
  0.170854   0.580988   0.362905  -0.116861   0.391149  -2.760306   0.597062   0.687500   0.437500
  0.175879   0.580401   0.364871  -0.130732   0.394149  -2.602528   0.561012   0.687500   0.437500
  0.180905   0.579743   0.366852  -0.143812   0.396969  -2.426397   0.532576   0.687500   0.437500
  0.185930   0.579021   0.368847  -0.156005   0.399645  -2.254092   0.492575   0.687500   0.437500
  0.190955   0.578237   0.370855  -0.167332   0.402121  -2.101874   0.446820   0.687500   0.437500
  0.195980   0.577396   0.372875  -0.177894   0.404366  -1.956180   0.412643   0.687500   0.437500
  0.201005   0.576502   0.374907  -0.187723   0.406439  -1.797709   0.385006   0.687500   0.437500
  0.206030   0.575559   0.376950  -0.196757   0.408374  -1.641431   0.349028   0.687500   0.437500
  0.211055   0.574570   0.379002  -0.205005   0.410128  -1.504160   0.309432   0.687500   0.437500
  0.216080   0.573540   0.381063  -0.212563   0.411683  -1.378030   0.279493   0.687500   0.437500
  0.221106   0.572472   0.383132  -0.219489   0.413087  -1.242951   0.254954   0.687500   0.437500
  0.226131   0.571369   0.385208  -0.225735   0.414369  -1.108120   0.224093   0.687500   0.437500
  0.231156   0.570234   0.387290  -0.231304   0.415495  -0.990335   0.191057   0.687500   0.437500
  0.236181   0.569072   0.389378  -0.236280   0.416455  -0.886336   0.166294   0.687500   0.437500
  0.241206   0.567885   0.391470  -0.240734   0.417290  -0.776227   0.145927   0.687500   0.437500
  0.246231   0.566675   0.393567  -0.244634   0.418024  -0.664236   0.120411   0.687500   0.437500
  0.251256   0.565446   0.395668  -0.247972   0.418629  -0.566739   0.093545   0.687500   0.437500
  0.256281   0.564200   0.397771  -0.250820   0.419099  -0.484406   0.073926   0.687500   0.437500
  0.261307   0.562939   0.399878  -0.253255   0.419470  -0.398453   0.058044   0.687500   0.437500
  0.266332   0.561667   0.401986  -0.255257   0.419762  -0.308565   0.037637   0.687500   0.437500
  0.271357   0.560384   0.404095  -0.256807   0.419951  -0.229768   0.015945   0.687500   0.437500
  0.276382   0.559093   0.406205  -0.257962   0.420031  -0.166872   0.000703   0.687500   0.437500
  0.281407   0.557797   0.408316  -0.258801   0.420035  -0.104500  -0.010370   0.687500   0.437500
  0.286432   0.556497   0.410426  -0.259326   0.419983  -0.036538  -0.025500   0.687500   0.437500
  0.291457   0.555194   0.412537  -0.259509   0.419855   0.026086  -0.043325   0.687500   0.437500
  0.296482   0.553890   0.414647  -0.259378   0.419637   0.071475  -0.055530   0.687500   0.437500
  0.301508   0.552586   0.416756  -0.259019   0.419358   0.103846  -0.059690   0.687500   0.437500
  0.306533   0.551284   0.418863  -0.258497   0.419058   0.140526  -0.066127   0.687500   0.437500
  0.311558   0.549985   0.420969  -0.257791   0.418725   0.183605  -0.079724   0.687500   0.437500
  0.316583   0.548690   0.423073  -0.256868   0.418325   0.203216  -0.088999   0.687500   0.437500
  0.321608   0.547399   0.425175  -0.255847   0.417878   0.167853  -0.076809   0.687500   0.437500
  0.326633   0.546114   0.427275  -0.255004   0.417492   0.122397  -0.058965   0.687500   0.437500
  0.331658   0.544832   0.429373  -0.254389   0.417195   0.106005  -0.057408   0.687500   0.437500
  0.336683   0.543554   0.431469  -0.253856   0.416907   0.040744  -0.054597   0.687500   0.437500
  0.341709   0.542278   0.433564  -0.253651   0.416633  -0.201620   0.001414   0.687500   0.437500
  0.346734   0.541003   0.435658  -0.254664   0.416640  -0.509116   0.087728   0.687500   0.437500
  0.351759   0.539724   0.437752  -0.257223   0.417080  -0.756360   0.147530   0.687500   0.437500
  0.356784   0.538431   0.439848  -0.261023   0.417822  -1.133851   0.199916   0.687500   0.437500
  0.361809   0.537120   0.441947  -0.266721   0.418826  -1.965179   0.346799   0.687500   0.437500
  0.366834   0.535779   0.444052  -0.276596   0.420569  -2.991150   0.569855   0.687500   0.437500
  0.371859   0.534389   0.446165  -0.291627   0.423433  -3.943355   0.771656   0.687500   0.437500
  0.376884   0.532924   0.448293  -0.311442   0.427310  -5.220618   0.937337   0.687500   0.437500
  0.381910   0.531359   0.450440  -0.337681   0.432021  -7.362999   1.156935   0.687500   0.437500
  0.386935   0.529662   0.452611  -0.374680   0.437835  -9.822261   1.460181   0.687500   0.437500
  0.391960   0.527779   0.454811  -0.424037   0.445172 -12.229219   1.772338   0.687500   0.437500
  0.396985   0.525648   0.457048  -0.485489   0.454078 -15.227416   1.934908   0.687500   0.437500
  0.402010   0.523209   0.459330  -0.562006   0.463801 -19.166370   1.780040   0.687500   0.437500
  0.407035   0.520385   0.461661  -0.658317   0.472746 -23.042432   1.486364   0.687500   0.437500
  0.412060   0.517077   0.464036  -0.774106   0.480215 -26.678162   1.149047   0.687500   0.437500
  0.417085   0.513187   0.466449  -0.908163   0.485989 -30.601050   0.229438   0.687500   0.437500
  0.422111   0.508622   0.468892  -1.061964   0.487142 -34.019721  -1.866067   0.687500   0.437500
  0.427136   0.503286   0.471340  -1.232913   0.477765 -35.948033  -4.374528   0.687500   0.437500
  0.432161   0.497090   0.473741  -1.413552   0.455783 -36.921683  -6.925357   0.687500   0.437500
  0.437186   0.489987   0.476031  -1.599084   0.420983 -35.917964 -10.731265   0.687500   0.437500
  0.442211   0.481952   0.478146  -1.779571   0.367058 -30.210156 -16.463194   0.687500   0.437500
  0.447236   0.473010   0.479991  -1.931377   0.284331 -21.856578 -21.887431   0.687500   0.437500
  0.452261   0.463304   0.481420  -2.041207   0.174347 -13.747625 -25.685381   0.687500   0.437500
  0.457286   0.453047   0.482296  -2.110288   0.045277  -2.866596 -27.923539   0.687500   0.437500
  0.462312   0.442441   0.482523  -2.124696  -0.095066  16.006965 -29.136290   0.687500   0.437500
  0.467337   0.431764   0.482046  -2.044261  -0.241476  38.382372 -30.629678   0.687500   0.437500
  0.472362   0.421492   0.480832  -1.851390  -0.395390  58.405451 -32.267056   0.687500   0.437500
  0.477387   0.412189   0.478845  -1.557902  -0.557532  74.983788 -29.653640   0.687500   0.437500
  0.482412   0.404360   0.476044  -1.181109  -0.706542  85.596318 -15.591797   0.687500   0.437500
  0.487437   0.398425   0.472493  -0.750987  -0.784891  90.589975   5.270355   0.687500   0.437500
  0.492462   0.394652   0.468549  -0.295773  -0.758407  93.918997  24.340012   0.687500   0.437500
  0.497487   0.393165   0.464738   0.176170  -0.636098  94.180714  39.492477   0.687500   0.437500
  0.502513   0.394051   0.461541   0.649523  -0.437609  83.779219  48.345559   0.687500   0.437500
  0.507538   0.397315   0.459342   1.070513  -0.194673  64.521680  51.649610   0.687500   0.437500
  0.512563   0.402694   0.458364   1.394735   0.064867  45.271765  53.771631   0.687500   0.437500
  0.517588   0.409702   0.458690   1.622225   0.335069  27.764324  54.795597   0.687500   0.437500
  0.522613   0.417854   0.460374   1.761741   0.610417  11.159999  49.676111   0.687500   0.437500
  0.527638   0.426707   0.463441   1.817820   0.860039  -3.646154  38.023924   0.687500   0.437500
  0.532663   0.435841   0.467763   1.799498   1.051110 -16.556861  25.234715   0.687500   0.437500
  0.537688   0.444884   0.473045   1.716300   1.177914 -27.938330  13.007392   0.687500   0.437500
  0.542714   0.453510   0.478965   1.575882   1.243289 -35.431074   2.382554   0.687500   0.437500
  0.547739   0.461429   0.485212   1.397841   1.255261 -37.699232  -4.779221   0.687500   0.437500
  0.552764   0.468453   0.491520   1.208402   1.231246 -37.862618  -9.667734   0.687500   0.437500
  0.557789   0.474525   0.497707   1.018142   1.182665 -37.371016 -13.889898   0.687500   0.437500
  0.562814   0.479641   0.503650   0.830353   1.112869 -35.125401 -16.957459   0.687500   0.437500
  0.567839   0.483814   0.509242   0.653848   1.027658 -31.160232 -17.834924   0.687500   0.437500
  0.572864   0.487099   0.514406   0.497268   0.938037 -27.143782 -17.471171   0.687500   0.437500
  0.577889   0.489598   0.519120   0.360870   0.850244 -23.336672 -16.590739   0.687500   0.437500
  0.582915   0.491412   0.523393   0.243580   0.766859 -19.303416 -14.944268   0.687500   0.437500
  0.587940   0.492636   0.527246   0.146580   0.691764 -15.451314 -12.816684   0.687500   0.437500
  0.592965   0.493373   0.530723   0.068938   0.627361 -12.250019 -10.900781   0.687500   0.437500
  0.597990   0.493719   0.533875   0.007381   0.572584  -9.507768  -9.153486   0.687500   0.437500
  0.603015   0.493756   0.536752  -0.040395   0.526588  -7.150428  -7.363726   0.687500   0.437500
  0.608040   0.493553   0.539398  -0.076326   0.489585  -5.324518  -5.769249   0.687500   0.437500
  0.613065   0.493170   0.541859  -0.103082   0.460595  -3.880973  -4.535914   0.687500   0.437500
  0.618090   0.492652   0.544173  -0.122584   0.437802  -2.654685  -3.496264   0.687500   0.437500
  0.623116   0.492035   0.546373  -0.135926   0.420229  -1.734082  -2.583095   0.687500   0.437500
  0.628141   0.491352   0.548485  -0.144640   0.407249  -1.158594  -1.900730   0.687500   0.437500
  0.633166   0.490626   0.550532  -0.150462   0.397698  -0.709455  -1.408566   0.687500   0.437500
  0.638191   0.489870   0.552530  -0.154027   0.390620  -0.307662  -0.996512   0.687500   0.437500
  0.643216   0.489096   0.554493  -0.155573   0.385613  -0.044535  -0.663898   0.687500   0.437500
  0.648241   0.488314   0.556431  -0.155797   0.382277   0.067900  -0.454227   0.687500   0.437500
  0.653266   0.487531   0.558352  -0.155456   0.379994   0.159790  -0.315044   0.687500   0.437500
  0.658291   0.486750   0.560261  -0.154653   0.378411   0.256770  -0.194063   0.687500   0.437500
  0.663317   0.485972   0.562163  -0.153362   0.377436   0.303313  -0.099576   0.687500   0.437500
  0.668342   0.485202   0.564059  -0.151838   0.376935   0.297743  -0.051663   0.687500   0.437500
  0.673367   0.484439   0.565954  -0.150342   0.376676   0.300954  -0.026457   0.687500   0.437500
  0.678392   0.483683   0.567846  -0.148829   0.376543   0.314946  -0.002066   0.687500   0.437500
  0.683417   0.482935   0.569739  -0.147247   0.376532   0.308276   0.019249   0.687500   0.437500
  0.688442   0.482196   0.571631  -0.145698   0.376629   0.284528   0.027374   0.687500   0.437500
  0.693467   0.481463   0.573523  -0.144268   0.376767   0.275097   0.026580   0.687500   0.437500
  0.698492   0.480739   0.575416  -0.142886   0.376900   0.274297   0.026444   0.687500   0.437500
  0.703518   0.480020   0.577311  -0.141507   0.377033   0.259906   0.030160   0.687500   0.437500
  0.708543   0.479309   0.579205  -0.140201   0.377185   0.236528   0.032259   0.687500   0.437500
  0.713568   0.478605   0.581101  -0.139012   0.377347   0.228086   0.028290   0.687500   0.437500
  0.718593   0.477906   0.582997  -0.137866   0.377489   0.228201   0.023287   0.687500   0.437500
  0.723618   0.477213   0.584894  -0.136720   0.377606   0.215844   0.023582   0.687500   0.437500
  0.728643   0.476526   0.586791  -0.135635   0.377724   0.193407   0.026367   0.687500   0.437500
  0.733668   0.475845   0.588689  -0.134663   0.377857   0.185997   0.023304   0.687500   0.437500
  0.738693   0.475168   0.590588  -0.133728   0.377974   0.189686   0.017242   0.687500   0.437500
  0.743719   0.474496   0.592488  -0.132775   0.378061   0.181130   0.016610   0.687500   0.437500
  0.748744   0.473829   0.594387  -0.131865   0.378144   0.158106   0.020989   0.687500   0.437500
  0.753769   0.473166   0.596288  -0.131070   0.378250   0.150141   0.019370   0.687500   0.437500
  0.758794   0.472508   0.598188  -0.130316   0.378347   0.157866   0.012499   0.687500   0.437500
  0.763819   0.471853   0.600089  -0.129523   0.378410   0.153876   0.010833   0.687500   0.437500
  0.768844   0.471202   0.601991  -0.128749   0.378464   0.128937   0.017042   0.687500   0.437500
  0.773869   0.470555   0.603893  -0.128102   0.378550   0.118771   0.017262   0.687500   0.437500
  0.778894   0.469911   0.605795  -0.127505   0.378637   0.130960   0.009173   0.687500   0.437500
  0.783920   0.469270   0.607698  -0.126847   0.378683   0.132660   0.005684   0.687500   0.437500
  0.788945   0.468633   0.609601  -0.126180   0.378711   0.104625   0.014062   0.687500   0.437500
  0.793970   0.467999   0.611504  -0.125654   0.378782   0.090337   0.016944   0.687500   0.437500
  0.798995   0.467368   0.613407  -0.125200   0.378867   0.107614   0.007158   0.687500   0.437500
  0.804020   0.466738   0.615311  -0.124659   0.378903   0.116732   0.000659   0.687500   0.437500
  0.809045   0.466112   0.617215  -0.124073   0.378906   0.084455   0.011612   0.687500   0.437500
  0.814070   0.465489   0.619119  -0.123649   0.378965   0.063560   0.018486   0.687500   0.437500
  0.819095   0.464867   0.621023  -0.123329   0.379058   0.086657   0.006520   0.687500   0.437500
  0.824121   0.464247   0.622929  -0.122894   0.379090   0.105639  -0.004683   0.687500   0.437500
  0.829146   0.463630   0.624833  -0.122363   0.379067   0.068119   0.009165   0.687500   0.437500
  0.834171   0.463015   0.626738  -0.122020   0.379113   0.037472   0.021944   0.687500   0.437500
  0.839196   0.462402   0.628643  -0.121832   0.379223   0.067034   0.007476   0.687500   0.437500
  0.844221   0.461790   0.630549  -0.121495   0.379261   0.098955  -0.010610   0.687500   0.437500
  0.849246   0.461179   0.632455  -0.120998   0.379207   0.055632   0.006162   0.687500   0.437500
  0.854271   0.460571   0.634360  -0.120719   0.379238   0.011514   0.027311   0.687500   0.437500
  0.859296   0.459964   0.636266  -0.120661   0.379376   0.047827   0.010324   0.687500   0.437500
  0.864322   0.459358   0.638173  -0.120420   0.379428   0.096194  -0.017277   0.687500   0.437500
  0.869347   0.458753   0.640079  -0.119937   0.379341   0.047297   0.001847   0.687500   0.437500
  0.874372   0.458150   0.641985  -0.119699   0.379350  -0.014190   0.034181   0.687500   0.437500
  0.879397   0.457549   0.643892  -0.119771   0.379522   0.028463   0.015238   0.687500   0.437500
  0.884422   0.456947   0.645799  -0.119628   0.379598   0.096598  -0.024511   0.687500   0.437500
  0.889447   0.456346   0.647706  -0.119142   0.379475   0.043543  -0.004384   0.687500   0.437500
  0.894472   0.455747   0.649613  -0.118923   0.379453  -0.038789   0.041906   0.687500   0.437500
  0.899497   0.455149   0.651520  -0.119118   0.379664   0.008780   0.022318   0.687500   0.437500
  0.904523   0.454551   0.653428  -0.119074   0.379776   0.099189  -0.031833   0.687500   0.437500
  0.909548   0.453952   0.655336  -0.118576   0.379616   0.044610  -0.012951   0.687500   0.437500
  0.914573   0.453357   0.657244  -0.118351   0.379551  -0.060865   0.049423   0.687500   0.437500
  0.919598   0.452762   0.659151  -0.118657   0.379799  -0.010853   0.031273   0.687500   0.437500
  0.924623   0.452166   0.661060  -0.118712   0.379956   0.102771  -0.038501   0.687500   0.437500
  0.929648   0.451569   0.662969  -0.118195   0.379763   0.050375  -0.023831   0.687500   0.437500
  0.934673   0.450975   0.664877  -0.117942   0.379643  -0.078935   0.055652   0.687500   0.437500
  0.939698   0.450383   0.666785  -0.118339   0.379923  -0.029867   0.041624   0.687500   0.437500
  0.944724   0.449788   0.668695  -0.118489   0.380132   0.106208  -0.043777   0.687500   0.437500
  0.949749   0.449192   0.670605  -0.117955   0.379912   0.059849  -0.036384   0.687500   0.437500
  0.954774   0.448600   0.672514  -0.117655   0.379729  -0.093241   0.060671   0.687500   0.437500
  0.959799   0.448008   0.674422  -0.118123   0.380034  -0.051368   0.055642   0.687500   0.437500
  0.964824   0.447415   0.676332  -0.118381   0.380314   0.100454  -0.040570   0.687500   0.437500
  0.969849   0.446820   0.678243  -0.117877   0.380110   0.061198  -0.040519   0.687500   0.437500
  0.974874   0.446228   0.680153  -0.117569   0.379906  -0.112937   0.074783   0.687500   0.437500
  0.979899   0.445637   0.682062  -0.118137   0.380282  -0.084929   0.091081   0.687500   0.437500
  0.984925   0.445043   0.683973  -0.118563   0.380740   0.092727  -0.003656   0.687500   0.437500
  0.989950   0.444447   0.685886  -0.118097   0.380721   0.183239  -0.067294   0.687500   0.437500
  0.994975   0.443854   0.687799  -0.117177   0.380383   0.243577  -0.098977   0.687500   0.437500
  1.000000   0.443265   0.689711  -0.115953   0.379886   0.513037  -0.246601   0.687500   0.437500