      0.000000      -0.001997      -0.002162       0.000000       0.000000       0.000000       0.000000       0.764706
      0.005025       0.004316       0.003922       1.256416       1.210742     250.033082     240.943624       0.764706
      0.010050       0.008320       0.008175       0.796734       0.846312     -91.479044     -72.523277       0.764706
      0.015075       0.014912       0.014289       1.311803       1.216764     102.501261      73.721797       0.764706
      0.020101       0.020357       0.021827       1.083594       1.500099     -45.414604      56.384958       0.764706
      0.025126       0.023848       0.026111       0.694783       0.852604     -77.375493    -128.854708       0.764706
      0.030151       0.030329       0.031661       1.289659       1.104383     118.383447      50.105285       0.764706
      0.035176       0.035668       0.036429       1.062524       0.948790     -45.201146     -30.963735       0.764706
      0.040201       0.041630       0.040260       1.186483       0.762510      24.668441     -37.070625       0.764706
      0.045226       0.045214       0.044122       0.713268       0.768523     -94.172117       1.196536       0.764706
      0.050251       0.051150       0.051993       1.181352       1.566307      93.151084     158.763056       0.764706
      0.055276       0.058313       0.057661       1.425480       1.127961      48.582680     -87.233076       0.764706
      0.060302       0.062685       0.063103       0.869912       1.083030    -110.560801      -8.941439       0.764706
      0.065327       0.065554       0.067313       0.570990       0.837911     -59.486966     -48.779966       0.764706
      0.070352       0.071357       0.070675       1.154834       0.668900     116.187879     -33.633909       0.764706
      0.075377       0.075310       0.074305       0.786562       0.722460     -73.288022      10.658522       0.764706
      0.080402       0.078808       0.077945       0.696177       0.724284     -17.986964       0.363107       0.764706
      0.085427       0.084039       0.084757       1.040978       1.355699      68.616995     125.654744       0.764706
      0.090452       0.090011       0.092389       1.188581       1.518807      29.373921      32.459186       0.764706
      0.095477       0.093914       0.096933       0.776649       0.904268     -81.976616    -122.296320       0.764706
      0.100503       0.097776       0.101344       0.768587       0.877791      -1.604456      -5.268943       0.764706
      0.105528       0.104338       0.105863       1.305786       0.899326     106.905274       4.285550       0.764706
      0.110553       0.109414       0.109629       1.010103       0.749524     -58.842391     -29.811413       0.764706
      0.115578       0.112786       0.114845       0.671065       1.038004     -67.470220      57.408970       0.764706
      0.120603       0.118864       0.120825       1.209728       1.189927     107.196581      30.233399       0.764706
      0.125628       0.125402       0.124633       1.300926       0.757922      18.148975     -85.971171       0.764706
      0.130653       0.132104       0.126930       1.333797       0.457146       6.541414     -59.855821       0.764706
      0.135678       0.137522       0.132075       1.078233       1.023865     -50.858553     112.779829       0.764706
      0.140704       0.140379       0.139113       0.568548       1.400542    -101.429850      74.960726       0.764706
      0.145729       0.144797       0.146949       0.879179       1.559414      61.817144      31.616222       0.764706
      0.150754       0.149971       0.152265       1.029674       1.057991      29.949404     -99.785548       0.764706
      0.155779       0.155142       0.156628       1.029081       0.868176      -0.118113     -37.774200       0.764706
      0.160804       0.160355       0.160112       1.037362       0.693360       1.647887     -34.789301       0.764706
      0.165829       0.165622       0.163503       1.048093       0.674850       2.135581      -3.683565       0.764706
      0.170854       0.168408       0.170815       0.554431       1.455039     -98.241253     155.261578       0.764706
      0.175879       0.174503       0.176644       1.213105       1.160074     131.079405     -58.699570       0.764706
      0.180905       0.180807       0.179178       1.254525       0.504203       8.242820    -130.521642       0.764706
      0.185930       0.185822       0.183708       0.997984       0.901531     -51.052916      79.070228       0.764706
      0.190955       0.192305       0.188626       1.290108       0.978690      58.134209      15.355176       0.764706
      0.195980       0.199061       0.193272       1.344434       0.924523      10.811135     -10.779571       0.764706
      0.201005       0.203190       0.200364       0.821641       1.411453    -104.038531      96.901508       0.764706
      0.206030       0.206298       0.206535       0.618524       1.228087     -40.421180     -36.490811       0.764706
      0.211055       0.210495       0.210422       0.835273       0.773393      43.134143     -90.486398       0.764706
      0.216080       0.215222       0.213879       0.940749       0.687936      20.990295     -17.006392       0.764706
      0.221106       0.220374       0.218107       1.025153       0.841427      16.796691      30.545477       0.764706
      0.226131       0.226447       0.223361       1.208663       1.045707      36.519387      40.652799       0.764706
      0.231156       0.231330       0.228106       0.971665       0.944162     -47.163698     -20.207890       0.764706
      0.236181       0.236108       0.233965       0.950965       1.165990      -4.119416      44.144732       0.764706
      0.241206       0.242149       0.239574       1.202031       1.116188      49.963308      -9.910773       0.764706
      0.246231       0.248254       0.244821       1.214936       1.044251       2.568172     -14.315790       0.764706
      0.251256       0.252863       0.250547       0.917385       1.139472     -59.214141      18.949358       0.764706
      0.256281       0.256941       0.254949       0.811518       0.876130     -21.068090     -52.406252       0.764706
      0.261307       0.261111       0.258663       0.829715       0.739091       3.621364     -27.271517       0.764706
      0.266332       0.265786       0.264173       0.930454       1.096407      20.047565      71.107674       0.764706
      0.271357       0.270583       0.269657       0.954537       1.091337       4.792643      -1.008826       0.764706
      0.276382       0.275065       0.274919       0.891951       1.047274     -12.454822      -8.768852       0.764706
      0.281407       0.280071       0.280794       0.996241       1.169164      20.754096      24.256636       0.764706
      0.286432       0.284730       0.287305       0.927114       1.295648     -13.756512      25.171092       0.764706
      0.291457       0.289744       0.290678       0.997949       0.671190      14.096445    -124.270282       0.764706
      0.296482       0.295651       0.294185       1.175434       0.698034      35.320306       5.342144       0.764706
      0.301508       0.303124       0.300352       1.487187       1.227153      62.040470     105.297173       0.764706
      0.306533       0.308112       0.305140       0.992619       0.952937     -98.421474     -54.570287       0.764706
      0.311558       0.311140       0.309917       0.602691       0.950656     -77.597698      -0.453853       0.764706
      0.316583       0.311879       0.316602       0.147012       1.330258     -90.682392      75.542588       0.764706
      0.321608       0.315863       0.321431       0.792780       0.961076     128.511043     -73.469053       0.764706
      0.326633       0.321090       0.326629       1.040203       1.034331      49.238560      14.578124       0.764706
      0.331658       0.327254       0.330819       1.226732       0.833869      37.120158     -39.893010       0.764706
      0.336683       0.333387       0.336641       1.220427       1.158571      -1.254698      64.617475       0.764706
      0.341709       0.337786       0.342957       0.875472       1.256905     -68.647904      19.568943       0.764706
      0.346734       0.343482       0.349343       1.133442       1.270916      51.337390       2.788205       0.764706
      0.351759       0.348572       0.355728       1.012976       1.270519     -23.973343      -0.078993       0.764706
      0.356784       0.352072       0.363828       0.696540       1.612014     -62.972396      67.959227       0.764706
      0.361809       0.355845       0.370758       0.750873       1.379139      10.812564     -46.343355       0.764706
      0.366834       0.360591       0.377509       0.944457       1.343389      38.524197      -7.114344       0.764706
      0.371859       0.364828       0.385336       0.843120       1.557783     -20.166488      42.665400       0.764706
      0.376884       0.368520       0.395924       0.734856       2.106885     -21.545191     109.273962       0.764706
      0.381910       0.371295       0.407964       0.552186       2.396087     -36.352184      57.552701       0.764706
      0.386935       0.372529       0.421677       0.245613       2.728914     -61.009558      66.234201       0.764706
      0.391960       0.373411       0.436268       0.175488       2.903655     -13.955166      34.774277       0.764706
      0.396985       0.372965       0.451108      -0.088712       2.953350     -52.577179       9.889671       0.764706
      0.402010       0.371467       0.466840      -0.298189       3.130790     -41.686879      35.311437       0.764706
      0.407035       0.369104       0.484478      -0.470151       3.510010     -34.221323      75.466721       0.764706
      0.412060       0.365526       0.503996      -0.712137       3.884077     -48.156403      74.441073       0.764706
      0.417085       0.359815       0.527403      -1.136489       4.658117     -84.448136     154.037788       0.764706
      0.422111       0.352193       0.552684      -1.516922       5.031152     -75.708197      74.235885       0.764706
      0.427136       0.342773       0.576398      -1.874549       4.719128     -71.169550     -62.094409       0.764706
      0.432161       0.332373       0.599655      -2.069643       4.628385     -38.824564     -18.058270       0.764706
      0.437186       0.321544       0.623272      -2.155112       4.699705     -17.008771      14.193115       0.764706
      0.442211       0.307903       0.647493      -2.714629       4.820112    -111.346762      23.961623       0.764706
      0.447236       0.293107       0.671776      -2.944442       4.832590     -45.733826       2.483099       0.764706
      0.452261       0.278398       0.695652      -2.927169       4.751291       3.437462     -16.178903       0.764706
      0.457286       0.265332       0.716610      -2.600044       4.170803      65.099485    -115.520023       0.764706
      0.462312       0.251596       0.735105      -2.733641       3.680710     -26.586605     -97.531010       0.764706
      0.467337       0.238168       0.750327      -2.672293       3.029163      12.208722    -129.660948       0.764706
      0.472362       0.225670       0.762385      -2.487108       2.399557      36.852606    -125.294852       0.764706
      0.477387       0.214268       0.772014      -2.268958       1.916277      43.412922     -96.175004       0.764706
      0.482412       0.205234       0.779343      -1.797987       1.458443      93.725574     -91.111220       0.764706
      0.487437       0.198782       0.783227      -1.283884       0.772900     102.309184    -136.426542       0.764706
      0.492462       0.196952       0.780969      -0.364174      -0.449353     183.026790    -243.234390       0.764706
      0.497487       0.197234       0.775775       0.056080      -1.033603      83.632721    -116.268717       0.764706
      0.502513       0.202036       0.768025       0.955745      -1.542311     179.037695    -101.235494       0.764706
      0.507538       0.210131       0.758049       1.610813      -1.985197     130.361732     -88.136374       0.764706
      0.512563       0.220150       0.745924       1.993920      -2.412902      76.240374     -85.115495       0.764706
      0.517588       0.233154       0.732762       2.587753      -2.619340     118.175557     -41.082253       0.764706
      0.522613       0.249920       0.718610       3.336568      -2.816296     149.018072     -39.195231       0.764706
      0.527638       0.270022       0.704037       4.000360      -2.900121     132.097749     -16.681551       0.764706
      0.532663       0.292780       0.689562       4.529066      -2.880654     105.215112       3.874179       0.764706
      0.537688       0.315666       0.674693       4.554350      -2.959018       5.031756     -15.594880       0.764706
      0.542714       0.339849       0.660977       4.812595      -2.729541      51.392114      45.666992       0.764706
      0.547739       0.365695       0.649328       5.143516      -2.318062      65.854927      81.886316       0.764706
      0.552764       0.390852       0.639191       5.006209      -2.017290     -27.324927      59.855228       0.764706
      0.557789       0.415072       0.630788       4.819892      -1.672373     -37.077972      68.640154       0.764706
      0.562814       0.437648       0.623630       4.492802      -1.424348     -65.092523      49.358238       0.764706
      0.567839       0.459623       0.617554       4.373226      -1.209343     -23.796200      42.787016       0.764706
      0.572864       0.480845       0.612989       4.223292      -0.908326     -29.837658      59.903937       0.764706
      0.577889       0.500093       0.609415       3.830279      -0.711216     -78.211427      39.225775       0.764706
      0.582915       0.517597       0.607416       3.483541      -0.397911     -69.002618      62.349432       0.764706
      0.587940       0.533811       0.606064       3.226674      -0.269019     -51.117912      25.650063       0.764706
      0.592965       0.548047       0.605716       2.832976      -0.069201     -78.347895      39.764824       0.764706
      0.597990       0.560773       0.606747       2.532483       0.205121     -59.799539      54.591412       0.764706
      0.603015       0.573345       0.608587       2.501922       0.366079      -6.081746      32.031335       0.764706
      0.608040       0.584733       0.611497       2.266191       0.579241     -46.911707      42.420292       0.764706
      0.613065       0.594911       0.615211       2.025591       0.739149     -47.880519      31.822535       0.764706
      0.618090       0.604129       0.619006       1.834305       0.755196     -38.066926       3.193449       0.764706
      0.623116       0.612596       0.623056       1.684976       0.805919     -29.717139      10.094241       0.764706
      0.628141       0.620244       0.628293       1.522118       1.042243     -32.409561      47.029486       0.764706
      0.633166       0.627581       0.632679       1.460057       0.872673     -12.350501     -33.745257       0.764706
      0.638191       0.634394       0.637372       1.355749       0.934022     -20.757867      12.208916       0.764706
      0.643216       0.640570       0.642151       1.229100       0.951029     -25.203762       3.384403       0.764706
      0.648241       0.646201       0.646669       1.120676       0.899148     -21.576878     -10.324655       0.764706
      0.653266       0.651592       0.651276       1.072842       0.916794      -9.519110       3.511679       0.764706
      0.658291       0.656643       0.656343       1.005113       1.008358     -13.478411      18.221633       0.764706
      0.663317       0.662062       0.662082       1.078466       1.142144      14.597500      26.624152       0.764706
      0.668342       0.667864       0.667691       1.154666       1.116258      15.164239      -5.151370       0.764706
      0.673367       0.673059       0.673468       1.033707       1.149499     -24.071518       6.615109       0.764706
      0.678392       0.677721       0.679015       0.927829       1.104032     -21.070207      -9.048153       0.764706
      0.683417       0.682002       0.684292       0.851810       1.050057     -15.128101     -10.741264       0.764706
      0.688442       0.686416       0.689190       0.878586       0.974768       5.328577     -14.983025       0.764706
      0.693467       0.690963       0.694049       0.904836       0.966983       5.223717      -1.549120       0.764706
      0.698492       0.695520       0.698402       0.906836       0.866112       0.398151     -20.074003       0.764706
      0.703518       0.700018       0.702578       0.895177       0.831109      -2.320329      -6.965661       0.764706
      0.708543       0.704775       0.707046       0.946550       0.889187      10.223619      11.557773       0.764706
      0.713568       0.710397       0.712017       1.118793       0.989266      34.277077      19.916226       0.764706
      0.718593       0.715508       0.717186       1.017109       1.028681     -20.235609       7.843851       0.764706
      0.723618       0.720013       0.722282       0.896636       1.014178     -23.974727      -2.886156       0.764706
      0.728643       0.724768       0.727244       0.946156       0.987304       9.854825      -5.348107       0.764706
      0.733668       0.729514       0.732140       0.944591       0.974454      -0.311544      -2.557298       0.764706
      0.738693       0.734372       0.737156       0.966703       0.998147       4.400557       4.715010       0.764706
      0.743719       0.739267       0.742273       0.974166       1.018257       1.485162       4.002064       0.764706
      0.748744       0.744289       0.747469       0.999392       1.034070       5.020009       3.146838       0.764706
      0.753769       0.749752       0.752512       1.087161       1.003541      17.466506      -6.075313       0.764706
      0.758794       0.755237       0.757430       1.091495       0.978738       0.862368      -4.936052       0.764706
      0.763819       0.760775       0.762237       1.102143       0.956700       2.119162      -4.385618       0.764706
      0.768844       0.766469       0.767344       1.133083       1.016201       6.157131      11.841070       0.764706
      0.773869       0.771959       0.772338       1.092619       0.993865      -8.052540      -4.445149       0.764706
      0.778894       0.777395       0.776859       1.081678       0.899690      -2.177359     -18.741178       0.764706
      0.783920       0.782785       0.781296       1.072628       0.883049      -1.800984      -3.311645       0.764706
      0.788945       0.788209       0.786042       1.079384       0.944430       1.344600      12.215139       0.764706
      0.793970       0.793661       0.790839       1.085035       0.954724       1.124552       2.048586       0.764706
      0.798995       0.798942       0.795582       1.050894       0.943846      -6.794234      -2.164876       0.764706
      0.804020       0.803711       0.800792       0.949160       1.036871     -20.245697      18.512426       0.764706
      0.809045       0.808493       0.806261       0.951654       1.088215       0.496443      10.217760       0.764706
      0.814070       0.813005       0.811689       0.897860       1.080166     -10.705383      -1.601752       0.764706
      0.819095       0.817626       0.816710       0.919676       0.999243       4.341564     -16.104121       0.764706
      0.824121       0.822291       0.821608       0.928235       0.974713       1.703370      -4.881554       0.764706
      0.829146       0.827231       0.826572       0.983216       0.987917      10.941351       2.627672       0.764706
      0.834171       0.832533       0.831474       1.054994       0.975593      14.284292      -2.452605       0.764706
      0.839196       0.837937       0.836561       1.075553       1.012234       4.091366       7.291725       0.764706
      0.844221       0.843716       0.841207       1.150033       0.924514      14.821850     -17.456583       0.764706
      0.849246       0.849147       0.845886       1.080715       0.931309     -13.794584       1.352090       0.764706
      0.854271       0.854186       0.850870       1.002820       0.991763     -15.501561      12.030680       0.764706
      0.859296       0.858742       0.856295       0.906614       1.079534     -19.145537      17.466965       0.764706
      0.864322       0.862965       0.861767       0.840539       1.089049     -13.149135       1.893440       0.764706
      0.869347       0.867398       0.866874       0.882180       1.016295       8.286778     -14.478427       0.764706
      0.874372       0.872041       0.871986       0.923859       1.017323       8.294257       0.204515       0.764706
      0.879397       0.876650       0.876843       0.917331       0.966518      -1.299026     -10.110403       0.764706
      0.884422       0.881376       0.881865       0.940347       0.999419       4.580124       6.547524       0.764706
      0.889447       0.886136       0.887021       0.947348       1.026064       1.393258       5.302519       0.764706
      0.894472       0.891007       0.892228       0.969251       1.036354       4.358834       2.047659       0.764706
      0.899497       0.896120       0.897283       1.017603       1.005804       9.622263      -6.079588       0.764706
      0.904523       0.901440       0.902500       1.058635       1.038332       8.165596       6.473207       0.764706
      0.909548       0.906812       0.907830       1.069106       1.060654       2.083729       4.442214       0.764706
      0.914573       0.912221       0.913070       1.076356       1.042809       1.442939      -3.551219       0.764706
      0.919598       0.917689       0.918186       1.088185       1.018129       2.354062      -4.911399       0.764706
      0.924623       0.923012       0.923357       1.059276       1.029032      -5.753082       2.169812       0.764706
      0.929648       0.928274       0.928673       1.047303       1.057896      -2.382796       5.743935       0.764706
      0.934673       0.933592       0.933832       1.058287       1.026648       2.185890      -6.218402       0.764706
      0.939698       0.938884       0.938948       1.053060       1.018015      -1.040185      -1.718136       0.764706
      0.944724       0.944289       0.943950       1.075663       0.995491       4.498058      -4.482327       0.764706
      0.949749       0.949562       0.949041       1.049322       1.013132      -5.241988       3.510629       0.764706
      0.954774       0.954582       0.954146       0.999081       1.016001      -9.998112       0.571029       0.764706
      0.959799       0.959490       0.959015       0.976586       0.968971      -4.476719      -9.359324       0.764706
      0.964824       0.964271       0.963788       0.951460       0.949878      -5.000087      -3.799615       0.764706
      0.969849       0.969131       0.968272       0.967241       0.892217       3.140381     -11.474791       0.764706
      0.974874       0.973685       0.972460       0.906307       0.833432     -12.126050     -11.698422       0.764706
      0.979899       0.977865       0.976280       0.831824       0.760280     -14.822556     -14.557549       0.764706
      0.984925       0.981706       0.979792       0.764260       0.698836     -13.445583     -12.227724       0.764706
      0.989950       0.985117       0.983231       0.678936       0.684352     -16.979820      -2.882377       0.764706
      0.994975       0.988244       0.986369       0.622342       0.624472     -11.262422     -11.916490       0.764706
      1.000000       0.990971       0.989241       0.542632       0.571516     -15.862750     -10.538399       0.764706
      1.005025       0.993522       0.991874       0.507661       0.523972      -6.959423      -9.461532       0.764706
      1.010050       0.995829       0.994082       0.459072       0.439496      -9.669426     -16.811147       0.764706
      1.015075       0.997760       0.996004       0.384193       0.382458     -14.901373     -11.350854       0.764706
      1.020100       0.999003       0.997507       0.247415       0.299120     -27.219438     -16.584619       0.764706
      1.025125       0.999776       0.998650       0.153875       0.227490     -18.614966     -14.254868       0.764706
      1.030150       1.000288       0.999473       0.101883       0.163811     -10.346557     -12.672336       0.764706
      1.035175       1.000580       1.000073       0.058094       0.119273      -8.714419      -8.863418       0.764706
      1.040200       1.000633       1.000480       0.010467       0.081102      -9.477814      -7.596045       0.764706
      1.045225       1.000583       1.000696      -0.009839       0.042911      -4.041054      -7.600298       0.764706
      1.050250       1.000585       1.000790       0.000402       0.018846       2.037893      -4.789008       0.764706
      1.055275       1.000581       1.000752      -0.000779      -0.007710      -0.234932      -5.284753       0.764706
      1.060300       1.000515       1.000608      -0.013112      -0.028512      -2.454417      -4.139727       0.764706
      1.065325       1.000360       1.000391      -0.030999      -0.043339      -3.559551      -2.950596       0.764706
      1.070350       1.000428       1.000273       0.013700      -0.023342       8.895428       3.979355       0.764706
      1.075375       1.000528       1.000207       0.019905      -0.013125       1.234771       2.033258       0.764706
      1.080400       1.000592       1.000209       0.012697       0.000339      -1.434455       2.679398       0.764706
      1.085425       1.000624       1.000201       0.006396      -0.001638      -1.253976      -0.393284       0.764706
      1.090450       1.000407       1.000397      -0.043327       0.038949      -9.895095       8.076903       0.764706
      1.095475       1.000132       1.000366      -0.054751      -0.006097      -2.273461      -8.964438       0.764706
      1.100500       1.000023       1.000198      -0.021692      -0.033402       6.579000      -5.433725       0.764706
      1.105525       1.000050       1.000017       0.005443      -0.036032       5.400035      -0.523513       0.764706
      1.110550       1.000072       0.999920       0.004399      -0.019296      -0.207812       3.330637       0.764706
      1.115575       1.000073       0.999927       0.000287       0.001312      -0.818423       4.101179       0.764706
      1.120600       1.000143       0.999999       0.013798       0.014352       2.688912       2.595001       0.764706
      1.125625       1.000069       1.000067      -0.014748       0.013585      -5.680895      -0.152696       0.764706
      1.130650       0.999968       1.000195      -0.019974       0.025438      -1.040045       2.358729       0.764706
      1.135675       0.999818       1.000413      -0.029983       0.043378      -1.991679       3.570199       0.764706
      1.140700       0.999559       1.000738      -0.051544       0.064670      -4.290852       4.237231       0.764706
      1.145725       0.999330       1.000798      -0.045424       0.011968       1.217869     -10.487885       0.764706
      1.150750       0.999017       1.000708      -0.062395      -0.018002      -3.377214      -5.964299       0.764706
      1.155775       0.998777       1.000599      -0.047820      -0.021518       2.900414      -0.699567       0.764706
      1.160800       0.998658       1.000553      -0.023638      -0.009195       4.812429       2.452209       0.764706
      1.165825       0.998690       1.000529       0.006493      -0.004822       5.996092       0.870256       0.764706
      1.170850       0.998686       1.000407      -0.000796      -0.024361      -1.450404      -3.888302       0.764706
      1.175875       0.998757       1.000371       0.014112      -0.007105       2.966718       3.433940       0.764706
      1.180900       0.998962       1.000258       0.040657      -0.022536       5.282620      -3.070775       0.764706
      1.185925       0.999177       1.000112       0.042832      -0.029010       0.432752      -1.288271       0.764706
      1.190950       0.999396       0.999963       0.043690      -0.029577       0.170695      -0.112985       0.764706
      1.195975       0.999503       0.999767       0.021270      -0.039107      -4.461597      -1.896478       0.764706
      1.201000       0.999566       0.999574       0.012424      -0.038344      -1.760409       0.151816       0.764706
      1.206025       0.999661       0.999390       0.018997      -0.036625       1.308092       0.342186       0.764706
      1.211050       0.999759       0.999174       0.019460      -0.042977       0.092093      -1.264062       0.764706
      1.216075       0.999824       0.998915       0.012900      -0.051479      -1.305501      -1.691949       0.764706
      1.221100       0.999853       0.998758       0.005747      -0.031226      -1.423394       4.030431       0.764706
      1.226125       0.999836       0.998610      -0.003311      -0.029633      -1.802623       0.316927       0.764706
      1.231150       0.999779       0.998505      -0.011327      -0.020830      -1.595266       1.751917       0.764706
      1.236175       0.999772       0.998514      -0.001424       0.001766       1.970824       4.496663       0.764706
      1.241200       0.999805       0.998592       0.006602       0.015618       1.597201       2.756663       0.764706
      1.246225       0.999772       0.998712      -0.006491       0.023884      -2.605529       1.644934       0.764706
      1.251250       0.999736       0.998888      -0.007355       0.035032      -0.171973       2.218542       0.764706
      1.256275       0.999707       0.999071      -0.005665       0.036345       0.336352       0.261231       0.764706
      1.261300       0.999600       0.999289      -0.021329       0.043413      -3.117258       1.406650       0.764706
      1.266325       0.999505       0.999511      -0.018829       0.044253       0.497549       0.167076       0.764706
      1.271350       0.999475       0.999761      -0.005998       0.049765       2.553399       1.096996       0.764706
      1.276375       0.999467       1.000001      -0.001627       0.047599       0.869740      -0.431052       0.764706
      1.281400       0.999448       1.000177      -0.003705       0.035170      -0.413553      -2.473349       0.764706
      1.286425       0.999426       1.000309      -0.004529       0.026239      -0.163886      -1.777435       0.764706
      1.291450       0.999419       1.000378      -0.001337       0.013644       0.635230      -2.506488       0.764706
      1.296475       0.999444       1.000474       0.005054       0.019055       1.271903       1.076925       0.764706
      1.301500       0.999497       1.000594       0.010478       0.024044       1.079253       0.992744       0.764706
      1.306525       0.999556       1.000732       0.011842       0.027463       0.271529       0.680443       0.764706
      1.311550       0.999684       1.000823       0.025294       0.018054       2.677047      -1.872383       0.764706
      1.316575       0.999806       1.000796       0.024299      -0.005415      -0.197949      -4.670537       0.764706
      1.321600       0.999873       1.000796       0.013477      -0.000024      -2.153687       1.072779       0.764706
      1.326625       1.000031       1.000747       0.031472      -0.009800       3.580984      -1.945376       0.764706
      1.331650       1.000207       1.000658       0.034873      -0.017539       0.676794      -1.540040       0.764706
      1.336675       1.000373       1.000599       0.033129      -0.011885      -0.347043       1.125057       0.764706
      1.341700       1.000530       1.000567       0.031170      -0.006361      -0.389697       1.099438       0.764706
      1.346725       1.000650       1.000454       0.023873      -0.022330      -1.452144      -3.178105       0.764706
      1.351750       1.000721       1.000280       0.014242      -0.034795      -1.916684      -2.480555       0.764706
      1.356775       1.000765       1.000089       0.008606      -0.037916      -1.121635      -0.621053       0.764706
      1.361800       1.000793       0.999949       0.005719      -0.027868      -0.574445       1.999571       0.764706
      1.366825       1.000792       0.999858      -0.000216      -0.018094      -1.181222       1.945195       0.764706
      1.371850       1.000798       0.999753       0.001149      -0.020883       0.271624      -0.555050       0.764706
      1.376875       1.000733       0.999599      -0.012964      -0.030626      -2.808518      -1.938914       0.764706
      1.381900       1.000610       0.999456      -0.024433      -0.028451      -2.282425       0.432764       0.764706
      1.386925       1.000512       0.999349      -0.019513      -0.021319       0.979107       1.419376       0.764706
      1.391950       1.000392       0.999260      -0.023971      -0.017798      -0.887075       0.700615       0.764706
      1.396975       1.000286       0.999125      -0.020983      -0.026857       0.594530      -1.802733       0.764706
      1.402000       1.000200       0.999007      -0.017160      -0.023406       0.760802       0.686678       0.764706
      1.407025       1.000137       0.998940      -0.012542      -0.013298       0.919133       2.011558       0.764706
      1.412050       1.000077       0.998900      -0.011953      -0.008031       0.117093       1.048270       0.764706
      1.417075       1.000021       0.998863      -0.011138      -0.007472       0.162303       0.111189       0.764706
      1.422100       0.999972       0.998888      -0.009692       0.005069       0.287651       2.495681       0.764706
      1.427125       0.999955       0.998919      -0.003494       0.006226       1.233586       0.230284       0.764706
      1.432150       1.000014       0.998973       0.011850       0.010792       3.053447       0.908654       0.764706
      1.437175       1.000064       0.999057       0.009918       0.016655      -0.384378       1.166824       0.764706
      1.442200       1.000079       0.999126       0.002984       0.013741      -1.379965      -0.579939       0.764706
      1.447225       1.000069       0.999186      -0.001917       0.011942      -0.975283      -0.358018       0.764706
      1.452250       1.000015       0.999235      -0.010786       0.009683      -1.764970      -0.449589       0.764706
      1.457275       0.999919       0.999272      -0.019074       0.007291      -1.649481      -0.475909       0.764706
      1.462300       0.999771       0.999316      -0.029573       0.008760      -2.089320       0.292178       0.764706
      1.467325       0.999602       0.999383      -0.033604       0.013395      -0.802166       0.922540       0.764706
      1.472350       0.999479       0.999507      -0.024469       0.024709       1.817879       2.251454       0.764706
      1.477375       0.999337       0.999614      -0.028306       0.021367      -0.763486      -0.665117       0.764706
      1.482400       0.999148       0.999695      -0.037573       0.016115      -1.844206      -1.045194       0.764706
      1.487425       0.998921       0.999740      -0.045184       0.008850      -1.514613      -1.445686       0.764706
      1.492450       0.998697       0.999825      -0.044446       0.016939       0.146885       1.609764       0.764706
      1.497475       0.998451       0.999912      -0.049064       0.017336      -0.919096       0.078974       0.764706
      1.502500       0.998196       0.999995      -0.050810       0.016419      -0.347355      -0.182490       0.764706
