  0.000000   0.423463   0.315224   0.000000   0.000000  17.504177  22.613043   0.250000   1.000000
  0.005025   0.423463   0.315224   0.087958   0.113631  15.056869  20.473695   0.250000   1.000000
  0.010050   0.423905   0.315795   0.163619   0.216511  11.649577  15.593753   0.250000   1.000000
  0.015075   0.424727   0.316883   0.222158   0.294869   7.834504   8.604490   0.250000   1.000000
  0.020101   0.425844   0.318365   0.261535   0.338116   4.750058   2.607699   0.250000   1.000000
  0.025126   0.427158   0.320064   0.285404   0.351219   2.428261  -1.585461   0.250000   1.000000
  0.030151   0.428592   0.321829   0.297606   0.343252   0.938119  -3.445206   0.250000   1.000000
  0.035176   0.430088   0.323554   0.302320   0.325940   0.448249  -2.686612   0.250000   1.000000
  0.040201   0.431607   0.325192   0.304572   0.312440   0.286538  -1.354686   0.250000   1.000000
  0.045226   0.433137   0.326762   0.306012   0.305633  -0.002871  -0.609965   0.250000   1.000000
  0.050251   0.434675   0.328297   0.305998   0.302568  -0.335863  -0.258934   0.250000   1.000000
  0.055276   0.436213   0.329818   0.304310   0.301266  -0.555413   0.020837   0.250000   1.000000
  0.060302   0.437742   0.331332   0.301518   0.301371  -0.733659   0.248180   0.250000   1.000000
  0.065327   0.439257   0.332846   0.297832   0.302618  -0.952095   0.365450   0.250000   1.000000
  0.070352   0.440754   0.334367   0.293047   0.304455  -1.151745   0.434831   0.250000   1.000000
  0.075377   0.442226   0.335897   0.287260   0.306640  -1.247420   0.553606   0.250000   1.000000
  0.080402   0.443670   0.337438   0.280992   0.309422  -1.307201   0.669616   0.250000   1.000000
  0.085427   0.445082   0.338993   0.274423   0.312786  -1.400623   0.713658   0.250000   1.000000
  0.090452   0.446461   0.340564   0.267385   0.316373  -1.486762   0.722945   0.250000   1.000000
  0.095477   0.447804   0.342154   0.259914   0.320005  -1.500615   0.770538   0.250000   1.000000
  0.100503   0.449111   0.343762   0.252372   0.323878  -1.490236   0.822544   0.250000   1.000000
  0.105528   0.450379   0.345390   0.244883   0.328011  -1.509134   0.824591   0.250000   1.000000
  0.110553   0.451609   0.347038   0.237300   0.332155  -1.527225   0.801055   0.250000   1.000000
  0.115578   0.452802   0.348707   0.229626   0.336180  -1.494990   0.806942   0.250000   1.000000
  0.120603   0.453956   0.350397   0.222113   0.340235  -1.447287   0.820548   0.250000   1.000000
  0.125628   0.455072   0.352106   0.214841   0.344358  -1.425028   0.799648   0.250000   1.000000
  0.130653   0.456151   0.353837   0.207680   0.348377  -1.405100   0.760245   0.250000   1.000000
  0.135678   0.457195   0.355587   0.200619   0.352197  -1.349753   0.743506   0.250000   1.000000
  0.140704   0.458203   0.357357   0.193835   0.355934  -1.285371   0.735539   0.250000   1.000000
  0.145729   0.459177   0.359146   0.187376   0.359630  -1.243257   0.703770   0.250000   1.000000
  0.150754   0.460119   0.360953   0.181129   0.363166  -1.204631   0.658908   0.250000   1.000000
  0.155779   0.461029   0.362778   0.175076   0.366477  -1.140473   0.631669   0.250000   1.000000
  0.160804   0.461909   0.364620   0.169345   0.369651  -1.071923   0.612960   0.250000   1.000000
  0.165829   0.462760   0.366477   0.163959   0.372731  -1.023059   0.577752   0.250000   1.000000
  0.170854   0.463584   0.368350   0.158818   0.375635  -0.977769   0.533484   0.250000   1.000000
  0.175879   0.464382   0.370238   0.153904   0.378315  -0.913343   0.503110   0.250000   1.000000
  0.180905   0.465155   0.372139   0.149314   0.380844  -0.847722   0.480370   0.250000   1.000000
  0.185930   0.465906   0.374053   0.145054   0.383258  -0.799808   0.446037   0.250000   1.000000
  0.190955   0.466634   0.375979   0.141035   0.385499  -0.755025   0.405628   0.250000   1.000000
  0.195980   0.467343   0.377916   0.137241   0.387538  -0.695088   0.376436   0.250000   1.000000
  0.201005   0.468033   0.379863   0.133748   0.389429  -0.636069   0.353740   0.250000   1.000000
  0.206030   0.468705   0.381820   0.130552   0.391207  -0.593238   0.322649   0.250000   1.000000
  0.211055   0.469361   0.383786   0.127571   0.392828  -0.552955   0.287653   0.250000   1.000000
  0.216080   0.470002   0.385760   0.124792   0.394273  -0.499959   0.262048   0.250000   1.000000
  0.221106   0.470629   0.387741   0.122280   0.395591  -0.449155   0.241831   0.250000   1.000000
  0.226131   0.471244   0.389729   0.120023   0.396806  -0.413430   0.215244   0.250000   1.000000
  0.231156   0.471847   0.391723   0.117945   0.397887  -0.379792   0.186475   0.250000   1.000000
  0.236181   0.472439   0.393723   0.116037   0.398824  -0.335234   0.166434   0.250000   1.000000
  0.241206   0.473022   0.395727   0.114352   0.399661  -0.293794   0.151153   0.250000   1.000000
  0.246231   0.473597   0.397735   0.112876   0.400420  -0.266534   0.130617   0.250000   1.000000
  0.251256   0.474164   0.399747   0.111536   0.401077  -0.241470   0.109840   0.250000   1.000000
  0.256281   0.474725   0.401763   0.110323   0.401629  -0.208571   0.100104   0.250000   1.000000
  0.261307   0.475279   0.403781   0.109275   0.402132  -0.180782   0.096405   0.250000   1.000000
  0.266332   0.475828   0.405802   0.108366   0.402616  -0.166120   0.087482   0.250000   1.000000
  0.271357   0.476373   0.407825   0.107532   0.403056  -0.155178   0.081936   0.250000   1.000000
  0.276382   0.476913   0.409850   0.106752   0.403467  -0.146338   0.098865   0.250000   1.000000
  0.281407   0.477450   0.411878   0.106016   0.403964  -0.150932   0.129937   0.250000   1.000000
  0.286432   0.477982   0.413908   0.105258   0.404617  -0.166233   0.153108   0.250000   1.000000
  0.291457   0.478511   0.415941   0.104423   0.405386  -0.189090   0.186487   0.250000   1.000000
  0.296482   0.479036   0.417978   0.103473   0.406324  -0.244531   0.276414   0.250000   1.000000
  0.301508   0.479556   0.420020   0.102244   0.407713  -0.343649   0.407869   0.250000   1.000000
  0.306533   0.480070   0.422069   0.100517   0.409762  -0.447018   0.521248   0.250000   1.000000
  0.311558   0.480575   0.424128   0.098270   0.412382  -0.561040   0.651733   0.250000   1.000000
  0.316583   0.481069   0.426200   0.095451   0.415657  -0.780321   0.910598   0.250000   1.000000
  0.321608   0.481548   0.428289   0.091530   0.420232  -1.127755   1.275648   0.250000   1.000000
  0.326633   0.482008   0.430400   0.085863   0.426643  -1.465914   1.596708   0.250000   1.000000
  0.331658   0.482440   0.432544   0.078497   0.434666  -1.799684   1.923753   0.250000   1.000000
  0.336683   0.482834   0.434729   0.069453   0.444333  -2.358248   2.472096   0.250000   1.000000
  0.341709   0.483183   0.436962   0.057601   0.456758  -3.215921   3.221825   0.250000   1.000000
  0.346734   0.483473   0.439257   0.041441   0.472947  -4.046544   3.879632   0.250000   1.000000
  0.351759   0.483681   0.441634   0.021107   0.492442  -4.801106   4.482850   0.250000   1.000000
  0.356784   0.483787   0.444108  -0.003019   0.514969  -5.869170   5.321415   0.250000   1.000000
  0.361809   0.483772   0.446696  -0.032511   0.541709  -7.438892   6.381107   0.250000   1.000000
  0.366834   0.483609   0.449418  -0.069892   0.573774  -8.975725   7.284854   0.250000   1.000000
  0.371859   0.483257   0.452301  -0.114995   0.610380 -10.284387   8.028565   0.250000   1.000000
  0.376884   0.482679   0.455368  -0.166674   0.650724 -11.761971   8.790308   0.250000   1.000000
  0.381910   0.481842   0.458639  -0.225789   0.694904 -13.700820   9.490048   0.250000   1.000000
  0.386935   0.480707   0.462131  -0.294636   0.742591 -15.614217   9.961852   0.250000   1.000000
  0.391960   0.479227   0.465862  -0.373097   0.792650 -17.163311  10.244819   0.250000   1.000000
  0.396985   0.477352   0.469845  -0.459343   0.844130 -18.342731  10.128428   0.250000   1.000000
  0.402010   0.475044   0.474087  -0.551515   0.895025 -19.261030   9.263239   0.250000   1.000000
  0.407035   0.472272   0.478585  -0.648302   0.941573 -20.087849   8.083231   0.250000   1.000000
  0.412060   0.469015   0.483316  -0.749243   0.982191 -20.701388   6.947922   0.250000   1.000000
  0.417085   0.465250   0.488251  -0.853268   1.017105 -20.313634   5.250893   0.250000   1.000000
  0.422111   0.460961   0.493363  -0.955364   1.043496 -18.252260   2.230688   0.250000   1.000000
  0.427136   0.456160   0.498607  -1.047082   1.054705 -15.776734  -1.178221   0.250000   1.000000
  0.432161   0.450899   0.503907  -1.126360   1.048784 -13.713090  -4.111773   0.250000   1.000000
  0.437186   0.445239   0.509177  -1.195268   1.028123 -10.817800  -6.998328   0.250000   1.000000
  0.442211   0.439233   0.514343  -1.249628   0.992956  -5.322450 -10.625784   0.250000   1.000000
  0.447236   0.432953   0.519333  -1.276373   0.939561   1.159569 -14.520569   0.250000   1.000000
  0.452261   0.426539   0.524054  -1.270546   0.866596   6.564905 -17.867286   0.250000   1.000000
  0.457286   0.420155   0.528409  -1.237557   0.776812  11.318856 -20.250133   0.250000   1.000000
  0.462312   0.413935   0.532313  -1.180669   0.675035  17.347451 -21.498330   0.250000   1.000000
  0.467337   0.408002   0.535705  -1.093498   0.567006  24.593248 -22.429627   0.250000   1.000000
  0.472362   0.402507   0.538554  -0.969917   0.454297  31.190975 -23.711552   0.250000   1.000000
  0.477387   0.397633   0.540837  -0.813182   0.335147  35.937539 -24.804609   0.250000   1.000000
  0.482412   0.393547   0.542521  -0.632596   0.210504  38.724830 -23.863889   0.250000   1.000000
  0.487437   0.390368   0.543579  -0.438004   0.090588  41.307711 -20.929725   0.250000   1.000000
  0.492462   0.388167   0.544034  -0.230432  -0.014584  44.533184 -18.193928   0.250000   1.000000
  0.497487   0.387010   0.543961  -0.006653  -0.106009  47.200593 -16.638356   0.250000   1.000000
  0.502513   0.386976   0.543428   0.230577  -0.189633  46.567847 -14.964945   0.250000   1.000000
  0.507538   0.388135   0.542475   0.464580  -0.264832  42.969191 -11.392449   0.250000   1.000000
  0.512563   0.390469   0.541145   0.680501  -0.322079  39.629017  -6.768980   0.250000   1.000000
  0.517588   0.393889   0.539526   0.879636  -0.356093  37.455853  -2.304154   0.250000   1.000000
  0.522613   0.398309   0.537737   1.067852  -0.367672  34.110497   1.289282   0.250000   1.000000
  0.527638   0.403675   0.535889   1.239257  -0.361193  27.698804   4.099661   0.250000   1.000000
  0.532663   0.409902   0.534074   1.378444  -0.340592  20.337615   6.856247   0.250000   1.000000
  0.537688   0.416829   0.532363   1.480640  -0.306140  13.801000   9.894817   0.250000   1.000000
  0.542714   0.424271   0.530824   1.550004  -0.256408   8.106604  12.381082   0.250000   1.000000
  0.547739   0.432059   0.529536   1.590740  -0.194193   2.300722  13.187984   0.250000   1.000000
  0.552764   0.440053   0.528560   1.602301  -0.127924  -3.758550  13.115066   0.250000   1.000000
  0.557789   0.448104   0.527917   1.583414  -0.062020  -9.615399  13.156735   0.250000   1.000000
  0.562814   0.456061   0.527605   1.535097   0.004092 -14.254953  13.152902   0.250000   1.000000
  0.567839   0.463775   0.527626   1.463466   0.070186 -17.055626  12.284165   0.250000   1.000000
  0.572864   0.471129   0.527979   1.377761   0.131913 -19.098031  10.811483   0.250000   1.000000
  0.577889   0.478052   0.528641   1.281794   0.186241 -21.145158   9.335088   0.250000   1.000000
  0.582915   0.484494   0.529577   1.175518   0.233159 -22.535456   8.051017   0.250000   1.000000
  0.587940   0.490401   0.530749   1.062277   0.273616 -22.287868   6.811570   0.250000   1.000000
  0.592965   0.495739   0.532124   0.950281   0.307844 -21.204827   5.515772   0.250000   1.000000
  0.597990   0.500514   0.533671   0.843727   0.335561 -20.161323   4.210215   0.250000   1.000000
  0.603015   0.504754   0.535357   0.742416   0.356717 -19.041767   3.048503   0.250000   1.000000
  0.608040   0.508485   0.537150   0.646731   0.372036 -17.341537   2.215671   0.250000   1.000000
  0.613065   0.511735   0.539019   0.559590   0.383169 -15.312640   1.588562   0.250000   1.000000
  0.618090   0.514547   0.540945   0.482644   0.391152 -13.341481   0.987156   0.250000   1.000000
  0.623116   0.516972   0.542910   0.415589   0.396113 -11.519620   0.429171   0.250000   1.000000
  0.628141   0.519061   0.544901   0.357703   0.398270  -9.826902   0.086746   0.250000   1.000000
  0.633166   0.520858   0.546902   0.308323   0.398706  -8.235387  -0.077266   0.250000   1.000000
  0.638191   0.522407   0.548906   0.266940   0.398318  -6.720906  -0.206602   0.250000   1.000000
  0.643216   0.523749   0.550907   0.233168   0.397279  -5.342916  -0.338229   0.250000   1.000000
  0.648241   0.524921   0.552904   0.206320   0.395580  -4.255373  -0.404315   0.250000   1.000000
  0.653266   0.525957   0.554891   0.184936   0.393548  -3.394551  -0.396061   0.250000   1.000000
  0.658291   0.526887   0.556869   0.167879   0.391558  -2.605320  -0.367310   0.250000   1.000000
  0.663317   0.527730   0.558837   0.154784   0.389712  -1.882931  -0.345698   0.250000   1.000000
  0.668342   0.528508   0.560795   0.145323   0.387975  -1.359069  -0.324014   0.250000   1.000000
  0.673367   0.529238   0.562745   0.138493   0.386346  -1.006902  -0.291307   0.250000   1.000000
  0.678392   0.529934   0.564686   0.133434   0.384883  -0.701208  -0.252387   0.250000   1.000000
  0.683417   0.530605   0.566620   0.129910   0.383614  -0.414109  -0.214991   0.250000   1.000000
  0.688442   0.531258   0.568548   0.127829   0.382534  -0.216365  -0.187312   0.250000   1.000000
  0.693467   0.531900   0.570470   0.126742   0.381593  -0.109136  -0.167589   0.250000   1.000000
  0.698492   0.532537   0.572388   0.126194   0.380751  -0.023859  -0.148267   0.250000   1.000000
  0.703518   0.533171   0.574301   0.126074   0.380006   0.065082  -0.126353   0.250000   1.000000
  0.708543   0.533805   0.576211   0.126401   0.379371   0.123912  -0.108799   0.250000   1.000000
  0.713568   0.534440   0.578117   0.127023   0.378824   0.140745  -0.100272   0.250000   1.000000
  0.718593   0.535078   0.580021   0.127731   0.378320   0.150029  -0.094197   0.250000   1.000000
  0.723618   0.535720   0.581922   0.128485   0.377847   0.171442  -0.083825   0.250000   1.000000
  0.728643   0.536366   0.583820   0.129346   0.377425   0.185184  -0.072736   0.250000   1.000000
  0.733668   0.537015   0.585717   0.130277   0.377060   0.175681  -0.068961   0.250000   1.000000
  0.738693   0.537670   0.587612   0.131159   0.376713   0.164573  -0.068763   0.250000   1.000000
  0.743719   0.538329   0.589505   0.131987   0.376368   0.169257  -0.063757   0.250000   1.000000
  0.748744   0.538993   0.591396   0.132837   0.376047   0.172903  -0.054694   0.250000   1.000000
  0.753769   0.539660   0.593286   0.133706   0.375773   0.157267  -0.052024   0.250000   1.000000
  0.758794   0.540332   0.595174   0.134496   0.375511   0.141808  -0.054612   0.250000   1.000000
  0.763819   0.541008   0.597061   0.135209   0.375237   0.145051  -0.052423   0.250000   1.000000
  0.768844   0.541687   0.598947   0.135938   0.374973   0.149107  -0.043131   0.250000   1.000000
  0.773869   0.542370   0.600831   0.136687   0.374757   0.131940  -0.039858   0.250000   1.000000
  0.778894   0.543057   0.602714   0.137350   0.374556   0.115172  -0.044556   0.250000   1.000000
  0.783920   0.543747   0.604597   0.137929   0.374332   0.120876  -0.044959   0.250000   1.000000
  0.788945   0.544441   0.606478   0.138536   0.374106   0.128418  -0.034389   0.250000   1.000000
  0.793970   0.545137   0.608358   0.139181   0.373934   0.109928  -0.029281   0.250000   1.000000
  0.798995   0.545836   0.610237   0.139734   0.373787   0.091346  -0.036199   0.250000   1.000000
  0.804020   0.546538   0.612115   0.140193   0.373605   0.100614  -0.040001   0.250000   1.000000
  0.809045   0.547243   0.613992   0.140698   0.373404   0.113316  -0.027503   0.250000   1.000000
  0.814070   0.547950   0.615869   0.141268   0.373265   0.092741  -0.019122   0.250000   1.000000
  0.819095   0.548660   0.617744   0.141734   0.373169   0.070726  -0.028577   0.250000   1.000000
  0.824121   0.549372   0.619620   0.142089   0.373026   0.084012  -0.037254   0.250000   1.000000
  0.829146   0.550086   0.621494   0.142511   0.372838   0.103739  -0.022397   0.250000   1.000000
  0.834171   0.550802   0.623368   0.143033   0.372726   0.080304  -0.008818   0.250000   1.000000
  0.839196   0.551521   0.625241   0.143436   0.372682   0.052659  -0.021033   0.250000   1.000000
  0.844221   0.552242   0.627113   0.143701   0.372576   0.070030  -0.036572   0.250000   1.000000
  0.849246   0.552964   0.628986   0.144053   0.372392   0.099125  -0.019240   0.250000   1.000000
  0.854271   0.553688   0.630857   0.144551   0.372295   0.072428   0.001964   0.250000   1.000000
  0.859296   0.554414   0.632728   0.144915   0.372305   0.036490  -0.012965   0.250000   1.000000
  0.864322   0.555142   0.634599   0.145098   0.372240   0.057393  -0.037819   0.250000   1.000000
  0.869347   0.555871   0.636469   0.145387   0.372050   0.098446  -0.018484   0.250000   1.000000
  0.874372   0.556602   0.638339   0.145881   0.371957   0.068814   0.013100   0.250000   1.000000
  0.879397   0.557335   0.640208   0.146227   0.372023   0.021832  -0.003953   0.250000   1.000000
  0.884422   0.558070   0.642077   0.146337   0.372003   0.044840  -0.040597   0.250000   1.000000
  0.889447   0.558805   0.643947   0.146562   0.371799   0.100200  -0.020491   0.250000   1.000000
  0.894472   0.559542   0.645815   0.147066   0.371696   0.068955   0.024184   0.250000   1.000000
  0.899497   0.560281   0.647683   0.147412   0.371818   0.008529   0.006299   0.250000   1.000000
  0.904523   0.561022   0.649552   0.147455   0.371849   0.031298  -0.044266   0.250000   1.000000
  0.909548   0.561762   0.651420   0.147612   0.371627   0.102486  -0.025494   0.250000   1.000000
  0.914573   0.562504   0.653288   0.148127   0.371499   0.072018   0.034373   0.250000   1.000000
  0.919598   0.563249   0.655154   0.148489   0.371672  -0.003279   0.017683   0.250000   1.000000
  0.924623   0.563995   0.657022   0.148473   0.371760   0.016163  -0.047964   0.250000   1.000000
  0.929648   0.564741   0.658890   0.148554   0.371519   0.103381  -0.033331   0.250000   1.000000
  0.934673   0.565487   0.660757   0.149073   0.371352   0.076951   0.042770   0.250000   1.000000
  0.939698   0.566236   0.662623   0.149460   0.371567  -0.013331   0.029877   0.250000   1.000000
  0.944724   0.566988   0.664491   0.149393   0.371717  -0.000546  -0.050860   0.250000   1.000000
  0.949749   0.567738   0.666358   0.149390   0.371461   0.101389  -0.043283   0.250000   1.000000
  0.954774   0.568489   0.668225   0.149900   0.371244   0.082191   0.049550   0.250000   1.000000
  0.959799   0.569242   0.670091   0.150313   0.371493  -0.022996   0.045150   0.250000   1.000000
  0.964824   0.569998   0.671957   0.150197   0.371720  -0.022600  -0.046081   0.250000   1.000000
  0.969849   0.570752   0.673825   0.150084   0.371488   0.087326  -0.045621   0.250000   1.000000
  0.974874   0.571506   0.675692   0.150523   0.371259   0.070670   0.064645   0.250000   1.000000
  0.979899   0.572263   0.677557   0.150878   0.371584  -0.073108   0.080576   0.250000   1.000000
  0.984925   0.573021   0.679425   0.150510   0.371989  -0.155640  -0.009355   0.250000   1.000000
  0.989950   0.573777   0.681294   0.149728   0.371942  -0.136170  -0.069701   0.250000   1.000000
  0.994975   0.574530   0.683163   0.149044   0.371592  -0.170339  -0.099607   0.250000   1.000000
  1.000000   0.575279   0.685031   0.148188   0.371091  -0.294522  -0.240089   0.250000   1.000000