  0.000000   0.539018   0.303843   0.000000   0.000000  12.241278  22.924212   0.625000   1.000000
  0.005025   0.539018   0.303843   0.061512   0.115194  10.057253  20.837612   0.625000   1.000000
  0.010050   0.539327   0.304422   0.112050   0.219903   8.619138  15.896126   0.625000   1.000000
  0.015075   0.539890   0.305527   0.155361   0.299781   7.732408   8.737373   0.625000   1.000000
  0.020101   0.540671   0.307034   0.194224   0.343695   6.698031   2.583122   0.625000   1.000000
  0.025126   0.541647   0.308761   0.227882   0.356675   5.430475  -1.708310   0.625000   1.000000
  0.030151   0.542792   0.310553   0.255170   0.348091   4.095739  -3.579270   0.625000   1.000000
  0.035176   0.544074   0.312302   0.275751   0.330105   2.807067  -2.737373   0.625000   1.000000
  0.040201   0.545460   0.313961   0.289857   0.316350   1.603966  -1.309953   0.625000   1.000000
  0.045226   0.546916   0.315551   0.297917   0.309768   0.481661  -0.499751   0.625000   1.000000
  0.050251   0.548414   0.317107   0.300337   0.307256  -0.499102  -0.106366   0.625000   1.000000
  0.055276   0.549923   0.318651   0.297829   0.306722  -1.235438   0.202859   0.625000   1.000000
  0.060302   0.551420   0.320193   0.291620   0.307741  -1.817166   0.452462   0.625000   1.000000
  0.065327   0.552885   0.321739   0.282488   0.310015  -2.362710   0.586502   0.625000   1.000000
  0.070352   0.554304   0.323297   0.270616   0.312962  -2.847691   0.667606   0.625000   1.000000
  0.075377   0.555664   0.324870   0.256306   0.316317  -3.180927   0.793958   0.625000   1.000000
  0.080402   0.556952   0.326459   0.240322   0.320306  -3.408730   0.914486   0.625000   1.000000
  0.085427   0.558160   0.328069   0.223193   0.324902  -3.621904   0.960177   0.625000   1.000000
  0.090452   0.559281   0.329701   0.204993   0.329727  -3.810347   0.968189   0.625000   1.000000
  0.095477   0.560312   0.331358   0.185846   0.334592  -3.903164   1.012167   0.625000   1.000000
  0.100503   0.561246   0.333040   0.166229   0.339679  -3.922728   1.059126   0.625000   1.000000
  0.105528   0.562081   0.334747   0.146517   0.345001  -3.939474   1.054753   0.625000   1.000000
  0.110553   0.562817   0.336480   0.126721   0.350301  -3.953143   1.023191   0.625000   1.000000
  0.115578   0.563454   0.338240   0.106857   0.355443  -3.909620   1.019830   0.625000   1.000000
  0.120603   0.563991   0.340027   0.087211   0.360567  -3.815305   1.023769   0.625000   1.000000
  0.125628   0.564429   0.341838   0.068039   0.365712  -3.724218   0.992768   0.625000   1.000000
  0.130653   0.564771   0.343676   0.049325   0.370701  -3.642453   0.942478   0.625000   1.000000
  0.135678   0.565019   0.345539   0.031021   0.375436  -3.529502   0.914299   0.625000   1.000000
  0.140704   0.565175   0.347426   0.013282   0.380032  -3.381322   0.895071   0.625000   1.000000
  0.145729   0.565242   0.349336  -0.003709   0.384529  -3.238817   0.852180   0.625000   1.000000
  0.150754   0.565223   0.351268  -0.019984   0.388812  -3.112023   0.795903   0.625000   1.000000
  0.155779   0.565122   0.353222  -0.035622   0.392811  -2.971349   0.757069   0.625000   1.000000
  0.160804   0.564943   0.355195  -0.050553   0.396615  -2.806270   0.727273   0.625000   1.000000
  0.165829   0.564689   0.357188  -0.064655   0.400270  -2.647058   0.681442   0.625000   1.000000
  0.170854   0.564365   0.359200  -0.077956   0.403694  -2.506143   0.626535   0.625000   1.000000
  0.175879   0.563973   0.361228  -0.090549   0.406842  -2.362639   0.585526   0.625000   1.000000
  0.180905   0.563518   0.363273  -0.102424   0.409785  -2.202142   0.552806   0.625000   1.000000
  0.185930   0.563003   0.365332  -0.113490   0.412563  -2.046519   0.509134   0.625000   1.000000
  0.190955   0.562433   0.367405  -0.123774   0.415122  -1.909457   0.459510   0.625000   1.000000
  0.195980   0.561811   0.369491  -0.133369   0.417431  -1.776991   0.421161   0.625000   1.000000
  0.201005   0.561141   0.371589  -0.142298   0.419547  -1.632721   0.390003   0.625000   1.000000
  0.206030   0.560426   0.373697  -0.150502   0.421507  -1.491621   0.351163   0.625000   1.000000
  0.211055   0.559669   0.375815  -0.157998   0.423271  -1.368024   0.308578   0.625000   1.000000
  0.216080   0.558875   0.377942  -0.164872   0.424822  -1.253533   0.275381   0.625000   1.000000
  0.221106   0.558047   0.380077  -0.171172   0.426206  -1.130872   0.248216   0.625000   1.000000
  0.226131   0.557187   0.382219  -0.176855   0.427453  -1.009470   0.215408   0.625000   1.000000
  0.231156   0.556298   0.384367  -0.181928   0.428536  -0.903986   0.180445   0.625000   1.000000
  0.236181   0.555384   0.386520  -0.186470   0.429442  -0.810907   0.153820   0.625000   1.000000
  0.241206   0.554447   0.388678  -0.190545   0.430215  -0.712710   0.132387   0.625000   1.000000
  0.246231   0.553489   0.390840  -0.194126   0.430881  -0.613674   0.106422   0.625000   1.000000
  0.251256   0.552514   0.393005  -0.197210   0.431415  -0.529415   0.079569   0.625000   1.000000
  0.256281   0.551523   0.395173  -0.199870   0.431815  -0.462608   0.061593   0.625000   1.000000
  0.261307   0.550518   0.397344  -0.202195   0.432125  -0.395127   0.049205   0.625000   1.000000
  0.266332   0.549502   0.399515  -0.204181   0.432372  -0.324232   0.032549   0.625000   1.000000
  0.271357   0.548476   0.401688  -0.205810   0.432536  -0.269165   0.016170   0.625000   1.000000
  0.276382   0.547442   0.403861  -0.207163   0.432617  -0.246499   0.013058   0.625000   1.000000
  0.281407   0.546401   0.406035  -0.208401   0.432682  -0.235848   0.020037   0.625000   1.000000
  0.286432   0.545354   0.408209  -0.209586   0.432783  -0.216709   0.021827   0.625000   1.000000
  0.291457   0.544301   0.410384  -0.210675   0.432893  -0.218570   0.023851   0.625000   1.000000
  0.296482   0.543242   0.412559  -0.211774   0.433013  -0.296785   0.050205   0.625000   1.000000
  0.301508   0.542178   0.414736  -0.213265   0.433265  -0.427097   0.101345   0.625000   1.000000
  0.306533   0.541106   0.416913  -0.215412   0.433774  -0.536008   0.145278   0.625000   1.000000
  0.311558   0.540023   0.419092  -0.218105   0.434504  -0.671336   0.182586   0.625000   1.000000
  0.316583   0.538927   0.421276  -0.221478   0.435422  -0.983341   0.256773   0.625000   1.000000
  0.321608   0.537815   0.423464  -0.226420   0.436712  -1.451879   0.385124   0.625000   1.000000
  0.326633   0.536677   0.425658  -0.233715   0.438647  -1.870018   0.507627   0.625000   1.000000
  0.331658   0.535502   0.427863  -0.243112   0.441198  -2.294970   0.597965   0.625000   1.000000
  0.336683   0.534281   0.430080  -0.254644   0.444203  -3.050014   0.704637   0.625000   1.000000
  0.341709   0.533001   0.432312  -0.269974   0.447744  -4.158165   0.888347   0.625000   1.000000
  0.346734   0.531644   0.434562  -0.290869   0.452208  -5.169904   1.086687   0.625000   1.000000
  0.351759   0.530183   0.436834  -0.316847   0.457669  -6.089478   1.206413   0.625000   1.000000
  0.356784   0.528590   0.439134  -0.347447   0.463731  -7.423999   1.217846   0.625000   1.000000
  0.361809   0.526845   0.441464  -0.384753   0.469851  -9.308637   1.237717   0.625000   1.000000
  0.366834   0.524911   0.443825  -0.431529   0.476070 -11.060181   1.333613   0.625000   1.000000
  0.371859   0.522743   0.446218  -0.487106   0.482772 -12.514724   1.335971   0.625000   1.000000
  0.376884   0.520295   0.448644  -0.549992   0.489485 -14.129407   0.978613   0.625000   1.000000
  0.381910   0.517531   0.451104  -0.621007   0.494404 -16.145143   0.356893   0.625000   1.000000
  0.386935   0.514410   0.453588  -0.702136   0.496197 -18.034372  -0.103422   0.625000   1.000000
  0.391960   0.510882   0.456082  -0.792759   0.495677 -19.465960  -0.519427   0.625000   1.000000
  0.396985   0.506898   0.458572  -0.890575   0.493067 -20.310822  -1.461990   0.625000   1.000000
  0.402010   0.502423   0.461050  -0.992637   0.485721 -20.604934  -3.051199   0.625000   1.000000
  0.407035   0.497435   0.463491  -1.096177   0.470388 -20.772827  -4.473211   0.625000   1.000000
  0.412060   0.491927   0.465854  -1.200560   0.447910 -20.738660  -5.523743   0.625000   1.000000
  0.417085   0.485894   0.468105  -1.304772   0.420154 -19.381745  -6.745386   0.625000   1.000000
  0.422111   0.479336   0.470217  -1.402185   0.386251 -15.910091  -8.558174   0.625000   1.000000
  0.427136   0.472290   0.472158  -1.482133   0.343247 -12.117451 -10.377128   0.625000   1.000000
  0.432161   0.464843   0.473883  -1.543023   0.291101  -8.980988 -11.625068   0.625000   1.000000
  0.437186   0.457089   0.475345  -1.588153   0.232686  -4.950735 -12.087121   0.625000   1.000000
  0.442211   0.449108   0.476515  -1.613030   0.171948   1.834061 -12.072377   0.625000   1.000000
  0.447236   0.441003   0.477379  -1.603814   0.111284   9.397242 -12.286537   0.625000   1.000000
  0.452261   0.432944   0.477938  -1.556593   0.049544  15.541673 -12.420719   0.625000   1.000000
  0.457286   0.425122   0.478187  -1.478496  -0.012870  20.617565 -11.191333   0.625000   1.000000
  0.462312   0.417691   0.478122  -1.374872  -0.069118  26.401475  -8.041525   0.625000   1.000000
  0.467337   0.410782   0.477775  -1.242205  -0.109526  33.175025  -5.028919   0.625000   1.000000
  0.472362   0.404540   0.477224  -1.075500  -0.134797  39.352849  -3.157064   0.625000   1.000000
  0.477387   0.399136   0.476547  -0.877752  -0.150661  43.383332  -1.338302   0.625000   1.000000
  0.482412   0.394725   0.475790  -0.659751  -0.157386  44.598516   1.994247   0.625000   1.000000
  0.487437   0.391410   0.474999  -0.435643  -0.147365  45.215380   6.215743   0.625000   1.000000
  0.492462   0.389221   0.474259  -0.208436  -0.116131  46.735174   9.690136   0.625000   1.000000
  0.497487   0.388173   0.473675   0.026408  -0.067438  47.890843  11.750326   0.625000   1.000000
  0.502513   0.388306   0.473336   0.267108  -0.008380  45.671888  12.721342   0.625000   1.000000
  0.507538   0.389648   0.473294   0.496609   0.055544  40.451839  14.054994   0.625000   1.000000
  0.512563   0.392144   0.473573   0.699879   0.126171  35.551617  16.099309   0.625000   1.000000
  0.517588   0.395661   0.474207   0.878526   0.207070  31.833148  18.031942   0.625000   1.000000
  0.522613   0.400075   0.475248   1.038488   0.297680  27.281117  18.436898   0.625000   1.000000
  0.527638   0.405294   0.476744   1.175575   0.390326  20.375673  17.282537   0.625000   1.000000
  0.532663   0.411201   0.478705   1.277963   0.477170  12.863003  16.024912   0.625000   1.000000
  0.537688   0.417623   0.481103   1.342600   0.557695   6.195151  15.080029   0.625000   1.000000
  0.542714   0.424371   0.483906   1.373737   0.633488   0.631531  13.594869   0.625000   1.000000
  0.547739   0.431274   0.487089   1.376910   0.701802  -4.498740  10.998151   0.625000   1.000000
  0.552764   0.438193   0.490616   1.354304   0.757068  -9.638994   8.083062   0.625000   1.000000
  0.557789   0.444998   0.494420   1.305868   0.797685 -14.538559   5.353815   0.625000   1.000000
  0.562814   0.451560   0.498428   1.232812   0.824588 -18.144196   2.840219   0.625000   1.000000
  0.567839   0.457755   0.502572   1.141637   0.838860 -19.891560   0.526780   0.625000   1.000000
  0.572864   0.463492   0.506787   1.041682   0.841507 -20.958414  -1.626791   0.625000   1.000000
  0.577889   0.468726   0.511016   0.936366   0.833333 -22.059947  -3.669330   0.625000   1.000000
  0.582915   0.473432   0.515204   0.825493   0.814890 -22.556979  -5.320178   0.625000   1.000000
  0.587940   0.477580   0.519299   0.712144   0.788157 -21.652401  -6.227254   0.625000   1.000000
  0.592965   0.481159   0.523259   0.603340   0.756865 -20.118188  -6.737852   0.625000   1.000000
  0.597990   0.484191   0.527062   0.502247   0.723007 -18.686404  -7.194717   0.625000   1.000000
  0.603015   0.486714   0.530696   0.408347   0.686853 -17.251117  -7.446147   0.625000   1.000000
  0.608040   0.488766   0.534147   0.321661   0.649437 -15.418815  -7.203215   0.625000   1.000000
  0.613065   0.490383   0.537410   0.244181   0.613240 -13.387185  -6.701411   0.625000   1.000000
  0.618090   0.491610   0.540492   0.176910   0.579566 -11.456904  -6.191493   0.625000   1.000000
  0.623116   0.492499   0.543405   0.119328   0.548447  -9.724666  -5.653470   0.625000   1.000000
  0.628141   0.493098   0.546161   0.070462   0.520039  -8.175885  -5.011591   0.625000   1.000000
  0.633166   0.493453   0.548774   0.029378   0.494855  -6.739931  -4.340209   0.625000   1.000000
  0.638191   0.493600   0.551261  -0.004490   0.473046  -5.390793  -3.694408   0.625000   1.000000
  0.643216   0.493578   0.553638  -0.031579   0.454481  -4.206655  -3.081590   0.625000   1.000000
  0.648241   0.493419   0.555921  -0.052718   0.438996  -3.298456  -2.547056   0.625000   1.000000
  0.653266   0.493154   0.558127  -0.069292   0.426198  -2.569120  -2.096634   0.625000   1.000000
  0.658291   0.492806   0.560269  -0.082202   0.415662  -1.902284  -1.682476   0.625000   1.000000
  0.663317   0.492393   0.562358  -0.091763   0.407206  -1.323435  -1.296728   0.625000   1.000000
  0.668342   0.491932   0.564404  -0.098413   0.400690  -0.919553  -0.998279   0.625000   1.000000
  0.673367   0.491437   0.566418  -0.103034   0.395673  -0.633652  -0.784684   0.625000   1.000000
  0.678392   0.490919   0.568406  -0.106218   0.391730  -0.382254  -0.599332   0.625000   1.000000
  0.683417   0.490386   0.570375  -0.108139   0.388719  -0.170327  -0.426007   0.625000   1.000000
  0.688442   0.489842   0.572328  -0.108995   0.386578  -0.035940  -0.299215   0.625000   1.000000
  0.693467   0.489294   0.574270  -0.109176   0.385074   0.049904  -0.221979   0.625000   1.000000
  0.698492   0.488746   0.576205  -0.108925   0.383959   0.123153  -0.160587   0.625000   1.000000
  0.703518   0.488198   0.578135  -0.108306   0.383152   0.177413  -0.100779   0.625000   1.000000
  0.708543   0.487654   0.580061  -0.107414   0.382646   0.202118  -0.057052   0.625000   1.000000
  0.713568   0.487114   0.581983  -0.106399   0.382359   0.217711  -0.035984   0.625000   1.000000
  0.718593   0.486580   0.583905  -0.105305   0.382178   0.233813  -0.022748   0.625000   1.000000
  0.723618   0.486051   0.585825  -0.104130   0.382064   0.237592  -0.006741   0.625000   1.000000
  0.728643   0.485527   0.587745  -0.102936   0.382030   0.226771   0.007268   0.625000   1.000000
  0.733668   0.485010   0.589665  -0.101796   0.382066   0.222487   0.010847   0.625000   1.000000
  0.738693   0.484499   0.591585  -0.100678   0.382121   0.226154   0.009311   0.625000   1.000000
  0.743719   0.483993   0.593505  -0.099542   0.382168   0.219461   0.011864   0.625000   1.000000
  0.748744   0.483492   0.595425  -0.098439   0.382227   0.198885   0.018308   0.625000   1.000000
  0.753769   0.482998   0.597346  -0.097439   0.382319   0.189490   0.018376   0.625000   1.000000
  0.758794   0.482508   0.599267  -0.096487   0.382412   0.193659   0.012692   0.625000   1.000000
  0.763819   0.482023   0.601189  -0.095514   0.382475   0.188445   0.011133   0.625000   1.000000
  0.768844   0.481543   0.603111  -0.094567   0.382531   0.164685   0.017160   0.625000   1.000000
  0.773869   0.481068   0.605033  -0.093740   0.382618   0.152801   0.018060   0.625000   1.000000
  0.778894   0.480597   0.606956  -0.092972   0.382708   0.160702   0.010584   0.625000   1.000000
  0.783920   0.480130   0.608879  -0.092164   0.382762   0.160532   0.006525   0.625000   1.000000
  0.788945   0.479667   0.610803  -0.091357   0.382794   0.134297   0.014175   0.625000   1.000000
  0.793970   0.479208   0.612726  -0.090683   0.382866   0.118996   0.017682   0.625000   1.000000
  0.798995   0.478752   0.614650  -0.090085   0.382954   0.131596   0.008563   0.625000   1.000000
  0.804020   0.478299   0.616574  -0.089423   0.382997   0.138412   0.001273   0.625000   1.000000
  0.809045   0.477850   0.618499  -0.088728   0.383004   0.109011   0.011238   0.625000   1.000000
  0.814070   0.477404   0.620424  -0.088180   0.383060   0.088152   0.018905   0.625000   1.000000
  0.819095   0.476961   0.622348  -0.087737   0.383155   0.106021   0.007831   0.625000   1.000000
  0.824121   0.476520   0.624274  -0.087204   0.383195   0.121968  -0.004356   0.625000   1.000000
  0.829146   0.476082   0.626200  -0.086591   0.383173   0.088589   0.008192   0.625000   1.000000
  0.834171   0.475647   0.628125  -0.086146   0.383214   0.059356   0.022008   0.625000   1.000000
  0.839196   0.475214   0.630051  -0.085848   0.383324   0.082910   0.008776   0.625000   1.000000
  0.844221   0.474782   0.631977  -0.085431   0.383369   0.110612  -0.010516   0.625000   1.000000
  0.849246   0.474353   0.633903  -0.084875   0.383316   0.072817   0.004513   0.625000   1.000000
  0.854271   0.473926   0.635830  -0.084510   0.383338   0.031911   0.026993   0.625000   1.000000
  0.859296   0.473502   0.637756  -0.084349   0.383474   0.061232   0.011722   0.625000   1.000000
  0.864322   0.473078   0.639683  -0.084041   0.383533   0.103647  -0.017323   0.625000   1.000000
  0.869347   0.472656   0.641611  -0.083521   0.383446   0.061696  -0.000543   0.625000   1.000000
  0.874372   0.472236   0.643537  -0.083211   0.383443   0.005721   0.033431   0.625000   1.000000
  0.879397   0.471818   0.645464  -0.083182   0.383611   0.040299   0.016838   0.625000   1.000000
  0.884422   0.471400   0.647392  -0.082979   0.383696   0.100188  -0.024569   0.625000   1.000000
  0.889447   0.470983   0.649320  -0.082476   0.383572   0.055367  -0.007543   0.625000   1.000000
  0.894472   0.470568   0.651247  -0.082198   0.383534  -0.018643   0.040669   0.625000   1.000000
  0.899497   0.470155   0.653175  -0.082291   0.383739   0.019827   0.024208   0.625000   1.000000
  0.904523   0.469742   0.655103  -0.082192   0.383860   0.099193  -0.031739   0.625000   1.000000
  0.909548   0.469329   0.657032  -0.081693   0.383701   0.053810  -0.016838   0.625000   1.000000
  0.914573   0.468918   0.658960  -0.081423   0.383616  -0.040113   0.047651   0.625000   1.000000
  0.919598   0.468509   0.660888  -0.081624   0.383856   0.000031   0.033514   0.625000   1.000000
  0.924623   0.468099   0.662817  -0.081624   0.384024   0.099491  -0.038064   0.625000   1.000000
  0.929648   0.467689   0.664746  -0.081124   0.383833   0.056726  -0.028318   0.625000   1.000000
  0.934673   0.467281   0.666675  -0.080839   0.383691  -0.057548   0.053325   0.625000   1.000000
  0.939698   0.466875   0.668603  -0.081129   0.383959  -0.018676   0.044241   0.625000   1.000000
  0.944724   0.466467   0.670533  -0.081222   0.384181   0.100009  -0.042815   0.625000   1.000000
  0.949749   0.466059   0.672464  -0.080720   0.383966   0.063101  -0.041273   0.625000   1.000000
  0.954774   0.465653   0.674393  -0.080403   0.383758  -0.071317   0.057834   0.625000   1.000000
  0.959799   0.465249   0.676321  -0.080761   0.384049  -0.039123   0.058753   0.625000   1.000000
  0.964824   0.464843   0.678251  -0.080958   0.384344   0.092699  -0.038597   0.625000   1.000000
  0.969849   0.464437   0.680183  -0.080492   0.384150   0.062274  -0.044960   0.625000   1.000000
  0.974874   0.464032   0.682113  -0.080179   0.383924  -0.090023   0.072597   0.625000   1.000000
  0.979899   0.463629   0.684042  -0.080631   0.384289  -0.071045   0.097425   0.625000   1.000000
  0.984925   0.463224   0.685974  -0.080988   0.384779   0.080244   0.006360   0.625000   1.000000
  0.989950   0.462817   0.687907  -0.080585   0.384811   0.159384  -0.059198   0.625000   1.000000
  0.994975   0.462412   0.689841  -0.079784   0.384513   0.210372  -0.089310   0.625000   1.000000
  1.000000   0.462011   0.691773  -0.078727   0.384065   0.439847  -0.231535   0.625000   1.000000