   0.000000    0.405721    0.323616    0.000000    0.000000   18.323172   22.263927    0.187500    0.187500
   0.005025    0.405721    0.323616    0.092074    0.111876   15.907135   20.143083    0.187500    0.187500
   0.010050    0.406184    0.324178    0.172007    0.213095   12.249768   15.394344    0.187500    0.187500
   0.015075    0.407048    0.325249    0.233562    0.290452    7.938804    8.592460    0.187500    0.187500
   0.020101    0.408222    0.326709    0.273463    0.333638    4.421067    2.719154    0.187500    0.187500
   0.025126    0.409596    0.328385    0.295679    0.347301    1.830011   -1.415200    0.187500    0.187500
   0.030151    0.411082    0.330131    0.304874    0.340190    0.288929   -3.268534    0.187500    0.187500
   0.035176    0.412614    0.331840    0.306326    0.323765   -0.017102   -2.559005    0.187500    0.187500
   0.040201    0.414153    0.333467    0.306240    0.310906    0.043839   -1.291749    0.187500    0.187500
   0.045226    0.415692    0.335029    0.306461    0.304415   -0.087621   -0.600276    0.187500    0.187500
   0.050251    0.417232    0.336559    0.306020    0.301399   -0.312873   -0.291738    0.187500    0.187500
   0.055276    0.418770    0.338073    0.304448    0.299933   -0.452346   -0.046136    0.187500    0.187500
   0.060302    0.420300    0.339581    0.302175    0.299701   -0.566192    0.154935    0.187500    0.187500
   0.065327    0.421818    0.341087    0.299330    0.300480   -0.731646    0.251218    0.187500    0.187500
   0.070352    0.423322    0.342597    0.295653    0.301742   -0.888134    0.302249    0.187500    0.187500
   0.075377    0.424808    0.344113    0.291190    0.303261   -0.949150    0.405875    0.187500    0.187500
   0.080402    0.426271    0.345637    0.286421    0.305300   -0.981524    0.511754    0.187500    0.187500
   0.085427    0.427711    0.347171    0.281489    0.307872   -1.054012    0.549032    0.187500    0.187500
   0.090452    0.429125    0.348718    0.276192    0.310631   -1.125091    0.552502    0.187500    0.187500
   0.095477    0.430513    0.350279    0.270539    0.313407   -1.128944    0.595746    0.187500    0.187500
   0.100503    0.431873    0.351854    0.264865    0.316401   -1.112735    0.646980    0.187500    0.187500
   0.105528    0.433204    0.353444    0.259273    0.319653   -1.129492    0.650510    0.187500    0.187500
   0.110553    0.434506    0.355050    0.253597    0.322921   -1.148820    0.628353    0.187500    0.187500
   0.115578    0.435781    0.356673    0.247824    0.326079   -1.120669    0.635918    0.187500    0.187500
   0.120603    0.437026    0.358312    0.242193    0.329274   -1.079225    0.653816    0.187500    0.187500
   0.125628    0.438243    0.359966    0.236770    0.332560   -1.065111    0.638798    0.187500    0.187500
   0.130653    0.439433    0.361637    0.231418    0.335770   -1.055101    0.604544    0.187500    0.187500
   0.135678    0.440596    0.363325    0.226116    0.338807   -1.011111    0.592463    0.187500    0.187500
   0.140704    0.441732    0.365027    0.221034    0.341785   -0.959007    0.591128    0.187500    0.187500
   0.145729    0.442843    0.366745    0.216215    0.344756   -0.929918    0.567211    0.187500    0.187500
   0.150754    0.443929    0.368477    0.211542    0.347606   -0.905084    0.529123    0.187500    0.187500
   0.155779    0.444992    0.370224    0.206994    0.350265   -0.855292    0.507640    0.187500    0.187500
   0.160804    0.446033    0.371984    0.202696    0.352816   -0.801261    0.496227    0.187500    0.187500
   0.165829    0.447051    0.373757    0.198670    0.355309   -0.766977    0.469367    0.187500    0.187500
   0.170854    0.448049    0.375542    0.194816    0.357668   -0.736431    0.432216    0.187500    0.187500
   0.175879    0.449028    0.377340    0.191115    0.359840   -0.686821    0.407590    0.187500    0.187500
   0.180905    0.449989    0.379148    0.187663    0.361888   -0.635738    0.391834    0.187500    0.187500
   0.185930    0.450932    0.380967    0.184469    0.363857   -0.602022    0.365494    0.187500    0.187500
   0.190955    0.451859    0.382795    0.181444    0.365694   -0.571258    0.331813    0.187500    0.187500
   0.195980    0.452771    0.384633    0.178573    0.367361   -0.525130    0.307730    0.187500    0.187500
   0.201005    0.453668    0.386479    0.175934    0.368907   -0.479409    0.291151    0.187500    0.187500
   0.206030    0.454552    0.388332    0.173525    0.370370   -0.449336    0.267220    0.187500    0.187500
   0.211055    0.455424    0.390194    0.171267    0.371713   -0.421433    0.238126    0.187500    0.187500
   0.216080    0.456285    0.392061    0.169150    0.372910   -0.380402    0.216527    0.187500    0.187500
   0.221106    0.457135    0.393936    0.167238    0.373998   -0.340919    0.201083    0.187500    0.187500
   0.226131    0.457975    0.395815    0.165525    0.375009   -0.315897    0.180393    0.187500    0.187500
   0.231156    0.458807    0.397699    0.163937    0.375915   -0.292363    0.156104    0.187500    0.187500
   0.236181    0.459631    0.399588    0.162468    0.376699   -0.256944    0.137810    0.187500    0.187500
   0.241206    0.460447    0.401481    0.161177    0.377392   -0.223652    0.124493    0.187500    0.187500
   0.246231    0.461257    0.403378    0.160053    0.378018   -0.203994    0.107222    0.187500    0.187500
   0.251256    0.462061    0.405277    0.159028    0.378556   -0.185241    0.087301    0.187500    0.187500
   0.256281    0.462860    0.407180    0.158097    0.378995   -0.155144    0.072194    0.187500    0.187500
   0.261307    0.463655    0.409084    0.157318    0.379358   -0.127366    0.061209    0.187500    0.187500
   0.266332    0.464445    0.410991    0.156678    0.379665   -0.112644    0.047006    0.187500    0.187500
   0.271357    0.465233    0.412898    0.156111    0.379902   -0.097970    0.030131    0.187500    0.187500
   0.276382    0.466017    0.414807    0.155619    0.380053   -0.071661    0.016662    0.187500    0.187500
   0.281407    0.466799    0.416717    0.155259    0.380137   -0.048006    0.007419    0.187500    0.187500
   0.286432    0.467579    0.418627    0.155018    0.380174   -0.037105   -0.004426    0.187500    0.187500
   0.291457    0.468358    0.420538    0.154831    0.380152   -0.023755   -0.021369    0.187500    0.187500
   0.296482    0.469136    0.422448    0.154712    0.380044    0.003691   -0.038188    0.187500    0.187500
   0.301508    0.469914    0.424358    0.154731    0.379852    0.026216   -0.047386    0.187500    0.187500
   0.306533    0.470691    0.426267    0.154862    0.379614    0.034663   -0.056483    0.187500    0.187500
   0.311558    0.471470    0.428174    0.155037    0.379331    0.053413   -0.078504    0.187500    0.187500
   0.316583    0.472249    0.430081    0.155305    0.378936    0.095405   -0.108883    0.187500    0.187500
   0.321608    0.473029    0.431985    0.155784    0.378389    0.122254   -0.117570    0.187500    0.187500
   0.326633    0.473812    0.433886    0.156399    0.377798    0.125026   -0.112826    0.187500    0.187500
   0.331658    0.474598    0.435785    0.157027    0.377231    0.157290   -0.135537    0.187500    0.187500
   0.336683    0.475387    0.437680    0.157817    0.376550    0.237066   -0.180131    0.187500    0.187500
   0.341709    0.476180    0.439573    0.159009    0.375645    0.266909   -0.159906    0.187500    0.187500
   0.346734    0.476979    0.441460    0.160350    0.374841    0.230930   -0.081872    0.187500    0.187500
   0.351759    0.477785    0.443344    0.161510    0.374430    0.253621   -0.036599    0.187500    0.187500
   0.356784    0.478596    0.445225    0.162785    0.374246    0.360191    0.003796    0.187500    0.187500
   0.361809    0.479414    0.447106    0.164595    0.374265    0.318554    0.220157    0.187500    0.187500
   0.366834    0.480242    0.448987    0.166196    0.375371    0.094204    0.582249    0.187500    0.187500
   0.371859    0.481077    0.450873    0.166669    0.378297   -0.066805    0.964295    0.187500    0.187500
   0.376884    0.481914    0.452774    0.166333    0.383143   -0.173552    1.530950    0.187500    0.187500
   0.381910    0.482750    0.454700    0.165461    0.390837   -0.673762    2.530834    0.187500    0.187500
   0.386935    0.483582    0.456664    0.162075    0.403555   -1.558925    3.715194    0.187500    0.187500
   0.391960    0.484396    0.458691    0.154242    0.422224   -2.456345    5.021290    0.187500    0.187500
   0.396985    0.485171    0.460813    0.141899    0.447456   -3.615840    7.059901    0.187500    0.187500
   0.402010    0.485884    0.463062    0.123729    0.482932   -5.700224   10.000449    0.187500    0.187500
   0.407035    0.486506    0.465488    0.095085    0.533184   -8.270888   12.789148    0.187500    0.187500
   0.412060    0.486984    0.468167    0.053524    0.597449  -10.840701   15.401631    0.187500    0.187500
   0.417085    0.487253    0.471170   -0.000950    0.674842  -14.288294   19.099143    0.187500    0.187500
   0.422111    0.487248    0.474561   -0.072763    0.770835  -19.523922   24.170998    0.187500    0.187500
   0.427136    0.486882    0.478435   -0.170871    0.892294  -25.134581   28.888052    0.187500    0.187500
   0.432161    0.486024    0.482919   -0.297172    1.037456  -30.339940   32.950493    0.187500    0.187500
   0.437186    0.484530    0.488132   -0.449631    1.203033  -35.985622   35.904688    0.187500    0.187500
   0.442211    0.482271    0.494177   -0.630458    1.383454  -42.027419   34.904460    0.187500    0.187500
   0.447236    0.479103    0.501129   -0.841646    1.558849  -47.417691   30.669370    0.187500    0.187500
   0.452261    0.474874    0.508962   -1.079920    1.712962  -52.646331   25.870446    0.187500    0.187500
   0.457286    0.469447    0.517570   -1.344468    1.842961  -55.203401   14.537883    0.187500    0.187500
   0.462312    0.462690    0.526833   -1.621920    1.916029  -46.212446  -15.941295    0.187500    0.187500
   0.467337    0.454540    0.536461   -1.854138    1.835924  -27.058764  -59.256301    0.187500    0.187500
   0.472362    0.445223    0.545686   -1.990108    1.538161   -6.618155 -102.943768    0.187500    0.187500
   0.477387    0.435222    0.553415   -2.023364    1.020868   16.568788 -138.597957    0.187500    0.187500
   0.482412    0.425055    0.558545   -1.940106    0.324414   49.432710 -142.942742    0.187500    0.187500
   0.487437    0.415306    0.560175   -1.691707   -0.393874   87.472405 -113.782634    0.187500    0.187500
   0.492462    0.406805    0.558196   -1.252158   -0.965631  124.085053  -75.141561    0.187500    0.187500
   0.497487    0.400513    0.553344   -0.628630   -1.343218  154.130916  -35.151888    0.187500    0.187500
   0.502513    0.397353    0.546593    0.146032   -1.519891  158.062504    3.089318    0.187500    0.187500
   0.507538    0.398087    0.538955    0.940296   -1.504367  132.442838   32.296191    0.187500    0.187500
   0.512563    0.402812    0.531396    1.605821   -1.342079   98.414392   53.835280    0.187500    0.187500
   0.517588    0.410881    0.524652    2.100353   -1.071557   62.876044   68.772195    0.187500    0.187500
   0.522613    0.421436    0.519267    2.416305   -0.725976   25.383506   68.475838    0.187500    0.187500
   0.527638    0.433578    0.515619    2.543858   -0.381885   -7.822543   53.512942    0.187500    0.187500
   0.532663    0.446361    0.513700    2.504549   -0.112983  -34.499821   36.392767    0.187500    0.187500
   0.537688    0.458946    0.513133    2.331188    0.069891  -55.395761   22.462022    0.187500    0.187500
   0.542714    0.470662    0.513484    2.052769    0.182785  -64.098788   14.132754    0.187500    0.187500
   0.547739    0.480978    0.514402    1.730672    0.253802  -59.461260   10.788352    0.187500    0.187500
   0.552764    0.489674    0.515678    1.431879    0.308013  -51.384566    8.494489    0.187500    0.187500
   0.557789    0.496869    0.517226    1.173672    0.350698  -44.118363    5.629378    0.187500    0.187500
   0.562814    0.502767    0.518988    0.951977    0.378986  -37.358063    2.719499    0.187500    0.187500
   0.567839    0.507551    0.520892    0.764253    0.392651  -31.011688    0.965330    0.187500    0.187500
   0.572864    0.511391    0.522865    0.608419    0.397502  -25.263295    0.150673    0.187500    0.187500
   0.577889    0.514448    0.524863    0.481471    0.398259  -19.741661   -0.380819    0.187500    0.187500
   0.582915    0.516868    0.526864    0.382249    0.396345  -14.556552   -0.768346    0.187500    0.187500
   0.587940    0.518789    0.528856    0.309103    0.392484  -10.651890   -0.913316    0.187500    0.187500
   0.592965    0.520342    0.530828    0.255577    0.387895   -7.870631   -0.900571    0.187500    0.187500
   0.597990    0.521627    0.532777    0.216027    0.383370   -5.500895   -0.819250    0.187500    0.187500
   0.603015    0.522712    0.534704    0.188385    0.379253   -3.467640   -0.675573    0.187500    0.187500
   0.608040    0.523659    0.536610    0.170960    0.375858   -2.106995   -0.526652    0.187500    0.187500
   0.613065    0.524518    0.538498    0.160373    0.373212   -1.234590   -0.423987    0.187500    0.187500
   0.618090    0.525324    0.540374    0.154169    0.371081   -0.557676   -0.342767    0.187500    0.187500
   0.623116    0.526099    0.542239    0.151366    0.369358   -0.087168   -0.258339    0.187500    0.187500
   0.628141    0.526859    0.544095    0.150928    0.368060    0.140148   -0.188779    0.187500    0.187500
   0.633166    0.527618    0.545944    0.151632    0.367112    0.277963   -0.147031    0.187500    0.187500
   0.638191    0.528380    0.547789    0.153029    0.366373    0.391283   -0.119663    0.187500    0.187500
   0.643216    0.529149    0.549630    0.154995    0.365772    0.427183   -0.098792    0.187500    0.187500
   0.648241    0.529927    0.551468    0.157142    0.365275    0.388051   -0.085584    0.187500    0.187500
   0.653266    0.530717    0.553304    0.159092    0.364845    0.357157   -0.077928    0.187500    0.187500
   0.658291    0.531517    0.555137    0.160886    0.364453    0.346704   -0.072241    0.187500    0.187500
   0.663317    0.532325    0.556969    0.162629    0.364090    0.323534   -0.068459    0.187500    0.187500
   0.668342    0.533142    0.558798    0.164255    0.363746    0.279044   -0.067487    0.187500    0.187500
   0.673367    0.533968    0.560626    0.165657    0.363407    0.241127   -0.067492    0.187500    0.187500
   0.678392    0.534800    0.562452    0.166869    0.363068    0.219396   -0.066486    0.187500    0.187500
   0.683417    0.535639    0.564277    0.167971    0.362734    0.206120   -0.063894    0.187500    0.187500
   0.688442    0.536483    0.566099    0.169007    0.362413    0.187338   -0.061760    0.187500    0.187500
   0.693467    0.537332    0.567920    0.169948    0.362103    0.163308   -0.061551    0.187500    0.187500
   0.698492    0.538186    0.569740    0.170769    0.361793    0.146405   -0.061192    0.187500    0.187500
   0.703518    0.539044    0.571558    0.171505    0.361486    0.142824   -0.058087    0.187500    0.187500
   0.708543    0.539906    0.573375    0.172222    0.361194    0.138290   -0.054084    0.187500    0.187500
   0.713568    0.540771    0.575190    0.172917    0.360922    0.122225   -0.053019    0.187500    0.187500
   0.718593    0.541640    0.577003    0.173531    0.360656    0.108539   -0.053118    0.187500    0.187500
   0.723618    0.542512    0.578816    0.174077    0.360389    0.109420   -0.050268    0.187500    0.187500
   0.728643    0.543387    0.580627    0.174627    0.360136    0.110871   -0.045323    0.187500    0.187500
   0.733668    0.544265    0.582436    0.175184    0.359908    0.097746   -0.043770    0.187500    0.187500
   0.738693    0.545145    0.584245    0.175675    0.359688    0.085095   -0.044705    0.187500    0.187500
   0.743719    0.546028    0.586053    0.176103    0.359464    0.088275   -0.042779    0.187500    0.187500
   0.748744    0.546913    0.587859    0.176546    0.359249    0.092906   -0.037220    0.187500    0.187500
   0.753769    0.547800    0.589664    0.177013    0.359062    0.080483   -0.035115    0.187500    0.187500
   0.758794    0.548689    0.591469    0.177417    0.358885    0.067619   -0.037147    0.187500    0.187500
   0.763819    0.549581    0.593272    0.177757    0.358699    0.072683   -0.036639    0.187500    0.187500
   0.768844    0.550474    0.595074    0.178122    0.358515    0.080160   -0.030315    0.187500    0.187500
   0.773869    0.551369    0.596876    0.178525    0.358362    0.067397   -0.027177    0.187500    0.187500
   0.778894    0.552266    0.598677    0.178864    0.358226    0.053333   -0.030551    0.187500    0.187500
   0.783920    0.553165    0.600477    0.179132    0.358072    0.060429   -0.032130    0.187500    0.187500
   0.788945    0.554065    0.602276    0.179436    0.357911    0.071395   -0.024733    0.187500    0.187500
   0.793970    0.554967    0.604075    0.179794    0.357786    0.057583   -0.019697    0.187500    0.187500
   0.798995    0.555871    0.605873    0.180084    0.357687    0.041152   -0.024632    0.187500    0.187500
   0.804020    0.556775    0.607670    0.180291    0.357564    0.050546   -0.029268    0.187500    0.187500
   0.809045    0.557681    0.609467    0.180545    0.357417    0.066257   -0.020483    0.187500    0.187500
   0.814070    0.558589    0.611263    0.180877    0.357314    0.050828   -0.012267    0.187500    0.187500
   0.819095    0.559498    0.613059    0.181133    0.357252    0.030455   -0.018959    0.187500    0.187500
   0.824121    0.560408    0.614854    0.181286    0.357157    0.042271   -0.028075    0.187500    0.187500
   0.829146    0.561319    0.616649    0.181498    0.357016    0.064507   -0.017732    0.187500    0.187500
   0.834171    0.562231    0.618443    0.181822    0.356926    0.047129   -0.004570    0.187500    0.187500
   0.839196    0.563145    0.620236    0.182059    0.356904    0.020827   -0.013039    0.187500    0.187500
   0.844221    0.564059    0.622030    0.182164    0.356838    0.034839   -0.028468    0.187500    0.187500
   0.849246    0.564975    0.623823    0.182339    0.356695    0.065808   -0.016708    0.187500    0.187500
   0.854271    0.565891    0.625615    0.182670    0.356611    0.046582    0.003619    0.187500    0.187500
   0.859296    0.566809    0.627407    0.182904    0.356629    0.011979   -0.006360    0.187500    0.187500
   0.864322    0.567728    0.629200    0.182964    0.356597    0.027323   -0.030320    0.187500    0.187500
   0.869347    0.568648    0.630992    0.183101    0.356445    0.069360   -0.017839    0.187500    0.187500
   0.874372    0.569568    0.632783    0.183450    0.356355    0.049091    0.012137    0.187500    0.187500
   0.879397    0.570490    0.634573    0.183697    0.356416    0.003822    0.001434    0.187500    0.187500
   0.884422    0.571413    0.636364    0.183716    0.356423    0.018838   -0.033234    0.187500    0.187500
   0.889447    0.572336    0.638155    0.183810    0.356256    0.073916   -0.021398    0.187500    0.187500
   0.894472    0.573259    0.639946    0.184182    0.356149    0.054281    0.020612    0.187500    0.187500
   0.899497    0.574185    0.641735    0.184455    0.356252   -0.003596    0.010585    0.187500    0.187500
   0.904523    0.575112    0.643526    0.184437    0.356306    0.008656   -0.036596    0.187500    0.187500
   0.909548    0.576039    0.645316    0.184480    0.356122    0.077847   -0.027494    0.187500    0.187500
   0.914573    0.576966    0.647106    0.184871    0.355984    0.061375    0.028311    0.187500    0.187500
   0.919598    0.577895    0.648895    0.185180    0.356126   -0.010050    0.020955    0.187500    0.187500
   0.924623    0.578825    0.650684    0.185129    0.356231   -0.003510   -0.039604    0.187500    0.187500
   0.929648    0.579756    0.652474    0.185111    0.356032    0.079545   -0.035854    0.187500    0.187500
   0.934673    0.580686    0.654263    0.185511    0.355852    0.069371    0.034474    0.187500    0.187500
   0.939698    0.581618    0.656051    0.185860    0.356025   -0.015259    0.032194    0.187500    0.187500
   0.944724    0.582552    0.657841    0.185783    0.356187   -0.017408   -0.041533    0.187500    0.187500
   0.949749    0.583486    0.659631    0.185696    0.355978    0.077857   -0.045730    0.187500    0.187500
   0.954774    0.584419    0.661419    0.186087    0.355749    0.076957    0.039354    0.187500    0.187500
   0.959799    0.585354    0.663207    0.186474    0.355946   -0.020012    0.046472    0.187500    0.187500
   0.964824    0.586291    0.664996    0.186373    0.356180   -0.035261   -0.035748    0.187500    0.187500
   0.969849    0.587227    0.666785    0.186196    0.356000    0.066090   -0.047314    0.187500    0.187500
   0.974874    0.588163    0.668574    0.186528    0.355762    0.070228    0.053818    0.187500    0.187500
   0.979899    0.589100    0.670362    0.186881    0.356033   -0.058903    0.083865    0.187500    0.187500
   0.984925    0.590040    0.672151    0.186585    0.356454   -0.150124    0.011720    0.187500    0.187500
   0.989950    0.590977    0.673943    0.185830    0.356513   -0.142436   -0.044973    0.187500    0.187500
   0.994975    0.591911    0.675734    0.185115    0.356287   -0.178761   -0.068370    0.187500    0.187500
   1.000000    0.592841    0.677524    0.184216    0.355944   -0.316885   -0.181958    0.187500    0.187500