  0.000000   0.358579   0.358579   0.000000   0.000000  -2.852271 -21.303976   0.000000   0.250000
  0.005025   0.358579   0.358579  -0.014333  -0.107052  -0.695183 -16.918961   0.000000   0.250000
  0.010050   0.358507   0.358041  -0.017826  -0.192070   1.104913 -13.069943   0.000000   0.250000
  0.015075   0.358417   0.357076  -0.012274  -0.257747   2.589370  -9.703302   0.000000   0.250000
  0.020101   0.358356   0.355780   0.000740  -0.306516   3.795723  -6.769668   0.000000   0.250000
  0.025126   0.358359   0.354240   0.019814  -0.340533   4.757100  -4.225874   0.000000   0.250000
  0.030151   0.358459   0.352529   0.043718  -0.361768   5.504054  -2.030924   0.000000   0.250000
  0.035176   0.358679   0.350711   0.071376  -0.371974   6.063807  -0.148176   0.000000   0.250000
  0.040201   0.359037   0.348842   0.101847  -0.372718   6.460805   1.455631   0.000000   0.250000
  0.045226   0.359549   0.346969   0.134312  -0.365404   6.716969   2.810663   0.000000   0.250000
  0.050251   0.360224   0.345133   0.168065  -0.351280   6.851927   3.944259   0.000000   0.250000
  0.055276   0.361069   0.343368   0.202496  -0.331460   6.883225   4.881175   0.000000   0.250000
  0.060302   0.362086   0.341702   0.237091  -0.306927   6.826502   5.643952   0.000000   0.250000
  0.065327   0.363278   0.340160   0.271394  -0.278566   6.695727   6.252515   0.000000   0.250000
  0.070352   0.364641   0.338760   0.305040  -0.247148   6.503292   6.725322   0.000000   0.250000
  0.075377   0.366174   0.337518   0.337719  -0.213353   6.260187   7.078861   0.000000   0.250000
  0.080402   0.367871   0.336446   0.369177  -0.177782   5.976134   7.327987   0.000000   0.250000
  0.085427   0.369726   0.335552   0.399207  -0.140958   5.659709   7.486070   0.000000   0.250000
  0.090452   0.371732   0.334844   0.427647  -0.103341   5.318453   7.565125   0.000000   0.250000
  0.095477   0.373881   0.334325   0.454372  -0.065326   4.958974   7.575935   0.000000   0.250000
  0.100503   0.376165   0.333996   0.479296  -0.027249   4.586965   7.528153   0.000000   0.250000
  0.105528   0.378574   0.333860   0.502345   0.010579   4.207591   7.430442   0.000000   0.250000
  0.110553   0.381098   0.333913   0.523489   0.047917   3.825115   7.290524   0.000000   0.250000
  0.115578   0.383728   0.334153   0.542710   0.084552   3.443263   7.115285   0.000000   0.250000
  0.120603   0.386455   0.334578   0.560012   0.120307   3.065219   6.910851   0.000000   0.250000
  0.125628   0.389270   0.335183   0.575415   0.155034   2.693679   6.682660   0.000000   0.250000
  0.130653   0.392161   0.335962   0.588951   0.188614   2.330904   6.435528   0.000000   0.250000
  0.135678   0.395120   0.336910   0.600664   0.220953   1.978771   6.173709   0.000000   0.250000
  0.140704   0.398139   0.338020   0.610609   0.251982   1.638739   5.900890   0.000000   0.250000
  0.145729   0.401208   0.339286   0.618843   0.281634   1.312178   5.620469   0.000000   0.250000
  0.150754   0.404317   0.340702   0.625437   0.309876   1.006183   5.335264   0.000000   0.250000
  0.155779   0.407460   0.342259   0.630493   0.336686   0.709106   5.047776   0.000000   0.250000
  0.160804   0.410628   0.343951   0.634056   0.362051   0.427657   4.760171   0.000000   0.250000
  0.165829   0.413815   0.345770   0.636205   0.385971   0.162163   4.474314   0.000000   0.250000
  0.170854   0.417012   0.347709   0.637020   0.408455  -0.087207   4.191802   0.000000   0.250000
  0.175879   0.420213   0.349762   0.636582   0.429518  -0.320424   3.913992   0.000000   0.250000
  0.180905   0.423412   0.351921   0.634972   0.449190  -0.537622   3.641968   0.000000   0.250000
  0.185930   0.426603   0.354178   0.632270   0.467491  -0.738902   3.376792   0.000000   0.250000
  0.190955   0.429780   0.356527   0.628557   0.484459  -0.924592   3.119185   0.000000   0.250000
  0.195980   0.432938   0.358961   0.623911   0.500133  -1.095045   2.869773   0.000000   0.250000
  0.201005   0.436074   0.361475   0.618408   0.514554  -1.250678   2.629050   0.000000   0.250000
  0.206030   0.439181   0.364060   0.612124   0.527765  -1.391955   2.397388   0.000000   0.250000
  0.211055   0.442257   0.366712   0.605129   0.539812  -1.519384   2.175058   0.000000   0.250000
  0.216080   0.445298   0.369425   0.597494   0.550741  -1.633504   1.962238   0.000000   0.250000
  0.221106   0.448301   0.372193   0.589284   0.560604  -1.734900   1.758984   0.000000   0.250000
  0.226131   0.451262   0.375010   0.580566   0.569442  -1.824110   1.565409   0.000000   0.250000
  0.231156   0.454179   0.377871   0.571400   0.577309  -1.901752   1.381438   0.000000   0.250000
  0.236181   0.457051   0.380772   0.561844   0.584250  -1.968427   1.206988   0.000000   0.250000
  0.241206   0.459874   0.383708   0.551953   0.590315  -2.024738   1.041930   0.000000   0.250000
  0.246231   0.462647   0.386674   0.541778   0.595551  -2.071286   0.886099   0.000000   0.250000
  0.251256   0.465370   0.389667   0.531370   0.600004  -2.108666   0.739297   0.000000   0.250000
  0.256281   0.468040   0.392682   0.520774   0.603719  -2.137467   0.601301   0.000000   0.250000
  0.261307   0.470657   0.395716   0.510031   0.606741  -2.158268   0.471841   0.000000   0.250000
  0.266332   0.473220   0.398765   0.499186   0.609112  -2.171624   0.350706   0.000000   0.250000
  0.271357   0.475729   0.401826   0.488273   0.610874  -2.178088   0.237596   0.000000   0.250000
  0.276382   0.478182   0.404896   0.477329   0.612068  -2.178191   0.132223   0.000000   0.250000
  0.281407   0.480581   0.407971   0.466383   0.612733  -2.172447   0.034295   0.000000   0.250000
  0.286432   0.482924   0.411050   0.455467   0.612905  -2.161351  -0.056486   0.000000   0.250000
  0.291457   0.485213   0.414130   0.444606   0.612621  -2.145377  -0.140418   0.000000   0.250000
  0.296482   0.487447   0.417209   0.433825   0.611915  -2.124978  -0.217802   0.000000   0.250000
  0.301508   0.489628   0.420284   0.423145   0.610821  -2.100584  -0.288952   0.000000   0.250000
  0.306533   0.491754   0.423353   0.412590   0.609369  -2.072616  -0.354132   0.000000   0.250000
  0.311558   0.493827   0.426416   0.402175   0.607589  -1.975017  -0.413651   0.000000   0.250000
  0.316583   0.495848   0.429469   0.392250   0.605511  -1.943339  -0.467795   0.000000   0.250000
  0.321608   0.497819   0.432511   0.382485   0.603160  -1.908887  -0.516846   0.000000   0.250000
  0.326633   0.499741   0.435542   0.372893   0.600563  -1.872004  -0.561077   0.000000   0.250000
  0.331658   0.501615   0.438560   0.363486   0.597743  -1.833011  -0.600755   0.000000   0.250000
  0.336683   0.503442   0.441564   0.354275   0.594725  -1.792207  -0.636138   0.000000   0.250000
  0.341709   0.505222   0.444553   0.345268   0.591527  -1.749861  -0.667485   0.000000   0.250000
  0.346734   0.506957   0.447525   0.336475   0.588173  -1.706248  -0.695023   0.000000   0.250000
  0.351759   0.508648   0.450481   0.327901   0.584681  -1.661598  -0.718994   0.000000   0.250000
  0.356784   0.510296   0.453419   0.319551   0.581068  -1.616131  -0.739621   0.000000   0.250000
  0.361809   0.511901   0.456339   0.311430   0.577351  -1.570048  -0.757121   0.000000   0.250000
  0.366834   0.513466   0.459240   0.303541   0.573547  -1.523532  -0.771701   0.000000   0.250000
  0.371859   0.514992   0.462122   0.295885   0.569669  -1.476749  -0.783558   0.000000   0.250000
  0.376884   0.516478   0.464985   0.288464   0.565732  -1.429850  -0.792882   0.000000   0.250000
  0.381910   0.517928   0.467828   0.281278   0.561747  -1.382961  -0.799854   0.000000   0.250000
  0.386935   0.519342   0.470651   0.274328   0.557727  -1.336221  -0.804644   0.000000   0.250000
  0.391960   0.520720   0.473453   0.267614   0.553684  -1.289727  -0.807416   0.000000   0.250000
  0.396985   0.522065   0.476236   0.261133   0.549627  -1.243572  -0.808327   0.000000   0.250000
  0.402010   0.523377   0.478997   0.254884   0.545565  -1.197840  -0.807523   0.000000   0.250000
  0.407035   0.524658   0.481739   0.248865   0.541507  -1.152599  -0.805144   0.000000   0.250000
  0.412060   0.525908   0.484460   0.243073   0.537461  -1.107909  -0.801323   0.000000   0.250000
  0.417085   0.527130   0.487161   0.237506   0.533435  -1.063821  -0.796185   0.000000   0.250000
  0.422111   0.528324   0.489842   0.232159   0.529433  -1.020367  -0.789845   0.000000   0.250000
  0.427136   0.529490   0.492502   0.227032   0.525464  -0.977598  -0.782418   0.000000   0.250000
  0.432161   0.530631   0.495143   0.222119   0.521532  -0.935530  -0.774007   0.000000   0.250000
  0.437186   0.531747   0.497763   0.217418   0.517643  -0.894182  -0.764711   0.000000   0.250000
  0.442211   0.532840   0.500364   0.212925   0.513800  -0.853567  -0.754622   0.000000   0.250000
  0.447236   0.533910   0.502946   0.208636   0.510008  -0.813693  -0.743827   0.000000   0.250000
  0.452261   0.534958   0.505509   0.204547   0.506271  -0.774563  -0.732407   0.000000   0.250000
  0.457286   0.535986   0.508053   0.200655   0.502590  -0.736177  -0.720437   0.000000   0.250000
  0.462312   0.536994   0.510579   0.196955   0.498969  -0.698522  -0.707988   0.000000   0.250000
  0.467337   0.537984   0.513086   0.193445   0.495412  -0.661608  -0.695129   0.000000   0.250000
  0.472362   0.538956   0.515576   0.190120   0.491919  -0.625418  -0.681920   0.000000   0.250000
  0.477387   0.539911   0.518048   0.186977   0.488492  -0.589942  -0.668418   0.000000   0.250000
  0.482412   0.540851   0.520502   0.184013   0.485133  -0.555168  -0.654678   0.000000   0.250000
  0.487437   0.541776   0.522940   0.181223   0.481843  -0.521085  -0.640748   0.000000   0.250000
  0.492462   0.542686   0.525361   0.178605   0.478624  -0.487681  -0.626676   0.000000   0.250000
  0.497487   0.543584   0.527767   0.176154   0.475475  -0.454943  -0.612502   0.000000   0.250000
  0.502513   0.544469   0.530156   0.173868   0.472396  -0.422855  -0.598264   0.000000   0.250000
  0.507538   0.545343   0.532530   0.171743   0.469390  -0.391419  -0.584005   0.000000   0.250000
  0.512563   0.546206   0.534889   0.169776   0.466455  -0.360619  -0.569754   0.000000   0.250000
  0.517588   0.547059   0.537233   0.167964   0.463592  -0.330449  -0.555542   0.000000   0.250000
  0.522613   0.547903   0.539562   0.166303   0.460801  -0.300903  -0.541399   0.000000   0.250000
  0.527638   0.548739   0.541878   0.164791   0.458080  -0.271976  -0.527349   0.000000   0.250000
  0.532663   0.549567   0.544180   0.163425   0.455430  -0.243669  -0.513418   0.000000   0.250000
  0.537688   0.550388   0.546468   0.162200   0.452850  -0.215980  -0.499627   0.000000   0.250000
  0.542714   0.551203   0.548744   0.161115   0.450339  -0.188907  -0.485995   0.000000   0.250000
  0.547739   0.552013   0.551007   0.160165   0.447897  -0.162467  -0.472544   0.000000   0.250000
  0.552764   0.552818   0.553258   0.159349   0.445522  -0.136661  -0.459290   0.000000   0.250000
  0.557789   0.553618   0.555497   0.158662   0.443215  -0.111499  -0.446249   0.000000   0.250000
  0.562814   0.554416   0.557724   0.158102   0.440972  -0.086992  -0.433434   0.000000   0.250000
  0.567839   0.555210   0.559940   0.157665   0.438794  -0.063155  -0.420861   0.000000   0.250000
  0.572864   0.556002   0.562145   0.157348   0.436679  -0.040003  -0.408542   0.000000   0.250000
  0.577889   0.556793   0.564339   0.157147   0.434626  -0.017554  -0.396489   0.000000   0.250000
  0.582915   0.557583   0.566523   0.157058   0.432634   0.004177  -0.384711   0.000000   0.250000
  0.587940   0.558372   0.568697   0.157079   0.430700   0.025160  -0.373225   0.000000   0.250000
  0.592965   0.559161   0.570862   0.157206   0.428825   0.045379  -0.362038   0.000000   0.250000
  0.597990   0.559951   0.573016   0.157434   0.427006   0.064809  -0.351163   0.000000   0.250000
  0.603015   0.560742   0.575162   0.157759   0.425241   0.083428  -0.340611   0.000000   0.250000
  0.608040   0.561535   0.577299   0.158179   0.423530   0.101211  -0.330392   0.000000   0.250000
  0.613065   0.562330   0.579427   0.158687   0.421869   0.118133  -0.320519   0.000000   0.250000
  0.618090   0.563127   0.581547   0.159281   0.420259   0.134171  -0.311005   0.000000   0.250000
  0.623116   0.563928   0.583659   0.159955   0.418696   0.149303  -0.301862   0.000000   0.250000
  0.628141   0.564732   0.585763   0.160705   0.417179   0.163499  -0.293108   0.000000   0.250000
  0.633166   0.565539   0.587860   0.161527   0.415706   0.176739  -0.284758   0.000000   0.250000
  0.638191   0.566351   0.589949   0.162415   0.414275   0.189003  -0.276830   0.000000   0.250000
  0.643216   0.567167   0.592030   0.163365   0.412884   0.200268  -0.269344   0.000000   0.250000
  0.648241   0.567988   0.594105   0.164371   0.411531   0.210516  -0.262324   0.000000   0.250000
  0.653266   0.568814   0.596173   0.165429   0.410212   0.219731  -0.255793   0.000000   0.250000
  0.658291   0.569645   0.598234   0.166533   0.408927   0.227895  -0.249781   0.000000   0.250000
  0.663317   0.570482   0.600290   0.167679   0.407672   0.234997  -0.244317   0.000000   0.250000
  0.668342   0.571325   0.602338   0.168859   0.406444   0.241022  -0.239441   0.000000   0.250000
  0.673367   0.572173   0.604380   0.170071   0.405241   0.245963  -0.235191   0.000000   0.250000
  0.678392   0.573028   0.606417   0.171307   0.404059   0.249813  -0.231612   0.000000   0.250000
  0.683417   0.573889   0.608447   0.172562   0.402895   0.252566  -0.228755   0.000000   0.250000
  0.688442   0.574756   0.610472   0.173831   0.401746   0.254220  -0.226675   0.000000   0.250000
  0.693467   0.575629   0.612490   0.175108   0.400606   0.254775  -0.225437   0.000000   0.250000
  0.698492   0.576509   0.614504   0.176389   0.399474   0.254233  -0.225110   0.000000   0.250000
  0.703518   0.577396   0.616511   0.177666   0.398342   0.252597  -0.225773   0.000000   0.250000
  0.708543   0.578289   0.618513   0.178936   0.397208   0.249873  -0.227513   0.000000   0.250000
  0.713568   0.579188   0.620509   0.180191   0.396064   0.246070  -0.230426   0.000000   0.250000
  0.718593   0.580093   0.622499   0.181428   0.394907   0.241195  -0.234620   0.000000   0.250000
  0.723618   0.581005   0.624484   0.182640   0.393728   0.235259  -0.240211   0.000000   0.250000
  0.728643   0.581923   0.626462   0.183822   0.392521   0.228274  -0.247328   0.000000   0.250000
  0.733668   0.582846   0.628434   0.184969   0.391278   0.220253  -0.256114   0.000000   0.250000
  0.738693   0.583776   0.630401   0.186076   0.389991   0.211208  -0.266723   0.000000   0.250000
  0.743719   0.584711   0.632361   0.187137   0.388650   0.201150  -0.279324   0.000000   0.250000
  0.748744   0.585651   0.634314   0.188148   0.387247   0.190096  -0.294094   0.000000   0.250000
  0.753769   0.586597   0.636260   0.189103   0.385769   0.203203  -0.311231   0.000000   0.250000
  0.758794   0.587547   0.638198   0.190125   0.384205   0.185528  -0.330942   0.000000   0.250000
  0.763819   0.588502   0.640129   0.191057   0.382542   0.167456  -0.353449   0.000000   0.250000
  0.768844   0.589463   0.642051   0.191898   0.380766   0.148942  -0.378986   0.000000   0.250000
  0.773869   0.590427   0.643964   0.192647   0.378861   0.129947  -0.407797   0.000000   0.250000
  0.778894   0.591395   0.645868   0.193300   0.376812   0.110431  -0.440136   0.000000   0.250000
  0.783920   0.592366   0.647762   0.193855   0.374600   0.090357  -0.476268   0.000000   0.250000
  0.788945   0.593341   0.649644   0.194309   0.372207   0.069701  -0.516439   0.000000   0.250000
  0.793970   0.594317   0.651515   0.194659   0.369612   0.048430  -0.560914   0.000000   0.250000
  0.798995   0.595295   0.653372   0.194902   0.366793   0.026516  -0.609944   0.000000   0.250000
  0.804020   0.596274   0.655215   0.195036   0.363728   0.003939  -0.663765   0.000000   0.250000
  0.809045   0.597255   0.657043   0.195055   0.360393  -0.019322  -0.722589   0.000000   0.250000
  0.814070   0.598235   0.658854   0.194958   0.356762  -0.043281  -0.786597   0.000000   0.250000
  0.819095   0.599214   0.660647   0.194741   0.352809  -0.067946  -0.855929   0.000000   0.250000
  0.824121   0.600193   0.662420   0.194399   0.348507  -0.093325  -0.930688   0.000000   0.250000
  0.829146   0.601170   0.664171   0.193930   0.343830  -0.119402  -1.010866   0.000000   0.250000
  0.834171   0.602144   0.665899   0.193330   0.338751  -0.146167  -1.096423   0.000000   0.250000
  0.839196   0.603116   0.667601   0.192596   0.333241  -0.173592  -1.187217   0.000000   0.250000
  0.844221   0.604084   0.669276   0.191724   0.327276  -0.201641  -1.283003   0.000000   0.250000
  0.849246   0.605047   0.670920   0.190710   0.320829  -0.230258  -1.383428   0.000000   0.250000
  0.854271   0.606005   0.672532   0.189553   0.313877  -0.259377  -1.488018   0.000000   0.250000
  0.859296   0.606958   0.674109   0.188250   0.306399  -0.288912  -1.596172   0.000000   0.250000
  0.864322   0.607904   0.675649   0.186798   0.298377  -0.318768  -1.707187   0.000000   0.250000
  0.869347   0.608843   0.677149   0.185196   0.289799  -0.348811  -1.820160   0.000000   0.250000
  0.874372   0.609773   0.678605   0.183443   0.280652  -0.378911  -1.934138   0.000000   0.250000
  0.879397   0.610695   0.680015   0.181539   0.270933  -0.408914  -2.048035   0.000000   0.250000
  0.884422   0.611607   0.681377   0.179484   0.260642  -0.438653  -2.160669   0.000000   0.250000
  0.889447   0.612509   0.682686   0.177280   0.249784  -0.467945  -2.270787   0.000000   0.250000
  0.894472   0.613400   0.683942   0.174929   0.238374  -0.496601  -2.377088   0.000000   0.250000
  0.899497   0.614279   0.685139   0.172433   0.226429  -0.524425  -2.478250   0.000000   0.250000
  0.904523   0.615146   0.686277   0.169798   0.213973  -0.551224  -2.572985   0.000000   0.250000
  0.909548   0.615999   0.687353   0.167028   0.201044  -0.576792  -2.659988   0.000000   0.250000
  0.914573   0.616838   0.688363   0.164129   0.187677  -0.600944  -2.738094   0.000000   0.250000
  0.919598   0.617663   0.689306   0.161110   0.173919  -0.623506  -2.806226   0.000000   0.250000
  0.924623   0.618473   0.690180   0.157977   0.159817  -0.644314  -2.863441   0.000000   0.250000
  0.929648   0.619267   0.690983   0.154739   0.145428  -0.663227  -2.908955   0.000000   0.250000
  0.934673   0.620044   0.691714   0.151406   0.130811  -0.680124  -2.942159   0.000000   0.250000
  0.939698   0.620805   0.692371   0.147988   0.116027  -0.694911  -2.962633   0.000000   0.250000
  0.944724   0.621549   0.692954   0.144496   0.101136  -0.707519  -2.970150   0.000000   0.250000
  0.949749   0.622275   0.693463   0.140941   0.086211  -0.717901  -2.964670   0.000000   0.250000
  0.954774   0.622983   0.693896   0.137333   0.071314  -0.726043  -2.946347   0.000000   0.250000
  0.959799   0.623673   0.694254   0.133685   0.056509  -0.731957  -2.915507   0.000000   0.250000
  0.964824   0.624345   0.694538   0.130007   0.041858  -0.735675  -2.872633   0.000000   0.250000
  0.969849   0.624998   0.694748   0.126310   0.027423  -0.737254  -2.818349   0.000000   0.250000
  0.974874   0.625633   0.694886   0.122605   0.013261  -0.736772  -2.753398   0.000000   0.250000
  0.979899   0.626249   0.694953   0.118903  -0.000575  -0.734321  -2.678619   0.000000   0.250000
  0.984925   0.626847   0.694950   0.115212  -0.014038  -0.730009  -2.594909   0.000000   0.250000
  0.989950   0.627426   0.694879   0.111544  -0.027077  -0.723956  -2.503267   0.000000   0.250000
  0.994975   0.627986   0.694743   0.107906  -0.039656  -0.716290  -2.404672   0.000000   0.250000
  1.000000   0.628528   0.694544   0.104307  -0.051739  -0.707145  -2.300135   0.000000   0.250000