  0.000000   0.423463   0.315224   0.000000   0.000000  -2.432802 -20.062142   0.250000   0.250000
  0.005025   0.423463   0.315224  -0.012225  -0.100812  -0.829165 -15.476398   0.250000   0.250000
  0.010050   0.423402   0.314717  -0.016391  -0.178581   0.505693 -11.472814   0.250000   0.250000
  0.015075   0.423319   0.313820  -0.013850  -0.236232   1.603164  -7.991978   0.250000   0.250000
  0.020101   0.423250   0.312633  -0.005793  -0.276400   2.491725  -4.979300   0.250000   0.250000
  0.025126   0.423220   0.311244   0.006728  -0.301421   3.196508  -2.386975   0.250000   0.250000
  0.030151   0.423254   0.309729   0.022791  -0.313415   3.740667  -0.169798   0.250000   0.250000
  0.035176   0.423369   0.308154   0.041587  -0.314268   4.144823   1.712623   0.250000   0.250000
  0.040201   0.423578   0.306575   0.062415  -0.305663   4.427481   3.296897   0.250000   0.250000
  0.045226   0.423891   0.305039   0.084663  -0.289096   4.605226   4.616177   0.250000   0.250000
  0.050251   0.424317   0.303586   0.107805  -0.265899   4.692896   5.700459   0.250000   0.250000
  0.055276   0.424859   0.302250   0.131386  -0.237255   4.703747   6.576861   0.250000   0.250000
  0.060302   0.425519   0.301058   0.155027  -0.204199   4.649581   7.270002   0.250000   0.250000
  0.065327   0.426298   0.300032   0.178392  -0.167668   4.540937   7.801683   0.250000   0.250000
  0.070352   0.427194   0.299189   0.201210  -0.128464   4.387148   8.191980   0.250000   0.250000
  0.075377   0.428205   0.298544   0.223255  -0.087299   4.196489   8.458810   0.250000   0.250000
  0.080402   0.429327   0.298105   0.244343  -0.044794   3.976266   8.618284   0.250000   0.250000
  0.085427   0.430555   0.297880   0.264323  -0.001487   3.732921   8.684861   0.250000   0.250000
  0.090452   0.431883   0.297872   0.283081   0.042154   3.472107   8.671507   0.250000   0.250000
  0.095477   0.433306   0.298084   0.300529   0.085729   3.198772   8.589823   0.250000   0.250000
  0.100503   0.434816   0.298515   0.316606   0.128901   2.917170   8.450145   0.250000   0.250000
  0.105528   0.436407   0.299163   0.331264   0.171363   2.631157   8.261774   0.250000   0.250000
  0.110553   0.438072   0.300024   0.344486   0.212879   2.343903   8.032917   0.250000   0.250000
  0.115578   0.439803   0.301094   0.356264   0.253244   2.058174   7.770885   0.250000   0.250000
  0.120603   0.441593   0.302366   0.366606   0.292293   1.776328   7.482153   0.250000   0.250000
  0.125628   0.443435   0.303835   0.375532   0.329891   1.500351   7.172444   0.250000   0.250000
  0.130653   0.445322   0.305493   0.383072   0.365932   1.231904   6.846801   0.250000   0.250000
  0.135678   0.447247   0.307332   0.389262   0.400337   0.972355   6.509651   0.250000   0.250000
  0.140704   0.449204   0.309344   0.394149   0.433055   0.722763   6.164800   0.250000   0.250000
  0.145729   0.451184   0.311520   0.397781   0.464033   0.484111   5.815766   0.250000   0.250000
  0.150754   0.453183   0.313851   0.400214   0.493257   0.257024   5.465408   0.250000   0.250000
  0.155779   0.455194   0.316330   0.401505   0.520721   0.042000   5.116253   0.250000   0.250000
  0.160804   0.457212   0.318947   0.401716   0.546430  -0.160620   4.770467   0.250000   0.250000
  0.165829   0.459230   0.321693   0.400909   0.570402  -0.350632   4.429896   0.250000   0.250000
  0.170854   0.461245   0.324559   0.399147   0.592662  -0.527951   4.096095   0.250000   0.250000
  0.175879   0.463251   0.327537   0.396494   0.613245  -0.692597   3.770361   0.250000   0.250000
  0.180905   0.465243   0.330619   0.393013   0.632195  -0.849470   3.453702   0.250000   0.250000
  0.185930   0.467218   0.333796   0.388745   0.649549  -0.988997   3.147113   0.250000   0.250000
  0.190955   0.469172   0.337060   0.383775   0.665364  -1.116417   2.851216   0.250000   0.250000
  0.195980   0.471100   0.340403   0.378165   0.679691  -1.232036   2.566537   0.250000   0.250000
  0.201005   0.473001   0.343819   0.371974   0.692588  -1.282041   2.293464   0.250000   0.250000
  0.206030   0.474870   0.347299   0.365532   0.704112  -1.376212   2.032261   0.250000   0.250000
  0.211055   0.476707   0.350837   0.358616   0.714325  -1.459449   1.783085   0.250000   0.250000
  0.216080   0.478509   0.354427   0.351282   0.723285  -1.532203   1.546000   0.250000   0.250000
  0.221106   0.480274   0.358062   0.343582   0.731055  -1.594953   1.320940   0.250000   0.250000
  0.226131   0.482001   0.361735   0.335567   0.737693  -1.648151   1.107913   0.250000   0.250000
  0.231156   0.483687   0.365442   0.327285   0.743260  -1.692299   0.906722   0.250000   0.250000
  0.236181   0.485331   0.369177   0.318781   0.747816  -1.727887   0.717168   0.250000   0.250000
  0.241206   0.486933   0.372935   0.310099   0.751420  -1.755408   0.539010   0.250000   0.250000
  0.246231   0.488492   0.376711   0.301278   0.754128  -1.775350   0.371971   0.250000   0.250000
  0.251256   0.490005   0.380500   0.292356   0.755998  -1.788198   0.215745   0.250000   0.250000
  0.256281   0.491475   0.384299   0.283371   0.757082  -1.794429   0.070000   0.250000   0.250000
  0.261307   0.492899   0.388104   0.274352   0.757433  -1.794512  -0.065637   0.250000   0.250000
  0.266332   0.494277   0.391910   0.265335   0.757104  -1.788903  -0.191473   0.250000   0.250000
  0.271357   0.495611   0.395715   0.256345   0.756141  -1.778047  -0.307909   0.250000   0.250000
  0.276382   0.496899   0.399515   0.247411   0.754594  -1.762377  -0.415326   0.250000   0.250000
  0.281407   0.498142   0.403306   0.238555   0.752507  -1.742311  -0.514105   0.250000   0.250000
  0.286432   0.499341   0.407088   0.229800   0.749924  -1.718250  -0.604629   0.250000   0.250000
  0.291457   0.500496   0.410856   0.221165   0.746886  -1.690581  -0.687283   0.250000   0.250000
  0.296482   0.501607   0.414609   0.212670   0.743432  -1.659676  -0.762444   0.250000   0.250000
  0.301508   0.502676   0.418346   0.204329   0.739600  -1.625881  -0.830501   0.250000   0.250000
  0.306533   0.503703   0.422062   0.196159   0.735427  -1.589546  -0.891792   0.250000   0.250000
  0.311558   0.504688   0.425758   0.188171   0.730945  -1.550987  -0.946694   0.250000   0.250000
  0.316583   0.505634   0.429431   0.180377   0.726188  -1.510505  -0.995559   0.250000   0.250000
  0.321608   0.506540   0.433080   0.172787   0.721186  -1.468388  -1.038727   0.250000   0.250000
  0.326633   0.507408   0.436704   0.165408   0.715966  -1.424906  -1.076533   0.250000   0.250000
  0.331658   0.508240   0.440301   0.158248   0.710556  -1.380312  -1.109297   0.250000   0.250000
  0.336683   0.509035   0.443872   0.151312   0.704982  -1.334842  -1.137331   0.250000   0.250000
  0.341709   0.509795   0.447415   0.144603   0.699266  -1.288710  -1.160939   0.250000   0.250000
  0.346734   0.510522   0.450929   0.138128   0.693432  -1.242138  -1.180399   0.250000   0.250000
  0.351759   0.511216   0.454414   0.131886   0.687501  -1.195309  -1.195994   0.250000   0.250000
  0.356784   0.511879   0.457868   0.125879   0.681491  -1.148397  -1.207987   0.250000   0.250000
  0.361809   0.512511   0.461293   0.120109   0.675421  -1.101565  -1.216634   0.250000   0.250000
  0.366834   0.513115   0.464687   0.114573   0.669307  -1.054960  -1.222177   0.250000   0.250000
  0.371859   0.513691   0.468050   0.109272   0.663166  -1.008715  -1.224845   0.250000   0.250000
  0.376884   0.514240   0.471382   0.104203   0.657011  -0.962955  -1.224860   0.250000   0.250000
  0.381910   0.514763   0.474685   0.099364   0.650855  -0.917778  -1.222431   0.250000   0.250000
  0.386935   0.515263   0.477955   0.094752   0.644712  -0.873303  -1.217755   0.250000   0.250000
  0.391960   0.515739   0.481195   0.090363   0.638593  -0.829607  -1.211021   0.250000   0.250000
  0.396985   0.516193   0.484404   0.086195   0.632507  -0.786768  -1.202407   0.250000   0.250000
  0.402010   0.516626   0.487582   0.082241   0.626465  -0.744855  -1.192082   0.250000   0.250000
  0.407035   0.517039   0.490730   0.078498   0.620475  -0.703925  -1.180205   0.250000   0.250000
  0.412060   0.517434   0.493848   0.074961   0.614545  -0.664030  -1.166924   0.250000   0.250000
  0.417085   0.517810   0.496936   0.071624   0.608681  -0.625214  -1.152382   0.250000   0.250000
  0.422111   0.518170   0.499995   0.068482   0.602889  -0.587503  -1.136708   0.250000   0.250000
  0.427136   0.518515   0.503025   0.065530   0.597177  -0.550944  -1.120033   0.250000   0.250000
  0.432161   0.518844   0.506026   0.062761   0.591549  -0.515553  -1.102470   0.250000   0.250000
  0.437186   0.519159   0.508998   0.060171   0.586009  -0.481348  -1.084128   0.250000   0.250000
  0.442211   0.519462   0.511943   0.057752   0.580561  -0.448343  -1.065111   0.250000   0.250000
  0.447236   0.519752   0.514860   0.055499   0.575209  -0.416548  -1.045513   0.250000   0.250000
  0.452261   0.520031   0.517751   0.053406   0.569955  -0.385969  -1.025424   0.250000   0.250000
  0.457286   0.520299   0.520615   0.051466   0.564802  -0.356610  -1.004926   0.250000   0.250000
  0.462312   0.520558   0.523453   0.049674   0.559752  -0.328465  -0.984092   0.250000   0.250000
  0.467337   0.520807   0.526266   0.048023   0.554807  -0.301545  -0.963003   0.250000   0.250000
  0.472362   0.521049   0.529054   0.046508   0.549968  -0.275839  -0.941721   0.250000   0.250000
  0.477387   0.521282   0.531817   0.045122   0.545235  -0.251345  -0.920307   0.250000   0.250000
  0.482412   0.521509   0.534557   0.043859   0.540611  -0.228056  -0.898817   0.250000   0.250000
  0.487437   0.521729   0.537274   0.042713   0.536094  -0.205966  -0.877305   0.250000   0.250000
  0.492462   0.521944   0.539968   0.041678   0.531686  -0.185068  -0.855818   0.250000   0.250000
  0.497487   0.522154   0.542639   0.040748   0.527385  -0.165357  -0.834400   0.250000   0.250000
  0.502513   0.522358   0.545290   0.039917   0.523192  -0.146822  -0.813089   0.250000   0.250000
  0.507538   0.522559   0.547919   0.039179   0.519106  -0.129464  -0.791930   0.250000   0.250000
  0.512563   0.522756   0.550528   0.038529   0.515126  -0.113274  -0.770952   0.250000   0.250000
  0.517588   0.522949   0.553116   0.037959   0.511252  -0.098248  -0.750188   0.250000   0.250000
  0.522613   0.523140   0.555685   0.037466   0.507483  -0.084380  -0.729665   0.250000   0.250000
  0.527638   0.523328   0.558235   0.037042   0.503816  -0.071667  -0.709409   0.250000   0.250000
  0.532663   0.523515   0.560767   0.036682   0.500251  -0.060105  -0.689444   0.250000   0.250000
  0.537688   0.523699   0.563281   0.036380   0.496787  -0.049693  -0.669791   0.250000   0.250000
  0.542714   0.523882   0.565778   0.036130   0.493421  -0.040426  -0.650466   0.250000   0.250000
  0.547739   0.524063   0.568257   0.035927   0.490152  -0.032307  -0.631495   0.250000   0.250000
  0.552764   0.524244   0.570720   0.035764   0.486979  -0.025333  -0.612890   0.250000   0.250000
  0.557789   0.524423   0.573167   0.035637   0.483899  -0.019502  -0.594665   0.250000   0.250000
  0.562814   0.524603   0.575599   0.035539   0.480911  -0.014814  -0.576835   0.250000   0.250000
  0.567839   0.524781   0.578015   0.035465   0.478012  -0.011265  -0.559412   0.250000   0.250000
  0.572864   0.524959   0.580417   0.035408   0.475201  -0.008856  -0.542408   0.250000   0.250000
  0.577889   0.525137   0.582805   0.035363   0.472476  -0.007581  -0.525835   0.250000   0.250000
  0.582915   0.525315   0.585180   0.035325   0.469833  -0.007438  -0.509700   0.250000   0.250000
  0.587940   0.525493   0.587541   0.035288   0.467271  -0.008420  -0.494020   0.250000   0.250000
  0.592965   0.525670   0.589889   0.035246   0.464789  -0.010520  -0.478803   0.250000   0.250000
  0.597990   0.525847   0.592224   0.035193   0.462383  -0.013727  -0.464059   0.250000   0.250000
  0.603015   0.526024   0.594548   0.035124   0.460051  -0.018030  -0.449800   0.250000   0.250000
  0.608040   0.526200   0.596860   0.035033   0.457791  -0.023413  -0.436038   0.250000   0.250000
  0.613065   0.526376   0.599160   0.034916   0.455600  -0.029858  -0.422785   0.250000   0.250000
  0.618090   0.526552   0.601449   0.034766   0.453475  -0.037341  -0.410055   0.250000   0.250000
  0.623116   0.526727   0.603729   0.034578   0.451414  -0.045838  -0.397861   0.250000   0.250000
  0.628141   0.526900   0.605997   0.034348   0.449415  -0.055314  -0.386225   0.250000   0.250000
  0.633166   0.527073   0.608255   0.034070   0.447474  -0.065735  -0.375163   0.250000   0.250000
  0.638191   0.527244   0.610504   0.033739   0.445589  -0.077060  -0.364697   0.250000   0.250000
  0.643216   0.527414   0.612743   0.033352   0.443756  -0.089240  -0.354851   0.250000   0.250000
  0.648241   0.527581   0.614973   0.032904   0.441973  -0.102223  -0.345651   0.250000   0.250000
  0.653266   0.527747   0.617194   0.032390   0.440236  -0.115947  -0.337128   0.250000   0.250000
  0.658291   0.527909   0.619406   0.031807   0.438542  -0.130346  -0.329316   0.250000   0.250000
  0.663317   0.528069   0.621610   0.031152   0.436887  -0.145348  -0.322254   0.250000   0.250000
  0.668342   0.528226   0.623805   0.030422   0.435268  -0.160862  -0.315987   0.250000   0.250000
  0.673367   0.528379   0.625993   0.029614   0.433680  -0.176802  -0.310564   0.250000   0.250000
  0.678392   0.528527   0.628172   0.028725   0.432120  -0.193065  -0.306039   0.250000   0.250000
  0.683417   0.528672   0.630343   0.027755   0.430582  -0.209542  -0.302476   0.250000   0.250000
  0.688442   0.528811   0.632507   0.026702   0.429062  -0.226112  -0.299943   0.250000   0.250000
  0.693467   0.528945   0.634663   0.025566   0.427555  -0.242644  -0.298518   0.250000   0.250000
  0.698492   0.529074   0.636811   0.024346   0.426054  -0.258997  -0.298289   0.250000   0.250000
  0.703518   0.529196   0.638953   0.023045   0.424555  -0.275019  -0.299351   0.250000   0.250000
  0.708543   0.529312   0.641086   0.021663   0.423051  -0.290537  -0.301811   0.250000   0.250000
  0.713568   0.529421   0.643212   0.020203   0.421534  -0.305376  -0.305788   0.250000   0.250000
  0.718593   0.529522   0.645330   0.018668   0.419998  -0.319341  -0.311412   0.250000   0.250000
  0.723618   0.529616   0.647441   0.017064   0.418433  -0.332226  -0.318826   0.250000   0.250000
  0.728643   0.529702   0.649543   0.015394   0.416831  -0.343809  -0.328188   0.250000   0.250000
  0.733668   0.529779   0.651638   0.013667   0.415182  -0.353852  -0.339668   0.250000   0.250000
  0.738693   0.529848   0.653724   0.011888   0.413475  -0.362101  -0.353454   0.250000   0.250000
  0.743719   0.529908   0.655802   0.010069   0.411698  -0.368290  -0.369752   0.250000   0.250000
  0.748744   0.529958   0.657871   0.008218   0.409840  -0.372130  -0.388771   0.250000   0.250000
  0.753769   0.530000   0.659930   0.006348   0.407887  -0.373322  -0.410749   0.250000   0.250000
  0.758794   0.530032   0.661980   0.004472   0.405823  -0.371549  -0.435934   0.250000   0.250000
  0.763819   0.530054   0.664019   0.002605   0.403632  -0.347249  -0.464588   0.250000   0.250000
  0.768844   0.530067   0.666048   0.000860   0.401298  -0.342201  -0.496988   0.250000   0.250000
  0.773869   0.530071   0.668064  -0.000860   0.398800  -0.332703  -0.533420   0.250000   0.250000
  0.778894   0.530067   0.670068  -0.002531   0.396120  -0.318436  -0.574178   0.250000   0.250000
  0.783920   0.530054   0.672059  -0.004132   0.393234  -0.299067  -0.619573   0.250000   0.250000
  0.788945   0.530034   0.674035  -0.005635   0.390121  -0.274273  -0.669882   0.250000   0.250000
  0.793970   0.530005   0.675995  -0.007013   0.386755  -0.243718  -0.725408   0.250000   0.250000
  0.798995   0.529970   0.677939  -0.008238   0.383109  -0.207082  -0.786431   0.250000   0.250000
  0.804020   0.529929   0.679864  -0.009278   0.379158  -0.164057  -0.853208   0.250000   0.250000
  0.809045   0.529882   0.681769  -0.010103   0.374870  -0.114364  -0.925965   0.250000   0.250000
  0.814070   0.529831   0.683653  -0.010677   0.370217  -0.057761  -1.004886   0.250000   0.250000
  0.819095   0.529778   0.685513  -0.010967   0.365168   0.005945  -1.090102   0.250000   0.250000
  0.824121   0.529722   0.687349  -0.010938   0.359689   0.076901  -1.181694   0.250000   0.250000
  0.829146   0.529668   0.689156  -0.010551   0.353751   0.155131  -1.279602   0.250000   0.250000
  0.834171   0.529615   0.690934  -0.009772   0.347321   0.240613  -1.383730   0.250000   0.250000
  0.839196   0.529565   0.692679  -0.008563   0.340368   0.333204  -1.493850   0.250000   0.250000
  0.844221   0.529522   0.694389  -0.006888   0.332861   0.432642  -1.609611   0.250000   0.250000
  0.849246   0.529488   0.696062  -0.004714   0.324773   0.538531  -1.730526   0.250000   0.250000
  0.854271   0.529464   0.697694  -0.002008   0.316077   0.650335  -1.855965   0.250000   0.250000
  0.859296   0.529454   0.699282   0.001260   0.306751   0.767366  -1.985146   0.250000   0.250000
  0.864322   0.529460   0.700824   0.005117   0.296773   0.888809  -2.117161   0.250000   0.250000
  0.869347   0.529486   0.702315   0.009583   0.286135   1.013620  -2.250871   0.250000   0.250000
  0.874372   0.529534   0.703753   0.014676   0.274824   1.140684  -2.385080   0.250000   0.250000
  0.879397   0.529608   0.705134   0.020408   0.262839   1.268730  -2.518438   0.250000   0.250000
  0.884422   0.529710   0.706455   0.026784   0.250184   1.396372  -2.649491   0.250000   0.250000
  0.889447   0.529845   0.707712   0.033800   0.236870   1.522133  -2.776709   0.250000   0.250000
  0.894472   0.530015   0.708902   0.041449   0.222917   1.644477  -2.898515   0.250000   0.250000
  0.899497   0.530223   0.710022   0.049713   0.208352   1.761841  -3.013323   0.250000   0.250000
  0.904523   0.530473   0.711070   0.058568   0.193207   1.872696  -3.119599   0.250000   0.250000
  0.909548   0.530767   0.712040   0.067978   0.177531   1.975490  -3.215807   0.250000   0.250000
  0.914573   0.531109   0.712932   0.077905   0.161372   2.068831  -3.300590   0.250000   0.250000
  0.919598   0.531500   0.713743   0.088301   0.144786   2.151428  -3.372710   0.250000   0.250000
  0.924623   0.531944   0.714471   0.099112   0.127838   2.222143  -3.431104   0.250000   0.250000
  0.929648   0.532442   0.715113   0.110278   0.110597   2.280022  -3.474911   0.250000   0.250000
  0.934673   0.532996   0.715669   0.121735   0.093136   2.324316  -3.503489   0.250000   0.250000
  0.939698   0.533608   0.716137   0.133415   0.075531   2.354493  -3.516430   0.250000   0.250000
  0.944724   0.534279   0.716517   0.145248   0.057857   2.370250  -3.513559   0.250000   0.250000
  0.949749   0.535008   0.716807   0.157159   0.040201   2.371498  -3.494937   0.250000   0.250000
  0.954774   0.535798   0.717009   0.169076   0.022639   2.358380  -3.460851   0.250000   0.250000
  0.959799   0.536648   0.717123   0.180927   0.005249   2.331236  -3.411793   0.250000   0.250000
  0.964824   0.537557   0.717150   0.192641  -0.011896   2.290595  -3.348442   0.250000   0.250000
  0.969849   0.538525   0.717090   0.204151  -0.028722   2.237150  -3.271640   0.250000   0.250000
  0.974874   0.539551   0.716945   0.215393  -0.045162   2.171734  -3.182364   0.250000   0.250000
  0.979899   0.540633   0.716719   0.226306  -0.061153   2.095296  -3.081700   0.250000   0.250000
  0.984925   0.541771   0.716411   0.236837  -0.076642   2.008852  -2.970788   0.250000   0.250000
  0.989950   0.542961   0.716026   0.246931  -0.091570   1.913537  -2.850894   0.250000   0.250000
  0.994975   0.544202   0.715566   0.256547  -0.105896   1.810470  -2.723242   0.250000   0.250000
  1.000000   0.545491   0.715034   0.265644  -0.119580   1.700803  -2.589084   0.250000   0.250000