  0.000000   0.423463   0.315224   0.000000   0.000000  -2.923643 -20.142048   0.250000   0.750000
  0.005025   0.423463   0.315224  -0.014691  -0.101214  -1.269333 -15.554110   0.250000   0.750000
  0.010050   0.423389   0.314715  -0.021070  -0.179373   0.112339 -11.548350   0.250000   0.750000
  0.015075   0.423283   0.313814  -0.020505  -0.237404   1.253024  -8.065362   0.250000   0.750000
  0.020101   0.423180   0.312621  -0.014207  -0.277940   2.181451  -5.050556   0.250000   0.750000
  0.025126   0.423109   0.311224  -0.003246  -0.303319   2.922963  -2.456132   0.250000   0.750000
  0.030151   0.423093   0.309700   0.011442  -0.315661   3.500937  -0.236887   0.250000   0.750000
  0.035176   0.423150   0.308114   0.029034  -0.316852   3.936194   1.647569   0.250000   0.750000
  0.040201   0.423296   0.306522   0.048814  -0.308573   4.247426   3.233843   0.250000   0.750000
  0.045226   0.423541   0.304971   0.070157  -0.292323   4.451392   4.555085   0.250000   0.750000
  0.050251   0.423894   0.303502   0.092525  -0.269433   4.563097   5.641292   0.250000   0.750000
  0.055276   0.424359   0.302148   0.115455  -0.241086   4.595947   6.519580   0.250000   0.750000
  0.060302   0.424939   0.300937   0.138554  -0.208318   4.561893   7.214567   0.250000   0.750000
  0.065327   0.425635   0.299890   0.161478  -0.172065   4.471600   7.748053   0.250000   0.750000
  0.070352   0.426447   0.299025   0.183947  -0.133131   4.334530   8.140113   0.250000   0.750000
  0.075377   0.427371   0.298356   0.205728  -0.092227   4.159075   8.408665   0.250000   0.750000
  0.080402   0.428405   0.297893   0.226628  -0.049974   3.952651   8.569818   0.250000   0.750000
  0.085427   0.429544   0.297642   0.246490  -0.006910   3.721800   8.638033   0.250000   0.750000
  0.090452   0.430782   0.297607   0.265192   0.036496   3.472273   8.626273   0.250000   0.750000
  0.095477   0.432115   0.297790   0.282640   0.079843   3.209105   8.546143   0.250000   0.750000
  0.100503   0.433535   0.298192   0.298769   0.122796   2.936635   8.407976   0.250000   0.750000
  0.105528   0.435037   0.298809   0.313526   0.165046   2.658793   8.221074   0.250000   0.750000
  0.110553   0.436612   0.299638   0.326886   0.206357   2.378823   7.993646   0.250000   0.750000
  0.115578   0.438255   0.300675   0.338840   0.246525   2.099559   7.733002   0.250000   0.750000
  0.120603   0.439957   0.301914   0.349390   0.285383   1.823420   7.445617   0.250000   0.750000
  0.125628   0.441713   0.303348   0.358553   0.322797   1.552451   7.137216   0.250000   0.750000
  0.130653   0.443515   0.304970   0.366354   0.358662   1.288367   6.812841   0.250000   0.750000
  0.135678   0.445356   0.306772   0.372828   0.392896   1.032588   6.476921   0.250000   0.750000
  0.140704   0.447230   0.308747   0.378018   0.425449   0.786219   6.133262   0.250000   0.750000
  0.145729   0.449129   0.310885   0.381968   0.456269   0.550286   5.785383   0.250000   0.750000
  0.150754   0.451048   0.313177   0.384733   0.485341   0.325456   5.436143   0.250000   0.750000
  0.155779   0.452982   0.315616   0.386369   0.512657   0.112264   5.088071   0.250000   0.750000
  0.160804   0.454923   0.318192   0.386933   0.538225  -0.088914   4.743334   0.250000   0.750000
  0.165829   0.456868   0.320897   0.386486   0.562060  -0.277840   4.403776   0.250000   0.750000
  0.170854   0.458810   0.323721   0.385090   0.584189  -0.454400   4.070955   0.250000   0.750000
  0.175879   0.460745   0.326657   0.382807   0.604646  -0.618584   3.746169   0.250000   0.750000
  0.180905   0.462669   0.329696   0.379698   0.623474  -0.775114   3.430426   0.250000   0.750000
  0.185930   0.464577   0.332829   0.375803   0.640712  -0.914699   3.124723   0.250000   0.750000
  0.190955   0.466465   0.336048   0.371206   0.656413  -1.042401   2.829680   0.250000   0.750000
  0.195980   0.468330   0.339347   0.365968   0.670633  -1.158505   2.545827   0.250000   0.750000
  0.201005   0.470169   0.342717   0.360147   0.683425  -1.208680   2.273551   0.250000   0.750000
  0.206030   0.471979   0.346151   0.354073   0.694850  -1.303702   2.013117   0.250000   0.750000
  0.211055   0.473758   0.349643   0.347522   0.704966  -1.387938   1.764683   0.250000   0.750000
  0.216080   0.475505   0.353185   0.340548   0.713833  -1.461821   1.528313   0.250000   0.750000
  0.221106   0.477216   0.356773   0.333201   0.721515  -1.525816   1.303944   0.250000   0.750000
  0.226131   0.478891   0.360398   0.325533   0.728067  -1.580361   1.091583   0.250000   0.750000
  0.231156   0.480526   0.364057   0.317592   0.733552  -1.625946   0.891033   0.250000   0.750000
  0.236181   0.482122   0.367743   0.309422   0.738030  -1.663050   0.702098   0.250000   0.750000
  0.241206   0.483677   0.371452   0.301065   0.741558  -1.692153   0.524536   0.250000   0.750000
  0.246231   0.485190   0.375178   0.292562   0.744194  -1.713735   0.358071   0.250000   0.750000
  0.251256   0.486660   0.378917   0.283950   0.745993  -1.728270   0.202397   0.250000   0.750000
  0.256281   0.488087   0.382666   0.275266   0.747010  -1.736228   0.057186   0.250000   0.750000
  0.261307   0.489470   0.386421   0.266539   0.747297  -1.738067  -0.077939   0.250000   0.750000
  0.266332   0.490810   0.390176   0.257806   0.746906  -1.734237  -0.203281   0.250000   0.750000
  0.271357   0.492105   0.393929   0.249091   0.745884  -1.725176  -0.319243   0.250000   0.750000
  0.276382   0.493357   0.397677   0.240422   0.744280  -1.711309  -0.426202   0.250000   0.750000
  0.281407   0.494565   0.401417   0.231823   0.742138  -1.693047  -0.524541   0.250000   0.750000
  0.286432   0.495730   0.405146   0.223315   0.739503  -1.670788  -0.614643   0.250000   0.750000
  0.291457   0.496852   0.408862   0.214920   0.736414  -1.644912  -0.696889   0.250000   0.750000
  0.296482   0.497932   0.412563   0.206654   0.732912  -1.615784  -0.771659   0.250000   0.750000
  0.301508   0.498971   0.416246   0.198533   0.729034  -1.583747  -0.839339   0.250000   0.750000
  0.306533   0.499968   0.419910   0.190575   0.724816  -1.549146  -0.900269   0.250000   0.750000
  0.311558   0.500926   0.423552   0.182790   0.720292  -1.512292  -0.954824   0.250000   0.750000
  0.316583   0.501845   0.427171   0.175191   0.715494  -1.473483  -1.003353   0.250000   0.750000
  0.321608   0.502725   0.430767   0.167787   0.710452  -1.433003  -1.046201   0.250000   0.750000
  0.326633   0.503568   0.434337   0.160586   0.705195  -1.391118  -1.083698   0.250000   0.750000
  0.331658   0.504375   0.437880   0.153595   0.699750  -1.348079  -1.116165   0.250000   0.750000
  0.336683   0.505147   0.441397   0.146821   0.694141  -1.304118  -1.143914   0.250000   0.750000
  0.341709   0.505885   0.444885   0.140267   0.688392  -1.259447  -1.167249   0.250000   0.750000
  0.346734   0.506590   0.448345   0.133938   0.682526  -1.214285  -1.186446   0.250000   0.750000
  0.351759   0.507263   0.451774   0.127836   0.676564  -1.168813  -1.201787   0.250000   0.750000
  0.356784   0.507905   0.455174   0.121963   0.670525  -1.123203  -1.213539   0.250000   0.750000
  0.361809   0.508518   0.458543   0.116319   0.664427  -1.077615  -1.221953   0.250000   0.750000
  0.366834   0.509102   0.461882   0.110904   0.658287  -1.032196  -1.227271   0.250000   0.750000
  0.371859   0.509660   0.465190   0.105717   0.652120  -0.987079  -1.229725   0.250000   0.750000
  0.376884   0.510191   0.468467   0.100757   0.645941  -0.942384  -1.229534   0.250000   0.750000
  0.381910   0.510697   0.471713   0.096021   0.639761  -0.898211  -1.226906   0.250000   0.750000
  0.386935   0.511180   0.474928   0.091507   0.633596  -0.854677  -1.222040   0.250000   0.750000
  0.391960   0.511640   0.478112   0.087212   0.627455  -0.811860  -1.215124   0.250000   0.750000
  0.396985   0.512078   0.481265   0.083133   0.621349  -0.769836  -1.206335   0.250000   0.750000
  0.402010   0.512496   0.484387   0.079264   0.615287  -0.728673  -1.195842   0.250000   0.750000
  0.407035   0.512894   0.487479   0.075603   0.609278  -0.688430  -1.183803   0.250000   0.750000
  0.412060   0.513274   0.490541   0.072143   0.603329  -0.649159  -1.170367   0.250000   0.750000
  0.417085   0.513636   0.493572   0.068881   0.597448  -0.610903  -1.155676   0.250000   0.750000
  0.422111   0.513983   0.496575   0.065811   0.591640  -0.573691  -1.139859   0.250000   0.750000
  0.427136   0.514313   0.499548   0.062928   0.585912  -0.537568  -1.123046   0.250000   0.750000
  0.432161   0.514629   0.502492   0.060227   0.580269  -0.502551  -1.105350   0.250000   0.750000
  0.437186   0.514932   0.505408   0.057702   0.574714  -0.468661  -1.086881   0.250000   0.750000
  0.442211   0.515222   0.508296   0.055347   0.569253  -0.435911  -1.067742   0.250000   0.750000
  0.447236   0.515500   0.511157   0.053156   0.563887  -0.404313  -1.048026   0.250000   0.750000
  0.452261   0.515767   0.513990   0.051124   0.558621  -0.373874  -1.027823   0.250000   0.750000
  0.457286   0.516024   0.516797   0.049246   0.553456  -0.344600  -1.007216   0.250000   0.750000
  0.462312   0.516272   0.519579   0.047514   0.548394  -0.316486  -0.986277   0.250000   0.750000
  0.467337   0.516510   0.522335   0.045923   0.543438  -0.289545  -0.965086   0.250000   0.750000
  0.472362   0.516741   0.525065   0.044468   0.538588  -0.263768  -0.943706   0.250000   0.750000
  0.477387   0.516965   0.527772   0.043143   0.533846  -0.239154  -0.922196   0.250000   0.750000
  0.482412   0.517181   0.530454   0.041941   0.529212  -0.215698  -0.900614   0.250000   0.750000
  0.487437   0.517392   0.533114   0.040857   0.524687  -0.193396  -0.879012   0.250000   0.750000
  0.492462   0.517597   0.535750   0.039886   0.520270  -0.172244  -0.857438   0.250000   0.750000
  0.497487   0.517798   0.538365   0.039020   0.515961  -0.152237  -0.835936   0.250000   0.750000
  0.502513   0.517994   0.540958   0.038255   0.511760  -0.133368  -0.814542   0.250000   0.750000
  0.507538   0.518186   0.543529   0.037585   0.507666  -0.115640  -0.793301   0.250000   0.750000
  0.512563   0.518375   0.546080   0.037004   0.503680  -0.099045  -0.772244   0.250000   0.750000
  0.517588   0.518561   0.548611   0.036506   0.499800  -0.083582  -0.751400   0.250000   0.750000
  0.522613   0.518745   0.551123   0.036086   0.496024  -0.069247  -0.730799   0.250000   0.750000
  0.527638   0.518926   0.553615   0.035738   0.492352  -0.056040  -0.710466   0.250000   0.750000
  0.532663   0.519105   0.556090   0.035456   0.488781  -0.043959  -0.690424   0.250000   0.750000
  0.537688   0.519284   0.558546   0.035235   0.485312  -0.033004  -0.670693   0.250000   0.750000
  0.542714   0.519461   0.560985   0.035070   0.481941  -0.023175  -0.651291   0.250000   0.750000
  0.547739   0.519637   0.563407   0.034953   0.478668  -0.014475  -0.632240   0.250000   0.750000
  0.552764   0.519813   0.565812   0.034880   0.475491  -0.006904  -0.613554   0.250000   0.750000
  0.557789   0.519988   0.568201   0.034846   0.472408  -0.000462  -0.595247   0.250000   0.750000
  0.562814   0.520163   0.570575   0.034843   0.469417   0.004848  -0.577332   0.250000   0.750000
  0.567839   0.520338   0.572934   0.034868   0.466516   0.009026  -0.559821   0.250000   0.750000
  0.572864   0.520513   0.575278   0.034913   0.463703   0.012072  -0.542726   0.250000   0.750000
  0.577889   0.520689   0.577608   0.034974   0.460976   0.013988  -0.526057   0.250000   0.750000
  0.582915   0.520864   0.579925   0.035044   0.458332   0.014774  -0.509821   0.250000   0.750000
  0.587940   0.521041   0.582228   0.035118   0.455770   0.014434  -0.494034   0.250000   0.750000
  0.592965   0.521217   0.584518   0.035191   0.453287   0.012974  -0.478703   0.250000   0.750000
  0.597990   0.521394   0.586796   0.035256   0.450882   0.010402  -0.463839   0.250000   0.750000
  0.603015   0.521571   0.589062   0.035308   0.448551   0.006728  -0.449449   0.250000   0.750000
  0.608040   0.521748   0.591316   0.035342   0.446293   0.001965  -0.435547   0.250000   0.750000
  0.613065   0.521926   0.593559   0.035352   0.444104  -0.003870  -0.422143   0.250000   0.750000
  0.618090   0.522104   0.595790   0.035333   0.441983  -0.010756  -0.409249   0.250000   0.750000
  0.623116   0.522281   0.598012   0.035278   0.439926  -0.018670  -0.396876   0.250000   0.750000
  0.628141   0.522459   0.600222   0.035185   0.437932  -0.027580  -0.385046   0.250000   0.750000
  0.633166   0.522635   0.602423   0.035046   0.435997  -0.037451  -0.373772   0.250000   0.750000
  0.638191   0.522811   0.604614   0.034858   0.434119  -0.048245  -0.363073   0.250000   0.750000
  0.643216   0.522987   0.606795   0.034615   0.432294  -0.059915  -0.352971   0.250000   0.750000
  0.648241   0.523161   0.608967   0.034314   0.430520  -0.072408  -0.343491   0.250000   0.750000
  0.653266   0.523333   0.611131   0.033951   0.428794  -0.085666  -0.334660   0.250000   0.750000
  0.658291   0.523504   0.613285   0.033520   0.427113  -0.099621  -0.326509   0.250000   0.750000
  0.663317   0.523672   0.615432   0.033019   0.425472  -0.114203  -0.319072   0.250000   0.750000
  0.668342   0.523838   0.617570   0.032445   0.423868  -0.129323  -0.312393   0.250000   0.750000
  0.673367   0.524001   0.619700   0.031796   0.422299  -0.144893  -0.306514   0.250000   0.750000
  0.678392   0.524161   0.621822   0.031068   0.420758  -0.160811  -0.301487   0.250000   0.750000
  0.683417   0.524317   0.623936   0.030259   0.419243  -0.176969  -0.297369   0.250000   0.750000
  0.688442   0.524469   0.626043   0.029370   0.417749  -0.193245  -0.294223   0.250000   0.750000
  0.693467   0.524617   0.628142   0.028399   0.416271  -0.209509  -0.292121   0.250000   0.750000
  0.698492   0.524759   0.630234   0.027346   0.414803  -0.225617  -0.291144   0.250000   0.750000
  0.703518   0.524897   0.632319   0.026212   0.413339  -0.241419  -0.291381   0.250000   0.750000
  0.708543   0.525028   0.634396   0.024999   0.411875  -0.256739  -0.292930   0.250000   0.750000
  0.713568   0.525154   0.636466   0.023709   0.410403  -0.271403  -0.295901   0.250000   0.750000
  0.718593   0.525273   0.638528   0.022345   0.408916  -0.285214  -0.300414   0.250000   0.750000
  0.723618   0.525385   0.640583   0.020912   0.407407  -0.297964  -0.306605   0.250000   0.750000
  0.728643   0.525491   0.642630   0.019415   0.405866  -0.309431  -0.314617   0.250000   0.750000
  0.733668   0.525588   0.644669   0.017860   0.404285  -0.319374  -0.324612   0.250000   0.750000
  0.738693   0.525678   0.646701   0.016255   0.402654  -0.327540  -0.336764   0.250000   0.750000
  0.743719   0.525760   0.648725   0.014609   0.400961  -0.333659  -0.351264   0.250000   0.750000
  0.748744   0.525833   0.650739   0.012932   0.399196  -0.337441  -0.368309   0.250000   0.750000
  0.753769   0.525898   0.652745   0.011237   0.397346  -0.338584  -0.388122   0.250000   0.750000
  0.758794   0.525954   0.654742   0.009535   0.395395  -0.336772  -0.410935   0.250000   0.750000
  0.763819   0.526002   0.656729   0.007843   0.393330  -0.312887  -0.436996   0.250000   0.750000
  0.768844   0.526042   0.658705   0.006271   0.391134  -0.307724  -0.466562   0.250000   0.750000
  0.773869   0.526073   0.660671   0.004724   0.388790  -0.298128  -0.499905   0.250000   0.750000
  0.778894   0.526097   0.662625   0.003226   0.386278  -0.283775  -0.537301   0.250000   0.750000
  0.783920   0.526113   0.664566   0.001800   0.383577  -0.264334  -0.579045   0.250000   0.750000
  0.788945   0.526122   0.666493   0.000472   0.380668  -0.239478  -0.625400   0.250000   0.750000
  0.793970   0.526125   0.668406  -0.000732   0.377525  -0.208872  -0.676653   0.250000   0.750000
  0.798995   0.526121   0.670303  -0.001781   0.374125  -0.172195  -0.733072   0.250000   0.750000
  0.804020   0.526112   0.672183  -0.002646   0.370441  -0.129141  -0.794904   0.250000   0.750000
  0.809045   0.526099   0.674045  -0.003295   0.366447  -0.079432  -0.862367   0.250000   0.750000
  0.814070   0.526082   0.675886  -0.003695   0.362113  -0.022829  -0.935641   0.250000   0.750000
  0.819095   0.526064   0.677706  -0.003809   0.357412   0.040858  -1.014858   0.250000   0.750000
  0.824121   0.526044   0.679502  -0.003604   0.352311   0.111772  -1.100104   0.250000   0.750000
  0.829146   0.526026   0.681273  -0.003042   0.346783   0.189930  -1.191333   0.250000   0.750000
  0.834171   0.526011   0.683015  -0.002088   0.340797   0.275305  -1.288467   0.250000   0.750000
  0.839196   0.526001   0.684728  -0.000704   0.334322   0.367745  -1.391304   0.250000   0.750000
  0.844221   0.525997   0.686408   0.001144   0.327331   0.466979  -1.499530   0.250000   0.750000
  0.849246   0.526003   0.688052   0.003490   0.319796   0.572605  -1.612701   0.250000   0.750000
  0.854271   0.526020   0.689659   0.006367   0.311692   0.684074  -1.730240   0.250000   0.750000
  0.859296   0.526052   0.691226   0.009805   0.302997   0.800690  -1.851428   0.250000   0.750000
  0.864322   0.526102   0.692749   0.013829   0.293692   0.921625  -1.975427   0.250000   0.750000
  0.869347   0.526171   0.694224   0.018460   0.283766   1.045825  -2.101181   0.250000   0.750000
  0.874372   0.526264   0.695650   0.023716   0.273207   1.172167  -2.227579   0.250000   0.750000
  0.879397   0.526383   0.697023   0.029606   0.262014   1.299368  -2.353365   0.250000   0.750000
  0.884422   0.526532   0.698340   0.036135   0.250188   1.426035  -2.477184   0.250000   0.750000
  0.889447   0.526713   0.699597   0.043301   0.237740   1.550684  -2.597604   0.250000   0.750000
  0.894472   0.526931   0.700792   0.051093   0.224687   1.671774  -2.713150   0.250000   0.750000
  0.899497   0.527188   0.701921   0.059494   0.211054   1.787739  -2.822331   0.250000   0.750000
  0.904523   0.527487   0.702981   0.068479   0.196869   1.897047  -2.923705   0.250000   0.750000
  0.909548   0.527831   0.703971   0.078012   0.182177   1.998152  -3.015823   0.250000   0.750000
  0.914573   0.528223   0.704886   0.088052   0.167022   2.089663  -3.097402   0.250000   0.750000
  0.919598   0.528665   0.705725   0.098553   0.151458   2.170297  -3.167266   0.250000   0.750000
  0.924623   0.529160   0.706486   0.109459   0.135542   2.238923  -3.224401   0.250000   0.750000
  0.929648   0.529710   0.707168   0.120709   0.119340   2.294601  -3.267979   0.250000   0.750000
  0.934673   0.530317   0.707767   0.132240   0.102918   2.336594  -3.297377   0.250000   0.750000
  0.939698   0.530982   0.708284   0.143981   0.086349   2.364386  -3.312188   0.250000   0.750000
  0.944724   0.531705   0.708718   0.155864   0.069702   2.377688  -3.312225   0.250000   0.750000
  0.949749   0.532488   0.709069   0.167812   0.053058   2.376432  -3.297520   0.250000   0.750000
  0.954774   0.533332   0.709335   0.179754   0.036488   2.360776  -3.268316   0.250000   0.750000
  0.959799   0.534235   0.709519   0.191617   0.020065   2.331080  -3.225051   0.250000   0.750000
  0.964824   0.535198   0.709619   0.203330   0.003859   2.287890  -3.168340   0.250000   0.750000
  0.969849   0.536220   0.709639   0.214827  -0.012062   2.231916  -3.098949   0.250000   0.750000
  0.974874   0.537299   0.709578   0.226042  -0.027634   2.164009  -3.017775   0.250000   0.750000
  0.979899   0.538435   0.709439   0.236917  -0.042799   2.085132  -2.925819   0.250000   0.750000
  0.984925   0.539626   0.709224   0.247396  -0.057504   1.996317  -2.824136   0.250000   0.750000
  0.989950   0.540869   0.708935   0.257428  -0.071695   1.898709  -2.713897   0.250000   0.750000
  0.994975   0.542162   0.708575   0.266969  -0.085332   1.793441  -2.596240   0.250000   0.750000
  1.000000   0.543504   0.708146   0.275981  -0.098379   1.681673  -2.472330   0.250000   0.750000