  0.000000   0.460982   0.303843   0.000000   0.000000  -2.279703 -19.782306   0.375000   0.875000
  0.005025   0.460982   0.303843  -0.011456  -0.099406  -0.982914 -15.142278   0.375000   0.875000
  0.010050   0.460924   0.303343  -0.016395  -0.175496   0.095084 -11.096571   0.375000   0.875000
  0.015075   0.460842   0.302462  -0.015917  -0.231256   0.979987  -7.584254   0.375000   0.875000
  0.020101   0.460762   0.301299  -0.010991  -0.269375   1.695096  -4.549364   0.375000   0.875000
  0.025126   0.460707   0.299946  -0.002474  -0.292235   2.260975  -1.942879   0.375000   0.875000
  0.030151   0.460694   0.298477   0.008888  -0.301998   2.696552   0.281512   0.375000   0.875000
  0.035176   0.460739   0.296960   0.022438  -0.300584   3.018680   2.165185   0.375000   0.875000
  0.040201   0.460852   0.295449   0.037607  -0.289704   3.242479   3.745629   0.375000   0.875000
  0.045226   0.461041   0.293993   0.053900  -0.270882   3.381489   5.056780   0.375000   0.875000
  0.050251   0.461312   0.292632   0.070892  -0.245472   3.447821   6.129336   0.375000   0.875000
  0.055276   0.461668   0.291399   0.088218  -0.214672   3.452285   6.991033   0.375000   0.875000
  0.060302   0.462111   0.290320   0.105569  -0.179535   3.404503   7.667037   0.375000   0.875000
  0.065327   0.462642   0.289418   0.122676  -0.141008   3.313062   8.179643   0.375000   0.875000
  0.070352   0.463258   0.288709   0.139325  -0.099905   3.185558   8.549350   0.375000   0.875000
  0.075377   0.463958   0.288207   0.155332  -0.056945   3.028721   8.794454   0.375000   0.875000
  0.080402   0.464739   0.287921   0.170551  -0.012753   2.848492   8.931394   0.375000   0.875000
  0.085427   0.465596   0.287857   0.184865   0.032128   2.650099   8.974918   0.375000   0.875000
  0.090452   0.466525   0.288018   0.198182   0.077227   2.438130   8.938241   0.375000   0.875000
  0.095477   0.467521   0.288406   0.210433   0.122141   2.216593   8.833180   0.375000   0.875000
  0.100503   0.468578   0.289020   0.221574   0.166537   1.988931   8.670251   0.375000   0.875000
  0.105528   0.469692   0.289857   0.231568   0.210105   1.758261   8.458922   0.375000   0.875000
  0.110553   0.470855   0.290913   0.240404   0.252611   1.527138   8.207532   0.375000   0.875000
  0.115578   0.472063   0.292182   0.248077   0.293854   1.297791   7.923500   0.375000   0.875000
  0.120603   0.473310   0.293659   0.254599   0.333669   1.072114   7.613397   0.375000   0.875000
  0.125628   0.474589   0.295336   0.259986   0.371927   0.851697   7.283018   0.375000   0.875000
  0.130653   0.475896   0.297205   0.264266   0.408524   0.637867   6.937469   0.375000   0.875000
  0.135678   0.477224   0.299257   0.267471   0.443385   0.431712   6.581223   0.375000   0.875000
  0.140704   0.478568   0.301486   0.269641   0.476462   0.234068   6.218117   0.375000   0.875000
  0.145729   0.479923   0.303880   0.270817   0.507708   0.045710   5.851702   0.375000   0.875000
  0.150754   0.481284   0.306431   0.271047   0.537113  -0.132879   5.484847   0.375000   0.875000
  0.155779   0.482646   0.309130   0.270379   0.564674  -0.301319   5.120089   0.375000   0.875000
  0.160804   0.484004   0.311968   0.268865   0.590403  -0.459357   4.759595   0.375000   0.875000
  0.165829   0.485356   0.314935   0.266557   0.614320  -0.606849   4.405203   0.375000   0.875000
  0.170854   0.486695   0.318021   0.263507   0.636456  -0.743751   4.058460   0.375000   0.875000
  0.175879   0.488019   0.321220   0.259770   0.656849  -0.870101   3.720649   0.375000   0.875000
  0.180905   0.489325   0.324521   0.255397   0.675549  -0.932701   3.392756   0.375000   0.875000
  0.185930   0.490608   0.327916   0.250710   0.692598  -1.039270   3.075762   0.375000   0.875000
  0.190955   0.491868   0.331396   0.245488   0.708054  -1.135503   2.770260   0.375000   0.875000
  0.195980   0.493101   0.334954   0.239782   0.721974  -1.221673   2.476754   0.375000   0.875000
  0.201005   0.494306   0.338582   0.233643   0.734420  -1.298092   2.195603   0.375000   0.875000
  0.206030   0.495480   0.342272   0.227120   0.745453  -1.365099   1.927044   0.375000   0.875000
  0.211055   0.496622   0.346018   0.220260   0.755136  -1.423058   1.671204   0.375000   0.875000
  0.216080   0.497728   0.349813   0.213110   0.763534  -1.482272   1.428116   0.375000   0.875000
  0.221106   0.498800   0.353650   0.205660   0.770712  -1.523037   1.197687   0.375000   0.875000
  0.226131   0.499833   0.357523   0.198006   0.776730  -1.555975   0.979893   0.375000   0.875000
  0.231156   0.500828   0.361426   0.190188   0.781654  -1.581505   0.774508   0.375000   0.875000
  0.236181   0.501784   0.365354   0.182241   0.785546  -1.600039   0.581304   0.375000   0.875000
  0.241206   0.502699   0.369301   0.174200   0.788467  -1.611990   0.400008   0.375000   0.875000
  0.246231   0.503575   0.373263   0.166100   0.790477  -1.617766   0.230317   0.375000   0.875000
  0.251256   0.504409   0.377236   0.157971   0.791635  -1.617774   0.071894   0.375000   0.875000
  0.256281   0.505203   0.381214   0.149842   0.791996  -1.612413  -0.075617   0.375000   0.875000
  0.261307   0.505956   0.385194   0.141738   0.791616  -1.602073  -0.212619   0.375000   0.875000
  0.266332   0.506669   0.389172   0.133687   0.790547  -1.587140  -0.339443   0.375000   0.875000
  0.271357   0.507340   0.393144   0.125712   0.788842  -1.567986  -0.456516   0.375000   0.875000
  0.276382   0.507972   0.397108   0.117833   0.786548  -1.544972  -0.564242   0.375000   0.875000
  0.281407   0.508564   0.401061   0.110069   0.783712  -1.518447  -0.663027   0.375000   0.875000
  0.286432   0.509117   0.404999   0.102439   0.780381  -1.488751  -0.753276   0.375000   0.875000
  0.291457   0.509632   0.408920   0.094958   0.776595  -1.456206  -0.835393   0.375000   0.875000
  0.296482   0.510109   0.412823   0.087641   0.772398  -1.421124  -0.909778   0.375000   0.875000
  0.301508   0.510550   0.416705   0.080498   0.767825  -1.383795  -0.976838   0.375000   0.875000
  0.306533   0.510954   0.420563   0.073544   0.762916  -1.344517  -1.036932   0.375000   0.875000
  0.311558   0.511324   0.424397   0.066788   0.757706  -1.303553  -1.090453   0.375000   0.875000
  0.316583   0.511659   0.428204   0.060238   0.752226  -1.261159  -1.137768   0.375000   0.875000
  0.321608   0.511962   0.431984   0.053901   0.746509  -1.217577  -1.179236   0.375000   0.875000
  0.326633   0.512233   0.435735   0.047782   0.740583  -1.173035  -1.215205   0.375000   0.875000
  0.331658   0.512473   0.439457   0.041888   0.734477  -1.127747  -1.246011   0.375000   0.875000
  0.336683   0.512683   0.443148   0.036221   0.728216  -1.081916  -1.271978   0.375000   0.875000
  0.341709   0.512866   0.446808   0.030783   0.721823  -1.035720  -1.293423   0.375000   0.875000
  0.346734   0.513020   0.450435   0.025579   0.715323  -0.989354  -1.310636   0.375000   0.875000
  0.351759   0.513149   0.454029   0.020607   0.708737  -0.942971  -1.323910   0.375000   0.875000
  0.356784   0.513252   0.457591   0.015869   0.702085  -0.896723  -1.333521   0.375000   0.875000
  0.361809   0.513332   0.461119   0.011363   0.695384  -0.850748  -1.339732   0.375000   0.875000
  0.366834   0.513389   0.464613   0.007088   0.688652  -0.805177  -1.342795   0.375000   0.875000
  0.371859   0.513425   0.468073   0.003042   0.681904  -0.760125  -1.342949   0.375000   0.875000
  0.376884   0.513440   0.471500  -0.000778   0.675156  -0.715701  -1.340422   0.375000   0.875000
  0.381910   0.513436   0.474893  -0.004375   0.668419  -0.671993  -1.335430   0.375000   0.875000
  0.386935   0.513414   0.478252  -0.007752   0.661708  -0.629109  -1.328179   0.375000   0.875000
  0.391960   0.513375   0.481577  -0.010913   0.655034  -0.587118  -1.318863   0.375000   0.875000
  0.396985   0.513320   0.484869  -0.013863   0.648407  -0.546093  -1.307667   0.375000   0.875000
  0.402010   0.513251   0.488127  -0.016608   0.641836  -0.506097  -1.294763   0.375000   0.875000
  0.407035   0.513167   0.491352  -0.019151   0.635330  -0.467189  -1.280315   0.375000   0.875000
  0.412060   0.513071   0.494545  -0.021498   0.628896  -0.429418  -1.264478   0.375000   0.875000
  0.417085   0.512963   0.497705  -0.023656   0.622542  -0.392829  -1.247398   0.375000   0.875000
  0.422111   0.512844   0.500834  -0.025631   0.616273  -0.357454  -1.229206   0.375000   0.875000
  0.427136   0.512715   0.503931  -0.027427   0.610096  -0.323342  -1.210038   0.375000   0.875000
  0.432161   0.512577   0.506996  -0.029052   0.604015  -0.290516  -1.190010   0.375000   0.875000
  0.437186   0.512431   0.510032  -0.030511   0.598036  -0.259000  -1.169235   0.375000   0.875000
  0.442211   0.512278   0.513037  -0.031813   0.592160  -0.228819  -1.147816   0.375000   0.875000
  0.447236   0.512118   0.516012  -0.032963   0.586392  -0.199991  -1.125852   0.375000   0.875000
  0.452261   0.511953   0.518959  -0.033968   0.580735  -0.172533  -1.103434   0.375000   0.875000
  0.457286   0.511782   0.521877  -0.034835   0.575190  -0.146460  -1.080646   0.375000   0.875000
  0.462312   0.511607   0.524768  -0.035571   0.569759  -0.121781  -1.057563   0.375000   0.875000
  0.467337   0.511428   0.527631  -0.036183   0.564445  -0.098516  -1.034266   0.375000   0.875000
  0.472362   0.511246   0.530467  -0.036678   0.559248  -0.076672  -1.010818   0.375000   0.875000
  0.477387   0.511062   0.533278  -0.037063   0.554168  -0.056259  -0.987282   0.375000   0.875000
  0.482412   0.510876   0.536062  -0.037346   0.549207  -0.037285  -0.963715   0.375000   0.875000
  0.487437   0.510688   0.538822  -0.037533   0.544364  -0.019759  -0.940170   0.375000   0.875000
  0.492462   0.510500   0.541557  -0.037632   0.539640  -0.003691  -0.916696   0.375000   0.875000
  0.497487   0.510310   0.544269  -0.037651   0.535034   0.010910  -0.893337   0.375000   0.875000
  0.502513   0.510121   0.546958  -0.037596   0.530544   0.024040  -0.870130   0.375000   0.875000
  0.507538   0.509932   0.549624  -0.037475   0.526171   0.035682  -0.847121   0.375000   0.875000
  0.512563   0.509744   0.552268  -0.037296   0.521915   0.045830  -0.824340   0.375000   0.875000
  0.517588   0.509557   0.554891  -0.037066   0.517772   0.054476  -0.801818   0.375000   0.875000
  0.522613   0.509370   0.557493  -0.036792   0.513743   0.061609  -0.779584   0.375000   0.875000
  0.527638   0.509185   0.560074  -0.036482   0.509826   0.067220  -0.757661   0.375000   0.875000
  0.532663   0.509002   0.562636  -0.036145   0.506018   0.071300  -0.736075   0.375000   0.875000
  0.537688   0.508820   0.565179  -0.035786   0.502320   0.073839  -0.714847   0.375000   0.875000
  0.542714   0.508641   0.567703  -0.035415   0.498727   0.074829  -0.693990   0.375000   0.875000
  0.547739   0.508463   0.570210  -0.035039   0.495240   0.074263  -0.673531   0.375000   0.875000
  0.552764   0.508287   0.572698  -0.034666   0.491855   0.072134  -0.653482   0.375000   0.875000
  0.557789   0.508112   0.575170  -0.034303   0.488571   0.068436  -0.633856   0.375000   0.875000
  0.562814   0.507940   0.577625  -0.033960   0.485386   0.063167  -0.614668   0.375000   0.875000
  0.567839   0.507769   0.580064  -0.033642   0.482297   0.056326  -0.595928   0.375000   0.875000
  0.572864   0.507600   0.582487  -0.033359   0.479303   0.047913  -0.577649   0.375000   0.875000
  0.577889   0.507433   0.584896  -0.033118   0.476400   0.037933  -0.559842   0.375000   0.875000
  0.582915   0.507266   0.587290  -0.032928   0.473586   0.026392  -0.542512   0.375000   0.875000
  0.587940   0.507101   0.589670  -0.032795   0.470860   0.013306  -0.525678   0.375000   0.875000
  0.592965   0.506936   0.592036  -0.032728   0.468219  -0.001311  -0.509345   0.375000   0.875000
  0.597990   0.506771   0.594389  -0.032735   0.465659  -0.017438  -0.493524   0.375000   0.875000
  0.603015   0.506607   0.596729  -0.032822   0.463179  -0.035049  -0.478226   0.375000   0.875000
  0.608040   0.506442   0.599056  -0.032999   0.460776  -0.054111  -0.463462   0.375000   0.875000
  0.613065   0.506276   0.601372  -0.033270   0.458447  -0.074586  -0.449243   0.375000   0.875000
  0.618090   0.506109   0.603675  -0.033645   0.456190  -0.096427  -0.435585   0.375000   0.875000
  0.623116   0.505940   0.605968  -0.034130   0.454001  -0.119586  -0.422498   0.375000   0.875000
  0.628141   0.505768   0.608250  -0.034731   0.451878  -0.143993  -0.410005   0.375000   0.875000
  0.633166   0.505594   0.610520  -0.035454   0.449817  -0.169583  -0.398121   0.375000   0.875000
  0.638191   0.505416   0.612781  -0.036307   0.447817  -0.196275  -0.386868   0.375000   0.875000
  0.643216   0.505233   0.615031  -0.037293   0.445873  -0.223982  -0.376269   0.375000   0.875000
  0.648241   0.505046   0.617271  -0.038418   0.443982  -0.252605  -0.366351   0.375000   0.875000
  0.653266   0.504853   0.619502  -0.039688   0.442141  -0.282033  -0.357144   0.375000   0.875000
  0.658291   0.504653   0.621724  -0.041105   0.440347  -0.312146  -0.348683   0.375000   0.875000
  0.663317   0.504447   0.623937  -0.042674   0.438594  -0.342816  -0.341004   0.375000   0.875000
  0.668342   0.504232   0.626141  -0.044396   0.436880  -0.373884  -0.334157   0.375000   0.875000
  0.673367   0.504009   0.628337  -0.046275   0.435201  -0.405197  -0.328187   0.375000   0.875000
  0.678392   0.503777   0.630524  -0.048311   0.433552  -0.436581  -0.323150   0.375000   0.875000
  0.683417   0.503534   0.632702  -0.050505   0.431928  -0.467847  -0.319110   0.375000   0.875000
  0.688442   0.503280   0.634873  -0.052856   0.430325  -0.498791  -0.316137   0.375000   0.875000
  0.693467   0.503015   0.637035  -0.055362   0.428736  -0.529191  -0.314308   0.375000   0.875000
  0.698492   0.502736   0.639189  -0.058022   0.427157  -0.558810  -0.313712   0.375000   0.875000
  0.703518   0.502445   0.641336  -0.060830   0.425580  -0.587395  -0.314445   0.375000   0.875000
  0.708543   0.502139   0.643475  -0.063782   0.424000  -0.614658  -0.316615   0.375000   0.875000
  0.713568   0.501819   0.645605  -0.066871   0.422409  -0.640308  -0.320343   0.375000   0.875000
  0.718593   0.501483   0.647728  -0.070088   0.420799  -0.664027  -0.325759   0.375000   0.875000
  0.723618   0.501130   0.649843  -0.073425   0.419162  -0.685474  -0.333008   0.375000   0.875000
  0.728643   0.500761   0.651949  -0.076869   0.417489  -0.704284  -0.342249   0.375000   0.875000
  0.733668   0.500375   0.654047  -0.080408   0.415769  -0.720070  -0.353656   0.375000   0.875000
  0.738693   0.499971   0.656136  -0.084027   0.413992  -0.732417  -0.367416   0.375000   0.875000
  0.743719   0.499549   0.658217  -0.087708   0.412146  -0.740887  -0.383738   0.375000   0.875000
  0.748744   0.499108   0.660288  -0.091431   0.410217  -0.745012  -0.402835   0.375000   0.875000
  0.753769   0.498649   0.662349  -0.095174   0.408193  -0.744302  -0.424945   0.375000   0.875000
  0.758794   0.498170   0.664400  -0.098915   0.406058  -0.738242  -0.450319   0.375000   0.875000
  0.763819   0.497673   0.666441  -0.102624   0.403795  -0.726292  -0.479223   0.375000   0.875000
  0.768844   0.497158   0.668470  -0.106274   0.401387  -0.692658  -0.511934   0.375000   0.875000
  0.773869   0.496624   0.670487  -0.109754   0.398814  -0.670188  -0.548741   0.375000   0.875000
  0.778894   0.496072   0.672491  -0.113122   0.396057  -0.639713  -0.589942   0.375000   0.875000
  0.783920   0.495504   0.674481  -0.116337   0.393092  -0.600659  -0.635847   0.375000   0.875000
  0.788945   0.494919   0.676457  -0.119356   0.389897  -0.552471  -0.686738   0.375000   0.875000
  0.793970   0.494319   0.678416  -0.122132   0.386446  -0.494576  -0.742918   0.375000   0.875000
  0.798995   0.493706   0.680358  -0.124617   0.382713  -0.426422  -0.804667   0.375000   0.875000
  0.804020   0.493079   0.682281  -0.126760   0.378669  -0.347486  -0.872244   0.375000   0.875000
  0.809045   0.492442   0.684184  -0.128506   0.374286  -0.257291  -0.945875   0.375000   0.875000
  0.814070   0.491797   0.686064  -0.129799   0.369533  -0.155418  -1.025742   0.375000   0.875000
  0.819095   0.491144   0.687921  -0.130580   0.364379  -0.041536  -1.111973   0.375000   0.875000
  0.824121   0.490488   0.689753  -0.130789   0.358790   0.084616  -1.204646   0.375000   0.875000
  0.829146   0.489831   0.691556  -0.130363   0.352737   0.223085  -1.303697   0.375000   0.875000
  0.834171   0.489176   0.693328  -0.129242   0.346186   0.373850  -1.409022   0.375000   0.875000
  0.839196   0.488526   0.695068  -0.127364   0.339105   0.536684  -1.520387   0.375000   0.875000
  0.844221   0.487886   0.696772  -0.124667   0.331465   0.711162  -1.637430   0.375000   0.875000
  0.849246   0.487260   0.698437  -0.121093   0.323237   0.896640  -1.759654   0.375000   0.875000
  0.854271   0.486651   0.700062  -0.116588   0.314395   1.092230  -1.886414   0.375000   0.875000
  0.859296   0.486066   0.701641  -0.111099   0.304916   1.296797  -2.016913   0.375000   0.875000
  0.864322   0.485507   0.703174  -0.104582   0.294779   1.508991  -2.150229   0.375000   0.875000
  0.869347   0.484982   0.704655  -0.096999   0.283974   1.727071  -2.285202   0.375000   0.875000
  0.874372   0.484494   0.706082  -0.088320   0.272491   1.949183  -2.420618   0.375000   0.875000
  0.879397   0.484050   0.707451  -0.078526   0.260327   2.173202  -2.555107   0.375000   0.875000
  0.884422   0.483656   0.708760  -0.067605   0.247488   2.396811  -2.687196   0.375000   0.875000
  0.889447   0.483316   0.710003  -0.055561   0.233984   2.617533  -2.815334   0.375000   0.875000
  0.894472   0.483037   0.711179  -0.042408   0.219837   2.832788  -2.937924   0.375000   0.875000
  0.899497   0.482824   0.712284  -0.028174   0.205074   3.039944  -3.053362   0.375000   0.875000
  0.904523   0.482682   0.713314  -0.012895   0.189728   3.236422  -3.160096   0.375000   0.875000
  0.909548   0.482617   0.714268   0.003368   0.173849   3.419594  -3.256577   0.375000   0.875000
  0.914573   0.482634   0.715141   0.020552   0.157484   3.587098  -3.341435   0.375000   0.875000
  0.919598   0.482738   0.715933   0.038577   0.140694   3.736731  -3.413424   0.375000   0.875000
  0.924623   0.482931   0.716640   0.057354   0.123541   3.866545  -3.471474   0.375000   0.875000
  0.929648   0.483220   0.717260   0.076783   0.106097   3.974894  -3.514720   0.375000   0.875000
  0.934673   0.483605   0.717794   0.096757   0.088436   4.060470  -3.542523   0.375000   0.875000
  0.939698   0.484092   0.718238   0.117161   0.070634   4.122330  -3.554478   0.375000   0.875000
  0.944724   0.484681   0.718593   0.137880   0.052770   4.159911  -3.550418   0.375000   0.875000
  0.949749   0.485373   0.718858   0.158783   0.034929   4.173003  -3.530414   0.375000   0.875000
  0.954774   0.486171   0.719034   0.179753   0.017188   4.161792  -3.494765   0.375000   0.875000
  0.959799   0.487075   0.719120   0.200666  -0.000373   4.126794  -3.443980   0.375000   0.875000
  0.964824   0.488083   0.719118   0.221403  -0.017679   4.068844  -3.378752   0.375000   0.875000
  0.969849   0.489195   0.719029   0.241849  -0.034657   3.989055  -3.299944   0.375000   0.875000
  0.974874   0.490411   0.718855   0.261894  -0.051239   3.888778  -3.208549   0.375000   0.875000
  0.979899   0.491727   0.718598   0.281435  -0.067362   3.769563  -3.105675   0.375000   0.875000
  0.984925   0.493141   0.718259   0.300381  -0.082971   3.633082  -2.992482   0.375000   0.875000
  0.989950   0.494651   0.717842   0.318637  -0.098009   3.481201  -2.870254   0.375000   0.875000
  0.994975   0.496252   0.717350   0.336130  -0.112432   3.315775  -2.740235   0.375000   0.875000
  1.000000   0.497941   0.716785   0.352792  -0.126201   3.138714  -2.603694   0.375000   0.875000