  0.000000   0.460982   0.303843   0.000000   0.000000  -1.856088 -20.279560   0.375000   0.500000
  0.005025   0.460982   0.303843  -0.009327  -0.101905  -0.604465 -15.585670   0.375000   0.500000
  0.010050   0.460935   0.303331  -0.012364  -0.180223   0.431829 -11.490259   0.375000   0.500000
  0.015075   0.460873   0.302425  -0.010194  -0.237961   1.278255  -7.932113   0.375000   0.500000
  0.020101   0.460822   0.301229  -0.003770  -0.277828   1.957888  -4.854998   0.375000   0.500000
  0.025126   0.460803   0.299833   0.006069  -0.302224   2.491100  -2.209661   0.375000   0.500000
  0.030151   0.460833   0.298315   0.018586  -0.313328   2.896620   0.050448   0.375000   0.500000
  0.035176   0.460927   0.296740   0.033142  -0.313075   3.191121   1.966924   0.375000   0.500000
  0.040201   0.461093   0.295167   0.049177  -0.303191   3.389554   3.577457   0.375000   0.500000
  0.045226   0.461340   0.293643   0.066210  -0.285214   3.505302   4.916175   0.375000   0.500000
  0.050251   0.461673   0.292210   0.083824  -0.260510   3.550328   6.013951   0.375000   0.500000
  0.055276   0.462094   0.290901   0.101664  -0.230290   3.535306   6.898689   0.375000   0.500000
  0.060302   0.462605   0.289744   0.119433  -0.195617   3.469724   7.595714   0.375000   0.500000
  0.065327   0.463205   0.288761   0.136868  -0.157449   3.362056   8.127457   0.375000   0.500000
  0.070352   0.463893   0.287969   0.153762  -0.116608   3.219784   8.514558   0.375000   0.500000
  0.075377   0.464666   0.287384   0.169942  -0.073823   3.049532   8.775439   0.375000   0.500000
  0.080402   0.465520   0.287013   0.185266  -0.029726   2.857144   8.926659   0.375000   0.500000
  0.085427   0.466451   0.286863   0.199623   0.015130   2.647756   8.983076   0.375000   0.500000
  0.090452   0.467454   0.286939   0.212928   0.060270   2.425871   8.958008   0.375000   0.500000
  0.095477   0.468524   0.287242   0.225118   0.105284   2.195419   8.863368   0.375000   0.500000
  0.100503   0.469655   0.287771   0.236152   0.149832   1.959767   8.709766   0.375000   0.500000
  0.105528   0.470842   0.288524   0.246000   0.193598   1.721965   8.506748   0.375000   0.500000
  0.110553   0.472078   0.289497   0.254653   0.236345   1.484506   8.262734   0.375000   0.500000
  0.115578   0.473358   0.290685   0.262112   0.277865   1.249556   7.985216   0.375000   0.500000
  0.120603   0.474675   0.292081   0.268391   0.317990   1.018955   7.680832   0.375000   0.500000
  0.125628   0.476023   0.293679   0.273512   0.356587   0.794241   7.355443   0.375000   0.500000
  0.130653   0.477398   0.295471   0.277503   0.393548   0.576694   7.014211   0.375000   0.500000
  0.135678   0.478792   0.297448   0.280401   0.428794   0.367357   6.661666   0.375000   0.500000
  0.140704   0.480202   0.299603   0.282247   0.462276   0.167025   6.301695   0.375000   0.500000
  0.145729   0.481620   0.301926   0.283086   0.493942  -0.023567   5.937896   0.375000   0.500000
  0.150754   0.483042   0.304408   0.282968   0.523780  -0.203969   5.573185   0.375000   0.500000
  0.155779   0.484464   0.307040   0.281943   0.551785  -0.373836   5.210136   0.375000   0.500000
  0.160804   0.485881   0.309813   0.280064   0.577966  -0.532944   4.850957   0.375000   0.500000
  0.165829   0.487288   0.312717   0.277386   0.602342  -0.681180   4.497520   0.375000   0.500000
  0.170854   0.488682   0.315744   0.273963   0.624942  -0.818524   4.151405   0.375000   0.500000
  0.175879   0.490059   0.318884   0.269850   0.645803  -0.896441   3.813927   0.375000   0.500000
  0.180905   0.491415   0.322130   0.265345   0.664972  -1.013085   3.486098   0.375000   0.500000
  0.185930   0.492749   0.325472   0.260254   0.682489  -1.118932   3.168926   0.375000   0.500000
  0.190955   0.494056   0.328901   0.254631   0.698413  -1.214255   2.863029   0.375000   0.500000
  0.195980   0.495336   0.332411   0.248530   0.712800  -1.299347   2.568932   0.375000   0.500000
  0.201005   0.496585   0.335993   0.242001   0.725709  -1.374532   2.287015   0.375000   0.500000
  0.206030   0.497801   0.339639   0.235094   0.737201  -1.440164   2.017534   0.375000   0.500000
  0.211055   0.498982   0.343344   0.227857   0.747339  -1.496621   1.760634   0.375000   0.500000
  0.216080   0.500127   0.347099   0.220336   0.756186  -1.554171   1.516365   0.375000   0.500000
  0.221106   0.501235   0.350900   0.212525   0.763807  -1.593220   1.284646   0.375000   0.500000
  0.226131   0.502302   0.354738   0.204519   0.770263  -1.624350   1.065470   0.375000   0.500000
  0.231156   0.503330   0.358608   0.196357   0.775617  -1.647990   0.858622   0.375000   0.500000
  0.236181   0.504317   0.362506   0.188075   0.779931  -1.664560   0.663886   0.375000   0.500000
  0.241206   0.505262   0.366425   0.179711   0.783267  -1.674482   0.481000   0.375000   0.500000
  0.246231   0.506165   0.370361   0.171297   0.785684  -1.678174   0.309669   0.375000   0.500000
  0.251256   0.507026   0.374309   0.162864   0.787240  -1.676049   0.149568   0.375000   0.500000
  0.256281   0.507844   0.378265   0.154442   0.787992  -1.668516   0.000346   0.375000   0.500000
  0.261307   0.508620   0.382225   0.146056   0.787994  -1.655969  -0.138391   0.375000   0.500000
  0.266332   0.509354   0.386185   0.137735   0.787298  -1.638804  -0.266967   0.375000   0.500000
  0.271357   0.510046   0.390141   0.129500   0.785957  -1.617397  -0.385804   0.375000   0.500000
  0.276382   0.510697   0.394091   0.121372   0.784018  -1.592118  -0.495299   0.375000   0.500000
  0.281407   0.511307   0.398030   0.113372   0.781529  -1.563321  -0.595854   0.375000   0.500000
  0.286432   0.511877   0.401957   0.105516   0.778535  -1.531351  -0.687869   0.375000   0.500000
  0.291457   0.512407   0.405870   0.097821   0.775079  -1.496537  -0.771744   0.375000   0.500000
  0.296482   0.512899   0.409764   0.090301   0.771201  -1.459195  -0.847876   0.375000   0.500000
  0.301508   0.513352   0.413640   0.082967   0.766939  -1.419621  -0.916669   0.375000   0.500000
  0.306533   0.513769   0.417494   0.075833   0.762333  -1.378119  -0.978477   0.375000   0.500000
  0.311558   0.514150   0.421325   0.068908   0.757416  -1.334957  -1.033691   0.375000   0.500000
  0.316583   0.514497   0.425131   0.062200   0.752222  -1.290394  -1.082677   0.375000   0.500000
  0.321608   0.514809   0.428911   0.055716   0.746781  -1.244678  -1.125792   0.375000   0.500000
  0.326633   0.515089   0.432663   0.049462   0.741124  -1.198041  -1.163381   0.375000   0.500000
  0.331658   0.515338   0.436388   0.043441   0.735278  -1.150702  -1.195779   0.375000   0.500000
  0.336683   0.515556   0.440082   0.037659   0.729269  -1.102867  -1.223309   0.375000   0.500000
  0.341709   0.515745   0.443748   0.032116   0.723121  -1.054718  -1.246287   0.375000   0.500000
  0.346734   0.515907   0.447381   0.026816   0.716858  -1.006454  -1.265002   0.375000   0.500000
  0.351759   0.516041   0.450984   0.021759   0.710502  -0.958232  -1.279745   0.375000   0.500000
  0.356784   0.516151   0.454554   0.016944   0.704071  -0.910206  -1.290794   0.375000   0.500000
  0.361809   0.516236   0.458092   0.012370   0.697585  -0.862520  -1.298409   0.375000   0.500000
  0.366834   0.516298   0.461597   0.008036   0.691060  -0.815304  -1.302843   0.375000   0.500000
  0.371859   0.516338   0.465070   0.003939   0.684514  -0.768678  -1.304335   0.375000   0.500000
  0.376884   0.516358   0.468509   0.000076   0.677959  -0.722754  -1.303112   0.375000   0.500000
  0.381910   0.516359   0.471917  -0.003556   0.671410  -0.677620  -1.299390   0.375000   0.500000
  0.386935   0.516341   0.475291  -0.006961   0.664880  -0.633388  -1.293376   0.375000   0.500000
  0.391960   0.516306   0.478632  -0.010144   0.658381  -0.590128  -1.285264   0.375000   0.500000
  0.396985   0.516255   0.481940  -0.013110   0.651923  -0.547915  -1.275237   0.375000   0.500000
  0.402010   0.516189   0.485216  -0.015863   0.645515  -0.506812  -1.263471   0.375000   0.500000
  0.407035   0.516109   0.488460  -0.018410   0.639166  -0.466880  -1.250129   0.375000   0.500000
  0.412060   0.516017   0.491672  -0.020756   0.632884  -0.428169  -1.235365   0.375000   0.500000
  0.417085   0.515912   0.494852  -0.022907   0.626676  -0.390724  -1.219326   0.375000   0.500000
  0.422111   0.515797   0.498001  -0.024871   0.620548  -0.354578  -1.202144   0.375000   0.500000
  0.427136   0.515672   0.501120  -0.026653   0.614507  -0.319780  -1.183955   0.375000   0.500000
  0.432161   0.515538   0.504208  -0.028260   0.608558  -0.286351  -1.164877   0.375000   0.500000
  0.437186   0.515396   0.507266  -0.029699   0.602704  -0.254318  -1.145021   0.375000   0.500000
  0.442211   0.515247   0.510294  -0.030977   0.596950  -0.223704  -1.124493   0.375000   0.500000
  0.447236   0.515091   0.513294  -0.032101   0.591300  -0.194525  -1.103391   0.375000   0.500000
  0.452261   0.514930   0.516265  -0.033078   0.585755  -0.166799  -1.081807   0.375000   0.500000
  0.457286   0.514764   0.519209  -0.033916   0.580319  -0.140540  -1.059827   0.375000   0.500000
  0.462312   0.514593   0.522125  -0.034623   0.574993  -0.115754  -1.037524   0.375000   0.500000
  0.467337   0.514419   0.525015  -0.035204   0.569779  -0.092461  -1.014981   0.375000   0.500000
  0.472362   0.514243   0.527878  -0.035669   0.564679  -0.070667  -0.992263   0.375000   0.500000
  0.477387   0.514063   0.530715  -0.036024   0.559693  -0.050378  -0.969431   0.375000   0.500000
  0.482412   0.513882   0.533528  -0.036277   0.554821  -0.031603  -0.946545   0.375000   0.500000
  0.487437   0.513700   0.536316  -0.036436   0.550065  -0.014347  -0.923657   0.375000   0.500000
  0.492462   0.513517   0.539080  -0.036508   0.545423   0.001380  -0.900817   0.375000   0.500000
  0.497487   0.513333   0.541821  -0.036501   0.540897   0.015574  -0.878070   0.375000   0.500000
  0.502513   0.513150   0.544539  -0.036423   0.536484   0.028230  -0.855454   0.375000   0.500000
  0.507538   0.512967   0.547235  -0.036281   0.532185   0.039336  -0.833014   0.375000   0.500000
  0.512563   0.512785   0.549909  -0.036083   0.527999   0.048887  -0.810783   0.375000   0.500000
  0.517588   0.512603   0.552562  -0.035838   0.523925   0.056878  -0.788791   0.375000   0.500000
  0.522613   0.512423   0.555195  -0.035552   0.519961   0.063300  -0.767066   0.375000   0.500000
  0.527638   0.512245   0.557808  -0.035234   0.516107   0.068147  -0.745636   0.375000   0.500000
  0.532663   0.512068   0.560401  -0.034891   0.512360   0.071413  -0.724524   0.375000   0.500000
  0.537688   0.511892   0.562976  -0.034533   0.508719   0.073091  -0.703752   0.375000   0.500000
  0.542714   0.511719   0.565533  -0.034165   0.505182   0.073176  -0.683336   0.375000   0.500000
  0.547739   0.511547   0.568071  -0.033797   0.501748   0.071662  -0.663301   0.375000   0.500000
  0.552764   0.511377   0.570593  -0.033437   0.498415   0.068546  -0.643660   0.375000   0.500000
  0.557789   0.511209   0.573097  -0.033093   0.495181   0.063827  -0.624427   0.375000   0.500000
  0.562814   0.511043   0.575585  -0.032772   0.492043   0.057504  -0.605617   0.375000   0.500000
  0.567839   0.510878   0.578058  -0.032483   0.489000   0.049578  -0.587242   0.375000   0.500000
  0.572864   0.510715   0.580515  -0.032234   0.486049   0.040055  -0.569314   0.375000   0.500000
  0.577889   0.510553   0.582957  -0.032033   0.483188   0.028942  -0.551844   0.375000   0.500000
  0.582915   0.510392   0.585386  -0.031887   0.480415   0.016247  -0.534840   0.375000   0.500000
  0.587940   0.510232   0.587800  -0.031806   0.477727   0.001991  -0.518319   0.375000   0.500000
  0.592965   0.510072   0.590201  -0.031796   0.475123  -0.013810  -0.502289   0.375000   0.500000
  0.597990   0.509912   0.592588  -0.031865   0.472599  -0.031131  -0.486759   0.375000   0.500000
  0.603015   0.509752   0.594963  -0.032022   0.470153  -0.049942  -0.471741   0.375000   0.500000
  0.608040   0.509591   0.597325  -0.032273   0.467782  -0.070208  -0.457248   0.375000   0.500000
  0.613065   0.509429   0.599676  -0.032625   0.465484  -0.091887  -0.443291   0.375000   0.500000
  0.618090   0.509265   0.602015  -0.033087   0.463257  -0.114930  -0.429885   0.375000   0.500000
  0.623116   0.509099   0.604343  -0.033665   0.461096  -0.139285  -0.417043   0.375000   0.500000
  0.628141   0.508930   0.606660  -0.034365   0.459001  -0.164878  -0.404787   0.375000   0.500000
  0.633166   0.508757   0.608967  -0.035193   0.456967  -0.191640  -0.393132   0.375000   0.500000
  0.638191   0.508580   0.611263  -0.036156   0.454991  -0.219490  -0.382102   0.375000   0.500000
  0.643216   0.508398   0.613550  -0.037259   0.453071  -0.248336  -0.371720   0.375000   0.500000
  0.648241   0.508211   0.615826  -0.038507   0.451203  -0.278076  -0.362014   0.375000   0.500000
  0.653266   0.508018   0.618094  -0.039904   0.449384  -0.308596  -0.353014   0.375000   0.500000
  0.658291   0.507817   0.620352  -0.041455   0.447610  -0.339774  -0.344757   0.375000   0.500000
  0.663317   0.507609   0.622601  -0.043163   0.445877  -0.371479  -0.337279   0.375000   0.500000
  0.668342   0.507392   0.624842  -0.045029   0.444182  -0.403549  -0.330630   0.375000   0.500000
  0.673367   0.507166   0.627074  -0.047057   0.442521  -0.435830  -0.324857   0.375000   0.500000
  0.678392   0.506929   0.629298  -0.049247   0.440889  -0.468144  -0.320018   0.375000   0.500000
  0.683417   0.506682   0.631513  -0.051600   0.439281  -0.500301  -0.316176   0.375000   0.500000
  0.688442   0.506422   0.633720  -0.054114   0.437692  -0.532095  -0.313403   0.375000   0.500000
  0.693467   0.506150   0.635920  -0.056787   0.436117  -0.563301  -0.311777   0.375000   0.500000
  0.698492   0.505865   0.638111  -0.059618   0.434550  -0.593681  -0.311389   0.375000   0.500000
  0.703518   0.505565   0.640295  -0.062602   0.432985  -0.622982  -0.312336   0.375000   0.500000
  0.708543   0.505251   0.642471  -0.065732   0.431416  -0.650913  -0.314728   0.375000   0.500000
  0.713568   0.504921   0.644639  -0.069003   0.429834  -0.677182  -0.318687   0.375000   0.500000
  0.718593   0.504574   0.646799  -0.072406   0.428233  -0.701471  -0.324346   0.375000   0.500000
  0.723618   0.504210   0.648951  -0.075931   0.426603  -0.723436  -0.331852   0.375000   0.500000
  0.728643   0.503828   0.651094  -0.079566   0.424935  -0.742714  -0.341365   0.375000   0.500000
  0.733668   0.503429   0.653230  -0.083298   0.423220  -0.758915  -0.353063   0.375000   0.500000
  0.738693   0.503010   0.655356  -0.087112   0.421446  -0.771624  -0.367136   0.375000   0.500000
  0.743719   0.502572   0.657475  -0.090990   0.419601  -0.780403  -0.383795   0.375000   0.500000
  0.748744   0.502115   0.659583  -0.094912   0.417672  -0.784783  -0.403256   0.375000   0.500000
  0.753769   0.501638   0.661682  -0.098855   0.415646  -0.784275  -0.425761   0.375000   0.500000
  0.758794   0.501141   0.663771  -0.102796   0.413506  -0.778362  -0.451566   0.375000   0.500000
  0.763819   0.500625   0.665848  -0.106707   0.411237  -0.766503  -0.480938   0.375000   0.500000
  0.768844   0.500089   0.667915  -0.110559   0.408820  -0.732223  -0.514161   0.375000   0.500000
  0.773869   0.499533   0.669969  -0.114238   0.406237  -0.709867  -0.551527   0.375000   0.500000
  0.778894   0.498959   0.672011  -0.117806   0.403465  -0.679431  -0.593338   0.375000   0.500000
  0.783920   0.498367   0.674038  -0.121220   0.400483  -0.640340  -0.639912   0.375000   0.500000
  0.788945   0.497758   0.676051  -0.124438   0.397268  -0.592040  -0.691532   0.375000   0.500000
  0.793970   0.497132   0.678047  -0.127413   0.393793  -0.533958  -0.748508   0.375000   0.500000
  0.798995   0.496492   0.680026  -0.130096   0.390032  -0.465540  -0.811125   0.375000   0.500000
  0.804020   0.495838   0.681986  -0.132436   0.385956  -0.386263  -0.879646   0.375000   0.500000
  0.809045   0.495173   0.683925  -0.134376   0.381535  -0.295647  -0.954301   0.375000   0.500000
  0.814070   0.494498   0.685842  -0.135862   0.376740  -0.193272  -1.035277   0.375000   0.500000
  0.819095   0.493815   0.687736  -0.136833   0.371538  -0.078802  -1.122705   0.375000   0.500000
  0.824121   0.493127   0.689603  -0.137229   0.365895   0.048024  -1.216666   0.375000   0.500000
  0.829146   0.492438   0.691442  -0.136988   0.359781   0.187260  -1.317098   0.375000   0.500000
  0.834171   0.491749   0.693249  -0.136047   0.353163   0.338886  -1.423897   0.375000   0.500000
  0.839196   0.491066   0.695024  -0.134344   0.346008   0.502680  -1.536827   0.375000   0.500000
  0.844221   0.490391   0.696763  -0.131818   0.338285   0.678221  -1.655526   0.375000   0.500000
  0.849246   0.489728   0.698463  -0.128410   0.329966   0.864868  -1.779490   0.375000   0.500000
  0.854271   0.489083   0.700121  -0.124064   0.321024   1.061738  -1.908070   0.375000   0.500000
  0.859296   0.488460   0.701734  -0.118729   0.311436   1.267698  -2.040460   0.375000   0.500000
  0.864322   0.487863   0.703299  -0.112357   0.301181   1.481399  -2.175727   0.375000   0.500000
  0.869347   0.487298   0.704813  -0.104913   0.290248   1.701102  -2.312699   0.375000   0.500000
  0.874372   0.486771   0.706271  -0.096365   0.278627   1.924951  -2.450146   0.375000   0.500000
  0.879397   0.486287   0.707671  -0.086693   0.266315   2.150822  -2.586682   0.375000   0.500000
  0.884422   0.485851   0.709009  -0.075885   0.253316   2.376392  -2.720815   0.375000   0.500000
  0.889447   0.485470   0.710282  -0.063943   0.239644   2.599180  -2.850972   0.375000   0.500000
  0.894472   0.485148   0.711487  -0.050882   0.225318   2.816598  -2.975537   0.375000   0.500000
  0.899497   0.484893   0.712619  -0.036729   0.210366   3.026007  -3.092884   0.375000   0.500000
  0.904523   0.484708   0.713676  -0.021520   0.194821   3.224816  -3.201438   0.375000   0.500000
  0.909548   0.484600   0.714655  -0.005316   0.178734   3.410384  -3.299627   0.375000   0.500000
  0.914573   0.484573   0.715553   0.011822   0.162154   3.580336  -3.386062   0.375000   0.500000
  0.919598   0.484633   0.716368   0.029813   0.145139   3.732454  -3.459476   0.375000   0.500000
  0.924623   0.484783   0.717097   0.048568   0.127755   3.864774  -3.518783   0.375000   0.500000
  0.929648   0.485027   0.717739   0.067989   0.110073   3.975632  -3.563102   0.375000   0.500000
  0.934673   0.485368   0.718292   0.087966   0.092168   4.063706  -3.591783   0.375000   0.500000
  0.939698   0.485810   0.718756   0.108387   0.074120   4.128034  -3.604409   0.375000   0.500000
  0.944724   0.486355   0.719128   0.129134   0.056004   4.168037  -3.600808   0.375000   0.500000
  0.949749   0.487004   0.719409   0.150078   0.037910   4.183491  -3.581048   0.375000   0.500000
  0.954774   0.487758   0.719600   0.171100   0.019915   4.174564  -3.545429   0.375000   0.500000
  0.959799   0.488618   0.719700   0.192078   0.002099   4.141763  -3.494460   0.375000   0.500000
  0.964824   0.489583   0.719711   0.212890  -0.015461   4.085908  -3.428843   0.375000   0.500000
  0.969849   0.490653   0.719633   0.233422  -0.032690   4.008102  -3.349446   0.375000   0.500000
  0.974874   0.491826   0.719469   0.253562  -0.049521   3.909690  -3.257276   0.375000   0.500000
  0.979899   0.493100   0.719220   0.273209  -0.065889   3.792212  -3.153449   0.375000   0.500000
  0.984925   0.494473   0.718889   0.292268  -0.081738   3.657337  -3.039141   0.375000   0.500000
  0.989950   0.495942   0.718478   0.310646  -0.097010   3.506928  -2.915651   0.375000   0.500000
  0.994975   0.497503   0.717990   0.328269  -0.111661   3.342835  -2.784237   0.375000   0.500000
  1.000000   0.499152   0.717429   0.345066  -0.125652   3.166971  -2.646185   0.375000   0.500000