  0.000000   0.539018   0.303843   0.000000   0.000000   0.220381 -21.471563   0.625000   0.250000
  0.005025   0.539018   0.303843   0.001107  -0.107895   0.659238 -16.648541   0.625000   0.250000
  0.010050   0.539024   0.303301   0.004420  -0.191554   0.999927 -12.433967   0.625000   0.250000
  0.015075   0.539046   0.302338   0.009445  -0.254034   1.255175  -8.765949   0.625000   0.250000
  0.020101   0.539093   0.301061   0.015753  -0.298092   1.436428  -5.587602   0.625000   0.250000
  0.025126   0.539172   0.299564   0.022971  -0.326170   1.553831  -2.849121   0.625000   0.250000
  0.030151   0.539288   0.297925   0.030779  -0.340486   1.616565  -0.503378   0.625000   0.250000
  0.035176   0.539443   0.296214   0.038903  -0.343016   1.632780   1.491740   0.625000   0.250000
  0.040201   0.539638   0.294490   0.047107  -0.335520   1.609739   3.174410   0.625000   0.250000
  0.045226   0.539875   0.292804   0.055196  -0.319568   1.553897   4.579214   0.625000   0.250000
  0.050251   0.540152   0.291198   0.063005  -0.296558   1.470977   5.737453   0.625000   0.250000
  0.055276   0.540469   0.289708   0.070396  -0.267727   1.366045   6.677428   0.625000   0.250000
  0.060302   0.540822   0.288362   0.077262  -0.234166   1.243544   7.424847   0.625000   0.250000
  0.065327   0.541211   0.287186   0.083511  -0.196857   1.107457   8.002468   0.625000   0.250000
  0.070352   0.541630   0.286196   0.089076  -0.156644   0.961209   8.431268   0.625000   0.250000
  0.075377   0.542078   0.285409   0.093906  -0.114277   0.807812   8.729974   0.625000   0.250000
  0.080402   0.542550   0.284835   0.097965  -0.070409   0.649885   8.915426   0.625000   0.250000
  0.085427   0.543042   0.284481   0.101231  -0.025609   0.489699   9.002751   0.625000   0.250000
  0.090452   0.543551   0.284353   0.103691   0.019630   0.329207   9.005512   0.625000   0.250000
  0.095477   0.544072   0.284451   0.105346   0.064883   0.170079   8.935855   0.625000   0.250000
  0.100503   0.544601   0.284777   0.106201   0.109794   0.013702   8.804609   0.625000   0.250000
  0.105528   0.545135   0.285329   0.106269   0.154037  -0.138663   8.621514   0.625000   0.250000
  0.110553   0.545669   0.286103   0.105573   0.197360  -0.286056   8.395180   0.625000   0.250000
  0.115578   0.546199   0.287095   0.104135   0.239546  -0.427663   8.133276   0.625000   0.250000
  0.120603   0.546723   0.288299   0.101986   0.280416  -0.562825   7.842602   0.625000   0.250000
  0.125628   0.547235   0.289708   0.099158   0.319825  -0.691024   7.529172   0.625000   0.250000
  0.130653   0.547734   0.291315   0.095686   0.357659  -0.811866   7.198288   0.625000   0.250000
  0.135678   0.548214   0.293112   0.091606   0.393830  -0.925065   6.854612   0.625000   0.250000
  0.140704   0.548675   0.295091   0.086957   0.428282  -1.030450   6.502157   0.625000   0.250000
  0.145729   0.549112   0.297244   0.081779   0.460955  -1.127869   6.144628   0.625000   0.250000
  0.150754   0.549523   0.299560   0.076111   0.491832  -1.217308   5.785051   0.625000   0.250000
  0.155779   0.549905   0.302031   0.069994   0.520902  -1.298795   5.426099   0.625000   0.250000
  0.160804   0.550257   0.304649   0.063468   0.548168  -1.372408   5.070069   0.625000   0.250000
  0.165829   0.550576   0.307403   0.056571   0.573645  -1.438275   4.718921   0.625000   0.250000
  0.170854   0.550860   0.310286   0.049344   0.597358  -1.496561   4.374310   0.625000   0.250000
  0.175879   0.551108   0.313288   0.041824   0.619338  -1.512021   4.037626   0.625000   0.250000
  0.180905   0.551318   0.316400   0.034224   0.639632  -1.556387   3.709949   0.625000   0.250000
  0.185930   0.551490   0.319615   0.026403   0.658274  -1.593638   3.392349   0.625000   0.250000
  0.190955   0.551623   0.322922   0.018395   0.675321  -1.624054   3.085501   0.625000   0.250000
  0.195980   0.551715   0.326316   0.010235   0.690825  -1.647919   2.789985   0.625000   0.250000
  0.201005   0.551767   0.329787   0.001954   0.704845  -1.665527   2.506230   0.625000   0.250000
  0.206030   0.551776   0.333329  -0.006416   0.717439  -1.677179   2.234537   0.625000   0.250000
  0.211055   0.551744   0.336934  -0.014843   0.728667  -1.683183   1.975094   0.625000   0.250000
  0.216080   0.551670   0.340596  -0.023301   0.738592  -1.683846   1.727989   0.625000   0.250000
  0.221106   0.551553   0.344308  -0.031764   0.747277  -1.679479   1.493178   0.625000   0.250000
  0.226131   0.551393   0.348063  -0.040204   0.754780  -1.670391   1.270686   0.625000   0.250000
  0.231156   0.551191   0.351856  -0.048597   0.761165  -1.656888   1.060329   0.625000   0.250000
  0.236181   0.550947   0.355681  -0.056923   0.766494  -1.639273   0.861918   0.625000   0.250000
  0.241206   0.550661   0.359532  -0.065161   0.770825  -1.617844   0.675218   0.625000   0.250000
  0.246231   0.550333   0.363406  -0.073290   0.774218  -1.592892   0.499956   0.625000   0.250000
  0.251256   0.549965   0.367296  -0.081295   0.776730  -1.564702   0.335828   0.625000   0.250000
  0.256281   0.549556   0.371199  -0.089157   0.778418  -1.533554   0.182504   0.625000   0.250000
  0.261307   0.549108   0.375112  -0.096865   0.779335  -1.499710   0.039606   0.625000   0.250000
  0.266332   0.548622   0.379028  -0.104401   0.779534  -1.463446  -0.093172   0.625000   0.250000
  0.271357   0.548097   0.382945  -0.111755   0.779066  -1.425009  -0.216239   0.625000   0.250000
  0.276382   0.547535   0.386860  -0.118915   0.777979  -1.384644  -0.329977   0.625000   0.250000
  0.281407   0.546938   0.390769  -0.125873   0.776321  -1.342588  -0.434776   0.625000   0.250000
  0.286432   0.546305   0.394670  -0.132620   0.774136  -1.299066  -0.531027   0.625000   0.250000
  0.291457   0.545639   0.398560  -0.139148   0.771468  -1.254296  -0.619119   0.625000   0.250000
  0.296482   0.544940   0.402437  -0.145450   0.768357  -1.208485  -0.699440   0.625000   0.250000
  0.301508   0.544209   0.406298  -0.151524   0.764841  -1.161824  -0.772386   0.625000   0.250000
  0.306533   0.543447   0.410142  -0.157362   0.760960  -1.114520  -0.838305   0.625000   0.250000
  0.311558   0.542657   0.413966  -0.162963   0.756748  -1.066744  -0.897581   0.625000   0.250000
  0.316583   0.541838   0.417768  -0.168323   0.752237  -1.018666  -0.950575   0.625000   0.250000
  0.321608   0.540992   0.421548  -0.173442   0.747461  -0.970447  -0.997638   0.625000   0.250000
  0.326633   0.540120   0.425304  -0.178319   0.742447  -0.922242  -1.039112   0.625000   0.250000
  0.331658   0.539224   0.429035  -0.182953   0.737226  -0.874193  -1.075329   0.625000   0.250000
  0.336683   0.538305   0.432740  -0.187346   0.731822  -0.826435  -1.106607   0.625000   0.250000
  0.341709   0.537363   0.436418  -0.191499   0.726261  -0.798976  -1.133261   0.625000   0.250000
  0.346734   0.536401   0.440067  -0.195514   0.720566  -0.751478  -1.155576   0.625000   0.250000
  0.351759   0.535419   0.443688  -0.199290   0.714759  -0.704719  -1.173844   0.625000   0.250000
  0.356784   0.534417   0.447280  -0.202832   0.708861  -0.658795  -1.188339   0.625000   0.250000
  0.361809   0.533398   0.450842  -0.206142   0.702889  -0.613799  -1.199322   0.625000   0.250000
  0.366834   0.532362   0.454374  -0.209226   0.696863  -0.569813  -1.207043   0.625000   0.250000
  0.371859   0.531311   0.457875  -0.212090   0.690797  -0.526914  -1.211742   0.625000   0.250000
  0.376884   0.530245   0.461347  -0.214737   0.684708  -0.485172  -1.213646   0.625000   0.250000
  0.381910   0.529166   0.464788  -0.217176   0.678608  -0.444644  -1.212971   0.625000   0.250000
  0.386935   0.528074   0.468198  -0.219410   0.672513  -0.405403  -1.209923   0.625000   0.250000
  0.391960   0.526972   0.471577  -0.221447   0.666433  -0.367495  -1.204697   0.625000   0.250000
  0.396985   0.525859   0.474926  -0.223294   0.660380  -0.330966  -1.197477   0.625000   0.250000
  0.402010   0.524737   0.478245  -0.224957   0.654362  -0.295859  -1.188438   0.625000   0.250000
  0.407035   0.523607   0.481533  -0.226444   0.648391  -0.262211  -1.177746   0.625000   0.250000
  0.412060   0.522469   0.484791  -0.227761   0.642472  -0.230055  -1.165555   0.625000   0.250000
  0.417085   0.521324   0.488019  -0.228917   0.636615  -0.199421  -1.152012   0.625000   0.250000
  0.422111   0.520174   0.491219  -0.229920   0.630825  -0.170327  -1.137254   0.625000   0.250000
  0.427136   0.519018   0.494389  -0.230776   0.625111  -0.142809  -1.121413   0.625000   0.250000
  0.432161   0.517859   0.497530  -0.231493   0.619476  -0.116880  -1.104611   0.625000   0.250000
  0.437186   0.516695   0.500643  -0.232081   0.613925  -0.092555  -1.086960   0.625000   0.250000
  0.442211   0.515529   0.503728  -0.232546   0.608463  -0.069848  -1.068568   0.625000   0.250000
  0.447236   0.514361   0.506786  -0.232897   0.603093  -0.048772  -1.049533   0.625000   0.250000
  0.452261   0.513190   0.509816  -0.233142   0.597820  -0.029337  -1.029950   0.625000   0.250000
  0.457286   0.512019   0.512820  -0.233289   0.592644  -0.011550  -1.009904   0.625000   0.250000
  0.462312   0.510846   0.515799  -0.233347   0.587568   0.004585  -0.989474   0.625000   0.250000
  0.467337   0.509674   0.518751  -0.233324   0.582596   0.019055  -0.968740   0.625000   0.250000
  0.472362   0.508501   0.521679  -0.233228   0.577728   0.031859  -0.947770   0.625000   0.250000
  0.477387   0.507329   0.524582  -0.233068   0.572966   0.042992  -0.926628   0.625000   0.250000
  0.482412   0.506158   0.527461  -0.232852   0.568309   0.052451  -0.905373   0.625000   0.250000
  0.487437   0.504988   0.530317  -0.232589   0.563760   0.060234  -0.884060   0.625000   0.250000
  0.492462   0.503819   0.533150  -0.232286   0.559317   0.066337  -0.862741   0.625000   0.250000
  0.497487   0.502652   0.535960  -0.231953   0.554982   0.070759  -0.841462   0.625000   0.250000
  0.502513   0.501486   0.538750  -0.231597   0.550753   0.073498  -0.820262   0.625000   0.250000
  0.507538   0.500322   0.541517  -0.231228   0.546631   0.074551  -0.799189   0.625000   0.250000
  0.512563   0.499161   0.544264  -0.230853   0.542615   0.073918  -0.778275   0.625000   0.250000
  0.517588   0.498001   0.546991  -0.230482   0.538704   0.071598  -0.757552   0.625000   0.250000
  0.522613   0.496842   0.549698  -0.230122   0.534898   0.067590  -0.737052   0.625000   0.250000
  0.527638   0.495686   0.552385  -0.229782   0.531194   0.061896  -0.716802   0.625000   0.250000
  0.532663   0.494531   0.555055  -0.229471   0.527592   0.054516  -0.696827   0.625000   0.250000
  0.537688   0.493378   0.557706  -0.229197   0.524091   0.045454  -0.677151   0.625000   0.250000
  0.542714   0.492226   0.560340  -0.228969   0.520687   0.034709  -0.657790   0.625000   0.250000
  0.547739   0.491076   0.562956  -0.228794   0.517382   0.022292  -0.638771   0.625000   0.250000
  0.552764   0.489926   0.565556  -0.228682   0.514172   0.008209  -0.620109   0.625000   0.250000
  0.557789   0.488777   0.568140  -0.228641   0.511056  -0.007532  -0.601819   0.625000   0.250000
  0.562814   0.487628   0.570708  -0.228679   0.508032  -0.024917  -0.583916   0.625000   0.250000
  0.567839   0.486479   0.573261  -0.228804   0.505098  -0.043932  -0.566415   0.625000   0.250000
  0.572864   0.485329   0.575799  -0.229025   0.502251  -0.064557  -0.549329   0.625000   0.250000
  0.577889   0.484178   0.578323  -0.229349   0.499491  -0.086769  -0.532670   0.625000   0.250000
  0.582915   0.483026   0.580833  -0.229785   0.496814  -0.110545  -0.516446   0.625000   0.250000
  0.587940   0.481871   0.583330  -0.230341   0.494219  -0.135843  -0.500677   0.625000   0.250000
  0.592965   0.480713   0.585813  -0.231024   0.491703  -0.162629  -0.485371   0.625000   0.250000
  0.597990   0.479553   0.588284  -0.231841   0.489264  -0.190857  -0.470539   0.625000   0.250000
  0.603015   0.478388   0.590743  -0.232800   0.486899  -0.220475  -0.456195   0.625000   0.250000
  0.608040   0.477218   0.593189  -0.233908   0.484607  -0.251424  -0.442352   0.625000   0.250000
  0.613065   0.476042   0.595624  -0.235171   0.482384  -0.283635  -0.429022   0.625000   0.250000
  0.618090   0.474861   0.598048  -0.236596   0.480228  -0.317031  -0.416222   0.625000   0.250000
  0.623116   0.473671   0.600462  -0.238190   0.478136  -0.351532  -0.403967   0.625000   0.250000
  0.628141   0.472475   0.602865  -0.239956   0.476106  -0.387025  -0.392278   0.625000   0.250000
  0.633166   0.471269   0.605257  -0.241901   0.474135  -0.423408  -0.381175   0.625000   0.250000
  0.638191   0.470053   0.607640  -0.244029   0.472220  -0.460559  -0.370680   0.625000   0.250000
  0.643216   0.468827   0.610012  -0.246343   0.470357  -0.498342  -0.360819   0.625000   0.250000
  0.648241   0.467589   0.612376  -0.248847   0.468544  -0.536607  -0.351622   0.625000   0.250000
  0.653266   0.466339   0.614730  -0.251544   0.466777  -0.575190  -0.343120   0.625000   0.250000
  0.658291   0.465075   0.617076  -0.254434   0.465053  -0.613909  -0.335352   0.625000   0.250000
  0.663317   0.463796   0.619413  -0.257519   0.463368  -0.652573  -0.328356   0.625000   0.250000
  0.668342   0.462502   0.621742  -0.260799   0.461718  -0.690948  -0.322184   0.625000   0.250000
  0.673367   0.461191   0.624062  -0.264271   0.460099  -0.728804  -0.316886   0.625000   0.250000
  0.678392   0.459863   0.626374  -0.267933   0.458506  -0.765881  -0.312520   0.625000   0.250000
  0.683417   0.458517   0.628678  -0.271781   0.456936  -0.801897  -0.309154   0.625000   0.250000
  0.688442   0.457151   0.630974  -0.275811   0.455382  -0.836546  -0.306862   0.625000   0.250000
  0.693467   0.455765   0.633262  -0.280015   0.453840  -0.869496  -0.305725   0.625000   0.250000
  0.698492   0.454358   0.635543  -0.284384   0.452304  -0.900384  -0.305837   0.625000   0.250000
  0.703518   0.452929   0.637816  -0.288909   0.450767  -0.928829  -0.307299   0.625000   0.250000
  0.708543   0.451477   0.640081  -0.293577   0.449223  -0.954396  -0.310226   0.625000   0.250000
  0.713568   0.450002   0.642339  -0.298372   0.447664  -0.976637  -0.314742   0.625000   0.250000
  0.718593   0.448503   0.644588  -0.303280   0.446082  -0.995064  -0.320986   0.625000   0.250000
  0.723618   0.446979   0.646830  -0.308280   0.444469  -1.009151  -0.329109   0.625000   0.250000
  0.728643   0.445430   0.649063  -0.313351   0.442816  -1.018333  -0.339280   0.625000   0.250000
  0.733668   0.443855   0.651288  -0.318468   0.441111  -1.022007  -0.351680   0.625000   0.250000
  0.738693   0.442255   0.653505  -0.323604   0.439343  -1.019526  -0.366506   0.625000   0.250000
  0.743719   0.440628   0.655713  -0.328728   0.437501  -1.010202  -0.383977   0.625000   0.250000
  0.748744   0.438976   0.657911  -0.333804   0.435572  -0.993307  -0.404316   0.625000   0.250000
  0.753769   0.437299   0.660100  -0.338796   0.433540  -0.968069  -0.427774   0.625000   0.250000
  0.758794   0.435597   0.662279  -0.343660   0.431391  -0.933675  -0.454615   0.625000   0.250000
  0.763819   0.433870   0.664446  -0.348352   0.429106  -0.889275  -0.485118   0.625000   0.250000
  0.768844   0.432119   0.666603  -0.352820   0.426669  -0.833982  -0.519574   0.625000   0.250000
  0.773869   0.430346   0.668747  -0.357011   0.424058  -0.757480  -0.558288   0.625000   0.250000
  0.778894   0.428552   0.670878  -0.360818   0.421252  -0.679561  -0.601573   0.625000   0.250000
  0.783920   0.426739   0.672995  -0.364233   0.418229  -0.587674  -0.649756   0.625000   0.250000
  0.788945   0.424909   0.675096  -0.367186   0.414964  -0.480941  -0.703136   0.625000   0.250000
  0.793970   0.423063   0.677182  -0.369603   0.411430  -0.358439  -0.762031   0.625000   0.250000
  0.798995   0.421206   0.679249  -0.371404   0.407601  -0.219297  -0.826739   0.625000   0.250000
  0.804020   0.419340   0.681297  -0.372506   0.403447  -0.062700  -0.897535   0.625000   0.250000
  0.809045   0.417468   0.683325  -0.372821   0.398937   0.112083  -0.974659   0.625000   0.250000
  0.814070   0.415595   0.685329  -0.372258   0.394039   0.305670  -1.058308   0.625000   0.250000
  0.819095   0.413724   0.687309  -0.370722   0.388721   0.518535  -1.148621   0.625000   0.250000
  0.824121   0.411861   0.689263  -0.368116   0.382948   0.751015  -1.245687   0.625000   0.250000
  0.829146   0.410011   0.691187  -0.364342   0.376689   1.003081  -1.349445   0.625000   0.250000
  0.834171   0.408180   0.693080  -0.359301   0.369908   1.274583  -1.459794   0.625000   0.250000
  0.839196   0.406375   0.694939  -0.352897   0.362572   1.565023  -1.576496   0.625000   0.250000
  0.844221   0.404601   0.696761  -0.345032   0.354650   1.873564  -1.699182   0.625000   0.250000
  0.849246   0.402868   0.698543  -0.335618   0.346112   2.198993  -1.827339   0.625000   0.250000
  0.854271   0.401181   0.700282  -0.324568   0.336929   2.539696  -1.960302   0.625000   0.250000
  0.859296   0.399550   0.701975  -0.311806   0.327079   2.893639  -2.097245   0.625000   0.250000
  0.864322   0.397983   0.703619  -0.297262   0.316538   3.258437  -2.237210   0.625000   0.250000
  0.869347   0.396489   0.705210  -0.280889   0.305296   3.631053  -2.378993   0.625000   0.250000
  0.874372   0.395078   0.706744  -0.262643   0.293342   4.008277  -2.521329   0.625000   0.250000
  0.879397   0.393758   0.708218  -0.242501   0.280672   4.386462  -2.662791   0.625000   0.250000
  0.884422   0.392539   0.709628  -0.220459   0.267292   4.761652  -2.801840   0.625000   0.250000
  0.889447   0.391432   0.710971  -0.196532   0.253212   5.129654  -2.936858   0.625000   0.250000
  0.894472   0.390444   0.712244  -0.170755   0.238455   5.486122  -3.066174   0.625000   0.250000
  0.899497   0.389586   0.713442  -0.143187   0.223047   5.826654  -3.188109   0.625000   0.250000
  0.904523   0.388866   0.714563  -0.113903   0.207024   6.146964  -3.301038   0.625000   0.250000
  0.909548   0.388294   0.715603  -0.083014   0.190436   6.442717  -3.403333   0.625000   0.250000
  0.914573   0.387877   0.716560  -0.050640   0.173334   6.710054  -3.493556   0.625000   0.250000
  0.919598   0.387622   0.717431  -0.016922   0.155779   6.945408  -3.570393   0.625000   0.250000
  0.924623   0.387537   0.718214   0.017979   0.137838   7.145666  -3.632716   0.625000   0.250000
  0.929648   0.387628   0.718907   0.053886   0.119583   7.308247  -3.679610   0.625000   0.250000
  0.934673   0.387898   0.719508   0.090610   0.101093   7.431152  -3.710390   0.625000   0.250000
  0.939698   0.388354   0.720016   0.127952   0.082449   7.513009  -3.724622   0.625000   0.250000
  0.944724   0.388997   0.720430   0.165712   0.063729   7.553091  -3.722116   0.625000   0.250000
  0.949749   0.389830   0.720750   0.203666   0.045025   7.551279  -3.702932   0.625000   0.250000
  0.954774   0.390853   0.720977   0.241611   0.026418   7.508102  -3.667371   0.625000   0.250000
  0.959799   0.392067   0.721109   0.279340   0.007989   7.424651  -3.615949   0.625000   0.250000
  0.964824   0.393471   0.721149   0.316648  -0.010181   7.302534  -3.549382   0.625000   0.250000
  0.969849   0.395062   0.721098   0.353344  -0.028016   7.143819  -3.468557   0.625000   0.250000
  0.974874   0.396838   0.720957   0.389241  -0.045446   6.950959  -3.374505   0.625000   0.250000
  0.979899   0.398793   0.720729   0.424170  -0.062403   6.726722  -3.268374   0.625000   0.250000
  0.984925   0.400925   0.720415   0.457978  -0.078830   6.474058  -3.151370   0.625000   0.250000
  0.989950   0.403227   0.720019   0.490511  -0.094665   6.196241  -3.024829   0.625000   0.250000
  0.994975   0.405691   0.719544   0.521647  -0.109865   5.896487  -2.890047   0.625000   0.250000
  1.000000   0.408313   0.718992   0.551277  -0.124388   5.578096  -2.748346   0.625000   0.250000