  0.000000   0.576537   0.315224   0.000000   0.000000   0.964218 -22.268160   0.750000   0.125000
  0.005025   0.576537   0.315224   0.004845  -0.111898   1.040140 -17.452083   0.750000   0.125000
  0.010050   0.576561   0.314662   0.010072  -0.199594   1.072047 -13.235744   0.750000   0.125000
  0.015075   0.576612   0.313659   0.015459  -0.266104   1.066696  -9.558546   0.750000   0.125000
  0.020101   0.576690   0.312321   0.020820  -0.314145   1.030084  -6.364754   0.750000   0.125000
  0.025126   0.576794   0.310743   0.025996  -0.346128   0.967561  -3.605595   0.750000   0.125000
  0.030151   0.576925   0.309003   0.030858  -0.364246   0.883845  -1.234853   0.750000   0.125000
  0.035176   0.577080   0.307173   0.035300  -0.370451   0.783105   0.788777   0.750000   0.125000
  0.040201   0.577257   0.305312   0.039235  -0.366488   0.669013   2.502758   0.750000   0.125000
  0.045226   0.577455   0.303470   0.042597  -0.353911   0.544793   3.941041   0.750000   0.125000
  0.050251   0.577669   0.301692   0.045334  -0.334108   0.413263   5.134372   0.750000   0.125000
  0.055276   0.577896   0.300013   0.047411  -0.308307   0.276881   6.110569   0.750000   0.125000
  0.060302   0.578135   0.298463   0.048802  -0.277596   0.137748   6.894923   0.750000   0.125000
  0.065327   0.578380   0.297068   0.049495  -0.242949  -0.002242   7.509810   0.750000   0.125000
  0.070352   0.578629   0.295847   0.049483  -0.205212  -0.141540   7.975896   0.750000   0.125000
  0.075377   0.578877   0.294816   0.048772  -0.165133  -0.278805   8.311637   0.750000   0.125000
  0.080402   0.579122   0.293986   0.047371  -0.123367  -0.412903   8.533641   0.750000   0.125000
  0.085427   0.579360   0.293367   0.045296  -0.080485  -0.542887   8.656837   0.750000   0.125000
  0.090452   0.579588   0.292962   0.042568  -0.036985  -0.667975   8.694624   0.750000   0.125000
  0.095477   0.579802   0.292776   0.039212   0.006706  -0.787531   8.659012   0.750000   0.125000
  0.100503   0.579999   0.292810   0.035254   0.050226  -0.901072   8.560726   0.750000   0.125000
  0.105528   0.580176   0.293062   0.030726   0.093244  -1.008160   8.409404   0.750000   0.125000
  0.110553   0.580331   0.293531   0.025660   0.135501  -1.108527   8.213594   0.750000   0.125000
  0.115578   0.580459   0.294212   0.020089   0.176774  -1.201971   7.980915   0.750000   0.125000
  0.120603   0.580560   0.295100   0.014049   0.216878  -1.288367   7.718129   0.750000   0.125000
  0.125628   0.580631   0.296190   0.007575   0.255662  -1.367656   7.431229   0.750000   0.125000
  0.130653   0.580669   0.297475   0.000703   0.293004  -1.439836   7.125506   0.750000   0.125000
  0.135678   0.580673   0.298947  -0.006532   0.328809  -1.504959   6.805621   0.750000   0.125000
  0.140704   0.580640   0.300599  -0.014096   0.363014  -1.563128   6.475599   0.750000   0.125000
  0.145729   0.580569   0.302424  -0.021951   0.395554  -1.614446   6.139153   0.750000   0.125000
  0.150754   0.580459   0.304411  -0.030064   0.426404  -1.659087   5.799333   0.750000   0.125000
  0.155779   0.580308   0.306554  -0.038400   0.455545  -1.697237   5.458841   0.750000   0.125000
  0.160804   0.580115   0.308843  -0.046929   0.482976  -1.729100   5.120005   0.750000   0.125000
  0.165829   0.579879   0.311270  -0.055618   0.508704  -1.754901   4.784819   0.750000   0.125000
  0.170854   0.579599   0.313826  -0.064436   0.532748  -1.774876   4.454979   0.750000   0.125000
  0.175879   0.579275   0.316503  -0.073355   0.555134  -1.789274   4.131913   0.750000   0.125000
  0.180905   0.578907   0.319293  -0.082348   0.575901  -1.798351   3.816747   0.750000   0.125000
  0.185930   0.578493   0.322187  -0.091385   0.595080  -1.802363   3.510588   0.750000   0.125000
  0.190955   0.578034   0.325178  -0.100441   0.612721  -1.801577   3.214161   0.750000   0.125000
  0.195980   0.577529   0.328257  -0.109494   0.628872  -1.796259   2.928087   0.750000   0.125000
  0.201005   0.576979   0.331417  -0.118521   0.643586  -1.758263   2.652844   0.750000   0.125000
  0.206030   0.576383   0.334651  -0.127356   0.656916  -1.745297   2.388775   0.750000   0.125000
  0.211055   0.575743   0.337952  -0.136126   0.668920  -1.728443   2.136114   0.750000   0.125000
  0.216080   0.575059   0.341313  -0.144811   0.679654  -1.707966   1.894993   0.750000   0.125000
  0.221106   0.574331   0.344729  -0.153396   0.689178  -1.684118   1.665412   0.750000   0.125000
  0.226131   0.573561   0.348192  -0.161858   0.697547  -1.657161   1.447437   0.750000   0.125000
  0.231156   0.572747   0.351697  -0.170186   0.704820  -1.627337   1.240926   0.750000   0.125000
  0.236181   0.571892   0.355239  -0.178363   0.711056  -1.594887   1.045729   0.750000   0.125000
  0.241206   0.570996   0.358812  -0.186377   0.716310  -1.560045   0.861652   0.750000   0.125000
  0.246231   0.570059   0.362411  -0.194216   0.720640  -1.523037   0.688458   0.750000   0.125000
  0.251256   0.569083   0.366033  -0.201870   0.724100  -1.484084   0.525881   0.750000   0.125000
  0.256281   0.568069   0.369671  -0.209327   0.726742  -1.443398   0.373625   0.750000   0.125000
  0.261307   0.567017   0.373324  -0.216582   0.728620  -1.401176   0.231347   0.750000   0.125000
  0.266332   0.565929   0.376985  -0.223623   0.729783  -1.357631   0.098771   0.750000   0.125000
  0.271357   0.564805   0.380652  -0.230445   0.730279  -1.312947  -0.024477   0.750000   0.125000
  0.276382   0.563647   0.384322  -0.237042   0.730156  -1.267304  -0.138754   0.750000   0.125000
  0.281407   0.562456   0.387991  -0.243411   0.729459  -1.220879  -0.244419   0.750000   0.125000
  0.286432   0.561233   0.391657  -0.249545   0.728231  -1.173840  -0.341836   0.750000   0.125000
  0.291457   0.559979   0.395316  -0.255444   0.726513  -1.126345  -0.431370   0.750000   0.125000
  0.296482   0.558695   0.398967  -0.261104   0.724345  -1.078549  -0.513384   0.750000   0.125000
  0.301508   0.557383   0.402607  -0.266525   0.721765  -1.030587  -0.588253   0.750000   0.125000
  0.306533   0.556043   0.406234  -0.271703   0.718809  -0.982617  -0.656299   0.750000   0.125000
  0.311558   0.554678   0.409846  -0.276641   0.715511  -0.934761  -0.717888   0.750000   0.125000
  0.316583   0.553288   0.413442  -0.281338   0.711904  -0.887143  -0.773362   0.750000   0.125000
  0.321608   0.551874   0.417019  -0.285796   0.708017  -0.839881  -0.823054   0.750000   0.125000
  0.326633   0.550438   0.420577  -0.290016   0.703882  -0.793085  -0.867288   0.750000   0.125000
  0.331658   0.548981   0.424114  -0.294002   0.699523  -0.746860  -0.906379   0.750000   0.125000
  0.336683   0.547504   0.427629  -0.297755   0.694969  -0.701304  -0.940632   0.750000   0.125000
  0.341709   0.546007   0.431122  -0.301279   0.690241  -0.656498  -0.970348   0.750000   0.125000
  0.346734   0.544493   0.434590  -0.304578   0.685365  -0.612547  -0.995797   0.750000   0.125000
  0.351759   0.542963   0.438034  -0.307656   0.680361  -0.569520  -1.017259   0.750000   0.125000
  0.356784   0.541417   0.441453  -0.310518   0.675250  -0.527490  -1.034997   0.750000   0.125000
  0.361809   0.539856   0.444846  -0.313169   0.670049  -0.486524  -1.049262   0.750000   0.125000
  0.366834   0.538283   0.448213  -0.315614   0.664776  -0.446685  -1.060294   0.750000   0.125000
  0.371859   0.536697   0.451554  -0.317858   0.659448  -0.408029  -1.068324   0.750000   0.125000
  0.376884   0.535099   0.454867  -0.319909   0.654080  -0.370606  -1.073569   0.750000   0.125000
  0.381910   0.533492   0.458155  -0.321771   0.648684  -0.334457  -1.076240   0.750000   0.125000
  0.386935   0.531875   0.461414  -0.323452   0.643276  -0.299636  -1.076532   0.750000   0.125000
  0.391960   0.530249   0.464647  -0.324958   0.637867  -0.266174  -1.074636   0.750000   0.125000
  0.396985   0.528616   0.467852  -0.326295   0.632467  -0.234103  -1.070730   0.750000   0.125000
  0.402010   0.526977   0.471030  -0.327471   0.627086  -0.203450  -1.064983   0.750000   0.125000
  0.407035   0.525331   0.474181  -0.328494   0.621735  -0.174241  -1.057556   0.750000   0.125000
  0.412060   0.523680   0.477305  -0.329369   0.616420  -0.146495  -1.048598   0.750000   0.125000
  0.417085   0.522025   0.480403  -0.330105   0.611151  -0.120231  -1.038254   0.750000   0.125000
  0.422111   0.520366   0.483475  -0.330710   0.605933  -0.095455  -1.026654   0.750000   0.125000
  0.427136   0.518704   0.486519  -0.331189   0.600774  -0.072191  -1.013930   0.750000   0.125000
  0.432161   0.517040   0.489538  -0.331552   0.595679  -0.050441  -1.000198   0.750000   0.125000
  0.437186   0.515374   0.492532  -0.331806   0.590653  -0.030209  -0.985570   0.750000   0.125000
  0.442211   0.513707   0.495500  -0.331957   0.585700  -0.011501  -0.970149   0.750000   0.125000
  0.447236   0.512039   0.498443  -0.332015   0.580825  -0.018171  -0.954034   0.750000   0.125000
  0.452261   0.510370   0.501361  -0.332107   0.576031  -0.001353  -0.937316   0.750000   0.125000
  0.457286   0.508702   0.504256  -0.332113   0.571321   0.013840  -0.920079   0.750000   0.125000
  0.462312   0.507032   0.507127  -0.332044   0.566697   0.027422  -0.902401   0.750000   0.125000
  0.467337   0.505364   0.509975  -0.331906   0.562163   0.039398  -0.884362   0.750000   0.125000
  0.472362   0.503696   0.512800  -0.331708   0.557719   0.049783  -0.866027   0.750000   0.125000
  0.477387   0.502029   0.515603  -0.331458   0.553367   0.058590  -0.847460   0.750000   0.125000
  0.482412   0.500364   0.518383  -0.331163   0.549108   0.065831  -0.828720   0.750000   0.125000
  0.487437   0.498700   0.521142  -0.330833   0.544944   0.071521  -0.809862   0.750000   0.125000
  0.492462   0.497037   0.523881  -0.330473   0.540874   0.075672  -0.790937   0.750000   0.125000
  0.497487   0.495376   0.526599  -0.330093   0.536900   0.078299  -0.771990   0.750000   0.125000
  0.502513   0.493717   0.529297  -0.329699   0.533020   0.079415  -0.753062   0.750000   0.125000
  0.507538   0.492061   0.531976  -0.329300   0.529236   0.079035  -0.734199   0.750000   0.125000
  0.512563   0.490406   0.534635  -0.328903   0.525547   0.077172  -0.715434   0.750000   0.125000
  0.517588   0.488753   0.537276  -0.328515   0.521951   0.073841  -0.696801   0.750000   0.125000
  0.522613   0.487102   0.539899  -0.328144   0.518450   0.069057  -0.678329   0.750000   0.125000
  0.527638   0.485453   0.542504  -0.327797   0.515041   0.062834  -0.660048   0.750000   0.125000
  0.532663   0.483806   0.545092  -0.327482   0.511725   0.055187  -0.641981   0.750000   0.125000
  0.537688   0.482161   0.547663  -0.327204   0.508499   0.046131  -0.624154   0.750000   0.125000
  0.542714   0.480516   0.550219  -0.326973   0.505362   0.035682  -0.606583   0.750000   0.125000
  0.547739   0.478873   0.552759  -0.326793   0.502314   0.023859  -0.589296   0.750000   0.125000
  0.552764   0.477231   0.555283  -0.326673   0.499352   0.010680  -0.572306   0.750000   0.125000
  0.557789   0.475589   0.557792  -0.326620   0.496477  -0.003837  -0.555631   0.750000   0.125000
  0.562814   0.473948   0.560287  -0.326639   0.493685  -0.019671  -0.539286   0.750000   0.125000
  0.567839   0.472307   0.562767  -0.326738   0.490975  -0.036797  -0.523285   0.750000   0.125000
  0.572864   0.470665   0.565235  -0.326923   0.488345  -0.055191  -0.507640   0.750000   0.125000
  0.577889   0.469022   0.567689  -0.327200   0.485794  -0.074824  -0.492366   0.750000   0.125000
  0.582915   0.467378   0.570130  -0.327576   0.483320  -0.095669  -0.477470   0.750000   0.125000
  0.587940   0.465732   0.572559  -0.328057   0.480920  -0.117683  -0.462972   0.750000   0.125000
  0.592965   0.464083   0.574975  -0.328648   0.478594  -0.140830  -0.448878   0.750000   0.125000
  0.597990   0.462432   0.577380  -0.329356   0.476338  -0.165066  -0.435202   0.750000   0.125000
  0.603015   0.460777   0.579774  -0.330185   0.474151  -0.190340  -0.421955   0.750000   0.125000
  0.608040   0.459117   0.582157  -0.331142   0.472031  -0.216598  -0.409149   0.750000   0.125000
  0.613065   0.457454   0.584529  -0.332230   0.469975  -0.243775  -0.396798   0.750000   0.125000
  0.618090   0.455784   0.586890  -0.333455   0.467981  -0.271803  -0.384916   0.750000   0.125000
  0.623116   0.454108   0.589242  -0.334821   0.466047  -0.300607  -0.373516   0.750000   0.125000
  0.628141   0.452426   0.591584  -0.336332   0.464170  -0.330088  -0.362620   0.750000   0.125000
  0.633166   0.450736   0.593917  -0.337990   0.462348  -0.360152  -0.352244   0.750000   0.125000
  0.638191   0.449037   0.596240  -0.339800   0.460577  -0.390690  -0.342409   0.750000   0.125000
  0.643216   0.447330   0.598554  -0.341763   0.458857  -0.421579  -0.333139   0.750000   0.125000
  0.648241   0.445612   0.600860  -0.343882   0.457183  -0.452684  -0.324460   0.750000   0.125000
  0.653266   0.443884   0.603157  -0.346157   0.455552  -0.483852  -0.316401   0.750000   0.125000
  0.658291   0.442145   0.605447  -0.348588   0.453963  -0.514916  -0.308996   0.750000   0.125000
  0.663317   0.440393   0.607728  -0.351176   0.452410  -0.545699  -0.302282   0.750000   0.125000
  0.668342   0.438628   0.610002  -0.353918   0.450891  -0.575982  -0.296303   0.750000   0.125000
  0.673367   0.436850   0.612267  -0.356812   0.449402  -0.605547  -0.291106   0.750000   0.125000
  0.678392   0.435057   0.614526  -0.359855   0.447939  -0.634146  -0.286743   0.750000   0.125000
  0.683417   0.433248   0.616776  -0.363042   0.446498  -0.661508  -0.283275   0.750000   0.125000
  0.688442   0.431424   0.619020  -0.366366   0.445074  -0.687333  -0.280769   0.750000   0.125000
  0.693467   0.429583   0.621257  -0.369820   0.443664  -0.711294  -0.279300   0.750000   0.125000
  0.698492   0.427725   0.623486  -0.373394   0.442260  -0.733034  -0.278951   0.750000   0.125000
  0.703518   0.425848   0.625709  -0.377078   0.440858  -0.752166  -0.279815   0.750000   0.125000
  0.708543   0.423953   0.627924  -0.380858   0.439452  -0.768257  -0.281996   0.750000   0.125000
  0.713568   0.422040   0.630132  -0.384718   0.438035  -0.780848  -0.285608   0.750000   0.125000
  0.718593   0.420106   0.632333  -0.388642   0.436600  -0.789436  -0.290777   0.750000   0.125000
  0.723618   0.418153   0.634527  -0.392609   0.435139  -0.793478  -0.297641   0.750000   0.125000
  0.728643   0.416181   0.636714  -0.396596   0.433643  -0.792385  -0.306354   0.750000   0.125000
  0.733668   0.414188   0.638893  -0.400578   0.432104  -0.785524  -0.317082   0.750000   0.125000
  0.738693   0.412175   0.641064  -0.404525   0.430510  -0.772213  -0.330007   0.750000   0.125000
  0.743719   0.410142   0.643228  -0.408406   0.428852  -0.751719  -0.345329   0.750000   0.125000
  0.748744   0.408089   0.645383  -0.412184   0.427116  -0.723271  -0.363253   0.750000   0.125000
  0.753769   0.406018   0.647529  -0.415818   0.425291  -0.686040  -0.384012   0.750000   0.125000
  0.758794   0.403929   0.649666  -0.419266   0.423361  -0.639153  -0.407849   0.750000   0.125000
  0.763819   0.401822   0.651794  -0.422477   0.421312  -0.581692  -0.435021   0.750000   0.125000
  0.768844   0.399699   0.653911  -0.425400   0.419126  -0.512702  -0.465802   0.750000   0.125000
  0.773869   0.397561   0.656017  -0.427977   0.416785  -0.424255  -0.500473   0.750000   0.125000
  0.778894   0.395411   0.658111  -0.430109   0.414270  -0.330659  -0.539326   0.750000   0.125000
  0.783920   0.393249   0.660193  -0.431770   0.411560  -0.222281  -0.582670   0.750000   0.125000
  0.788945   0.391079   0.662262  -0.432887   0.408632  -0.098159  -0.630785   0.750000   0.125000
  0.793970   0.388904   0.664315  -0.433381   0.405462   0.042715  -0.683972   0.750000   0.125000
  0.798995   0.386726   0.666352  -0.433166   0.402025   0.201294  -0.742517   0.750000   0.125000
  0.804020   0.384550   0.668373  -0.432155   0.398294   0.378465  -0.806681   0.750000   0.125000
  0.809045   0.382378   0.670374  -0.430253   0.394240   0.575020  -0.876701   0.750000   0.125000
  0.814070   0.380216   0.672355  -0.427363   0.389835   0.791627  -0.952772   0.750000   0.125000
  0.819095   0.378069   0.674314  -0.423385   0.385047   1.028785  -1.035041   0.750000   0.125000
  0.824121   0.375941   0.676249  -0.418215   0.379845   1.286849  -1.123606   0.750000   0.125000
  0.829146   0.373839   0.678158  -0.411748   0.374199   1.565756  -1.218433   0.750000   0.125000
  0.834171   0.371770   0.680038  -0.403880   0.368077   1.865314  -1.319452   0.750000   0.125000
  0.839196   0.369741   0.681888  -0.394507   0.361446   2.184942  -1.426468   0.750000   0.125000
  0.844221   0.367758   0.683704  -0.383528   0.354278   2.523679  -1.539166   0.750000   0.125000
  0.849246   0.365831   0.685484  -0.370846   0.346544   2.880150  -1.657101   0.750000   0.125000
  0.854271   0.363967   0.687226  -0.356374   0.338217   3.252538  -1.779686   0.750000   0.125000
  0.859296   0.362177   0.688925  -0.340030   0.329274   3.638559  -1.906187   0.750000   0.125000
  0.864322   0.360468   0.690580  -0.321742   0.319694   4.035544  -2.035748   0.750000   0.125000
  0.869347   0.358851   0.692187  -0.301464   0.309464   4.440108  -2.167282   0.750000   0.125000
  0.874372   0.357336   0.693742  -0.279152   0.298573   4.848680  -2.299647   0.750000   0.125000
  0.879397   0.355933   0.695242  -0.254787   0.287018   5.257214  -2.431546   0.750000   0.125000
  0.884422   0.354653   0.696684  -0.228370   0.274799   5.661329  -2.561576   0.750000   0.125000
  0.889447   0.353505   0.698065  -0.199922   0.261927   6.056393  -2.688255   0.750000   0.125000
  0.894472   0.352501   0.699381  -0.169488   0.248419   6.437618  -2.810048   0.750000   0.125000
  0.899497   0.351649   0.700630  -0.137139   0.234298   6.800166  -2.925408   0.750000   0.125000
  0.904523   0.350960   0.701807  -0.102962   0.219595   7.139339  -3.032827   0.750000   0.125000
  0.909548   0.350443   0.702911  -0.067086   0.204355   7.450407  -3.130792   0.750000   0.125000
  0.914573   0.350105   0.703938  -0.029648   0.188623   7.729171  -3.217958   0.750000   0.125000
  0.919598   0.349956   0.704885   0.009191   0.172453   7.971770  -3.293087   0.750000   0.125000
  0.924623   0.350003   0.705752   0.049249   0.155905   8.174859  -3.355108   0.750000   0.125000
  0.929648   0.350250   0.706535   0.090328   0.139046   8.335688  -3.403140   0.750000   0.125000
  0.934673   0.350704   0.707234   0.132215   0.121945   8.452162  -3.436514   0.750000   0.125000
  0.939698   0.351368   0.707847   0.174687   0.104676   8.522884  -3.454784   0.750000   0.125000
  0.944724   0.352246   0.708373   0.217523   0.087313   8.547169  -3.457733   0.750000   0.125000
  0.949749   0.353339   0.708812   0.260472   0.069937   8.525018  -3.445367   0.750000   0.125000
  0.954774   0.354648   0.709163   0.303310   0.052624   8.457138  -3.417917   0.750000   0.125000
  0.959799   0.356172   0.709428   0.345808   0.035449   8.344852  -3.375814   0.750000   0.125000
  0.964824   0.357910   0.709606   0.387740   0.018486   8.190056  -3.319675   0.750000   0.125000
  0.969849   0.359858   0.709699   0.428895   0.001805   7.995144  -3.250276   0.750000   0.125000
  0.974874   0.362014   0.709708   0.469071  -0.014528   7.762929  -3.168532   0.750000   0.125000
  0.979899   0.364371   0.709635   0.508080  -0.030450   7.496561  -3.075463   0.750000   0.125000
  0.984925   0.366924   0.709482   0.545757  -0.045907   7.199380  -2.972155   0.750000   0.125000
  0.989950   0.369667   0.709251   0.581934  -0.060842   6.875080  -2.859810   0.750000   0.125000
  0.994975   0.372591   0.708945   0.616482  -0.075213   6.527274  -2.739602   0.750000   0.125000
  1.000000   0.375689   0.708567   0.649281  -0.088979   6.159658  -2.612735   0.750000   0.125000