  0.000000   0.539018   0.303843   0.000000   0.000000  -0.389147 -21.460923   0.625000   0.875000
  0.005025   0.539018   0.303843  -0.001955  -0.107841   0.112281 -16.639180   0.625000   0.875000
  0.010050   0.539008   0.303301  -0.001391  -0.191453   0.510798 -12.425782   0.625000   0.875000
  0.015075   0.539001   0.302339   0.001176  -0.253893   0.819453  -8.758846   0.625000   0.875000
  0.020101   0.539007   0.301063   0.005294  -0.297915   1.050000  -5.581492   0.625000   0.875000
  0.025126   0.539034   0.299566   0.010570  -0.325962   1.212843  -2.843923   0.625000   0.875000
  0.030151   0.539087   0.297928   0.016665  -0.340252   1.317436  -0.499015   0.625000   0.875000
  0.035176   0.539171   0.296218   0.023285  -0.342760   1.372178   1.495338   0.625000   0.875000
  0.040201   0.539288   0.294496   0.030180  -0.335246   1.384559   3.177309   0.625000   0.875000
  0.045226   0.539439   0.292811   0.037138  -0.319280   1.361249   4.581476   0.625000   0.875000
  0.050251   0.539626   0.291207   0.043978  -0.296258   1.308175   5.739134   0.625000   0.875000
  0.055276   0.539847   0.289718   0.050551  -0.267419   1.230590   6.678581   0.625000   0.875000
  0.060302   0.540101   0.288374   0.056736  -0.233852   1.133118   7.425520   0.625000   0.875000
  0.065327   0.540386   0.287199   0.062430  -0.196539   1.019897   8.002707   0.625000   0.875000
  0.070352   0.540700   0.286211   0.067555  -0.156325   0.894511   8.431115   0.625000   0.875000
  0.075377   0.541039   0.285426   0.072050  -0.113959   0.760115   8.729467   0.625000   0.875000
  0.080402   0.541401   0.284853   0.075870  -0.070093   0.619464   8.914602   0.625000   0.875000
  0.085427   0.541782   0.284501   0.078983  -0.025297   0.474953   9.001642   0.625000   0.875000
  0.090452   0.542179   0.284374   0.081369   0.019936   0.328651   9.004149   0.625000   0.875000
  0.095477   0.542588   0.284474   0.083021   0.065182   0.182340   8.934267   0.625000   0.875000
  0.100503   0.543005   0.284802   0.083937   0.110085   0.037511   8.802822   0.625000   0.875000
  0.105528   0.543427   0.285355   0.084126   0.154319  -0.104488   8.619552   0.625000   0.875000
  0.110553   0.543850   0.286130   0.083601   0.197633  -0.242605   8.393064   0.625000   0.875000
  0.115578   0.544270   0.287123   0.082381   0.239808  -0.375941   8.131028   0.625000   0.875000
  0.120603   0.544684   0.288328   0.080492   0.280666  -0.503762   7.840240   0.625000   0.875000
  0.125628   0.545089   0.289739   0.077961   0.320063  -0.625480   7.526713   0.625000   0.875000
  0.130653   0.545480   0.291347   0.074818   0.357885  -0.740633   7.195747   0.625000   0.875000
  0.135678   0.545856   0.293145   0.071096   0.394044  -0.848873   6.852005   0.625000   0.875000
  0.140704   0.546214   0.295126   0.066830   0.428482  -0.949971   6.499496   0.625000   0.875000
  0.145729   0.546549   0.297279   0.062056   0.461142  -1.043724   6.141926   0.625000   0.875000
  0.150754   0.546861   0.299596   0.056812   0.492005  -1.130067   5.782318   0.625000   0.875000
  0.155779   0.547147   0.302069   0.051133   0.521061  -1.208982   5.423345   0.625000   0.875000
  0.160804   0.547404   0.304687   0.045058   0.548314  -1.280506   5.067303   0.625000   0.875000
  0.165829   0.547630   0.307442   0.038623   0.573777  -1.344725   4.716151   0.625000   0.875000
  0.170854   0.547824   0.310325   0.031866   0.597475  -1.401767   4.371544   0.625000   0.875000
  0.175879   0.547984   0.313328   0.024822   0.619442  -1.451798   4.034870   0.625000   0.875000
  0.180905   0.548109   0.316441   0.017525   0.639722  -1.455743   3.707209   0.625000   0.875000
  0.185930   0.548197   0.319656   0.010210   0.658350  -1.493071   3.389630   0.625000   0.875000
  0.190955   0.548248   0.322964   0.002708   0.675383  -1.523827   3.082809   0.625000   0.875000
  0.195980   0.548262   0.326358  -0.004950   0.690874  -1.548270   2.787323   0.625000   0.875000
  0.201005   0.548237   0.329829  -0.012730   0.704881  -1.566673   2.503602   0.625000   0.875000
  0.206030   0.548173   0.333371  -0.020602   0.717461  -1.579316   2.231947   0.625000   0.875000
  0.211055   0.548070   0.336977  -0.028538   0.728677  -1.586488   1.972544   0.625000   0.875000
  0.216080   0.547926   0.340638  -0.036510   0.738589  -1.588480   1.725482   0.625000   0.875000
  0.221106   0.547743   0.344350  -0.044494   0.747261  -1.585586   1.490716   0.625000   0.875000
  0.226131   0.547519   0.348105  -0.052462   0.754752  -1.578100   1.268271   0.625000   0.875000
  0.231156   0.547256   0.351898  -0.060392   0.761125  -1.566315   1.057963   0.625000   0.875000
  0.236181   0.546952   0.355723  -0.068262   0.766441  -1.550521   0.859601   0.625000   0.875000
  0.241206   0.546609   0.359574  -0.076054   0.770761  -1.531003   0.672952   0.625000   0.875000
  0.246231   0.546227   0.363447  -0.083747   0.774142  -1.508042   0.497741   0.625000   0.875000
  0.251256   0.545806   0.367337  -0.091325   0.776644  -1.481914   0.333665   0.625000   0.875000
  0.256281   0.545347   0.371240  -0.098772   0.778320  -1.452887   0.180394   0.625000   0.875000
  0.261307   0.544851   0.375152  -0.106074   0.779227  -1.421216   0.037548   0.625000   0.875000
  0.266332   0.544318   0.379067  -0.113215   0.779416  -1.387167  -0.095178   0.625000   0.875000
  0.271357   0.543749   0.382984  -0.120186   0.778937  -1.350980  -0.218192   0.625000   0.875000
  0.276382   0.543145   0.386898  -0.126975   0.777841  -1.312893  -0.331878   0.625000   0.875000
  0.281407   0.542507   0.390807  -0.133572   0.776173  -1.273134  -0.436625   0.625000   0.875000
  0.286432   0.541836   0.394707  -0.139969   0.773979  -1.231923  -0.532824   0.625000   0.875000
  0.291457   0.541132   0.398596  -0.146160   0.771302  -1.189471  -0.620865   0.625000   0.875000
  0.296482   0.540398   0.402472  -0.152137   0.768182  -1.145981  -0.701136   0.625000   0.875000
  0.301508   0.539633   0.406333  -0.157897   0.764658  -1.101635  -0.774033   0.625000   0.875000
  0.306533   0.538840   0.410175  -0.163432   0.760768  -1.056635  -0.839902   0.625000   0.875000
  0.311558   0.538019   0.413998  -0.168742   0.756548  -1.011149  -0.899130   0.625000   0.875000
  0.316583   0.537171   0.417800  -0.173823   0.752030  -0.965340  -0.952076   0.625000   0.875000
  0.321608   0.536297   0.421579  -0.178674   0.747246  -0.919365  -0.999093   0.625000   0.875000
  0.326633   0.535399   0.425334  -0.183294   0.742225  -0.873374  -1.040522   0.625000   0.875000
  0.331658   0.534478   0.429063  -0.187682   0.736997  -0.827504  -1.076693   0.625000   0.875000
  0.336683   0.533535   0.432767  -0.191840   0.731586  -0.781888  -1.107928   0.625000   0.875000
  0.341709   0.532571   0.436444  -0.195770   0.726018  -0.756485  -1.134539   0.625000   0.875000
  0.346734   0.531587   0.440092  -0.199572   0.720317  -0.711031  -1.156812   0.625000   0.875000
  0.351759   0.530584   0.443711  -0.203144   0.714504  -0.666265  -1.175039   0.625000   0.875000
  0.356784   0.529564   0.447302  -0.206492   0.708599  -0.622280  -1.189494   0.625000   0.875000
  0.361809   0.528526   0.450863  -0.209619   0.702622  -0.579165  -1.200438   0.625000   0.875000
  0.366834   0.527473   0.454393  -0.212530   0.696590  -0.536999  -1.208122   0.625000   0.875000
  0.371859   0.526405   0.457894  -0.215228   0.690519  -0.495856  -1.212784   0.625000   0.875000
  0.376884   0.525323   0.461363  -0.217720   0.684425  -0.455804  -1.214652   0.625000   0.875000
  0.381910   0.524229   0.464803  -0.220011   0.678320  -0.416896  -1.213942   0.625000   0.875000
  0.386935   0.523123   0.468212  -0.222106   0.672220  -0.379204  -1.210860   0.625000   0.875000
  0.391960   0.522007   0.471590  -0.224011   0.666135  -0.342770  -1.205600   0.625000   0.875000
  0.396985   0.520882   0.474937  -0.225733   0.660077  -0.307638  -1.198348   0.625000   0.875000
  0.402010   0.519747   0.478254  -0.227279   0.654055  -0.273850  -1.189278   0.625000   0.875000
  0.407035   0.518605   0.481541  -0.228655   0.648079  -0.241442  -1.178555   0.625000   0.875000
  0.412060   0.517456   0.484797  -0.229869   0.642157  -0.210444  -1.166335   0.625000   0.875000
  0.417085   0.516301   0.488024  -0.230926   0.636296  -0.180886  -1.152765   0.625000   0.875000
  0.422111   0.515140   0.491222  -0.231835   0.630502  -0.152785  -1.137978   0.625000   0.875000
  0.427136   0.513975   0.494390  -0.232603   0.624784  -0.126174  -1.122111   0.625000   0.875000
  0.432161   0.512807   0.497530  -0.233237   0.619145  -0.101067  -1.105283   0.625000   0.875000
  0.437186   0.511635   0.500641  -0.233745   0.613591  -0.077480  -1.087607   0.625000   0.875000
  0.442211   0.510460   0.503724  -0.234134   0.608126  -0.055425  -1.069190   0.625000   0.875000
  0.447236   0.509284   0.506780  -0.234413   0.602753  -0.034914  -1.050133   0.625000   0.875000
  0.452261   0.508106   0.509809  -0.234588   0.597477  -0.015959  -1.030527   0.625000   0.875000
  0.457286   0.506927   0.512811  -0.234668   0.592298   0.001434  -1.010459   0.625000   0.875000
  0.462312   0.505747   0.515788  -0.234661   0.587220   0.017259  -0.990007   0.625000   0.875000
  0.467337   0.504568   0.518739  -0.234575   0.582245   0.031503  -0.969253   0.625000   0.875000
  0.472362   0.503389   0.521665  -0.234416   0.577374   0.044164  -0.948264   0.625000   0.875000
  0.477387   0.502212   0.524566  -0.234194   0.572609   0.055236  -0.927102   0.625000   0.875000
  0.482412   0.501035   0.527444  -0.233917   0.567951   0.064717  -0.905829   0.625000   0.875000
  0.487437   0.499859   0.530298  -0.233592   0.563399   0.072599  -0.884498   0.625000   0.875000
  0.492462   0.498685   0.533129  -0.233227   0.558954   0.078881  -0.863162   0.625000   0.875000
  0.497487   0.497513   0.535937  -0.232830   0.554617   0.083558  -0.841866   0.625000   0.875000
  0.502513   0.496343   0.538725  -0.232410   0.550386   0.086626  -0.820650   0.625000   0.875000
  0.507538   0.495175   0.541491  -0.231975   0.546262   0.088082  -0.799561   0.625000   0.875000
  0.512563   0.494010   0.544235  -0.231532   0.542244   0.087921  -0.778632   0.625000   0.875000
  0.517588   0.492846   0.546960  -0.231091   0.538331   0.086142  -0.757895   0.625000   0.875000
  0.522613   0.491685   0.549665  -0.230658   0.534523   0.082742  -0.737381   0.625000   0.875000
  0.527638   0.490526   0.552351  -0.230242   0.530818   0.077719  -0.717117   0.625000   0.875000
  0.532663   0.489369   0.555019  -0.229851   0.527214   0.071070  -0.697129   0.625000   0.875000
  0.537688   0.488214   0.557668  -0.229494   0.523711   0.062797  -0.677440   0.625000   0.875000
  0.542714   0.487061   0.560300  -0.229179   0.520306   0.052898  -0.658067   0.625000   0.875000
  0.547739   0.485909   0.562915  -0.228913   0.516999   0.041379  -0.639036   0.625000   0.875000
  0.552764   0.484759   0.565513  -0.228705   0.513788   0.028242  -0.620362   0.625000   0.875000
  0.557789   0.483609   0.568094  -0.228563   0.510671   0.013494  -0.602061   0.625000   0.875000
  0.562814   0.482461   0.570661  -0.228495   0.507646  -0.002857  -0.584148   0.625000   0.875000
  0.567839   0.481313   0.573211  -0.228510   0.504710  -0.020797  -0.566636   0.625000   0.875000
  0.572864   0.480164   0.575748  -0.228614   0.501863  -0.040312  -0.549539   0.625000   0.875000
  0.577889   0.479016   0.578269  -0.228817   0.499101  -0.061383  -0.532870   0.625000   0.875000
  0.582915   0.477866   0.580778  -0.229125   0.496423  -0.083990  -0.516637   0.625000   0.875000
  0.587940   0.476714   0.583272  -0.229547   0.493827  -0.108094  -0.500858   0.625000   0.875000
  0.592965   0.475561   0.585754  -0.230090   0.491310  -0.133666  -0.485542   0.625000   0.875000
  0.597990   0.474405   0.588223  -0.230762   0.488871  -0.160664  -0.470701   0.625000   0.875000
  0.603015   0.473245   0.590679  -0.231569   0.486505  -0.189041  -0.456347   0.625000   0.875000
  0.608040   0.472081   0.593124  -0.232519   0.484212  -0.218740  -0.442494   0.625000   0.875000
  0.613065   0.470913   0.595557  -0.233619   0.481989  -0.249698  -0.429156   0.625000   0.875000
  0.618090   0.469739   0.597979  -0.234873   0.479832  -0.281842  -0.416346   0.625000   0.875000
  0.623116   0.468559   0.600391  -0.236290   0.477740  -0.315096  -0.404081   0.625000   0.875000
  0.628141   0.467371   0.602791  -0.237873   0.475709  -0.349351  -0.392383   0.625000   0.875000
  0.633166   0.466176   0.605182  -0.239629   0.473737  -0.384511  -0.381270   0.625000   0.875000
  0.638191   0.464972   0.607562  -0.241561   0.471821  -0.420456  -0.370765   0.625000   0.875000
  0.643216   0.463758   0.609933  -0.243674   0.469958  -0.457057  -0.360894   0.625000   0.875000
  0.648241   0.462533   0.612295  -0.245970   0.468145  -0.494167  -0.351686   0.625000   0.875000
  0.653266   0.461297   0.614647  -0.248454   0.466378  -0.531626  -0.343173   0.625000   0.875000
  0.658291   0.460049   0.616991  -0.251125   0.464653  -0.569257  -0.335393   0.625000   0.875000
  0.663317   0.458787   0.619326  -0.253986   0.462967  -0.606872  -0.328386   0.625000   0.875000
  0.668342   0.457511   0.621653  -0.257036   0.461317  -0.644241  -0.322201   0.625000   0.875000
  0.673367   0.456219   0.623971  -0.260273   0.459698  -0.681139  -0.316889   0.625000   0.875000
  0.678392   0.454911   0.626281  -0.263696   0.458106  -0.717310  -0.312509   0.625000   0.875000
  0.683417   0.453586   0.628583  -0.267300   0.456536  -0.752475  -0.309127   0.625000   0.875000
  0.688442   0.452243   0.630877  -0.271081   0.454982  -0.786331  -0.306818   0.625000   0.875000
  0.693467   0.450881   0.633163  -0.275033   0.453440  -0.818548  -0.305663   0.625000   0.875000
  0.698492   0.449499   0.635442  -0.279146   0.451904  -0.848770  -0.305755   0.625000   0.875000
  0.703518   0.448096   0.637713  -0.283412   0.450368  -0.876616  -0.307196   0.625000   0.875000
  0.708543   0.446671   0.639976  -0.287817   0.448824  -0.901654  -0.310100   0.625000   0.875000
  0.713568   0.445225   0.642231  -0.292347   0.447266  -0.923439  -0.314590   0.625000   0.875000
  0.718593   0.443756   0.644479  -0.296988   0.445685  -0.941486  -0.320807   0.625000   0.875000
  0.723618   0.442264   0.646718  -0.301719   0.444073  -0.955269  -0.328901   0.625000   0.875000
  0.728643   0.440748   0.648950  -0.306519   0.442420  -0.964228  -0.339039   0.625000   0.875000
  0.733668   0.439207   0.651173  -0.311364   0.440717  -0.967759  -0.351402   0.625000   0.875000
  0.738693   0.437643   0.653388  -0.316227   0.438951  -0.965220  -0.366189   0.625000   0.875000
  0.743719   0.436053   0.655594  -0.321078   0.437110  -0.955921  -0.383616   0.625000   0.875000
  0.748744   0.434440   0.657790  -0.325882   0.435183  -0.939138  -0.403908   0.625000   0.875000
  0.753769   0.432802   0.659977  -0.330601   0.433153  -0.914100  -0.427315   0.625000   0.875000
  0.758794   0.431141   0.662154  -0.335194   0.431006  -0.879996  -0.454100   0.625000   0.875000
  0.763819   0.429457   0.664319  -0.339616   0.428724  -0.835975  -0.484540   0.625000   0.875000
  0.768844   0.427750   0.666474  -0.343817   0.426289  -0.781156  -0.518929   0.625000   0.875000
  0.773869   0.426023   0.668616  -0.347742   0.423681  -0.705475  -0.557569   0.625000   0.875000
  0.778894   0.424275   0.670745  -0.351288   0.420880  -0.628159  -0.600774   0.625000   0.875000
  0.783920   0.422510   0.672860  -0.354445   0.417860  -0.536984  -0.648870   0.625000   0.875000
  0.788945   0.420729   0.674960  -0.357143   0.414600  -0.431069  -0.702155   0.625000   0.875000
  0.793970   0.418934   0.677043  -0.359309   0.411071  -0.309495  -0.760948   0.625000   0.875000
  0.798995   0.417128   0.679109  -0.360864   0.407247  -0.171393  -0.825545   0.625000   0.875000
  0.804020   0.415315   0.681155  -0.361726   0.403099  -0.015949  -0.896222   0.625000   0.875000
  0.809045   0.413497   0.683181  -0.361806   0.398596   0.157564  -0.973218   0.625000   0.875000
  0.814070   0.411679   0.685184  -0.361014   0.393705   0.349764  -1.056730   0.625000   0.875000
  0.819095   0.409865   0.687162  -0.359256   0.388395   0.561120  -1.146898   0.625000   0.875000
  0.824121   0.408060   0.689114  -0.356436   0.382631   0.791967  -1.243809   0.625000   0.875000
  0.829146   0.406268   0.691037  -0.352457   0.376381   1.042272  -1.347403   0.625000   0.875000
  0.834171   0.404497   0.692928  -0.347219   0.369610   1.311883  -1.457581   0.625000   0.875000
  0.839196   0.402753   0.694786  -0.340627   0.362286   1.600301  -1.574103   0.625000   0.875000
  0.844221   0.401041   0.696606  -0.332585   0.354376   1.906685  -1.696602   0.625000   0.875000
  0.849246   0.399370   0.698387  -0.323004   0.345850   2.229821  -1.824567   0.625000   0.875000
  0.854271   0.397747   0.700125  -0.311799   0.336682   2.568097  -1.957332   0.625000   0.875000
  0.859296   0.396180   0.701817  -0.298895   0.326846   2.919477  -2.094073   0.625000   0.875000
  0.864322   0.394678   0.703459  -0.284221   0.316321   3.281581  -2.233835   0.625000   0.875000
  0.869347   0.393249   0.705049  -0.267732   0.305096   3.651375  -2.375415   0.625000   0.875000
  0.874372   0.391904   0.706582  -0.249383   0.293160   4.025656  -2.517549   0.625000   0.875000
  0.879397   0.390651   0.708055  -0.229154   0.280509   4.400785  -2.658814   0.625000   0.875000
  0.884422   0.389499   0.709465  -0.207041   0.267149   4.772816  -2.797673   0.625000   0.875000
  0.889447   0.388459   0.710807  -0.183057   0.253090   5.137569  -2.932509   0.625000   0.875000
  0.894472   0.387539   0.712079  -0.157241   0.238355   5.490713  -3.061655   0.625000   0.875000
  0.899497   0.386749   0.713277  -0.129650   0.222970   5.827861  -3.183434   0.625000   0.875000
  0.904523   0.386097   0.714397  -0.100359   0.206970   6.144747  -3.296223   0.625000   0.875000
  0.909548   0.385593   0.715437  -0.069482   0.190406   6.437056  -3.398397   0.625000   0.875000
  0.914573   0.385244   0.716394  -0.037136   0.173329   6.700950  -3.488519   0.625000   0.875000
  0.919598   0.385057   0.717265  -0.003463   0.155800   6.932883  -3.565278   0.625000   0.875000
  0.924623   0.385040   0.718048   0.031374   0.137884   7.129766  -3.627546   0.625000   0.875000
  0.929648   0.385198   0.718741   0.067201   0.119656   7.289037  -3.674408   0.625000   0.875000
  0.934673   0.385535   0.719342   0.103829   0.101192   7.408722  -3.705183   0.625000   0.875000
  0.939698   0.386057   0.719851   0.141058   0.082573   7.487466  -3.719434   0.625000   0.875000
  0.944724   0.386766   0.720266   0.178690   0.063879   7.524562  -3.716974   0.625000   0.875000
  0.949749   0.387664   0.720587   0.216501   0.045202   7.519908  -3.697860   0.625000   0.875000
  0.954774   0.388752   0.720814   0.254288   0.026620   7.474050  -3.662393   0.625000   0.875000
  0.959799   0.390030   0.720948   0.291845   0.008216   7.388088  -3.611088   0.625000   0.875000
  0.964824   0.391496   0.720989   0.328970  -0.009929   7.263644  -3.544659   0.625000   0.875000
  0.969849   0.393149   0.720939   0.365470  -0.027741   7.102792  -3.463992   0.625000   0.875000
  0.974874   0.394986   0.720800   0.401162  -0.045148   6.907991  -3.370117   0.625000   0.875000
  0.979899   0.397001   0.720573   0.435874  -0.062083   6.682012  -3.264178   0.625000   0.875000
  0.984925   0.399192   0.720261   0.469458  -0.078489   6.427807  -3.147381   0.625000   0.875000
  0.989950   0.401551   0.719866   0.501758  -0.094304   6.148647  -3.021058   0.625000   0.875000
  0.994975   0.404073   0.719392   0.532655  -0.109485   5.847748  -2.886504   0.625000   0.875000
  1.000000   0.406749   0.718842   0.562040  -0.123990   5.528402  -2.745039   0.625000   0.875000