  0.000000   0.539018   0.303843   0.000000   0.000000  -0.240902 -21.523159   0.625000   0.750000
  0.005025   0.539018   0.303843  -0.001211  -0.108154   0.244902 -16.695176   0.625000   0.750000
  0.010050   0.539012   0.303300   0.000020  -0.192047   0.628984 -12.476009   0.625000   0.750000
  0.015075   0.539012   0.302334   0.003181  -0.254739   0.924313  -8.803743   0.625000   0.750000
  0.020101   0.539028   0.301054   0.007826  -0.298987   1.142565  -5.621467   0.625000   0.750000
  0.025126   0.539067   0.299552   0.013568  -0.327235   1.294079  -2.879357   0.625000   0.750000
  0.030151   0.539136   0.297907   0.020070  -0.341703   1.388240  -0.530265   0.625000   0.750000
  0.035176   0.539236   0.296190   0.027046  -0.344368   1.433383   1.467942   0.625000   0.750000
  0.040201   0.539372   0.294460   0.034249  -0.336992   1.436943   3.153458   0.625000   0.750000
  0.045226   0.539544   0.292767   0.041470  -0.321145   1.405534   4.560883   0.625000   0.750000
  0.050251   0.539753   0.291153   0.048533  -0.298227   1.345034   5.721532   0.625000   0.750000
  0.055276   0.539997   0.289654   0.055291  -0.269476   1.260647   6.663721   0.625000   0.750000
  0.060302   0.540275   0.288300   0.061627  -0.235984   1.156953   7.413172   0.625000   0.750000
  0.065327   0.540584   0.287114   0.067441  -0.198733   1.038050   7.992656   0.625000   0.750000
  0.070352   0.540923   0.286115   0.072657  -0.158570   0.907483   8.423160   0.625000   0.750000
  0.075377   0.541288   0.285319   0.077217  -0.116244   0.768370   8.723424   0.625000   0.750000
  0.080402   0.541676   0.284734   0.081078  -0.072409   0.623434   8.910298   0.625000   0.750000
  0.085427   0.542084   0.284371   0.084211  -0.027634   0.475037   8.998918   0.625000   0.750000
  0.090452   0.542507   0.284232   0.086598   0.017585   0.325220   9.002857   0.625000   0.750000
  0.095477   0.542942   0.284320   0.088232   0.062825   0.175738   8.934270   0.625000   0.750000
  0.100503   0.543385   0.284636   0.089116   0.107728   0.028053   8.803993   0.625000   0.750000
  0.105528   0.543833   0.285177   0.089257   0.151968  -0.116505   8.621773   0.625000   0.750000
  0.110553   0.544282   0.285941   0.088671   0.195293  -0.256909   8.396228   0.625000   0.750000
  0.115578   0.544727   0.286922   0.087380   0.237484  -0.392281   8.135034   0.625000   0.750000
  0.120603   0.545166   0.288115   0.085409   0.278362  -0.521905   7.844995   0.625000   0.750000
  0.125628   0.545596   0.289514   0.082787   0.317783  -0.645210   7.532131   0.625000   0.750000
  0.130653   0.546012   0.291111   0.079544   0.355632  -0.761751   7.201751   0.625000   0.750000
  0.135678   0.546411   0.292898   0.075717   0.391821  -0.871195   6.858521   0.625000   0.750000
  0.140704   0.546792   0.294867   0.071338   0.426292  -0.973329   6.506458   0.625000   0.750000
  0.145729   0.547150   0.297010   0.066447   0.458987  -1.067961   6.149273   0.625000   0.750000
  0.150754   0.547484   0.299316   0.061080   0.489887  -1.155039   5.789993   0.625000   0.750000
  0.155779   0.547791   0.301778   0.055276   0.518982  -1.234555   5.431297   0.625000   0.750000
  0.160804   0.548069   0.304386   0.049073   0.546274  -1.306556   5.075485   0.625000   0.750000
  0.165829   0.548315   0.307131   0.042507   0.571779  -1.371140   4.724519   0.625000   0.750000
  0.170854   0.548529   0.310004   0.035617   0.595519  -1.428444   4.380059   0.625000   0.750000
  0.175879   0.548708   0.312996   0.028439   0.617529  -1.442623   4.043497   0.625000   0.750000
  0.180905   0.548851   0.316100   0.021189   0.637852  -1.486550   3.715914   0.625000   0.750000
  0.185930   0.548957   0.319305   0.013719   0.656524  -1.523587   3.398384   0.625000   0.750000
  0.190955   0.549026   0.322604   0.006063   0.673601  -1.553997   3.091585   0.625000   0.750000
  0.195980   0.549057   0.325989  -0.001746   0.689136  -1.578042   2.796097   0.625000   0.750000
  0.201005   0.549048   0.329452  -0.009676   0.703187  -1.596000   2.512351   0.625000   0.750000
  0.206030   0.548999   0.332985  -0.017696   0.715811  -1.608157   2.240652   0.625000   0.750000
  0.211055   0.548911   0.336582  -0.025777   0.727070  -1.614803   1.981188   0.625000   0.750000
  0.216080   0.548781   0.340236  -0.033891   0.737026  -1.616234   1.734048   0.625000   0.750000
  0.221106   0.548611   0.343940  -0.042014   0.745741  -1.612746   1.499190   0.625000   0.750000
  0.226131   0.548400   0.347688  -0.050118   0.753275  -1.604638   1.276642   0.625000   0.750000
  0.231156   0.548148   0.351473  -0.058181   0.759690  -1.592203   1.066218   0.625000   0.750000
  0.236181   0.547855   0.355290  -0.066182   0.765048  -1.575736   0.867732   0.625000   0.750000
  0.241206   0.547523   0.359135  -0.074100   0.769408  -1.555523   0.680950   0.625000   0.750000
  0.246231   0.547150   0.363001  -0.081917   0.772830  -1.531849   0.505600   0.625000   0.750000
  0.251256   0.546739   0.366884  -0.089614   0.775370  -1.504989   0.341377   0.625000   0.750000
  0.256281   0.546289   0.370781  -0.097177   0.777086  -1.475216   0.187954   0.625000   0.750000
  0.261307   0.545800   0.374686  -0.104591   0.778030  -1.442785   0.044953   0.625000   0.750000
  0.266332   0.545275   0.378596  -0.111841   0.778256  -1.407965  -0.087932   0.625000   0.750000
  0.271357   0.544713   0.382507  -0.118916   0.777814  -1.370998  -0.211107   0.625000   0.750000
  0.276382   0.544115   0.386415  -0.125806   0.776754  -1.332123  -0.324957   0.625000   0.750000
  0.281407   0.543483   0.390318  -0.132500   0.775121  -1.291570  -0.429869   0.625000   0.750000
  0.286432   0.542817   0.394213  -0.138990   0.772961  -1.249560  -0.526235   0.625000   0.750000
  0.291457   0.542119   0.398097  -0.145269   0.770316  -1.206307  -0.614442   0.625000   0.750000
  0.296482   0.541389   0.401968  -0.151331   0.767229  -1.162014  -0.694879   0.625000   0.750000
  0.301508   0.540628   0.405824  -0.157171   0.763736  -1.116866  -0.767942   0.625000   0.750000
  0.306533   0.539838   0.409662  -0.162783   0.759877  -1.071067  -0.833976   0.625000   0.750000
  0.311558   0.539020   0.413480  -0.168165   0.755687  -1.024784  -0.893368   0.625000   0.750000
  0.316583   0.538175   0.417278  -0.173315   0.751197  -0.978184  -0.946476   0.625000   0.750000
  0.321608   0.537304   0.421053  -0.178230   0.746441  -0.931425  -0.993654   0.625000   0.750000
  0.326633   0.536409   0.424803  -0.182910   0.741448  -0.884657  -1.035241   0.625000   0.750000
  0.331658   0.535490   0.428529  -0.187356   0.736246  -0.838021  -1.071569   0.625000   0.750000
  0.336683   0.534548   0.432229  -0.191567   0.730862  -0.791649  -1.102957   0.625000   0.750000
  0.341709   0.533585   0.435902  -0.195546   0.725318  -0.765454  -1.129720   0.625000   0.750000
  0.346734   0.532603   0.439547  -0.199392   0.719641  -0.719277  -1.152142   0.625000   0.750000
  0.351759   0.531601   0.443163  -0.203007   0.713852  -0.673803  -1.170515   0.625000   0.750000
  0.356784   0.530581   0.446750  -0.206392   0.707970  -0.629127  -1.185112   0.625000   0.750000
  0.361809   0.529543   0.450308  -0.209554   0.702015  -0.585339  -1.196196   0.625000   0.750000
  0.366834   0.528490   0.453835  -0.212495   0.696004  -0.542519  -1.204017   0.625000   0.750000
  0.371859   0.527423   0.457333  -0.215221   0.689954  -0.500744  -1.208813   0.625000   0.750000
  0.376884   0.526341   0.460800  -0.217737   0.683879  -0.460080  -1.210812   0.625000   0.750000
  0.381910   0.525247   0.464237  -0.220050   0.677794  -0.420583  -1.210230   0.625000   0.750000
  0.386935   0.524141   0.467643  -0.222163   0.671712  -0.382326  -1.207272   0.625000   0.750000
  0.391960   0.523025   0.471018  -0.224084   0.665646  -0.345352  -1.202134   0.625000   0.750000
  0.396985   0.521899   0.474363  -0.225820   0.659605  -0.309707  -1.195000   0.625000   0.750000
  0.402010   0.520764   0.477678  -0.227376   0.653600  -0.275432  -1.186045   0.625000   0.750000
  0.407035   0.519621   0.480962  -0.228760   0.647640  -0.242564  -1.175435   0.625000   0.750000
  0.412060   0.518472   0.484216  -0.229979   0.641734  -0.211134  -1.163323   0.625000   0.750000
  0.417085   0.517316   0.487441  -0.231040   0.635888  -0.181173  -1.149858   0.625000   0.750000
  0.422111   0.516155   0.490637  -0.231951   0.630109  -0.152699  -1.135174   0.625000   0.750000
  0.427136   0.514989   0.493803  -0.232718   0.624405  -0.125745  -1.119407   0.625000   0.750000
  0.432161   0.513820   0.496941  -0.233350   0.618780  -0.100325  -1.102676   0.625000   0.750000
  0.437186   0.512647   0.500050  -0.233854   0.613239  -0.076454  -1.085093   0.625000   0.750000
  0.442211   0.511472   0.503132  -0.234238   0.607786  -0.054147  -1.066768   0.625000   0.750000
  0.447236   0.510295   0.506186  -0.234510   0.602426  -0.033415  -1.047798   0.625000   0.750000
  0.452261   0.509117   0.509213  -0.234678   0.597160  -0.014269  -1.028277   0.625000   0.750000
  0.457286   0.507938   0.512214  -0.234750   0.591993   0.003282  -1.008292   0.625000   0.750000
  0.462312   0.506758   0.515189  -0.234733   0.586926   0.019235  -0.987920   0.625000   0.750000
  0.467337   0.505578   0.518139  -0.234637   0.581961   0.033577  -0.967243   0.625000   0.750000
  0.472362   0.504399   0.521063  -0.234468   0.577101   0.046305  -0.946328   0.625000   0.750000
  0.477387   0.503221   0.523963  -0.234235   0.572346   0.057415  -0.925238   0.625000   0.750000
  0.482412   0.502044   0.526839  -0.233947   0.567696   0.066902  -0.904034   0.625000   0.750000
  0.487437   0.500868   0.529692  -0.233611   0.563154   0.074762  -0.882771   0.625000   0.750000
  0.492462   0.499695   0.532521  -0.233235   0.558718   0.080993  -0.861499   0.625000   0.750000
  0.497487   0.498523   0.535329  -0.232828   0.554389   0.085589  -0.840266   0.625000   0.750000
  0.502513   0.497352   0.538115  -0.232398   0.550165   0.088550  -0.819110   0.625000   0.750000
  0.507538   0.496185   0.540880  -0.231953   0.546049   0.089870  -0.798079   0.625000   0.750000
  0.512563   0.495019   0.543624  -0.231501   0.542039   0.089547  -0.777205   0.625000   0.750000
  0.517588   0.493856   0.546348  -0.231051   0.538134   0.087581  -0.756522   0.625000   0.750000
  0.522613   0.492695   0.549052  -0.230611   0.534332   0.083968  -0.736059   0.625000   0.750000
  0.527638   0.491536   0.551737  -0.230189   0.530633   0.078707  -0.715845   0.625000   0.750000
  0.532663   0.490379   0.554403  -0.229794   0.527036   0.071798  -0.695904   0.625000   0.750000
  0.537688   0.489224   0.557051  -0.229433   0.523539   0.063242  -0.676261   0.625000   0.750000
  0.542714   0.488071   0.559683  -0.229115   0.520140   0.053038  -0.656931   0.625000   0.750000
  0.547739   0.486920   0.562296  -0.228848   0.516839   0.041193  -0.637942   0.625000   0.750000
  0.552764   0.485770   0.564894  -0.228641   0.513634   0.027712  -0.619308   0.625000   0.750000
  0.557789   0.484621   0.567475  -0.228502   0.510522   0.012601  -0.601044   0.625000   0.750000
  0.562814   0.483473   0.570040  -0.228439   0.507501  -0.004130  -0.583167   0.625000   0.750000
  0.567839   0.482325   0.572590  -0.228460   0.504571  -0.022467  -0.565690   0.625000   0.750000
  0.572864   0.481177   0.575126  -0.228573   0.501728  -0.042394  -0.548625   0.625000   0.750000
  0.577889   0.480028   0.577647  -0.228786   0.498972  -0.063890  -0.531986   0.625000   0.750000
  0.582915   0.478878   0.580155  -0.229107   0.496298  -0.086934  -0.515782   0.625000   0.750000
  0.587940   0.477727   0.582649  -0.229544   0.493706  -0.111487  -0.500030   0.625000   0.750000
  0.592965   0.476574   0.585129  -0.230104   0.491193  -0.137518  -0.484739   0.625000   0.750000
  0.597990   0.475417   0.587598  -0.230795   0.488758  -0.164982  -0.469922   0.625000   0.750000
  0.603015   0.474258   0.590054  -0.231624   0.486396  -0.193833  -0.455590   0.625000   0.750000
  0.608040   0.473094   0.592498  -0.232598   0.484107  -0.224011  -0.441756   0.625000   0.750000
  0.613065   0.471925   0.594930  -0.233723   0.481887  -0.255452  -0.428435   0.625000   0.750000
  0.618090   0.470751   0.597352  -0.235007   0.479734  -0.288082  -0.415642   0.625000   0.750000
  0.623116   0.469569   0.599763  -0.236455   0.477645  -0.321822  -0.403390   0.625000   0.750000
  0.628141   0.468381   0.602163  -0.238072   0.475618  -0.356564  -0.391703   0.625000   0.750000
  0.633166   0.467185   0.604553  -0.239864   0.473650  -0.392207  -0.380600   0.625000   0.750000
  0.638191   0.465980   0.606933  -0.241835   0.471737  -0.428633  -0.370102   0.625000   0.750000
  0.643216   0.464764   0.609304  -0.243989   0.469878  -0.465709  -0.360235   0.625000   0.750000
  0.648241   0.463538   0.611665  -0.246329   0.468067  -0.503287  -0.351029   0.625000   0.750000
  0.653266   0.462301   0.614017  -0.248858   0.466303  -0.541206  -0.342516   0.625000   0.750000
  0.658291   0.461050   0.616360  -0.251577   0.464582  -0.579286  -0.334733   0.625000   0.750000
  0.663317   0.459786   0.618695  -0.254489   0.462900  -0.617339  -0.327719   0.625000   0.750000
  0.668342   0.458507   0.621021  -0.257591   0.461253  -0.655134  -0.321524   0.625000   0.750000
  0.673367   0.457212   0.623339  -0.260883   0.459637  -0.692443  -0.316199   0.625000   0.750000
  0.678392   0.455901   0.625649  -0.264363   0.458049  -0.729008  -0.311802   0.625000   0.750000
  0.683417   0.454573   0.627950  -0.268026   0.456482  -0.764551  -0.308399   0.625000   0.750000
  0.688442   0.453226   0.630244  -0.271868   0.454932  -0.798765  -0.306065   0.625000   0.750000
  0.693467   0.451860   0.632530  -0.275882   0.453394  -0.831321  -0.304880   0.625000   0.750000
  0.698492   0.450474   0.634809  -0.280059   0.451862  -0.861860  -0.304938   0.625000   0.750000
  0.703518   0.449066   0.637080  -0.284391   0.450329  -0.889999  -0.306339   0.625000   0.750000
  0.708543   0.447637   0.639343  -0.288863   0.448790  -0.915307  -0.309196   0.625000   0.750000
  0.713568   0.446186   0.641598  -0.293462   0.447236  -0.937338  -0.313635   0.625000   0.750000
  0.718593   0.444711   0.643845  -0.298172   0.445660  -0.955603  -0.319792   0.625000   0.750000
  0.723618   0.443213   0.646084  -0.302974   0.444053  -0.969578  -0.327820   0.625000   0.750000
  0.728643   0.441690   0.648316  -0.307846   0.442406  -0.978700  -0.337883   0.625000   0.750000
  0.733668   0.440143   0.650539  -0.312764   0.440708  -0.982366  -0.350164   0.625000   0.750000
  0.738693   0.438572   0.652753  -0.317701   0.438949  -0.979931  -0.364859   0.625000   0.750000
  0.743719   0.436975   0.654960  -0.322626   0.437115  -0.970705  -0.382185   0.625000   0.750000
  0.748744   0.435354   0.657156  -0.327504   0.435194  -0.953964  -0.402364   0.625000   0.750000
  0.753769   0.433708   0.659343  -0.332297   0.433173  -0.928934  -0.425647   0.625000   0.750000
  0.758794   0.432038   0.661520  -0.336965   0.431034  -0.894805  -0.452295   0.625000   0.750000
  0.763819   0.430345   0.663686  -0.341462   0.428761  -0.850726  -0.482587   0.625000   0.750000
  0.768844   0.428629   0.665840  -0.345737   0.426336  -0.795812  -0.516813   0.625000   0.750000
  0.773869   0.426892   0.667983  -0.349736   0.423739  -0.719842  -0.555276   0.625000   0.750000
  0.778894   0.425134   0.670112  -0.353353   0.420949  -0.642395  -0.598288   0.625000   0.750000
  0.783920   0.423358   0.672227  -0.356581   0.417942  -0.551046  -0.646176   0.625000   0.750000
  0.788945   0.421567   0.674328  -0.359350   0.414695  -0.444915  -0.699235   0.625000   0.750000
  0.793970   0.419761   0.676411  -0.361586   0.411181  -0.323083  -0.757785   0.625000   0.750000
  0.798995   0.417944   0.678478  -0.363210   0.407373  -0.184679  -0.822122   0.625000   0.750000
  0.804020   0.416119   0.680525  -0.364138   0.403242  -0.028890  -0.892520   0.625000   0.750000
  0.809045   0.414289   0.682551  -0.364283   0.398757   0.145013  -0.969220   0.625000   0.750000
  0.814070   0.412458   0.684555  -0.363554   0.393887   0.337646  -1.052418   0.625000   0.750000
  0.819095   0.410632   0.686534  -0.361857   0.388598   0.549480  -1.142254   0.625000   0.750000
  0.824121   0.408813   0.688487  -0.359096   0.382857   0.780849  -1.238816   0.625000   0.750000
  0.829146   0.407008   0.690411  -0.355172   0.376632   1.031722  -1.342047   0.625000   0.750000
  0.834171   0.405224   0.692304  -0.349988   0.369888   1.301946  -1.451846   0.625000   0.750000
  0.839196   0.403465   0.694162  -0.343445   0.362593   1.591021  -1.567978   0.625000   0.750000
  0.844221   0.401739   0.695984  -0.335450   0.354714   1.898106  -1.690077   0.625000   0.750000
  0.849246   0.400054   0.697767  -0.325912   0.346221   2.221987  -1.817635   0.625000   0.750000
  0.854271   0.398416   0.699506  -0.314747   0.337088   2.561049  -1.949991   0.625000   0.750000
  0.859296   0.396834   0.701200  -0.301878   0.327289   2.913255  -2.086324   0.625000   0.750000
  0.864322   0.395317   0.702845  -0.287236   0.316803   3.276223  -2.225682   0.625000   0.750000
  0.869347   0.393874   0.704437  -0.270773   0.305619   3.646915  -2.366868   0.625000   0.750000
  0.874372   0.392513   0.705973  -0.252447   0.293725   4.022125  -2.508623   0.625000   0.750000
  0.879397   0.391244   0.707449  -0.232236   0.281120   4.398209  -2.649529   0.625000   0.750000
  0.884422   0.390077   0.708862  -0.210135   0.267806   4.771218  -2.788056   0.625000   0.750000
  0.889447   0.389022   0.710207  -0.186159   0.253796   5.136965  -2.922591   0.625000   0.750000
  0.894472   0.388086   0.711483  -0.160346   0.239110   5.491112  -3.051472   0.625000   0.750000
  0.899497   0.387280   0.712684  -0.132753   0.223776   5.829269  -3.173029   0.625000   0.750000
  0.904523   0.386613   0.713809  -0.103455   0.207828   6.147160  -3.285642   0.625000   0.750000
  0.909548   0.386093   0.714853  -0.072566   0.191318   6.440466  -3.387690   0.625000   0.750000
  0.914573   0.385729   0.715815  -0.040203   0.174295   6.705340  -3.477741   0.625000   0.750000
  0.919598   0.385527   0.716690  -0.006508   0.156819   6.938229  -3.554484   0.625000   0.750000
  0.924623   0.385494   0.717478   0.028356   0.138958   7.136038  -3.616796   0.625000   0.750000
  0.929648   0.385636   0.718177   0.064215   0.120784   7.296198  -3.663761   0.625000   0.750000
  0.934673   0.385959   0.718784   0.100878   0.102373   7.416729  -3.694699   0.625000   0.750000
  0.939698   0.386466   0.719298   0.138147   0.083807   7.496273  -3.709171   0.625000   0.750000
  0.944724   0.387160   0.719719   0.175824   0.065165   7.534115  -3.706988   0.625000   0.750000
  0.949749   0.388044   0.720047   0.213683   0.046537   7.530152  -3.688207   0.625000   0.750000
  0.954774   0.389118   0.720281   0.251522   0.028004   7.484924  -3.653123   0.625000   0.750000
  0.959799   0.390381   0.720421   0.289133   0.009647   7.399532  -3.602248   0.625000   0.750000
  0.964824   0.391834   0.720470   0.326316  -0.008454   7.275594  -3.536292   0.625000   0.750000
  0.969849   0.393474   0.720427   0.362876  -0.026224   7.115184  -3.456135   0.625000   0.750000
  0.974874   0.395298   0.720296   0.398630  -0.043591   6.920763  -3.362803   0.625000   0.750000
  0.979899   0.397301   0.720076   0.433407  -0.060489   6.695100  -3.257434   0.625000   0.750000
  0.984925   0.399479   0.719772   0.467056  -0.076861   6.441150  -3.141229   0.625000   0.750000
  0.989950   0.401826   0.719386   0.499423  -0.092646   6.162185  -3.015515   0.625000   0.750000
  0.994975   0.404336   0.718921   0.530388  -0.107799   5.861424  -2.881581   0.625000   0.750000
  1.000000   0.407001   0.718379   0.559842  -0.122278   5.542162  -2.740743   0.625000   0.750000