  0.000000   0.576537   0.315224   0.000000   0.000000   0.788840 -22.324652   0.750000   0.375000
  0.005025   0.576537   0.315224   0.003964  -0.112181   0.881944 -17.503058   0.750000   0.375000
  0.010050   0.576557   0.314660   0.008396  -0.200134   0.929740 -13.281613   0.750000   0.375000
  0.015075   0.576599   0.313655   0.013068  -0.266874   0.939070  -9.599694   0.750000   0.375000
  0.020101   0.576665   0.312313   0.017787  -0.315122   0.916018  -6.401538   0.750000   0.375000
  0.025126   0.576754   0.310730   0.022390  -0.347290   0.866001  -3.638351   0.750000   0.375000
  0.030151   0.576867   0.308985   0.026742  -0.365573   0.793811  -1.263893   0.750000   0.375000
  0.035176   0.577001   0.307148   0.030731  -0.371924   0.703686   0.763163   0.750000   0.375000
  0.040201   0.577155   0.305279   0.034267  -0.368089   0.599358   2.480298   0.750000   0.375000
  0.045226   0.577328   0.303429   0.037279  -0.355626   0.484109   3.921483   0.750000   0.375000
  0.050251   0.577515   0.301642   0.039711  -0.335920   0.360815   5.117482   0.750000   0.375000
  0.055276   0.577715   0.299954   0.041524  -0.310205   0.231981   6.096127   0.750000   0.375000
  0.060302   0.577923   0.298395   0.042690  -0.279566   0.099759   6.882726   0.750000   0.375000
  0.065327   0.578138   0.296990   0.043192  -0.244980  -0.033913   7.499669   0.750000   0.375000
  0.070352   0.578355   0.295759   0.043021  -0.207294  -0.167446   7.967636   0.750000   0.375000
  0.075377   0.578571   0.294718   0.042180  -0.167257  -0.299457   8.305093   0.750000   0.375000
  0.080402   0.578783   0.293877   0.040675  -0.125524  -0.428776   8.528662   0.750000   0.375000
  0.085427   0.578987   0.293246   0.038521  -0.082667  -0.554423   8.653282   0.750000   0.375000
  0.090452   0.579181   0.292831   0.035735  -0.039184  -0.675582   8.692363   0.750000   0.375000
  0.095477   0.579360   0.292634   0.032340   0.004495  -0.791588   8.657924   0.750000   0.375000
  0.100503   0.579523   0.292657   0.028361   0.048010  -0.901929   8.560699   0.750000   0.375000
  0.105528   0.579666   0.292898   0.023829   0.091027  -1.006141   8.410333   0.750000   0.375000
  0.110553   0.579785   0.293355   0.018773   0.133289  -1.103932   8.215384   0.750000   0.375000
  0.115578   0.579880   0.294025   0.013226   0.174571  -1.195077   7.983477   0.750000   0.375000
  0.120603   0.579946   0.294902   0.007221   0.214688  -1.279429   7.721381   0.750000   0.375000
  0.125628   0.579982   0.295981   0.000792   0.253488  -1.356908   7.435094   0.750000   0.375000
  0.130653   0.579986   0.297255  -0.006027   0.290850  -1.427496   7.129915   0.750000   0.375000
  0.135678   0.579956   0.298716  -0.013200   0.326677  -1.491224   6.810510   0.750000   0.375000
  0.140704   0.579890   0.300358  -0.020695   0.360907  -1.548181   6.480908   0.750000   0.375000
  0.145729   0.579786   0.302172  -0.028475   0.393474  -1.598456   6.144828   0.750000   0.375000
  0.150754   0.579643   0.304149  -0.036507   0.424351  -1.642205   5.805323   0.750000   0.375000
  0.155779   0.579459   0.306281  -0.044759   0.453523  -1.679603   5.465101   0.750000   0.375000
  0.160804   0.579234   0.308560  -0.053199   0.480985  -1.710842   5.126492   0.750000   0.375000
  0.165829   0.578967   0.310977  -0.061796   0.506746  -1.736134   4.791495   0.750000   0.375000
  0.170854   0.578656   0.313524  -0.070520   0.530823  -1.755706   4.461808   0.750000   0.375000
  0.175879   0.578302   0.316191  -0.079342   0.553244  -1.769795   4.138863   0.750000   0.375000
  0.180905   0.577903   0.318972  -0.088237   0.574046  -1.778649   3.823788   0.750000   0.375000
  0.185930   0.577460   0.321856  -0.097175   0.593260  -1.782516   3.517695   0.750000   0.375000
  0.190955   0.576972   0.324837  -0.106132   0.610937  -1.781653   3.221308   0.750000   0.375000
  0.195980   0.576438   0.327907  -0.115085   0.627124  -1.776319   2.935253   0.750000   0.375000
  0.201005   0.575860   0.331059  -0.124011   0.641873  -1.738225   2.660008   0.750000   0.375000
  0.206030   0.575237   0.334284  -0.132746   0.655240  -1.725342   2.395920   0.750000   0.375000
  0.211055   0.574570   0.337577  -0.141416   0.667279  -1.708612   2.143223   0.750000   0.375000
  0.216080   0.573859   0.340930  -0.150001   0.678049  -1.688294   1.902053   0.750000   0.375000
  0.221106   0.573105   0.344338  -0.158487   0.687609  -1.664635   1.672409   0.750000   0.375000
  0.226131   0.572309   0.347793  -0.166851   0.696013  -1.637892   1.454359   0.750000   0.375000
  0.231156   0.571470   0.351290  -0.175082   0.703321  -1.608304   1.247763   0.750000   0.375000
  0.236181   0.570591   0.354824  -0.183164   0.709591  -1.576106   1.052473   0.750000   0.375000
  0.241206   0.569670   0.358390  -0.191084   0.714879  -1.541530   0.868294   0.750000   0.375000
  0.246231   0.568710   0.361982  -0.198830   0.719243  -1.504797   0.694992   0.750000   0.375000
  0.251256   0.567711   0.365597  -0.206391   0.722735  -1.466126   0.532301   0.750000   0.375000
  0.256281   0.566674   0.369228  -0.213759   0.725410  -1.425726   0.379926   0.750000   0.375000
  0.261307   0.565599   0.372874  -0.220924   0.727319  -1.383790   0.237524   0.750000   0.375000
  0.266332   0.564489   0.376529  -0.227878   0.728513  -1.340532   0.104822   0.750000   0.375000
  0.271357   0.563344   0.380190  -0.234614   0.729040  -1.296130  -0.018557   0.750000   0.375000
  0.276382   0.562165   0.383853  -0.241127   0.728946  -1.250766  -0.132965   0.750000   0.375000
  0.281407   0.560954   0.387516  -0.247412   0.728278  -1.204613  -0.238764   0.750000   0.375000
  0.286432   0.559710   0.391176  -0.253465   0.727078  -1.157837  -0.336316   0.750000   0.375000
  0.291457   0.558437   0.394829  -0.259283   0.725388  -1.110598  -0.425986   0.750000   0.375000
  0.296482   0.557134   0.398474  -0.264864   0.723248  -1.063047  -0.508136   0.750000   0.375000
  0.301508   0.555803   0.402109  -0.270207   0.720694  -1.015319  -0.583140   0.750000   0.375000
  0.306533   0.554445   0.405731  -0.275309   0.717764  -0.967572  -0.651321   0.750000   0.375000
  0.311558   0.553061   0.409338  -0.280171   0.714491  -0.919927  -0.713045   0.750000   0.375000
  0.316583   0.551654   0.412928  -0.284794   0.710908  -0.872507  -0.768653   0.750000   0.375000
  0.321608   0.550222   0.416500  -0.289178   0.707045  -0.825431  -0.818477   0.750000   0.375000
  0.326633   0.548769   0.420053  -0.293326   0.702932  -0.778809  -0.862842   0.750000   0.375000
  0.331658   0.547295   0.423585  -0.297239   0.698597  -0.732745  -0.902063   0.750000   0.375000
  0.336683   0.545802   0.427096  -0.300921   0.694064  -0.687337  -0.936444   0.750000   0.375000
  0.341709   0.544289   0.430584  -0.304376   0.689357  -0.642667  -0.966285   0.750000   0.375000
  0.346734   0.542760   0.434048  -0.307605   0.684502  -0.598839  -0.991858   0.750000   0.375000
  0.351759   0.541214   0.437488  -0.310615   0.679517  -0.555924  -1.013442   0.750000   0.375000
  0.356784   0.539653   0.440902  -0.313408   0.674425  -0.513994  -1.031299   0.750000   0.375000
  0.361809   0.538078   0.444291  -0.315991   0.669243  -0.473118  -1.045681   0.750000   0.375000
  0.366834   0.536491   0.447654  -0.318368   0.663988  -0.433358  -1.056827   0.750000   0.375000
  0.371859   0.534891   0.450991  -0.320546   0.658678  -0.394771  -1.064969   0.750000   0.375000
  0.376884   0.533280   0.454301  -0.322530   0.653326  -0.357409  -1.070323   0.750000   0.375000
  0.381910   0.531659   0.457584  -0.324326   0.647947  -0.321310  -1.073101   0.750000   0.375000
  0.386935   0.530029   0.460840  -0.325941   0.642554  -0.286533  -1.073498   0.750000   0.375000
  0.391960   0.528391   0.464069  -0.327380   0.637160  -0.253107  -1.071703   0.750000   0.375000
  0.396985   0.526746   0.467271  -0.328652   0.631775  -0.221065  -1.067896   0.750000   0.375000
  0.402010   0.525095   0.470446  -0.329763   0.626408  -0.190436  -1.062246   0.750000   0.375000
  0.407035   0.523438   0.473593  -0.330720   0.621071  -0.161244  -1.054913   0.750000   0.375000
  0.412060   0.521776   0.476714  -0.331530   0.615770  -0.133511  -1.046047   0.750000   0.375000
  0.417085   0.520110   0.479808  -0.332201   0.610513  -0.107255  -1.035791   0.750000   0.375000
  0.422111   0.518440   0.482877  -0.332740   0.605307  -0.082485  -1.024278   0.750000   0.375000
  0.427136   0.516768   0.485919  -0.333155   0.600160  -0.059222  -1.011638   0.750000   0.375000
  0.432161   0.515094   0.488934  -0.333452   0.595077  -0.037471  -0.997987   0.750000   0.375000
  0.437186   0.513419   0.491925  -0.333641   0.590062  -0.017237  -0.983437   0.750000   0.375000
  0.442211   0.511742   0.494890  -0.333727   0.585120   0.001476  -0.968093   0.750000   0.375000
  0.447236   0.510065   0.497830  -0.333720   0.580256  -0.005046  -0.952052   0.750000   0.375000
  0.452261   0.508388   0.500746  -0.333745   0.575472   0.011771  -0.935406   0.750000   0.375000
  0.457286   0.506711   0.503637  -0.333686   0.570771   0.026964  -0.918239   0.750000   0.375000
  0.462312   0.505034   0.506506  -0.333551   0.566156   0.040547  -0.900628   0.750000   0.375000
  0.467337   0.503358   0.509351  -0.333347   0.561630   0.052524  -0.882654   0.750000   0.375000
  0.472362   0.501683   0.512173  -0.333083   0.557195   0.062910  -0.864381   0.750000   0.375000
  0.477387   0.500009   0.514973  -0.332767   0.552852   0.071718  -0.845875   0.750000   0.375000
  0.482412   0.498337   0.517751  -0.332406   0.548601   0.078960  -0.827194   0.750000   0.375000
  0.487437   0.496667   0.520508  -0.332010   0.544444   0.084649  -0.808392   0.750000   0.375000
  0.492462   0.494998   0.523244  -0.331584   0.540382   0.088800  -0.789521   0.750000   0.375000
  0.497487   0.493332   0.525959  -0.331138   0.536415   0.091425  -0.770627   0.750000   0.375000
  0.502513   0.491668   0.528655  -0.330679   0.532542   0.092538  -0.751749   0.750000   0.375000
  0.507538   0.490006   0.531331  -0.330214   0.528764   0.092154  -0.732935   0.750000   0.375000
  0.512563   0.488347   0.533988  -0.329750   0.525081   0.090286  -0.714217   0.750000   0.375000
  0.517588   0.486690   0.536627  -0.329297   0.521492   0.086949  -0.695629   0.750000   0.375000
  0.522613   0.485035   0.539247  -0.328860   0.517997   0.082156  -0.677200   0.750000   0.375000
  0.527638   0.483382   0.541850  -0.328447   0.514594   0.075924  -0.658960   0.750000   0.375000
  0.532663   0.481732   0.544436  -0.328065   0.511283   0.068266  -0.640933   0.750000   0.375000
  0.537688   0.480083   0.547005  -0.327722   0.508062   0.059199  -0.623143   0.750000   0.375000
  0.542714   0.478436   0.549559  -0.327425   0.504930   0.048736  -0.605609   0.750000   0.375000
  0.547739   0.476791   0.552096  -0.327180   0.501887   0.036898  -0.588356   0.750000   0.375000
  0.552764   0.475147   0.554618  -0.326995   0.498930   0.023703  -0.571399   0.750000   0.375000
  0.557789   0.473504   0.557125  -0.326876   0.496059   0.009168  -0.554755   0.750000   0.375000
  0.562814   0.471861   0.559618  -0.326829   0.493271  -0.006684  -0.538439   0.750000   0.375000
  0.567839   0.470219   0.562097  -0.326863   0.490566  -0.023830  -0.522466   0.750000   0.375000
  0.572864   0.468576   0.564562  -0.326983   0.487940  -0.042245  -0.506848   0.750000   0.375000
  0.577889   0.466933   0.567014  -0.327195   0.485393  -0.061901  -0.491598   0.750000   0.375000
  0.582915   0.465289   0.569453  -0.327506   0.482923  -0.082770  -0.476725   0.750000   0.375000
  0.587940   0.463643   0.571880  -0.327922   0.480527  -0.104809  -0.462247   0.750000   0.375000
  0.592965   0.461995   0.574294  -0.328449   0.478204  -0.127982  -0.448173   0.750000   0.375000
  0.597990   0.460345   0.576697  -0.329092   0.475952  -0.152245  -0.434514   0.750000   0.375000
  0.603015   0.458691   0.579089  -0.329857   0.473769  -0.177547  -0.421283   0.750000   0.375000
  0.608040   0.457034   0.581470  -0.330749   0.471652  -0.203834  -0.408490   0.750000   0.375000
  0.613065   0.455372   0.583840  -0.331773   0.469599  -0.231041  -0.396151   0.750000   0.375000
  0.618090   0.453704   0.586200  -0.332934   0.467608  -0.259099  -0.384279   0.750000   0.375000
  0.623116   0.452031   0.588550  -0.334237   0.465677  -0.287935  -0.372886   0.750000   0.375000
  0.628141   0.450352   0.590890  -0.335683   0.463803  -0.317448  -0.361995   0.750000   0.375000
  0.633166   0.448665   0.593220  -0.337279   0.461984  -0.347544  -0.351622   0.750000   0.375000
  0.638191   0.446970   0.595542  -0.339025   0.460217  -0.378115  -0.341788   0.750000   0.375000
  0.643216   0.445266   0.597854  -0.340925   0.458500  -0.409038  -0.332515   0.750000   0.375000
  0.648241   0.443553   0.600158  -0.342980   0.456829  -0.440175  -0.323831   0.750000   0.375000
  0.653266   0.441830   0.602454  -0.345192   0.455202  -0.471376  -0.315764   0.750000   0.375000
  0.658291   0.440095   0.604741  -0.347561   0.453615  -0.502474  -0.308348   0.750000   0.375000
  0.663317   0.438348   0.607021  -0.350086   0.452065  -0.533289  -0.301619   0.750000   0.375000
  0.668342   0.436589   0.609293  -0.352766   0.450550  -0.563604  -0.295621   0.750000   0.375000
  0.673367   0.434816   0.611557  -0.355598   0.449064  -0.593200  -0.290400   0.750000   0.375000
  0.678392   0.433030   0.613813  -0.358579   0.447605  -0.621829  -0.286010   0.750000   0.375000
  0.683417   0.431228   0.616063  -0.361704   0.446168  -0.649218  -0.282510   0.750000   0.375000
  0.688442   0.429410   0.618305  -0.364966   0.444748  -0.675069  -0.279967   0.750000   0.375000
  0.693467   0.427576   0.620540  -0.368358   0.443341  -0.699053  -0.278455   0.750000   0.375000
  0.698492   0.425725   0.622767  -0.371871   0.441942  -0.720814  -0.278056   0.750000   0.375000
  0.703518   0.423856   0.624989  -0.375494   0.440545  -0.739964  -0.278865   0.750000   0.375000
  0.708543   0.421969   0.627202  -0.379212   0.439143  -0.756068  -0.280983   0.750000   0.375000
  0.713568   0.420064   0.629409  -0.383011   0.437731  -0.768667  -0.284524   0.750000   0.375000
  0.718593   0.418139   0.631609  -0.386874   0.436302  -0.777259  -0.289614   0.750000   0.375000
  0.723618   0.416195   0.633801  -0.390780   0.434846  -0.781300  -0.296390   0.750000   0.375000
  0.728643   0.414231   0.635986  -0.394706   0.433357  -0.780199  -0.305004   0.750000   0.375000
  0.733668   0.412248   0.638164  -0.398626   0.431824  -0.773322  -0.315622   0.750000   0.375000
  0.738693   0.410245   0.640334  -0.402512   0.430238  -0.759989  -0.328426   0.750000   0.375000
  0.743719   0.408222   0.642496  -0.406332   0.428588  -0.739463  -0.343613   0.750000   0.375000
  0.748744   0.406180   0.644650  -0.410048   0.426861  -0.710975  -0.361390   0.750000   0.375000
  0.753769   0.404120   0.646795  -0.413620   0.425045  -0.673695  -0.381986   0.750000   0.375000
  0.758794   0.402041   0.648930  -0.417006   0.423125  -0.626748  -0.405645   0.750000   0.375000
  0.763819   0.399946   0.651057  -0.420155   0.421087  -0.569216  -0.432622   0.750000   0.375000
  0.768844   0.397834   0.653173  -0.423015   0.418913  -0.500144  -0.463189   0.750000   0.375000
  0.773869   0.395709   0.655278  -0.425529   0.416586  -0.411468  -0.497627   0.750000   0.375000
  0.778894   0.393571   0.657371  -0.427596   0.414085  -0.317793  -0.536229   0.750000   0.375000
  0.783920   0.391421   0.659452  -0.429194   0.411390  -0.209320  -0.579298   0.750000   0.375000
  0.788945   0.389265   0.661519  -0.430245   0.408479  -0.085090  -0.627117   0.750000   0.375000
  0.793970   0.387103   0.663572  -0.430673   0.405328   0.055907  -0.679985   0.750000   0.375000
  0.798995   0.384939   0.665609  -0.430392   0.401911   0.214622  -0.738186   0.750000   0.375000
  0.804020   0.382776   0.667628  -0.429314   0.398201   0.391940  -0.801984   0.750000   0.375000
  0.809045   0.380619   0.669629  -0.427344   0.394171   0.588653  -0.871612   0.750000   0.375000
  0.814070   0.378471   0.671610  -0.424386   0.389792   0.805425  -0.947267   0.750000   0.375000
  0.819095   0.376339   0.673569  -0.420339   0.385032   1.042755  -1.029095   0.750000   0.375000
  0.824121   0.374226   0.675504  -0.415098   0.379859   1.300992  -1.117196   0.750000   0.375000
  0.829146   0.372140   0.677413  -0.408560   0.374245   1.580073  -1.211538   0.750000   0.375000
  0.834171   0.370087   0.679293  -0.400621   0.368157   1.879799  -1.312051   0.750000   0.375000
  0.839196   0.368074   0.681143  -0.391175   0.361564   2.199585  -1.418544   0.750000   0.375000
  0.844221   0.366108   0.682960  -0.380122   0.354436   2.538466  -1.530704   0.750000   0.375000
  0.849246   0.364198   0.684741  -0.367366   0.346744   2.895062  -1.648090   0.750000   0.375000
  0.854271   0.362352   0.686484  -0.352818   0.338463   3.267548  -1.770119   0.750000   0.375000
  0.859296   0.360579   0.688184  -0.336399   0.329568   3.653635  -1.896062   0.750000   0.375000
  0.864322   0.358889   0.689841  -0.318036   0.320038   4.050648  -2.025069   0.750000   0.375000
  0.869347   0.357290   0.691449  -0.297681   0.309862   4.455195  -2.156060   0.750000   0.375000
  0.874372   0.355795   0.693006  -0.275294   0.299028   4.863698  -2.287898   0.750000   0.375000
  0.879397   0.354411   0.694509  -0.250854   0.287531   5.272105  -2.419294   0.750000   0.375000
  0.884422   0.353151   0.695954  -0.224361   0.275375   5.676029  -2.548853   0.750000   0.375000
  0.889447   0.352023   0.697337  -0.195839   0.262567   6.070834  -2.675098   0.750000   0.375000
  0.894472   0.351039   0.698657  -0.165333   0.249124   6.451727  -2.796503   0.750000   0.375000
  0.899497   0.350208   0.699909  -0.132913   0.235072   6.813867  -2.911527   0.750000   0.375000
  0.904523   0.349540   0.701090  -0.098667   0.220438   7.152551  -3.018670   0.750000   0.375000
  0.909548   0.349045   0.702198  -0.062725   0.205270   7.463052  -3.116423   0.750000   0.375000
  0.914573   0.348729   0.703229  -0.025223   0.189610   7.741168  -3.203445   0.750000   0.375000
  0.919598   0.348603   0.704182   0.013676   0.173512   7.983042  -3.278505   0.750000   0.375000
  0.924623   0.348671   0.705054   0.053791   0.157038   8.185330  -3.340533   0.750000   0.375000
  0.929648   0.348942   0.705843   0.094922   0.140252   8.345286  -3.388650   0.750000   0.375000
  0.934673   0.349419   0.706548   0.136857   0.123224   8.460823  -3.422187   0.750000   0.375000
  0.939698   0.350106   0.707167   0.179373   0.106027   8.530548  -3.440697   0.750000   0.375000
  0.944724   0.351008   0.707700   0.222247   0.088734   8.553783  -3.443962   0.750000   0.375000
  0.949749   0.352125   0.708146   0.265230   0.071428   8.530540  -3.431985   0.750000   0.375000
  0.954774   0.353457   0.708505   0.308096   0.054183   8.461531  -3.404992   0.750000   0.375000
  0.959799   0.355006   0.708777   0.350615   0.037073   8.348090  -3.363410   0.750000   0.375000
  0.964824   0.356767   0.708963   0.392564   0.020171   8.192122  -3.307851   0.750000   0.375000
  0.969849   0.358740   0.709065   0.433730   0.003549   7.996028  -3.239084   0.750000   0.375000
  0.974874   0.360920   0.709082   0.473910  -0.012727   7.762632  -3.158017   0.750000   0.375000
  0.979899   0.363301   0.709018   0.512917  -0.028596   7.495092  -3.065665   0.750000   0.375000
  0.984925   0.365879   0.708875   0.550587  -0.044004   7.196753  -2.963106   0.750000   0.375000
  0.989950   0.368646   0.708654   0.586751  -0.058894   6.871321  -2.851535   0.750000   0.375000
  0.994975   0.371594   0.708358   0.621279  -0.073223   6.522412  -2.732120   0.750000   0.375000
  1.000000   0.374716   0.707990   0.654054  -0.086952   6.153729  -2.606058   0.750000   0.375000