  0.000000   0.611114   0.333706   0.000000   0.000000   1.093987 -23.200890   0.875000   0.500000
  0.005025   0.611114   0.333706   0.005497  -0.116584   0.890555 -18.432514   0.875000   0.500000
  0.010050   0.611142   0.333120   0.009972  -0.209208   0.688811 -14.246985   0.875000   0.500000
  0.015075   0.611192   0.332069   0.013434  -0.280799   0.490291 -10.585989   0.875000   0.500000
  0.020101   0.611259   0.330658   0.015898  -0.334004   0.296249  -7.395838   0.875000   0.500000
  0.025126   0.611339   0.328979   0.017386  -0.371168   0.107846  -4.629588   0.875000   0.500000
  0.030151   0.611427   0.327114   0.017928  -0.394432  -0.074071  -2.242656   0.875000   0.500000
  0.035176   0.611517   0.325132   0.017556  -0.405701  -0.248783  -0.195195   0.875000   0.500000
  0.040201   0.611605   0.323093   0.016306  -0.406682  -0.415723   1.548965   0.875000   0.500000
  0.045226   0.611687   0.321050   0.014217  -0.398899  -0.574451   3.022627   0.875000   0.500000
  0.050251   0.611758   0.319045   0.011330  -0.383710  -0.724648   4.255521   0.875000   0.500000
  0.055276   0.611815   0.317117   0.007689  -0.362326  -0.866093   5.274566   0.875000   0.500000
  0.060302   0.611854   0.315296   0.003336  -0.335816  -0.998683   6.104276   0.875000   0.500000
  0.065327   0.611871   0.313609  -0.001682  -0.305142  -1.122306   6.766316   0.875000   0.500000
  0.070352   0.611862   0.312075  -0.007322  -0.271141  -1.237004   7.280756   0.875000   0.500000
  0.075377   0.611825   0.310713  -0.013538  -0.234555  -1.342844   7.665524   0.875000   0.500000
  0.080402   0.611757   0.309534  -0.020286  -0.196036  -1.439945   7.936776   0.875000   0.500000
  0.085427   0.611655   0.308549  -0.027521  -0.156154  -1.528464   8.109046   0.875000   0.500000
  0.090452   0.611517   0.307765  -0.035202  -0.115406  -1.608593   8.195399   0.875000   0.500000
  0.095477   0.611340   0.307185  -0.043285  -0.074224  -1.680554   8.207562   0.875000   0.500000
  0.100503   0.611123   0.306812  -0.051732  -0.032973  -1.744603   8.156027   0.875000   0.500000
  0.105528   0.610863   0.306646  -0.060498   0.008011  -1.800974   8.050215   0.875000   0.500000
  0.110553   0.610559   0.306686  -0.069548   0.048464  -1.849959   7.898521   0.875000   0.500000
  0.115578   0.610209   0.306930  -0.078844   0.088154  -1.891845   7.708431   0.875000   0.500000
  0.120603   0.609813   0.307373  -0.088351   0.126889  -1.926927   7.486607   0.875000   0.500000
  0.125628   0.609369   0.308010  -0.098033   0.164509  -1.955505   7.238960   0.875000   0.500000
  0.130653   0.608876   0.308837  -0.107860   0.200885  -1.977880   6.970725   0.875000   0.500000
  0.135678   0.608334   0.309846  -0.117799   0.235912  -1.994355   6.686528   0.875000   0.500000
  0.140704   0.607742   0.311032  -0.127822   0.269519  -2.005233   6.390376   0.875000   0.500000
  0.145729   0.607100   0.312386  -0.137899   0.301631  -2.010807   6.085964   0.875000   0.500000
  0.150754   0.606407   0.313902  -0.148003   0.332212  -2.011374   5.776354   0.875000   0.500000
  0.155779   0.605663   0.315571  -0.158110   0.361239  -2.007223   5.464265   0.875000   0.500000
  0.160804   0.604869   0.317387  -0.168196   0.388697  -1.998636   5.152050   0.875000   0.500000
  0.165829   0.604024   0.319340  -0.178240   0.414586  -1.985890   4.841739   0.875000   0.500000
  0.170854   0.603128   0.321423  -0.188219   0.438915  -1.969252   4.535066   0.875000   0.500000
  0.175879   0.602182   0.323629  -0.198114   0.461704  -1.948984   4.233504   0.875000   0.500000
  0.180905   0.601187   0.325949  -0.207910   0.482982  -1.925334   3.938234   0.875000   0.500000
  0.185930   0.600142   0.328376  -0.217584   0.502771  -1.898556   3.650408   0.875000   0.500000
  0.190955   0.599048   0.330903  -0.227125   0.521115  -1.868881   3.370810   0.875000   0.500000
  0.195980   0.597907   0.333521  -0.236516   0.538053  -1.836537   3.100121   0.875000   0.500000
  0.201005   0.596719   0.336225  -0.245744   0.553631  -1.801744   2.838875   0.875000   0.500000
  0.206030   0.595484   0.339007  -0.254798   0.567896  -1.764714   2.587479   0.875000   0.500000
  0.211055   0.594203   0.341861  -0.263666   0.580898  -1.725648   2.346224   0.875000   0.500000
  0.216080   0.592878   0.344780  -0.272337   0.592688  -1.684742   2.115305   0.875000   0.500000
  0.221106   0.591510   0.347758  -0.280805   0.603320  -1.642175   1.894783   0.875000   0.500000
  0.226131   0.590099   0.350790  -0.289057   0.612841  -1.598142   1.684779   0.875000   0.500000
  0.231156   0.588646   0.353870  -0.297087   0.621307  -1.552808   1.485211   0.875000   0.500000
  0.236181   0.587153   0.356992  -0.304890   0.628770  -1.506336   1.295990   0.875000   0.500000
  0.241206   0.585621   0.360151  -0.312460   0.635283  -1.458886   1.116974   0.875000   0.500000
  0.246231   0.584051   0.363344  -0.319791   0.640895  -1.388996   0.947983   0.875000   0.500000
  0.251256   0.582444   0.366564  -0.326770   0.645659  -1.340705   0.788803   0.875000   0.500000
  0.256281   0.580802   0.369809  -0.333507   0.649623  -1.291771   0.639190   0.875000   0.500000
  0.261307   0.579126   0.373074  -0.340000   0.652835  -1.242322   0.498850   0.875000   0.500000
  0.266332   0.577417   0.376354  -0.346242   0.655342  -1.192510   0.367556   0.875000   0.500000
  0.271357   0.575678   0.379647  -0.352235   0.657189  -1.142449   0.244978   0.875000   0.500000
  0.276382   0.573908   0.382950  -0.357976   0.658420  -1.092261   0.130806   0.875000   0.500000
  0.281407   0.572109   0.386258  -0.363464   0.659077  -1.042059   0.024720   0.875000   0.500000
  0.286432   0.570282   0.389570  -0.368700   0.659202  -0.991953  -0.073602   0.875000   0.500000
  0.291457   0.568430   0.392882  -0.373685   0.658832  -0.942046  -0.164486   0.875000   0.500000
  0.296482   0.566552   0.396193  -0.378419   0.658005  -0.892439  -0.248259   0.875000   0.500000
  0.301508   0.564650   0.399500  -0.382904   0.656757  -0.843215  -0.325261   0.875000   0.500000
  0.306533   0.562726   0.402800  -0.387141   0.655123  -0.794485  -0.395781   0.875000   0.500000
  0.311558   0.560780   0.406092  -0.391134   0.653134  -0.746324  -0.460154   0.875000   0.500000
  0.316583   0.558815   0.409374  -0.394884   0.650822  -0.698812  -0.518691   0.875000   0.500000
  0.321608   0.556831   0.412645  -0.398395   0.648215  -0.652026  -0.571698   0.875000   0.500000
  0.326633   0.554829   0.415902  -0.401672   0.645343  -0.606039  -0.619473   0.875000   0.500000
  0.331658   0.552810   0.419145  -0.404717   0.642230  -0.560918  -0.662305   0.875000   0.500000
  0.336683   0.550777   0.422372  -0.407536   0.638902  -0.516727  -0.700476   0.875000   0.500000
  0.341709   0.548728   0.425583  -0.410133   0.635381  -0.473516  -0.734265   0.875000   0.500000
  0.346734   0.546667   0.428776  -0.412512   0.631691  -0.431361  -0.763922   0.875000   0.500000
  0.351759   0.544595   0.431950  -0.414680   0.627853  -0.390302  -0.789707   0.875000   0.500000
  0.356784   0.542511   0.435105  -0.416641   0.623884  -0.350388  -0.811865   0.875000   0.500000
  0.361809   0.540417   0.438240  -0.418402   0.619805  -0.311663  -0.830630   0.875000   0.500000
  0.366834   0.538315   0.441355  -0.419968   0.615631  -0.274167  -0.846226   0.875000   0.500000
  0.371859   0.536204   0.444448  -0.421346   0.611379  -0.237936  -0.858871   0.875000   0.500000
  0.376884   0.534087   0.447521  -0.422541   0.607063  -0.203002  -0.868767   0.875000   0.500000
  0.381910   0.531963   0.450572  -0.423562   0.602696  -0.169388  -0.876114   0.875000   0.500000
  0.386935   0.529835   0.453600  -0.424413   0.598294  -0.137134  -0.881095   0.875000   0.500000
  0.391960   0.527702   0.456607  -0.425102   0.593866  -0.106253  -0.883889   0.875000   0.500000
  0.396985   0.525566   0.459591  -0.425636   0.589425  -0.076766  -0.884665   0.875000   0.500000
  0.402010   0.523427   0.462553  -0.426022   0.584979  -0.048686  -0.883583   0.875000   0.500000
  0.407035   0.521287   0.465492  -0.426266   0.580539  -0.022027  -0.880796   0.875000   0.500000
  0.412060   0.519145   0.468409  -0.426377   0.576113   0.003203  -0.876446   0.875000   0.500000
  0.417085   0.517002   0.471304  -0.426361   0.571709   0.026997  -0.870670   0.875000   0.500000
  0.422111   0.514859   0.474178  -0.426225   0.567333   0.049356  -0.863594   0.875000   0.500000
  0.427136   0.512717   0.477029  -0.425977   0.562994   0.070271  -0.855341   0.875000   0.500000
  0.432161   0.510577   0.479858  -0.425624   0.558696   0.089747  -0.846024   0.875000   0.500000
  0.437186   0.508438   0.482665  -0.425173   0.554444   0.107788  -0.835749   0.875000   0.500000
  0.442211   0.506302   0.485451  -0.424631   0.550245   0.124402  -0.824618   0.875000   0.500000
  0.447236   0.504168   0.488216  -0.424006   0.546101   0.139595  -0.812724   0.875000   0.500000
  0.452261   0.502037   0.490960  -0.423305   0.542017   0.153379  -0.800155   0.875000   0.500000
  0.457286   0.499910   0.493684  -0.422534   0.537996   0.165765  -0.786993   0.875000   0.500000
  0.462312   0.497786   0.496388  -0.421701   0.534041   0.176769  -0.773314   0.875000   0.500000
  0.467337   0.495667   0.499071  -0.420813   0.530155   0.186401  -0.759194   0.875000   0.500000
  0.472362   0.493553   0.501735  -0.419876   0.526340   0.194680  -0.744698   0.875000   0.500000
  0.477387   0.491443   0.504380  -0.418898   0.522598   0.201623  -0.729888   0.875000   0.500000
  0.482412   0.489338   0.507006  -0.417885   0.518930   0.207249  -0.714822   0.875000   0.500000
  0.487437   0.487238   0.509614  -0.416843   0.515338   0.211578  -0.699554   0.875000   0.500000
  0.492462   0.485144   0.512204  -0.415780   0.511823   0.214628  -0.684133   0.875000   0.500000
  0.497487   0.483054   0.514776  -0.414701   0.508385   0.216421  -0.668606   0.875000   0.500000
  0.502513   0.480970   0.517331  -0.413614   0.505025   0.216979  -0.653012   0.875000   0.500000
  0.507538   0.478892   0.519868  -0.412523   0.501743   0.216323  -0.637397   0.875000   0.500000
  0.512563   0.476819   0.522390  -0.411436   0.498541   0.214476  -0.621794   0.875000   0.500000
  0.517588   0.474751   0.524895  -0.410359   0.495416   0.211460  -0.606236   0.875000   0.500000
  0.522613   0.472689   0.527384  -0.409296   0.492370   0.207299  -0.590754   0.875000   0.500000
  0.527638   0.470632   0.529858  -0.408254   0.489401   0.202017  -0.575376   0.875000   0.500000
  0.532663   0.468581   0.532318  -0.407239   0.486510   0.195637  -0.560128   0.875000   0.500000
  0.537688   0.466535   0.534762  -0.406256   0.483695   0.188184  -0.545034   0.875000   0.500000
  0.542714   0.464493   0.537193  -0.405310   0.480956   0.179682  -0.530113   0.875000   0.500000
  0.547739   0.462456   0.539610  -0.404407   0.478292   0.170158  -0.515390   0.875000   0.500000
  0.552764   0.460424   0.542014  -0.403552   0.475702   0.159639  -0.500882   0.875000   0.500000
  0.557789   0.458396   0.544404  -0.402750   0.473185   0.148152  -0.486604   0.875000   0.500000
  0.562814   0.456372   0.546782  -0.402006   0.470740   0.135724  -0.472572   0.875000   0.500000
  0.567839   0.454352   0.549147  -0.401324   0.468365   0.122386  -0.458802   0.875000   0.500000
  0.572864   0.452335   0.551501  -0.400709   0.466060   0.108169  -0.445306   0.875000   0.500000
  0.577889   0.450322   0.553843  -0.400165   0.463822   0.093105  -0.432097   0.875000   0.500000
  0.582915   0.448311   0.556174  -0.399697   0.461651   0.077228  -0.419185   0.875000   0.500000
  0.587940   0.446302   0.558494  -0.399309   0.459544   0.060580  -0.406587   0.875000   0.500000
  0.592965   0.444296   0.560803  -0.399005   0.457501   0.043201  -0.394311   0.875000   0.500000
  0.597990   0.442291   0.563102  -0.398788   0.455520   0.025133  -0.382369   0.875000   0.500000
  0.603015   0.440287   0.565391  -0.398661   0.453598   0.006425  -0.370771   0.875000   0.500000
  0.608040   0.438283   0.567670  -0.398629   0.451735  -0.012870  -0.359531   0.875000   0.500000
  0.613065   0.436280   0.569940  -0.398694   0.449929  -0.032695  -0.348658   0.875000   0.500000
  0.618090   0.434277   0.572201  -0.398858   0.448177  -0.079634  -0.338168   0.875000   0.500000
  0.623116   0.432272   0.574454  -0.399258   0.446477  -0.098445  -0.328070   0.875000   0.500000
  0.628141   0.430266   0.576697  -0.399753   0.444828  -0.117693  -0.318385   0.875000   0.500000
  0.633166   0.428257   0.578932  -0.400344   0.443228  -0.137286  -0.309126   0.875000   0.500000
  0.638191   0.426245   0.581160  -0.401034   0.441675  -0.157121  -0.300312   0.875000   0.500000
  0.643216   0.424230   0.583379  -0.401824   0.440166  -0.177083  -0.291963   0.875000   0.500000
  0.648241   0.422211   0.585591  -0.402714   0.438699  -0.197046  -0.284102   0.875000   0.500000
  0.653266   0.420187   0.587795  -0.403704   0.437271  -0.216873  -0.276753   0.875000   0.500000
  0.658291   0.418159   0.589993  -0.404794   0.435881  -0.236412  -0.269945   0.875000   0.500000
  0.663317   0.416124   0.592183  -0.405982   0.434524  -0.255499  -0.263709   0.875000   0.500000
  0.668342   0.414084   0.594367  -0.407266   0.433199  -0.273942  -0.258084   0.875000   0.500000
  0.673367   0.412038   0.596544  -0.408642   0.431902  -0.291542  -0.253108   0.875000   0.500000
  0.678392   0.409984   0.598714  -0.410107   0.430630  -0.308075  -0.248827   0.875000   0.500000
  0.683417   0.407924   0.600878  -0.411655   0.429380  -0.323296  -0.245292   0.875000   0.500000
  0.688442   0.405855   0.603036  -0.413280   0.428147  -0.336932  -0.242561   0.875000   0.500000
  0.693467   0.403778   0.605187  -0.414973   0.426928  -0.348685  -0.240696   0.875000   0.500000
  0.698492   0.401693   0.607332  -0.416725   0.425719  -0.358228  -0.239771   0.875000   0.500000
  0.703518   0.399599   0.609472  -0.418526   0.424514  -0.365203  -0.239864   0.875000   0.500000
  0.708543   0.397496   0.611605  -0.420361   0.423308  -0.369213  -0.241064   0.875000   0.500000
  0.713568   0.395383   0.613732  -0.422216   0.422097  -0.369830  -0.243470   0.875000   0.500000
  0.718593   0.393262   0.615853  -0.424074   0.420873  -0.366586  -0.247191   0.875000   0.500000
  0.723618   0.391131   0.617968  -0.425916   0.419631  -0.358968  -0.252347   0.875000   0.500000
  0.728643   0.388990   0.620077  -0.427720   0.418363  -0.346424  -0.259070   0.875000   0.500000
  0.733668   0.386841   0.622179  -0.429461   0.417061  -0.328352  -0.267505   0.875000   0.500000
  0.738693   0.384683   0.624275  -0.431111   0.415717  -0.304106  -0.277810   0.875000   0.500000
  0.743719   0.382516   0.626364  -0.432639   0.414321  -0.272981  -0.290161   0.875000   0.500000
  0.748744   0.380342   0.628446  -0.434011   0.412863  -0.234246  -0.304739   0.875000   0.500000
  0.753769   0.378161   0.630521  -0.435188   0.411332  -0.187101  -0.321747   0.875000   0.500000
  0.758794   0.375975   0.632588  -0.436128   0.409715  -0.130705  -0.341400   0.875000   0.500000
  0.763819   0.373783   0.634647  -0.436785   0.407999  -0.064173  -0.363927   0.875000   0.500000
  0.768844   0.371588   0.636697  -0.437108   0.406171   0.013420  -0.389570   0.875000   0.500000
  0.773869   0.369392   0.638738  -0.437040   0.404213   0.108529  -0.418582   0.875000   0.500000
  0.778894   0.367196   0.640769  -0.436495   0.402110   0.210010  -0.451225   0.875000   0.500000
  0.783920   0.365002   0.642790  -0.435439   0.399842   0.325664  -0.487776   0.875000   0.500000
  0.788945   0.362814   0.644799  -0.433803   0.397391   0.456422  -0.528492   0.875000   0.500000
  0.793970   0.360634   0.646796  -0.431509   0.394735   0.603269  -0.573650   0.875000   0.500000
  0.798995   0.358465   0.648780  -0.428478   0.391852   0.767123  -0.623512   0.875000   0.500000
  0.804020   0.356312   0.650749  -0.424623   0.388719   0.948840  -0.678327   0.875000   0.500000
  0.809045   0.354179   0.652702  -0.419855   0.385311   1.149177  -0.738321   0.875000   0.500000
  0.814070   0.352069   0.654638  -0.414081   0.381601   1.368760  -0.803686   0.875000   0.500000
  0.819095   0.349988   0.656556  -0.407203   0.377562   1.608049  -0.874577   0.875000   0.500000
  0.824121   0.347941   0.658453  -0.399121   0.373166   1.867351  -0.951107   0.875000   0.500000
  0.829146   0.345936   0.660329  -0.389737   0.368387   2.146554  -1.033278   0.875000   0.500000
  0.834171   0.343977   0.662180  -0.378951   0.363195   2.445414  -1.121062   0.875000   0.500000
  0.839196   0.342073   0.664005  -0.366663   0.357562   2.763292  -1.214322   0.875000   0.500000
  0.844221   0.340231   0.665801  -0.352777   0.351460   3.099171  -1.312820   0.875000   0.500000
  0.849246   0.338458   0.667568  -0.337204   0.344863   3.451615  -1.416202   0.875000   0.500000
  0.854271   0.336764   0.669300  -0.319859   0.337746   3.818746  -1.523995   0.875000   0.500000
  0.859296   0.335156   0.670998  -0.300670   0.330088   4.198221  -1.635591   0.875000   0.500000
  0.864322   0.333645   0.672657  -0.279570   0.321868   4.587312  -1.750278   0.875000   0.500000
  0.869347   0.332240   0.674274  -0.256519   0.313073   4.982585  -1.867136   0.875000   0.500000
  0.874372   0.330951   0.675847  -0.231481   0.303690   5.380425  -1.985194   0.875000   0.500000
  0.879397   0.329788   0.677373  -0.204444   0.293715   5.776747  -2.103339   0.875000   0.500000
  0.884422   0.328761   0.678849  -0.175416   0.283145   6.167149  -2.220361   0.875000   0.500000
  0.889447   0.327879   0.680272  -0.144426   0.271988   6.546987  -2.334973   0.875000   0.500000
  0.894472   0.327154   0.681639  -0.111528   0.260255   6.911479  -2.445832   0.875000   0.500000
  0.899497   0.326593   0.682947  -0.076798   0.247964   7.255810  -2.551576   0.875000   0.500000
  0.904523   0.326207   0.684193  -0.040330   0.235140   7.575320  -2.650872   0.875000   0.500000
  0.909548   0.326004   0.685374  -0.002264   0.221820   7.865348  -2.742368   0.875000   0.500000
  0.914573   0.325993   0.686489   0.037259   0.208039   8.121770  -2.824851   0.875000   0.500000
  0.919598   0.326180   0.687534   0.078071   0.193844   8.340825  -2.897197   0.875000   0.500000
  0.924623   0.326573   0.688509   0.119984   0.179286   8.519282  -2.958418   0.875000   0.500000
  0.929648   0.327176   0.689409   0.162793   0.164420   8.654523  -3.007687   0.875000   0.500000
  0.934673   0.327994   0.690236   0.206282   0.149306   8.744598  -3.044356   0.875000   0.500000
  0.939698   0.329030   0.690986   0.250224   0.134008   8.788262  -3.067971   0.875000   0.500000
  0.944724   0.330288   0.691659   0.294394   0.118589   8.784987  -3.078274   0.875000   0.500000
  0.949749   0.331767   0.692255   0.338538   0.103120   8.734953  -3.075201   0.875000   0.500000
  0.954774   0.333468   0.692774   0.382431   0.087668   8.639025  -3.058888   0.875000   0.500000
  0.959799   0.335390   0.693214   0.425843   0.072297   8.498695  -3.029649   0.875000   0.500000
  0.964824   0.337530   0.693577   0.468549   0.057073   8.316016  -2.987961   0.875000   0.500000
  0.969849   0.339884   0.693864   0.510337   0.042058   8.093538  -2.934446   0.875000   0.500000
  0.974874   0.342449   0.694075   0.551007   0.027313   7.834215  -2.869854   0.875000   0.500000
  0.979899   0.345218   0.694213   0.590373   0.012892   7.541333  -2.795031   0.875000   0.500000
  0.984925   0.348185   0.694277   0.628276  -0.001156   7.218344  -2.710890   0.875000   0.500000
  0.989950   0.351342   0.694272   0.664548  -0.014779   6.869064  -2.618445   0.875000   0.500000
  0.994975   0.354681   0.694197   0.699065  -0.027936   6.497194  -2.518700   0.875000   0.500000
  1.000000   0.358194   0.694057   0.731714  -0.040593   6.106507  -2.412686   0.875000   0.500000