  0.000000   0.576537   0.315224   0.000000   0.000000   0.275974 -22.284183   0.750000   0.875000
  0.005025   0.576537   0.315224   0.001387  -0.111978   0.421584 -17.467005   0.750000   0.875000
  0.010050   0.576544   0.314661   0.003505  -0.199750   0.517917 -13.249635   0.750000   0.875000
  0.015075   0.576562   0.313658   0.006108  -0.266329   0.572082  -9.571473   0.750000   0.875000
  0.020101   0.576592   0.312319   0.008983  -0.314435   0.590420  -6.376776   0.750000   0.875000
  0.025126   0.576637   0.310739   0.011950  -0.346479   0.578569  -3.616773   0.750000   0.875000
  0.030151   0.576697   0.308998   0.014857  -0.364653   0.541549  -1.245240   0.750000   0.875000
  0.035176   0.576772   0.307166   0.017579  -0.370910   0.483801   0.779129   0.750000   0.875000
  0.040201   0.576860   0.305302   0.020010  -0.366995   0.409253   2.493801   0.750000   0.875000
  0.045226   0.576961   0.303458   0.022066  -0.354464   0.321367   3.932730   0.750000   0.875000
  0.050251   0.577072   0.301676   0.023681  -0.334702   0.223186   5.126665   0.750000   0.875000
  0.055276   0.577191   0.299994   0.024802  -0.308940   0.117375   6.103426   0.750000   0.875000
  0.060302   0.577316   0.298442   0.025392  -0.278265   0.006236   6.888307   0.750000   0.875000
  0.065327   0.577443   0.297043   0.025424  -0.243651  -0.108164   7.503686   0.750000   0.875000
  0.070352   0.577571   0.295819   0.024880  -0.205945  -0.224100   7.970231   0.750000   0.875000
  0.075377   0.577696   0.294784   0.023754  -0.165894  -0.340071   8.306401   0.750000   0.875000
  0.080402   0.577815   0.293951   0.022045  -0.124155  -0.454795   8.528804   0.750000   0.875000
  0.085427   0.577926   0.293327   0.019760  -0.081297  -0.567184   8.652373   0.750000   0.875000
  0.090452   0.578025   0.292918   0.016910  -0.037819  -0.676326   8.690507   0.750000   0.875000
  0.095477   0.578110   0.292728   0.013511   0.005851  -0.781464   8.655220   0.750000   0.875000
  0.100503   0.578178   0.292758   0.009584   0.049352  -0.881999   8.557236   0.750000   0.875000
  0.105528   0.578226   0.293006   0.005152   0.092352  -0.977392   8.406195   0.750000   0.875000
  0.110553   0.578252   0.293470   0.000240   0.134593  -1.067275   8.210646   0.750000   0.875000
  0.115578   0.578253   0.294146  -0.005123   0.175851  -1.151353   7.978210   0.750000   0.875000
  0.120603   0.578228   0.295030  -0.010908   0.215942  -1.229415   7.715651   0.750000   0.875000
  0.125628   0.578173   0.296115  -0.017086   0.254713  -1.301322   7.428961   0.750000   0.875000
  0.130653   0.578087   0.297395  -0.023625   0.292044  -1.366999   7.123434   0.750000   0.875000
  0.135678   0.577968   0.298862  -0.030495   0.327839  -1.426428   6.803731   0.750000   0.875000
  0.140704   0.577815   0.300510  -0.037664   0.362034  -1.479648   6.473877   0.750000   0.875000
  0.145729   0.577626   0.302329  -0.045099   0.394566  -1.526703   6.137587   0.750000   0.875000
  0.150754   0.577399   0.304312  -0.052771   0.425407  -1.567711   5.797913   0.750000   0.875000
  0.155779   0.577134   0.306450  -0.060648   0.454542  -1.602805   5.457555   0.750000   0.875000
  0.160804   0.576829   0.308734  -0.068703   0.481966  -1.632143   5.118843   0.750000   0.875000
  0.165829   0.576484   0.311155  -0.076904   0.507688  -1.655905   4.783773   0.750000   0.875000
  0.170854   0.576098   0.313707  -0.085225   0.531726  -1.674286   4.454039   0.750000   0.875000
  0.175879   0.575669   0.316379  -0.093638   0.554108  -1.687496   4.131072   0.750000   0.875000
  0.180905   0.575199   0.319163  -0.102120   0.574871  -1.695757   3.815997   0.750000   0.875000
  0.185930   0.574686   0.322052  -0.110641   0.594046  -1.699291   3.509922   0.750000   0.875000
  0.190955   0.574130   0.325037  -0.119180   0.611683  -1.698336   3.213572   0.750000   0.875000
  0.195980   0.573531   0.328111  -0.127714   0.627832  -1.693129   2.927570   0.750000   0.875000
  0.201005   0.572889   0.331266  -0.136222   0.642543  -1.654703   2.652392   0.750000   0.875000
  0.206030   0.572204   0.334495  -0.144537   0.655871  -1.642354   2.388384   0.750000   0.875000
  0.211055   0.571478   0.337790  -0.152790   0.667873  -1.626323   2.135778   0.750000   0.875000
  0.216080   0.570710   0.341146  -0.160962   0.678605  -1.606851   1.894708   0.750000   0.875000
  0.221106   0.569901   0.344557  -0.169038   0.688128  -1.584174   1.665174   0.750000   0.875000
  0.226131   0.569052   0.348015  -0.176998   0.696495  -1.558536   1.447241   0.750000   0.875000
  0.231156   0.568163   0.351515  -0.184830   0.703768  -1.530164   1.240769   0.750000   0.875000
  0.236181   0.567234   0.355051  -0.192519   0.710002  -1.499282   1.045608   0.750000   0.875000
  0.241206   0.566266   0.358619  -0.200053   0.715257  -1.466112   0.861562   0.750000   0.875000
  0.246231   0.565261   0.362213  -0.207420   0.719586  -1.430867   0.688398   0.750000   0.875000
  0.251256   0.564219   0.365829  -0.214610   0.723045  -1.393756   0.525848   0.750000   0.875000
  0.256281   0.563140   0.369462  -0.221614   0.725687  -1.354980   0.373616   0.750000   0.875000
  0.261307   0.562027   0.373110  -0.228424   0.727565  -1.314726   0.231360   0.750000   0.875000
  0.266332   0.560879   0.376766  -0.235030   0.728728  -1.273200   0.098804   0.750000   0.875000
  0.271357   0.559698   0.380428  -0.241428   0.729224  -1.230573  -0.024427   0.750000   0.875000
  0.276382   0.558485   0.384092  -0.247612   0.729102  -1.187021  -0.138688   0.750000   0.875000
  0.281407   0.557240   0.387756  -0.253577   0.728405  -1.142712  -0.244339   0.750000   0.875000
  0.286432   0.555966   0.391416  -0.259319   0.727177  -1.097806  -0.341744   0.750000   0.875000
  0.291457   0.554663   0.395070  -0.264835   0.725460  -1.052456  -0.431267   0.750000   0.875000
  0.296482   0.553332   0.398715  -0.270124   0.723293  -1.006811  -0.513271   0.750000   0.875000
  0.301508   0.551975   0.402351  -0.275184   0.720713  -0.961000  -0.588131   0.750000   0.875000
  0.306533   0.550592   0.405972  -0.280013   0.717757  -0.915175  -0.656170   0.750000   0.875000
  0.311558   0.549185   0.409579  -0.284612   0.714460  -0.869453  -0.717753   0.750000   0.875000
  0.316583   0.547755   0.413169  -0.288981   0.710854  -0.823954  -0.773221   0.750000   0.875000
  0.321608   0.546302   0.416741  -0.293121   0.706968  -0.778791  -0.822909   0.750000   0.875000
  0.326633   0.544829   0.420294  -0.297035   0.702833  -0.734071  -0.867139   0.750000   0.875000
  0.331658   0.543337   0.423825  -0.300723   0.698476  -0.689894  -0.906227   0.750000   0.875000
  0.336683   0.541826   0.427335  -0.304190   0.693922  -0.646354  -0.940478   0.750000   0.875000
  0.341709   0.540297   0.430823  -0.307439   0.689195  -0.603530  -0.970192   0.750000   0.875000
  0.346734   0.538752   0.434286  -0.310471   0.684320  -0.561521  -0.995640   0.750000   0.875000
  0.351759   0.537192   0.437725  -0.313293   0.679317  -0.520394  -1.017102   0.750000   0.875000
  0.356784   0.535618   0.441138  -0.315908   0.674206  -0.480221  -1.034840   0.750000   0.875000
  0.361809   0.534030   0.444526  -0.318321   0.669006  -0.441064  -1.049105   0.750000   0.875000
  0.366834   0.532431   0.447888  -0.320538   0.663734  -0.402984  -1.060138   0.750000   0.875000
  0.371859   0.530820   0.451223  -0.322563   0.658407  -0.366034  -1.068168   0.750000   0.875000
  0.376884   0.529199   0.454532  -0.324402   0.653039  -0.330264  -1.073414   0.750000   0.875000
  0.381910   0.527569   0.457814  -0.326062   0.647644  -0.295709  -1.076086   0.750000   0.875000
  0.386935   0.525930   0.461068  -0.327548   0.642237  -0.262425  -1.076380   0.750000   0.875000
  0.391960   0.524284   0.464296  -0.328866   0.636828  -0.230439  -1.074486   0.750000   0.875000
  0.396985   0.522632   0.467496  -0.330024   0.631429  -0.199782  -1.070582   0.750000   0.875000
  0.402010   0.520973   0.470669  -0.331028   0.626049  -0.170479  -1.064838   0.750000   0.875000
  0.407035   0.519310   0.473815  -0.331885   0.620698  -0.142555  -1.057412   0.750000   0.875000
  0.412060   0.517642   0.476934  -0.332601   0.615385  -0.116029  -1.048458   0.750000   0.875000
  0.417085   0.515971   0.480026  -0.333184   0.610116  -0.090917  -1.038116   0.750000   0.875000
  0.422111   0.514296   0.483092  -0.333641   0.604899  -0.067226  -1.026519   0.750000   0.875000
  0.427136   0.512620   0.486132  -0.333979   0.599740  -0.044978  -1.013797   0.750000   0.875000
  0.432161   0.510941   0.489146  -0.334205   0.594646  -0.024174  -1.000068   0.750000   0.875000
  0.437186   0.509262   0.492134  -0.334327   0.589621  -0.004820  -0.985442   0.750000   0.875000
  0.442211   0.507582   0.495097  -0.334351   0.584669   0.013082  -0.970024   0.750000   0.875000
  0.447236   0.505902   0.498034  -0.334285   0.579795   0.005907  -0.953911   0.750000   0.875000
  0.452261   0.504222   0.500948  -0.334255   0.575001   0.022052  -0.937196   0.750000   0.875000
  0.457286   0.502542   0.503837  -0.334145   0.570292   0.036642  -0.919962   0.750000   0.875000
  0.462312   0.500863   0.506704  -0.333960   0.565668   0.049691  -0.902286   0.750000   0.875000
  0.467337   0.499185   0.509546  -0.333711   0.561134   0.061204  -0.884249   0.750000   0.875000
  0.472362   0.497508   0.512366  -0.333403   0.556691   0.071195  -0.865917   0.750000   0.875000
  0.477387   0.495833   0.515163  -0.333045   0.552339   0.079677  -0.847352   0.750000   0.875000
  0.482412   0.494159   0.517939  -0.332645   0.548081   0.086660  -0.828614   0.750000   0.875000
  0.487437   0.492488   0.520693  -0.332210   0.543918   0.092159  -0.809758   0.750000   0.875000
  0.492462   0.490818   0.523426  -0.331746   0.539849   0.096186  -0.790835   0.750000   0.875000
  0.497487   0.489151   0.526139  -0.331263   0.535875   0.098753  -0.771890   0.750000   0.875000
  0.502513   0.487486   0.528832  -0.330767   0.531995   0.099873  -0.752963   0.750000   0.875000
  0.507538   0.485824   0.531505  -0.330265   0.528212   0.099559  -0.734102   0.750000   0.875000
  0.512563   0.484165   0.534160  -0.329765   0.524523   0.097823  -0.715338   0.750000   0.875000
  0.517588   0.482508   0.536795  -0.329273   0.520928   0.094679  -0.696706   0.750000   0.875000
  0.522613   0.480853   0.539413  -0.328797   0.517427   0.090140  -0.678235   0.750000   0.875000
  0.527638   0.479201   0.542013  -0.328344   0.514019   0.084219  -0.659954   0.750000   0.875000
  0.532663   0.477551   0.544596  -0.327921   0.510703   0.076928  -0.641888   0.750000   0.875000
  0.537688   0.475903   0.547162  -0.327535   0.507477   0.068283  -0.624060   0.750000   0.875000
  0.542714   0.474257   0.549713  -0.327191   0.504341   0.058294  -0.606489   0.750000   0.875000
  0.547739   0.472613   0.552247  -0.326898   0.501293   0.046982  -0.589201   0.750000   0.875000
  0.552764   0.470970   0.554766  -0.326662   0.498332   0.034361  -0.572210   0.750000   0.875000
  0.557789   0.469329   0.557270  -0.326490   0.495457   0.020448  -0.555533   0.750000   0.875000
  0.562814   0.467688   0.559760  -0.326387   0.492666   0.005263  -0.539186   0.750000   0.875000
  0.567839   0.466048   0.562236  -0.326361   0.489956  -0.011174  -0.523182   0.750000   0.875000
  0.572864   0.464408   0.564698  -0.326417   0.487327  -0.028840  -0.507534   0.750000   0.875000
  0.577889   0.462768   0.567146  -0.326562   0.484777  -0.047708  -0.492256   0.750000   0.875000
  0.582915   0.461126   0.569583  -0.326801   0.482303  -0.067753  -0.477356   0.750000   0.875000
  0.587940   0.459484   0.572006  -0.327142   0.479904  -0.088934  -0.462852   0.750000   0.875000
  0.592965   0.457840   0.574418  -0.327589   0.477578  -0.111218  -0.448753   0.750000   0.875000
  0.597990   0.456194   0.576818  -0.328148   0.475323  -0.134564  -0.435069   0.750000   0.875000
  0.603015   0.454545   0.579206  -0.328824   0.473137  -0.158924  -0.421814   0.750000   0.875000
  0.608040   0.452893   0.581584  -0.329622   0.471017  -0.184245  -0.408999   0.750000   0.875000
  0.613065   0.451236   0.583951  -0.330548   0.468962  -0.210466  -0.396637   0.750000   0.875000
  0.618090   0.449575   0.586307  -0.331606   0.466969  -0.237520  -0.384743   0.750000   0.875000
  0.623116   0.447909   0.588654  -0.332800   0.465035  -0.265336  -0.373330   0.750000   0.875000
  0.628141   0.446236   0.590991  -0.334133   0.463159  -0.293818  -0.362418   0.750000   0.875000
  0.633166   0.444557   0.593318  -0.335609   0.461338  -0.322875  -0.352025   0.750000   0.875000
  0.638191   0.442871   0.595637  -0.337232   0.459569  -0.352400  -0.342171   0.750000   0.875000
  0.643216   0.441176   0.597946  -0.339003   0.457850  -0.382273  -0.332879   0.750000   0.875000
  0.648241   0.439473   0.600247  -0.340923   0.456177  -0.412361  -0.324176   0.750000   0.875000
  0.653266   0.437760   0.602539  -0.342996   0.454548  -0.442517  -0.316091   0.750000   0.875000
  0.658291   0.436036   0.604823  -0.345219   0.452960  -0.472574  -0.308656   0.750000   0.875000
  0.663317   0.434301   0.607100  -0.347594   0.451408  -0.502359  -0.301909   0.750000   0.875000
  0.668342   0.432555   0.609368  -0.350119   0.449891  -0.531656  -0.295892   0.750000   0.875000
  0.673367   0.430795   0.611629  -0.352790   0.448404  -0.560250  -0.290653   0.750000   0.875000
  0.678392   0.429022   0.613882  -0.355606   0.446944  -0.587895  -0.286245   0.750000   0.875000
  0.683417   0.427236   0.616128  -0.358560   0.445506  -0.614323  -0.282726   0.750000   0.875000
  0.688442   0.425434   0.618366  -0.361647   0.444085  -0.639238  -0.280163   0.750000   0.875000
  0.693467   0.423616   0.620598  -0.364859   0.442677  -0.662315  -0.278630   0.750000   0.875000
  0.698492   0.421783   0.622822  -0.368187   0.441277  -0.683199  -0.278211   0.750000   0.875000
  0.703518   0.419933   0.625040  -0.371621   0.439879  -0.701506  -0.278998   0.750000   0.875000
  0.708543   0.418065   0.627251  -0.375146   0.438477  -0.716805  -0.281093   0.750000   0.875000
  0.713568   0.416180   0.629454  -0.378748   0.437064  -0.728641  -0.284610   0.750000   0.875000
  0.718593   0.414277   0.631650  -0.382409   0.435634  -0.736513  -0.289674   0.750000   0.875000
  0.723618   0.412355   0.633839  -0.386110   0.434178  -0.739880  -0.296422   0.750000   0.875000
  0.728643   0.410415   0.636021  -0.389828   0.432689  -0.738156  -0.305007   0.750000   0.875000
  0.733668   0.408456   0.638195  -0.393537   0.431156  -0.730709  -0.315594   0.750000   0.875000
  0.738693   0.406479   0.640362  -0.397209   0.429570  -0.716860  -0.328364   0.750000   0.875000
  0.743719   0.404482   0.642521  -0.400812   0.427920  -0.695879  -0.343514   0.750000   0.875000
  0.748744   0.402468   0.644671  -0.404309   0.426194  -0.666998  -0.361251   0.750000   0.875000
  0.753769   0.400437   0.646813  -0.407661   0.424379  -0.629389  -0.381804   0.750000   0.875000
  0.758794   0.398388   0.648945  -0.410823   0.422460  -0.582182  -0.405415   0.750000   0.875000
  0.763819   0.396324   0.651068  -0.413749   0.420423  -0.524463  -0.432340   0.750000   0.875000
  0.768844   0.394245   0.653181  -0.416384   0.418250  -0.455279  -0.462851   0.750000   0.875000
  0.773869   0.392152   0.655283  -0.418672   0.415924  -0.366768  -0.497228   0.750000   0.875000
  0.778894   0.390048   0.657373  -0.420515   0.413426  -0.273094  -0.535761   0.750000   0.875000
  0.783920   0.387935   0.659450  -0.421887   0.410733  -0.164718  -0.578758   0.750000   0.875000
  0.788945   0.385815   0.661514  -0.422715   0.407825  -0.040684  -0.626496   0.750000   0.875000
  0.793970   0.383691   0.663564  -0.422920   0.404677   0.100015  -0.679277   0.750000   0.875000
  0.798995   0.381566   0.665597  -0.422417   0.401263   0.258326  -0.737384   0.750000   0.875000
  0.804020   0.379443   0.667614  -0.421119   0.397558   0.435129  -0.801078   0.750000   0.875000
  0.809045   0.377327   0.669611  -0.418932   0.393533   0.631211  -0.870595   0.750000   0.875000
  0.814070   0.375222   0.671589  -0.415761   0.389158   0.847232  -0.946130   0.750000   0.875000
  0.819095   0.373132   0.673544  -0.411503   0.384404   1.083686  -1.027829   0.750000   0.875000
  0.824121   0.371064   0.675476  -0.406057   0.379238   1.340917  -1.115792   0.750000   0.875000
  0.829146   0.369024   0.677382  -0.399319   0.373631   1.618855  -1.209986   0.750000   0.875000
  0.834171   0.367017   0.679259  -0.391184   0.367551   1.917300  -1.310343   0.750000   0.875000
  0.839196   0.365052   0.681106  -0.381549   0.360966   2.235660  -1.416670   0.750000   0.875000
  0.844221   0.363134   0.682920  -0.370315   0.353847   2.572968  -1.528655   0.750000   0.875000
  0.849246   0.361273   0.684698  -0.357386   0.346166   2.927840  -1.645858   0.750000   0.875000
  0.854271   0.359478   0.686438  -0.342674   0.337896   3.298450  -1.767698   0.750000   0.875000
  0.859296   0.357756   0.688136  -0.326099   0.329013   3.682508  -1.893445   0.750000   0.875000
  0.864322   0.356117   0.689789  -0.307591   0.319496   4.077340  -2.022251   0.750000   0.875000
  0.869347   0.354571   0.691395  -0.287102   0.309335   4.479558  -2.153037   0.750000   0.875000
  0.874372   0.353128   0.692949  -0.264592   0.298516   4.885589  -2.284668   0.750000   0.875000
  0.879397   0.351799   0.694449  -0.240042   0.287035   5.291388  -2.415857   0.750000   0.875000
  0.884422   0.350593   0.695892  -0.213453   0.274895   5.692578  -2.545211   0.750000   0.875000
  0.889447   0.349520   0.697273  -0.184848   0.262106   6.084533  -2.671255   0.750000   0.875000
  0.894472   0.348591   0.698590  -0.154273   0.248683   6.462476  -2.792466   0.750000   0.875000
  0.899497   0.347816   0.699840  -0.121799   0.234651   6.821581  -2.907305   0.750000   0.875000
  0.904523   0.347204   0.701019  -0.087514   0.220038   7.157164  -3.014273   0.750000   0.875000
  0.909548   0.346764   0.702125  -0.051549   0.204892   7.464517  -3.111865   0.750000   0.875000
  0.914573   0.346505   0.703154  -0.014040   0.189255   7.739460  -3.198741   0.750000   0.875000
  0.919598   0.346434   0.704105   0.024851   0.173181   7.978158  -3.273672   0.750000   0.875000
  0.924623   0.346559   0.704976   0.064941   0.156731   8.177288  -3.335590   0.750000   0.875000
  0.929648   0.346886   0.705763   0.106032   0.139969   8.334129  -3.383618   0.750000   0.875000
  0.934673   0.347418   0.706466   0.147911   0.122967   8.446613  -3.417087   0.750000   0.875000
  0.939698   0.348162   0.707084   0.190355   0.105796   8.513369  -3.435552   0.750000   0.875000
  0.944724   0.349118   0.707616   0.233144   0.088529   8.533739  -3.438794   0.750000   0.875000
  0.949749   0.350290   0.708061   0.276026   0.071249   8.507752  -3.426816   0.750000   0.875000
  0.954774   0.351677   0.708419   0.318777   0.054029   8.436136  -3.399846   0.750000   0.875000
  0.959799   0.353279   0.708690   0.361169   0.036945   8.320241  -3.358309   0.750000   0.875000
  0.964824   0.355094   0.708876   0.402978   0.020069   8.161980  -3.302815   0.750000   0.875000
  0.969849   0.357119   0.708977   0.443992   0.003473   7.963767  -3.234134   0.750000   0.875000
  0.974874   0.359350   0.708994   0.484010  -0.012779   7.728428  -3.153172   0.750000   0.875000
  0.979899   0.361782   0.708930   0.522845  -0.028624   7.459128  -3.060943   0.750000   0.875000
  0.984925   0.364410   0.708786   0.560335  -0.044008   7.159215  -2.958523   0.750000   0.875000
  0.989950   0.367225   0.708565   0.596310  -0.058874   6.832393  -2.847105   0.750000   0.875000
  0.994975   0.370222   0.708269   0.630643  -0.073181   6.482278  -2.727856   0.750000   0.875000
  1.000000   0.373391   0.707902   0.663216  -0.086889   6.112568  -2.601970   0.750000   0.875000