  0.000000   0.641421   0.358579   0.000000   0.000000   1.459190 -24.305716   1.000000   0.375000
  0.005025   0.641421   0.358579   0.007332  -0.122136   0.985189 -19.613744   1.000000   0.375000
  0.010050   0.641458   0.357965   0.012283  -0.220695   0.554825 -15.481040   1.000000   0.375000
  0.015075   0.641520   0.356856   0.015071  -0.298488   0.164934 -11.852418   1.000000   0.375000
  0.020101   0.641595   0.355356   0.015900  -0.358058  -0.187508  -8.676995   1.000000   0.375000
  0.025126   0.641675   0.353557   0.014958  -0.401660  -0.505115  -5.910333   1.000000   0.375000
  0.030151   0.641750   0.351538   0.012420  -0.431359  -0.790538  -3.510098   1.000000   0.375000
  0.035176   0.641813   0.349371   0.008447  -0.448997  -1.046180  -1.438441   1.000000   0.375000
  0.040201   0.641855   0.347115   0.003190  -0.456225  -1.274284   0.339024   1.000000   0.375000
  0.045226   0.641871   0.344822  -0.003213  -0.454522  -1.476938   1.853519   1.000000   0.375000
  0.050251   0.641855   0.342538  -0.010635  -0.445208  -1.656090   3.133371   1.000000   0.375000
  0.055276   0.641802   0.340301  -0.018957  -0.429463  -1.813556   4.204261   1.000000   0.375000
  0.060302   0.641706   0.338143  -0.028072  -0.408332  -1.951053   5.089621   1.000000   0.375000
  0.065327   0.641565   0.336091  -0.037876  -0.382757  -2.070095   5.810132   1.000000   0.375000
  0.070352   0.641375   0.334167  -0.048278  -0.353561  -2.172179   6.385036   1.000000   0.375000
  0.075377   0.641132   0.332391  -0.059193  -0.321476  -2.258666   6.831528   1.000000   0.375000
  0.080402   0.640835   0.330775  -0.070543  -0.287148  -2.330823   7.165124   1.000000   0.375000
  0.085427   0.640480   0.329332  -0.082255  -0.251143  -2.389826   7.399813   1.000000   0.375000
  0.090452   0.640067   0.328070  -0.094264  -0.213959  -2.436768   7.548186   1.000000   0.375000
  0.095477   0.639593   0.326995  -0.106509  -0.176029  -2.472664   7.621566   1.000000   0.375000
  0.100503   0.639058   0.326110  -0.118937  -0.137723  -2.498460   7.630119   1.000000   0.375000
  0.105528   0.638461   0.325418  -0.131491  -0.099382  -2.515017   7.582955   1.000000   0.375000
  0.110553   0.637800   0.324919  -0.144129  -0.061278  -2.523152   7.488247   1.000000   0.375000
  0.115578   0.637076   0.324611  -0.156808  -0.023649  -2.523613   7.353289   1.000000   0.375000
  0.120603   0.636288   0.324492  -0.169489   0.013301  -2.517095   7.184588   1.000000   0.375000
  0.125628   0.635436   0.324559  -0.182138   0.049404  -2.504239   6.987938   1.000000   0.375000
  0.130653   0.634521   0.324807  -0.194721   0.084518  -2.485640   6.768487   1.000000   0.375000
  0.135678   0.633542   0.325232  -0.207212   0.118530  -2.461845   6.530795   1.000000   0.375000
  0.140704   0.632501   0.325828  -0.219585   0.151354  -2.433356   6.278842   1.000000   0.375000
  0.145729   0.631397   0.326588  -0.231813   0.182905  -2.400650   6.016284   1.000000   0.375000
  0.150754   0.630232   0.327507  -0.243876   0.213137  -2.364155   5.746193   1.000000   0.375000
  0.155779   0.629007   0.328578  -0.255756   0.242011  -2.324268   5.471300   1.000000   0.375000
  0.160804   0.627722   0.329795  -0.267435   0.269504  -2.281355   5.193987   1.000000   0.375000
  0.165829   0.626378   0.331149  -0.278899   0.295604  -2.235753   4.916318   1.000000   0.375000
  0.170854   0.624976   0.332634  -0.290134   0.320309  -2.187775   4.640076   1.000000   0.375000
  0.175879   0.623519   0.334244  -0.301127   0.343625  -2.137704   4.366789   1.000000   0.375000
  0.180905   0.622005   0.335971  -0.311871   0.365573  -2.085794   4.097703   1.000000   0.375000
  0.185930   0.620438   0.337808  -0.322352   0.386164  -2.032307   3.834025   1.000000   0.375000
  0.190955   0.618818   0.339748  -0.332565   0.405430  -1.977455   3.576615   1.000000   0.375000
  0.195980   0.617147   0.341786  -0.342502   0.423402  -1.921443   3.326226   1.000000   0.375000
  0.201005   0.615426   0.343913  -0.352157   0.440116  -1.864458   3.083468   1.000000   0.375000
  0.206030   0.613656   0.346125  -0.361526   0.455611  -1.806674   2.848824   1.000000   0.375000
  0.211055   0.611840   0.348414  -0.370604   0.469926  -1.748248   2.622664   1.000000   0.375000
  0.216080   0.609977   0.350776  -0.379389   0.483105  -1.689329   2.405259   1.000000   0.375000
  0.221106   0.608071   0.353204  -0.387880   0.495194  -1.630037   2.196749   1.000000   0.375000
  0.226131   0.606121   0.355692  -0.396071   0.506232  -1.570522   1.997329   1.000000   0.375000
  0.231156   0.604131   0.358236  -0.403963   0.516269  -1.510887   1.806996   1.000000   0.375000
  0.236181   0.602101   0.360830  -0.411555   0.525349  -1.451237   1.625731   1.000000   0.375000
  0.241206   0.600033   0.363470  -0.418847   0.533518  -1.391672   1.453470   1.000000   0.375000
  0.246231   0.597929   0.366151  -0.425840   0.540822  -1.332282   1.290102   1.000000   0.375000
  0.251256   0.595789   0.368869  -0.432535   0.547305  -1.273152   1.135481   1.000000   0.375000
  0.256281   0.593615   0.371619  -0.438933   0.553011  -1.214361   0.989432   1.000000   0.375000
  0.261307   0.591409   0.374398  -0.445036   0.557984  -1.155971   0.851726   1.000000   0.375000
  0.266332   0.589173   0.377202  -0.450845   0.562264  -1.098076   0.722196   1.000000   0.375000
  0.271357   0.586907   0.380027  -0.456363   0.565893  -1.040728   0.600574   1.000000   0.375000
  0.276382   0.584614   0.382871  -0.461592   0.568910  -0.983988   0.486608   1.000000   0.375000
  0.281407   0.582295   0.385730  -0.466537   0.571356  -0.927915   0.380033   1.000000   0.375000
  0.286432   0.579950   0.388601  -0.471200   0.573265  -0.872562   0.280581   1.000000   0.375000
  0.291457   0.577582   0.391482  -0.475584   0.574675  -0.817982   0.187975   1.000000   0.375000
  0.296482   0.575193   0.394369  -0.479695   0.575620  -0.764223   0.101938   1.000000   0.375000
  0.301508   0.572782   0.397262  -0.483536   0.576132  -0.711321   0.022175   1.000000   0.375000
  0.306533   0.570352   0.400157  -0.487110   0.576244  -0.659342  -0.051559   1.000000   0.375000
  0.311558   0.567904   0.403053  -0.490423   0.575985  -0.596433  -0.119558   1.000000   0.375000
  0.316583   0.565440   0.405947  -0.493420   0.575384  -0.547058  -0.182093   1.000000   0.375000
  0.321608   0.562960   0.408839  -0.496169   0.574469  -0.498678  -0.239434   1.000000   0.375000
  0.326633   0.560467   0.411725  -0.498675   0.573266  -0.451333  -0.291843   1.000000   0.375000
  0.331658   0.557961   0.414606  -0.500943   0.571799  -0.405062  -0.339578   1.000000   0.375000
  0.336683   0.555444   0.417479  -0.502978   0.570093  -0.359902  -0.382888   1.000000   0.375000
  0.341709   0.552916   0.420345  -0.504787   0.568168  -0.315878  -0.422025   1.000000   0.375000
  0.346734   0.550380   0.423200  -0.506375   0.566048  -0.273043  -0.457209   1.000000   0.375000
  0.351759   0.547835   0.426044  -0.507747   0.563750  -0.231416  -0.488675   1.000000   0.375000
  0.356784   0.545284   0.428877  -0.508910   0.561295  -0.191028  -0.516646   1.000000   0.375000
  0.361809   0.542726   0.431697  -0.509869   0.558698  -0.151905  -0.541332   1.000000   0.375000
  0.366834   0.540164   0.434505  -0.510633   0.555978  -0.114070  -0.562938   1.000000   0.375000
  0.371859   0.537598   0.437299  -0.511206   0.553149  -0.077547  -0.581660   1.000000   0.375000
  0.376884   0.535029   0.440078  -0.511596   0.550227  -0.042355  -0.597685   1.000000   0.375000
  0.381910   0.532458   0.442844  -0.511808   0.547223  -0.008504  -0.611195   1.000000   0.375000
  0.386935   0.529886   0.445593  -0.511851   0.544151   0.023977  -0.622357   1.000000   0.375000
  0.391960   0.527314   0.448328  -0.511731   0.541024   0.055080  -0.631336   1.000000   0.375000
  0.396985   0.524743   0.451046  -0.511454   0.537852   0.084797  -0.638289   1.000000   0.375000
  0.402010   0.522173   0.453749  -0.511028   0.534644   0.113120  -0.643364   1.000000   0.375000
  0.407035   0.519605   0.456436  -0.510459   0.531411   0.140042  -0.646701   1.000000   0.375000
  0.412060   0.517040   0.459106  -0.509756   0.528162   0.165561  -0.648435   1.000000   0.375000
  0.417085   0.514478   0.461760  -0.508924   0.524903   0.189675  -0.648692   1.000000   0.375000
  0.422111   0.511920   0.464398  -0.507970   0.521643   0.212392  -0.647591   1.000000   0.375000
  0.427136   0.509368   0.467020  -0.506903   0.518389   0.233706  -0.645246   1.000000   0.375000
  0.432161   0.506821   0.469624  -0.505729   0.515146   0.253628  -0.641763   1.000000   0.375000
  0.437186   0.504279   0.472213  -0.504454   0.511922   0.272167  -0.637244   1.000000   0.375000
  0.442211   0.501745   0.474785  -0.503087   0.508719   0.289332  -0.631784   1.000000   0.375000
  0.447236   0.499217   0.477342  -0.501633   0.505545   0.305138  -0.625471   1.000000   0.375000
  0.452261   0.496696   0.479882  -0.500099   0.502402   0.319600  -0.618391   1.000000   0.375000
  0.457286   0.494183   0.482407  -0.498493   0.499294   0.332733  -0.610621   1.000000   0.375000
  0.462312   0.491677   0.484916  -0.496821   0.496225   0.344559  -0.602233   1.000000   0.375000
  0.467337   0.489181   0.487410  -0.495090   0.493199   0.355093  -0.593301   1.000000   0.375000
  0.472362   0.486693   0.489888  -0.493305   0.490218   0.364360  -0.583887   1.000000   0.375000
  0.477387   0.484214   0.492351  -0.491475   0.487284   0.372385  -0.574052   1.000000   0.375000
  0.482412   0.481745   0.494800  -0.489603   0.484399   0.379190  -0.563851   1.000000   0.375000
  0.487437   0.479284   0.497234  -0.487698   0.481566   0.384804  -0.553339   1.000000   0.375000
  0.492462   0.476834   0.499654  -0.485764   0.478785   0.389254  -0.542562   1.000000   0.375000
  0.497487   0.474393   0.502060  -0.483808   0.476059   0.392568  -0.531568   1.000000   0.375000
  0.502513   0.471961   0.504452  -0.481835   0.473387   0.394777  -0.520395   1.000000   0.375000
  0.507538   0.469540   0.506831  -0.479851   0.470772   0.395911  -0.509087   1.000000   0.375000
  0.512563   0.467129   0.509197  -0.477862   0.468214   0.396001  -0.497679   1.000000   0.375000
  0.517588   0.464727   0.511550  -0.475872   0.465713   0.395082  -0.486203   1.000000   0.375000
  0.522613   0.462336   0.513890  -0.473887   0.463270   0.393185  -0.474691   1.000000   0.375000
  0.527638   0.459955   0.516218  -0.471911   0.460885   0.390346  -0.463172   1.000000   0.375000
  0.532663   0.457583   0.518534  -0.469950   0.458557   0.386600  -0.451671   1.000000   0.375000
  0.537688   0.455222   0.520838  -0.468007   0.456288   0.381981  -0.440213   1.000000   0.375000
  0.542714   0.452870   0.523131  -0.466087   0.454075   0.376526  -0.428818   1.000000   0.375000
  0.547739   0.450528   0.525413  -0.464195   0.451920   0.370274  -0.417512   1.000000   0.375000
  0.552764   0.448195   0.527684  -0.462334   0.449822   0.363263  -0.406311   1.000000   0.375000
  0.557789   0.445872   0.529944  -0.460509   0.447781   0.355531  -0.395232   1.000000   0.375000
  0.562814   0.443558   0.532194  -0.458722   0.445794   0.347119  -0.384293   1.000000   0.375000
  0.567839   0.441253   0.534434  -0.456978   0.443863   0.338069  -0.373507   1.000000   0.375000
  0.572864   0.438956   0.536665  -0.455279   0.441987   0.328424  -0.362890   1.000000   0.375000
  0.577889   0.436669   0.538886  -0.453629   0.440163   0.318227  -0.352454   1.000000   0.375000
  0.582915   0.434389   0.541098  -0.452030   0.438392   0.307524  -0.342210   1.000000   0.375000
  0.587940   0.432117   0.543301  -0.450484   0.436672   0.296367  -0.332174   1.000000   0.375000
  0.592965   0.429853   0.545495  -0.448995   0.435003   0.284806  -0.322355   1.000000   0.375000
  0.597990   0.427597   0.547681  -0.447564   0.433383   0.272893  -0.312764   1.000000   0.375000
  0.603015   0.425348   0.549859  -0.446193   0.431811   0.260686  -0.303413   1.000000   0.375000
  0.608040   0.423106   0.552029  -0.444883   0.430287   0.248246  -0.294313   1.000000   0.375000
  0.613065   0.420871   0.554191  -0.443635   0.428808   0.235637  -0.285474   1.000000   0.375000
  0.618090   0.418641   0.556346  -0.442451   0.427373   0.222929  -0.276909   1.000000   0.375000
  0.623116   0.416418   0.558494  -0.441331   0.425982   0.210196  -0.268628   1.000000   0.375000
  0.628141   0.414200   0.560634  -0.440274   0.424632   0.197522  -0.260648   1.000000   0.375000
  0.633166   0.411988   0.562768  -0.439282   0.423322   0.184994  -0.252981   1.000000   0.375000
  0.638191   0.409780   0.564895  -0.438352   0.422051   0.172708  -0.245644   1.000000   0.375000
  0.643216   0.407577   0.567016  -0.437484   0.420816   0.160769  -0.238652   1.000000   0.375000
  0.648241   0.405379   0.569131  -0.436677   0.419617   0.149290  -0.232026   1.000000   0.375000
  0.653266   0.403185   0.571239  -0.435926   0.418451   0.138398  -0.225786   1.000000   0.375000
  0.658291   0.400994   0.573342  -0.435231   0.417317   0.128230  -0.219955   1.000000   0.375000
  0.663317   0.398807   0.575439  -0.434586   0.416211   0.118935  -0.214559   1.000000   0.375000
  0.668342   0.396623   0.577531  -0.433989   0.415133   0.110683  -0.209631   1.000000   0.375000
  0.673367   0.394442   0.579617  -0.433433   0.414080   0.103654  -0.205201   1.000000   0.375000
  0.678392   0.392264   0.581698  -0.432912   0.413048   0.098050  -0.201309   1.000000   0.375000
  0.683417   0.390089   0.583773  -0.432419   0.412037   0.094090  -0.197995   1.000000   0.375000
  0.688442   0.387916   0.585844  -0.431946   0.411042   0.092018  -0.195307   1.000000   0.375000
  0.693467   0.385745   0.587909  -0.431484   0.410060   0.092098  -0.193298   1.000000   0.375000
  0.698492   0.383577   0.589970  -0.431021   0.409089   0.094624  -0.192028   1.000000   0.375000
  0.703518   0.381411   0.592026  -0.430546   0.408124   0.099917  -0.191562   1.000000   0.375000
  0.708543   0.379247   0.594077  -0.430043   0.407161   0.108325  -0.191975   1.000000   0.375000
  0.713568   0.377086   0.596123  -0.429499   0.406197   0.120231  -0.193348   1.000000   0.375000
  0.718593   0.374928   0.598164  -0.428895   0.405225   0.136053  -0.195774   1.000000   0.375000
  0.723618   0.372773   0.600200  -0.428211   0.404241   0.156245  -0.199352   1.000000   0.375000
  0.728643   0.370621   0.602231  -0.427426   0.403240   0.181298  -0.204195   1.000000   0.375000
  0.733668   0.368473   0.604258  -0.426515   0.402214   0.211745  -0.210426   1.000000   0.375000
  0.738693   0.366330   0.606279  -0.425451   0.401156   0.248161  -0.218178   1.000000   0.375000
  0.743719   0.364192   0.608295  -0.424204   0.400060   0.291171  -0.227600   1.000000   0.375000
  0.748744   0.362060   0.610305  -0.422741   0.398916   0.341414  -0.238850   1.000000   0.375000
  0.753769   0.359936   0.612310  -0.421025   0.397716   0.399599  -0.252100   1.000000   0.375000
  0.758794   0.357820   0.614308  -0.419017   0.396449   0.466466  -0.267536   1.000000   0.375000
  0.763819   0.355715   0.616301  -0.416673   0.395105   0.542789  -0.285358   1.000000   0.375000
  0.768844   0.353621   0.618286  -0.413946   0.393671   0.629377  -0.305777   1.000000   0.375000
  0.773869   0.351541   0.620264  -0.410783   0.392134   0.731782  -0.329014   1.000000   0.375000
  0.778894   0.349477   0.622235  -0.407106   0.390481   0.840515  -0.355302   1.000000   0.375000
  0.783920   0.347431   0.624197  -0.402881   0.388695   0.962180  -0.384887   1.000000   0.375000
  0.788945   0.345406   0.626150  -0.398046   0.386761   1.097559  -0.418001   1.000000   0.375000
  0.793970   0.343406   0.628094  -0.392531   0.384661   1.247484  -0.454895   1.000000   0.375000
  0.798995   0.341433   0.630027  -0.386263   0.382375   1.412715  -0.495811   1.000000   0.375000
  0.804020   0.339492   0.631948  -0.379164   0.379883   1.593940  -0.540982   1.000000   0.375000
  0.809045   0.337587   0.633857  -0.371154   0.377165   1.791746  -0.590625   1.000000   0.375000
  0.814070   0.335722   0.635752  -0.362151   0.374197   2.006588  -0.644931   1.000000   0.375000
  0.819095   0.333902   0.637633  -0.352068   0.370956   2.238754  -0.704063   1.000000   0.375000
  0.824121   0.332133   0.639497  -0.340816   0.367418   2.488382  -0.768153   1.000000   0.375000
  0.829146   0.330420   0.641343  -0.328311   0.363558   2.755204  -0.837240   1.000000   0.375000
  0.834171   0.328770   0.643170  -0.314467   0.359350   3.038827  -0.911339   1.000000   0.375000
  0.839196   0.327190   0.644976  -0.299196   0.354771   3.338484  -0.990378   1.000000   0.375000
  0.844221   0.325687   0.646759  -0.282421   0.349794   3.653048  -1.074198   1.000000   0.375000
  0.849246   0.324268   0.648516  -0.264064   0.344396   3.981007  -1.162546   1.000000   0.375000
  0.854271   0.322941   0.650247  -0.244059   0.338555   4.320434  -1.255062   1.000000   0.375000
  0.859296   0.321714   0.651948  -0.222349   0.332248   4.668982  -1.351277   1.000000   0.375000
  0.864322   0.320597   0.653618  -0.198883   0.325456   5.023954  -1.450625   1.000000   0.375000
  0.869347   0.319597   0.655254  -0.173638   0.318167   5.382017  -1.552362   1.000000   0.375000
  0.874372   0.318725   0.656852  -0.146593   0.310366   5.739685  -1.655697   1.000000   0.375000
  0.879397   0.317988   0.658412  -0.117751   0.302047   6.093069  -1.759711   1.000000   0.375000
  0.884422   0.317397   0.659930  -0.087133   0.293204   6.438011  -1.863393   1.000000   0.375000
  0.889447   0.316959   0.661403  -0.054782   0.283840   6.770170  -1.965658   1.000000   0.375000
  0.894472   0.316683   0.662829  -0.020762   0.273963   7.085113  -2.065365   1.000000   0.375000
  0.899497   0.316579   0.664206   0.014840   0.263585   7.378419  -2.161346   1.000000   0.375000
  0.904523   0.316654   0.665531   0.051924   0.252722   7.645847  -2.252445   1.000000   0.375000
  0.909548   0.316915   0.666801   0.090345   0.241403   7.883220  -2.337476   1.000000   0.375000
  0.914573   0.317369   0.668014   0.129958   0.229657   8.086881  -2.415368   1.000000   0.375000
  0.919598   0.318022   0.669168   0.170595   0.217520   8.253557  -2.485110   1.000000   0.375000
  0.924623   0.318879   0.670261   0.212069   0.205032   8.380502  -2.545799   1.000000   0.375000
  0.929648   0.319944   0.671291   0.254181   0.192240   8.465567  -2.596661   1.000000   0.375000
  0.934673   0.321222   0.672257   0.296720   0.179192   8.507250  -2.637070   1.000000   0.375000
  0.939698   0.322713   0.673158   0.339469   0.165940   8.504717  -2.666559   1.000000   0.375000
  0.944724   0.324419   0.673992   0.382214   0.152538   8.457804  -2.684828   1.000000   0.375000
  0.949749   0.326340   0.674758   0.424714   0.139047   8.367029  -2.691735   1.000000   0.375000
  0.954774   0.328474   0.675457   0.466759   0.125521   8.233523  -2.687318   1.000000   0.375000
  0.959799   0.330819   0.676088   0.508132   0.112017   8.058988  -2.671762   1.000000   0.375000
  0.964824   0.333373   0.676650   0.548628   0.098592   7.845641  -2.645400   1.000000   0.375000
  0.969849   0.336129   0.677146   0.588053   0.085298   7.596131  -2.608693   1.000000   0.375000
  0.974874   0.339084   0.677574   0.626223   0.072190   7.313465  -2.562214   1.000000   0.375000
  0.979899   0.342231   0.677937   0.662974   0.059315   7.000926  -2.506631   1.000000   0.375000
  0.984925   0.345563   0.678235   0.698160   0.046716   6.661919  -2.442670   1.000000   0.375000
  0.989950   0.349072   0.678470   0.731636   0.034442   6.300177  -2.371154   1.000000   0.375000
  0.994975   0.352748   0.678643   0.763295   0.022527   5.919274  -2.292906   1.000000   0.375000
  1.000000   0.356584   0.678756   0.793039   0.011005   5.522832  -2.208777   1.000000   0.375000