  0.000000   0.373121   0.345398   0.000000   0.000000  -2.957335 -20.881496   0.062500   0.312500
  0.005025   0.373121   0.345398  -0.014861  -0.104930  -0.904564 -16.441710   0.062500   0.312500
  0.010050   0.373046   0.344871  -0.019406  -0.187549   0.809486 -12.551441   0.062500   0.312500
  0.015075   0.372949   0.343928  -0.015338  -0.250620   2.224036  -9.155344   0.062500   0.312500
  0.020101   0.372872   0.342669  -0.004160  -0.296635   3.374691  -6.202495   0.062500   0.312500
  0.025126   0.372851   0.341178   0.012797  -0.327802   4.292868  -3.648348   0.062500   0.312500
  0.030151   0.372915   0.339531   0.034369  -0.346135   5.007551  -1.450657   0.062500   0.312500
  0.035176   0.373088   0.337792   0.059532  -0.353425   5.544561   0.428332   0.062500   0.312500
  0.040201   0.373387   0.336016   0.087393  -0.351273   5.927085   2.022872   0.062500   0.312500
  0.045226   0.373826   0.334250   0.117177  -0.341108   6.175917   3.364013   0.062500   0.312500
  0.050251   0.374415   0.332536   0.148211  -0.324203   6.309675   4.479880   0.062500   0.312500
  0.055276   0.375160   0.330907   0.179917  -0.301692   6.345005   5.395925   0.062500   0.312500
  0.060302   0.376064   0.329391   0.211807  -0.274572   6.296745   6.135302   0.062500   0.312500
  0.065327   0.377128   0.328011   0.243448  -0.243742   6.178142   6.718489   0.062500   0.312500
  0.070352   0.378352   0.326786   0.274493  -0.209982   6.000954   7.164417   0.062500   0.312500
  0.075377   0.379731   0.325731   0.304648  -0.173981   5.775609   7.489994   0.062500   0.312500
  0.080402   0.381262   0.324857   0.333671  -0.136343   5.511331   7.710441   0.062500   0.312500
  0.085427   0.382939   0.324172   0.361365  -0.097598   5.216257   7.839446   0.062500   0.312500
  0.090452   0.384754   0.323681   0.387577  -0.058205   4.897543   7.889298   0.062500   0.312500
  0.095477   0.386702   0.323389   0.412187  -0.018562   4.561458   7.871020   0.062500   0.312500
  0.100503   0.388774   0.323296   0.435113   0.020998   4.213408   7.794460   0.062500   0.312500
  0.105528   0.390960   0.323401   0.456285   0.060165   3.858293   7.668464   0.062500   0.312500
  0.110553   0.393253   0.323704   0.475673   0.098699   3.500159   7.500892   0.062500   0.312500
  0.115578   0.395643   0.324199   0.493261   0.136391   3.142544   7.298750   0.062500   0.312500
  0.120603   0.398122   0.324885   0.509053   0.173068   2.788472   7.068263   0.062500   0.312500
  0.125628   0.400680   0.325755   0.523065   0.208586   2.440501   6.814946   0.062500   0.312500
  0.130653   0.403308   0.326803   0.535328   0.242831   2.100782   6.543678   0.062500   0.312500
  0.135678   0.405998   0.328023   0.545885   0.275713   1.771094   6.258759   0.062500   0.312500
  0.140704   0.408742   0.329409   0.554786   0.307169   1.452827   5.963905   0.062500   0.312500
  0.145729   0.411530   0.330952   0.562087   0.337138   1.147281   5.662546   0.062500   0.312500
  0.150754   0.414354   0.332646   0.567852   0.365592   0.855297   5.357505   0.062500   0.312500
  0.155779   0.417208   0.334483   0.572150   0.392514   0.581078   5.051288   0.062500   0.312500
  0.160804   0.420083   0.336456   0.575070   0.417896   0.318157   4.746056   0.062500   0.312500
  0.165829   0.422972   0.338556   0.576668   0.441745   0.070308   4.443663   0.062500   0.312500
  0.170854   0.425870   0.340775   0.577022   0.464075  -0.162308   4.145690   0.062500   0.312500
  0.175879   0.428770   0.343107   0.576206   0.484907  -0.379662   3.853473   0.062500   0.312500
  0.180905   0.431666   0.345545   0.574298   0.504274  -0.581878   3.568067   0.062500   0.312500
  0.185930   0.434551   0.348079   0.571374   0.522204  -0.769055   3.290513   0.062500   0.312500
  0.190955   0.437423   0.350703   0.567509   0.538739  -0.941501   3.021498   0.062500   0.312500
  0.195980   0.440274   0.353410   0.562778   0.553922  -1.099552   2.761616   0.062500   0.312500
  0.201005   0.443102   0.356193   0.557253   0.567799  -1.243601   2.511324   0.062500   0.312500
  0.206030   0.445903   0.359046   0.551004   0.580418  -1.374090   2.270962   0.062500   0.312500
  0.211055   0.448671   0.361963   0.544099   0.591830  -1.491502   2.040762   0.062500   0.312500
  0.216080   0.451405   0.364937   0.536604   0.602085  -1.596348   1.820866   0.062500   0.312500
  0.221106   0.454102   0.367963   0.528581   0.611236  -1.689184   1.611292   0.062500   0.312500
  0.226131   0.456759   0.371035   0.520093   0.619333  -1.770524   1.412119   0.062500   0.312500
  0.231156   0.459372   0.374147   0.511196   0.626429  -1.840954   1.223233   0.062500   0.312500
  0.236181   0.461941   0.377294   0.501945   0.632576  -1.901045   1.044516   0.062500   0.312500
  0.241206   0.464463   0.380473   0.492393   0.637824  -1.951372   0.875802   0.062500   0.312500
  0.246231   0.466937   0.383678   0.482587   0.642225  -1.992509   0.716891   0.062500   0.312500
  0.251256   0.469362   0.386905   0.472575   0.645828  -2.025022   0.567553   0.062500   0.312500
  0.256281   0.471737   0.390151   0.462399   0.648680  -2.049472   0.427529   0.062500   0.312500
  0.261307   0.474061   0.393411   0.452098   0.650828  -2.066412   0.296518   0.062500   0.312500
  0.266332   0.476333   0.396681   0.441715   0.652318  -2.076371   0.174279   0.062500   0.312500
  0.271357   0.478552   0.399959   0.431281   0.653194  -2.079877   0.060479   0.062500   0.312500
  0.276382   0.480720   0.403242   0.420829   0.653498  -2.013119  -0.045196   0.062500   0.312500
  0.281407   0.482834   0.406525   0.410713   0.653271  -2.007138  -0.143067   0.062500   0.312500
  0.286432   0.484898   0.409808   0.400628   0.652552  -1.995871  -0.233458   0.062500   0.312500
  0.291457   0.486911   0.413087   0.390598   0.651379  -1.979785  -0.316694   0.062500   0.312500
  0.296482   0.488874   0.416360   0.380650   0.649788  -1.959328  -0.393100   0.062500   0.312500
  0.301508   0.490787   0.419626   0.370802   0.647812  -1.934920  -0.463012   0.062500   0.312500
  0.306533   0.492650   0.422881   0.361079   0.645485  -1.906978  -0.526718   0.062500   0.312500
  0.311558   0.494465   0.426125   0.351497   0.642838  -1.875880  -0.584547   0.062500   0.312500
  0.316583   0.496231   0.429355   0.342071   0.639901  -1.841992  -0.636806   0.062500   0.312500
  0.321608   0.497950   0.432571   0.332814   0.636701  -1.805655  -0.683793   0.062500   0.312500
  0.326633   0.499622   0.435770   0.323741   0.633265  -1.767192  -0.725802   0.062500   0.312500
  0.331658   0.501249   0.438952   0.314861   0.629618  -1.726905  -0.763115   0.062500   0.312500
  0.336683   0.502831   0.442116   0.306183   0.625783  -1.685076  -0.796008   0.062500   0.312500
  0.341709   0.504370   0.445261   0.297714   0.621783  -1.641958  -0.824752   0.062500   0.312500
  0.346734   0.505866   0.448386   0.289463   0.617638  -1.597812  -0.849590   0.062500   0.312500
  0.351759   0.507321   0.451489   0.281434   0.613369  -1.552855  -0.870776   0.062500   0.312500
  0.356784   0.508735   0.454572   0.273631   0.608993  -1.507293  -0.888547   0.062500   0.312500
  0.361809   0.510110   0.457632   0.266057   0.604528  -1.461315  -0.903130   0.062500   0.312500
  0.366834   0.511447   0.460670   0.258714   0.599990  -1.415096  -0.914742   0.062500   0.312500
  0.371859   0.512747   0.463685   0.251603   0.595394  -1.368790  -0.923593   0.062500   0.312500
  0.376884   0.514011   0.466676   0.244725   0.590753  -1.322541  -0.929879   0.062500   0.312500
  0.381910   0.515241   0.469645   0.238078   0.586079  -1.276466  -0.933792   0.062500   0.312500
  0.386935   0.516438   0.472591   0.231663   0.581387  -1.230696  -0.935508   0.062500   0.312500
  0.391960   0.517602   0.475512   0.225479   0.576686  -1.185323  -0.935201   0.062500   0.312500
  0.396985   0.518735   0.478410   0.219523   0.571986  -1.140434  -0.933032   0.062500   0.312500
  0.402010   0.519838   0.481284   0.213792   0.567298  -1.096106  -0.929155   0.062500   0.312500
  0.407035   0.520912   0.484135   0.208284   0.562629  -1.052403  -0.923716   0.062500   0.312500
  0.412060   0.521959   0.486962   0.202996   0.557987  -1.009383  -0.916852   0.062500   0.312500
  0.417085   0.522979   0.489766   0.197924   0.553380  -0.967089  -0.908692   0.062500   0.312500
  0.422111   0.523974   0.492547   0.193063   0.548813  -0.925553  -0.899358   0.062500   0.312500
  0.427136   0.524944   0.495305   0.188412   0.544294  -0.884819  -0.888967   0.062500   0.312500
  0.432161   0.525891   0.498040   0.183966   0.539827  -0.844903  -0.877627   0.062500   0.312500
  0.437186   0.526815   0.500753   0.179721   0.535416  -0.805821  -0.865438   0.062500   0.312500
  0.442211   0.527718   0.503443   0.175671   0.531068  -0.767583  -0.852497   0.062500   0.312500
  0.447236   0.528601   0.506112   0.171814   0.526784  -0.730194  -0.838893   0.062500   0.312500
  0.452261   0.529464   0.508759   0.168145   0.522568  -0.693655  -0.824708   0.062500   0.312500
  0.457286   0.530309   0.511385   0.164659   0.518424  -0.657964  -0.810022   0.062500   0.312500
  0.462312   0.531137   0.513990   0.161352   0.514353  -0.623108  -0.794903   0.062500   0.312500
  0.467337   0.531948   0.516575   0.158221   0.510359  -0.589093  -0.779426   0.062500   0.312500
  0.472362   0.532743   0.519139   0.155261   0.506442  -0.555899  -0.763650   0.062500   0.312500
  0.477387   0.533523   0.521684   0.152468   0.502605  -0.523516  -0.747635   0.062500   0.312500
  0.482412   0.534289   0.524210   0.149837   0.498848  -0.491930  -0.731434   0.062500   0.312500
  0.487437   0.535042   0.526717   0.147365   0.495172  -0.461127  -0.715097   0.062500   0.312500
  0.492462   0.535782   0.529205   0.145048   0.491579  -0.431092  -0.698672   0.062500   0.312500
  0.497487   0.536511   0.531675   0.142882   0.488068  -0.401811  -0.682202   0.062500   0.312500
  0.502513   0.537229   0.534128   0.140862   0.484639  -0.373265  -0.665722   0.062500   0.312500
  0.507538   0.537937   0.536563   0.138987   0.481294  -0.345453  -0.649276   0.062500   0.312500
  0.512563   0.538636   0.538982   0.137251   0.478032  -0.318356  -0.632894   0.062500   0.312500
  0.517588   0.539325   0.541384   0.135651   0.474851  -0.291965  -0.616607   0.062500   0.312500
  0.522613   0.540007   0.543770   0.134184   0.471753  -0.266270  -0.600444   0.062500   0.312500
  0.527638   0.540681   0.546141   0.132846   0.468736  -0.241264  -0.584429   0.062500   0.312500
  0.532663   0.541349   0.548496   0.131633   0.465799  -0.216941  -0.568588   0.062500   0.312500
  0.537688   0.542010   0.550837   0.130543   0.462942  -0.193296  -0.552941   0.062500   0.312500
  0.542714   0.542666   0.553164   0.129572   0.460163  -0.170325  -0.537506   0.062500   0.312500
  0.547739   0.543317   0.555476   0.128716   0.457462  -0.148035  -0.522307   0.062500   0.312500
  0.552764   0.543964   0.557775   0.127972   0.454837  -0.126425  -0.507358   0.062500   0.312500
  0.557789   0.544607   0.560060   0.127337   0.452288  -0.105498  -0.492674   0.062500   0.312500
  0.562814   0.545247   0.562333   0.126807   0.449812  -0.085259  -0.478269   0.062500   0.312500
  0.567839   0.545884   0.564593   0.126378   0.447409  -0.065716  -0.464157   0.062500   0.312500
  0.572864   0.546519   0.566841   0.126048   0.445076  -0.046877  -0.450350   0.062500   0.312500
  0.577889   0.547153   0.569078   0.125812   0.442813  -0.028754  -0.436860   0.062500   0.312500
  0.582915   0.547785   0.571303   0.125668   0.440618  -0.011353  -0.423695   0.062500   0.312500
  0.587940   0.548417   0.573518   0.125611   0.438489   0.005305  -0.410872   0.062500   0.312500
  0.592965   0.549048   0.575721   0.125638   0.436424   0.021211  -0.398398   0.062500   0.312500
  0.597990   0.549679   0.577914   0.125744   0.434422   0.036351  -0.386284   0.062500   0.312500
  0.603015   0.550311   0.580097   0.125927   0.432481   0.050712  -0.374542   0.062500   0.312500
  0.608040   0.550944   0.582270   0.126182   0.430599   0.064278  -0.363182   0.062500   0.312500
  0.613065   0.551578   0.584434   0.126505   0.428774   0.077037  -0.352216   0.062500   0.312500
  0.618090   0.552213   0.586589   0.126892   0.427004   0.088975  -0.341657   0.062500   0.312500
  0.623116   0.552851   0.588735   0.127339   0.425287   0.100081  -0.331518   0.062500   0.312500
  0.628141   0.553491   0.590872   0.127842   0.423621   0.110340  -0.321816   0.062500   0.312500
  0.633166   0.554134   0.593000   0.128396   0.422004   0.119744  -0.312567   0.062500   0.312500
  0.638191   0.554779   0.595121   0.128998   0.420433   0.128286  -0.303790   0.062500   0.312500
  0.643216   0.555427   0.597234   0.129643   0.418907   0.135957  -0.295505   0.062500   0.312500
  0.648241   0.556078   0.599339   0.130326   0.417422   0.142755  -0.287735   0.062500   0.312500
  0.653266   0.556733   0.601436   0.131043   0.415976   0.148677  -0.280506   0.062500   0.312500
  0.658291   0.557392   0.603527   0.131790   0.414566   0.153725  -0.273848   0.062500   0.312500
  0.663317   0.558054   0.605610   0.132563   0.413190   0.157902  -0.267793   0.062500   0.312500
  0.668342   0.558720   0.607686   0.133356   0.411844   0.161215  -0.262381   0.062500   0.312500
  0.673367   0.559390   0.609756   0.134166   0.410526   0.163673  -0.257652   0.062500   0.312500
  0.678392   0.560065   0.611819   0.134989   0.409231   0.165292  -0.253652   0.062500   0.312500
  0.683417   0.560743   0.613875   0.135819   0.407956   0.166087  -0.250436   0.062500   0.312500
  0.688442   0.561425   0.615925   0.136654   0.406698   0.166081  -0.248062   0.062500   0.312500
  0.693467   0.562112   0.617969   0.137489   0.405451   0.165297  -0.246596   0.062500   0.312500
  0.698492   0.562803   0.620006   0.138319   0.404212   0.163764  -0.246112   0.062500   0.312500
  0.703518   0.563498   0.622038   0.139142   0.402975   0.161515  -0.246692   0.062500   0.312500
  0.708543   0.564197   0.624063   0.139954   0.401736   0.158587  -0.248428   0.062500   0.312500
  0.713568   0.564901   0.626081   0.140751   0.400487   0.155020  -0.251419   0.062500   0.312500
  0.718593   0.565608   0.628094   0.141530   0.399224   0.150858  -0.255778   0.062500   0.312500
  0.723618   0.566319   0.630100   0.142288   0.397939   0.146151  -0.261629   0.062500   0.312500
  0.728643   0.567034   0.632100   0.143022   0.396624   0.140950  -0.269104   0.062500   0.312500
  0.733668   0.567753   0.634093   0.143731   0.395272   0.135311  -0.278354   0.062500   0.312500
  0.738693   0.568475   0.636079   0.144410   0.393873   0.129295  -0.289538   0.062500   0.312500
  0.743719   0.569201   0.638059   0.145060   0.392418   0.122963  -0.302835   0.062500   0.312500
  0.748744   0.569930   0.640030   0.145678   0.390896   0.116383  -0.318427   0.062500   0.312500
  0.753769   0.570662   0.641995   0.146263   0.389296   0.134143  -0.336520   0.062500   0.312500
  0.758794   0.571397   0.643951   0.146937   0.387605   0.122720  -0.357332   0.062500   0.312500
  0.763819   0.572135   0.645899   0.147554   0.385809   0.111814  -0.381092   0.062500   0.312500
  0.768844   0.572877   0.647837   0.148116   0.383894   0.101446  -0.408042   0.062500   0.312500
  0.773869   0.573621   0.649766   0.148625   0.381844   0.091643  -0.438436   0.062500   0.312500
  0.778894   0.574368   0.651685   0.149086   0.379641   0.082436  -0.472535   0.062500   0.312500
  0.783920   0.575117   0.653593   0.149500   0.377266   0.073858  -0.510615   0.062500   0.312500
  0.788945   0.575868   0.655489   0.149871   0.374700   0.065948  -0.552927   0.062500   0.312500
  0.793970   0.576621   0.657372   0.150203   0.371922   0.058743  -0.599744   0.062500   0.312500
  0.798995   0.577376   0.659241   0.150498   0.368908   0.052277  -0.651322   0.062500   0.312500
  0.804020   0.578132   0.661095   0.150761   0.365635   0.046585  -0.707901   0.062500   0.312500
  0.809045   0.578890   0.662932   0.150995   0.362078   0.041697  -0.769694   0.062500   0.312500
  0.814070   0.579649   0.664751   0.151204   0.358210   0.037635  -0.836884   0.062500   0.312500
  0.819095   0.580408   0.666551   0.151393   0.354005   0.034416  -0.909606   0.062500   0.312500
  0.824121   0.581169   0.668331   0.151566   0.349433   0.032044  -0.987957   0.062500   0.312500
  0.829146   0.581931   0.670086   0.151727   0.344469   0.030515  -1.071917   0.062500   0.312500
  0.834171   0.582693   0.671817   0.151881   0.339082   0.029808  -1.161432   0.062500   0.312500
  0.839196   0.583457   0.673521   0.152030   0.333246   0.029888  -1.256340   0.062500   0.312500
  0.844221   0.584221   0.675196   0.152181   0.326933   0.030702  -1.356373   0.062500   0.312500
  0.849246   0.584985   0.676839   0.152335   0.320117   0.032180  -1.461145   0.062500   0.312500
  0.854271   0.585751   0.678447   0.152497   0.312775   0.034234  -1.570148   0.062500   0.312500
  0.859296   0.586517   0.680019   0.152669   0.304885   0.036755  -1.682740   0.062500   0.312500
  0.864322   0.587284   0.681551   0.152853   0.296427   0.039618  -1.798173   0.062500   0.312500
  0.869347   0.588052   0.683041   0.153052   0.287392   0.042678  -1.915490   0.062500   0.312500
  0.874372   0.588822   0.684485   0.153267   0.277766   0.045778  -2.033685   0.062500   0.312500
  0.879397   0.589592   0.685881   0.153497   0.267547   0.048746  -2.151615   0.062500   0.312500
  0.884422   0.590363   0.687225   0.153742   0.256735   0.051404  -2.268039   0.062500   0.312500
  0.889447   0.591136   0.688515   0.154000   0.245338   0.053567  -2.381642   0.062500   0.312500
  0.894472   0.591909   0.689748   0.154269   0.233370   0.055050  -2.491064   0.062500   0.312500
  0.899497   0.592685   0.690921   0.154546   0.220853   0.055676  -2.594927   0.062500   0.312500
  0.904523   0.593461   0.692031   0.154826   0.207811   0.055273  -2.691889   0.062500   0.312500
  0.909548   0.594239   0.693075   0.155104   0.194284   0.053689  -2.780598   0.062500   0.312500
  0.914573   0.595019   0.694051   0.155373   0.180312   0.050788  -2.859848   0.062500   0.312500
  0.919598   0.595800   0.694957   0.155629   0.165941   0.046460  -2.928530   0.062500   0.312500
  0.924623   0.596582   0.695791   0.155862   0.151225   0.040620  -2.985676   0.062500   0.312500
  0.929648   0.597365   0.696551   0.156066   0.136222   0.033212  -3.030487   0.062500   0.312500
  0.934673   0.598149   0.697236   0.156233   0.120994   0.024213  -3.062352   0.062500   0.312500
  0.939698   0.598934   0.697844   0.156355   0.105605   0.013628  -3.080853   0.062500   0.312500
  0.944724   0.599720   0.698374   0.156423   0.090121   0.001489  -3.085780   0.062500   0.312500
  0.949749   0.600506   0.698827   0.156431   0.074615  -0.012132  -3.077116   0.062500   0.312500
  0.954774   0.601292   0.699202   0.156370   0.059152  -0.027150  -3.055047   0.062500   0.312500
  0.959799   0.602078   0.699499   0.156233   0.043801  -0.043451  -3.019936   0.062500   0.312500
  0.964824   0.602863   0.699720   0.156015   0.028626  -0.060903  -2.972313   0.062500   0.312500
  0.969849   0.603647   0.699863   0.155709   0.013690  -0.079359  -2.912850   0.062500   0.312500
  0.974874   0.604429   0.699932   0.155310  -0.000947  -0.098661  -2.842342   0.062500   0.312500
  0.979899   0.605210   0.699927   0.154814  -0.015230  -0.118641  -2.761685   0.062500   0.312500
  0.984925   0.605988   0.699851   0.154218  -0.029110  -0.139135  -2.671828   0.062500   0.312500
  0.989950   0.606763   0.699705   0.153519  -0.042536  -0.159963  -2.573830   0.062500   0.312500
  0.994975   0.607534   0.699491   0.152715  -0.055470  -0.180963  -2.468725   0.062500   0.312500
  1.000000   0.608302   0.699212   0.151806  -0.067875  -0.201973  -2.357574   0.062500   0.312500