  0.000000   0.405721   0.323616   0.000000   0.000000  -2.981878 -20.392360   0.187500   0.562500
  0.005025   0.405721   0.323616  -0.014984  -0.102472  -1.183454 -15.841086   0.187500   0.562500
  0.010050   0.405646   0.323101  -0.020931  -0.182073   0.318775 -11.863251   0.187500   0.562500
  0.015075   0.405541   0.322186  -0.019329  -0.241686   1.559144  -8.400552   0.187500   0.562500
  0.020101   0.405443   0.320971  -0.011493  -0.283907   2.568825  -5.399400   0.187500   0.562500
  0.025126   0.405386   0.319545   0.001416  -0.311039   3.375317  -2.812880   0.187500   0.562500
  0.030151   0.405393   0.317982   0.018377  -0.325174   4.003987  -0.596590   0.187500   0.562500
  0.035176   0.405485   0.316348   0.038497  -0.328172   4.477432   1.289142   0.187500   0.562500
  0.040201   0.405679   0.314699   0.060996  -0.321694   4.815945   2.880287   0.187500   0.562500
  0.045226   0.405985   0.313082   0.085196  -0.307220   5.037717   4.209425   0.187500   0.562500
  0.050251   0.406413   0.311538   0.110510  -0.286068   5.159039   5.306048   0.187500   0.562500
  0.055276   0.406968   0.310101   0.136435  -0.259405   5.194470   6.196823   0.187500   0.562500
  0.060302   0.407654   0.308797   0.162542  -0.228260   5.156988   6.905973   0.187500   0.562500
  0.065327   0.408471   0.307650   0.188456  -0.193557   5.058179   7.454942   0.187500   0.562500
  0.070352   0.409418   0.306678   0.213873  -0.156096   4.908323   7.863498   0.187500   0.562500
  0.075377   0.410493   0.305893   0.238538  -0.116582   4.716537   8.149290   0.187500   0.562500
  0.080402   0.411691   0.305307   0.262238  -0.075632   4.490884   8.328188   0.187500   0.562500
  0.085427   0.413009   0.304927   0.284805  -0.033783   4.238475   8.414447   0.187500   0.562500
  0.090452   0.414440   0.304758   0.306103   0.008500   3.965562   8.420854   0.187500   0.562500
  0.095477   0.415978   0.304800   0.326030   0.050815   3.677623   8.358856   0.187500   0.562500
  0.100503   0.417617   0.305056   0.344514   0.092826   3.379379   8.238661   0.187500   0.562500
  0.105528   0.419348   0.305522   0.361495   0.134225   3.075108   8.069451   0.187500   0.562500
  0.110553   0.421165   0.306197   0.376948   0.174774   2.768341   7.859344   0.187500   0.562500
  0.115578   0.423059   0.307075   0.390859   0.214268   2.462167   7.615571   0.187500   0.562500
  0.120603   0.425023   0.308152   0.403231   0.252536   2.159220   7.344544   0.187500   0.562500
  0.125628   0.427049   0.309421   0.414081   0.289442   1.861733   7.051934   0.187500   0.562500
  0.130653   0.429130   0.310875   0.423436   0.324878   1.571578   6.742744   0.187500   0.562500
  0.135678   0.431258   0.312508   0.431333   0.358761   1.290304   6.421370   0.187500   0.562500
  0.140704   0.433426   0.314311   0.437818   0.391034   1.019123   6.091598   0.187500   0.562500
  0.145729   0.435626   0.316276   0.442940   0.421645   0.759158   5.756925   0.187500   0.562500
  0.150754   0.437851   0.318394   0.446754   0.450573   0.511141   5.420206   0.187500   0.562500
  0.155779   0.440096   0.320658   0.449323   0.477810   0.275662   5.083965   0.187500   0.562500
  0.160804   0.442354   0.323059   0.450708   0.503357   0.053140   4.750372   0.187500   0.562500
  0.165829   0.444619   0.325589   0.450975   0.527227  -0.158123   4.421276   0.187500   0.562500
  0.170854   0.446885   0.328238   0.450180   0.549444  -0.353933   4.098244   0.187500   0.562500
  0.175879   0.449147   0.330999   0.448402   0.570038  -0.536376   3.782587   0.187500   0.562500
  0.180905   0.451401   0.333864   0.445706   0.589049  -0.705568   3.475329   0.187500   0.562500
  0.185930   0.453641   0.336824   0.442161   0.606513  -0.861603   3.177480   0.187500   0.562500
  0.190955   0.455862   0.339872   0.437831   0.622479  -1.004758   2.889683   0.187500   0.562500
  0.195980   0.458063   0.343000   0.432782   0.637000  -1.135334   2.612486   0.187500   0.562500
  0.201005   0.460237   0.346201   0.427077   0.650128  -1.253683   2.346298   0.187500   0.562500
  0.206030   0.462383   0.349468   0.420777   0.661918  -1.360200   2.091406   0.187500   0.562500
  0.211055   0.464498   0.352794   0.413942   0.672427  -1.455315   1.847990   0.187500   0.562500
  0.216080   0.466578   0.356173   0.406629   0.681713  -1.539484   1.616137   0.187500   0.562500
  0.221106   0.468622   0.359599   0.398892   0.689836  -1.555336   1.395809   0.187500   0.562500
  0.226131   0.470626   0.363065   0.391076   0.696850  -1.620349   1.187032   0.187500   0.562500
  0.231156   0.472591   0.366567   0.382934   0.702815  -1.675594   0.989635   0.187500   0.562500
  0.236181   0.474515   0.370099   0.374514   0.707788  -1.721589   0.803444   0.187500   0.562500
  0.241206   0.476397   0.373655   0.365863   0.711825  -1.758853   0.628239   0.187500   0.562500
  0.246231   0.478236   0.377232   0.357025   0.714982  -1.787904   0.463766   0.187500   0.562500
  0.251256   0.480030   0.380825   0.348041   0.717312  -1.809256   0.309742   0.187500   0.562500
  0.256281   0.481779   0.384430   0.338949   0.718869  -1.823414   0.165857   0.187500   0.562500
  0.261307   0.483482   0.388043   0.329785   0.719703  -1.830877   0.031757   0.187500   0.562500
  0.266332   0.485139   0.391659   0.320585   0.719862  -1.832126  -0.092844   0.187500   0.562500
  0.271357   0.486750   0.395276   0.311378   0.719396  -1.827635  -0.208328   0.187500   0.562500
  0.276382   0.488315   0.398891   0.302194   0.718349  -1.817865  -0.315055   0.187500   0.562500
  0.281407   0.489834   0.402501   0.293060   0.716766  -1.803258  -0.413389   0.187500   0.562500
  0.286432   0.491306   0.406103   0.283998   0.714688  -1.784241  -0.503698   0.187500   0.562500
  0.291457   0.492733   0.409694   0.275032   0.712157  -1.761226  -0.586346   0.187500   0.562500
  0.296482   0.494115   0.413273   0.266182   0.709211  -1.734606  -0.661696   0.187500   0.562500
  0.301508   0.495453   0.416837   0.257464   0.705885  -1.704750  -0.730123   0.187500   0.562500
  0.306533   0.496747   0.420384   0.248898   0.702216  -1.672028  -0.791950   0.187500   0.562500
  0.311558   0.497998   0.423913   0.240496   0.698237  -1.636775  -0.847538   0.187500   0.562500
  0.316583   0.499206   0.427422   0.232271   0.693978  -1.599313  -0.897227   0.187500   0.562500
  0.321608   0.500373   0.430909   0.224235   0.689469  -1.559944  -0.941347   0.187500   0.562500
  0.326633   0.501500   0.434373   0.216396   0.684739  -1.518955  -0.980218   0.187500   0.562500
  0.331658   0.502587   0.437814   0.208763   0.679813  -1.476615  -1.014151   0.187500   0.562500
  0.336683   0.503637   0.441230   0.201343   0.674717  -1.433173  -1.043447   0.187500   0.562500
  0.341709   0.504648   0.444621   0.194140   0.669473  -1.388856  -1.068399   0.187500   0.562500
  0.346734   0.505624   0.447985   0.187161   0.664104  -1.343897  -1.089277   0.187500   0.562500
  0.351759   0.506565   0.451323   0.180408   0.658631  -1.298489  -1.106353   0.187500   0.562500
  0.356784   0.507471   0.454632   0.173883   0.653071  -1.252816  -1.119886   0.187500   0.562500
  0.361809   0.508345   0.457914   0.167588   0.647444  -1.207049  -1.130121   0.187500   0.562500
  0.366834   0.509187   0.461167   0.161522   0.641765  -1.161343  -1.137293   0.187500   0.562500
  0.371859   0.509999   0.464392   0.155686   0.636050  -1.115839  -1.141626   0.187500   0.562500
  0.376884   0.510781   0.467588   0.150079   0.630313  -1.070665  -1.143334   0.187500   0.562500
  0.381910   0.511535   0.470756   0.144698   0.624567  -1.025926  -1.142621   0.187500   0.562500
  0.386935   0.512262   0.473895   0.139543   0.618825  -0.981743  -1.139679   0.187500   0.562500
  0.391960   0.512964   0.477004   0.134610   0.613098  -0.938198  -1.134692   0.187500   0.562500
  0.396985   0.513640   0.480085   0.129895   0.607397  -0.895370  -1.127832   0.187500   0.562500
  0.402010   0.514293   0.483137   0.125396   0.601729  -0.853331  -1.119265   0.187500   0.562500
  0.407035   0.514923   0.486161   0.121108   0.596105  -0.812139  -1.109145   0.187500   0.562500
  0.412060   0.515531   0.489156   0.117027   0.590531  -0.771847  -1.097618   0.187500   0.562500
  0.417085   0.516119   0.492124   0.113148   0.585016  -0.732496  -1.084823   0.187500   0.562500
  0.422111   0.516688   0.495064   0.109467   0.579564  -0.694116  -1.070885   0.187500   0.562500
  0.427136   0.517238   0.497976   0.105979   0.574182  -0.656750  -1.055933   0.187500   0.562500
  0.432161   0.517771   0.500862   0.102679   0.568876  -0.620413  -1.040077   0.187500   0.562500
  0.437186   0.518287   0.503720   0.099561   0.563650  -0.585120  -1.023425   0.187500   0.562500
  0.442211   0.518787   0.506553   0.096621   0.558507  -0.550885  -1.006077   0.187500   0.562500
  0.447236   0.519272   0.509359   0.093853   0.553452  -0.517713  -0.988126   0.187500   0.562500
  0.452261   0.519744   0.512140   0.091251   0.548486  -0.485607  -0.969661   0.187500   0.562500
  0.457286   0.520203   0.514896   0.088811   0.543614  -0.454569  -0.950762   0.187500   0.562500
  0.462312   0.520649   0.517629   0.086526   0.538835  -0.424588  -0.931501   0.187500   0.562500
  0.467337   0.521084   0.520336   0.084393   0.534154  -0.395671  -0.911957   0.187500   0.562500
  0.472362   0.521508   0.523020   0.082405   0.529572  -0.367805  -0.892191   0.187500   0.562500
  0.477387   0.521922   0.525681   0.080556   0.525089  -0.340980  -0.872263   0.187500   0.562500
  0.482412   0.522327   0.528320   0.078843   0.520706  -0.315189  -0.852229   0.187500   0.562500
  0.487437   0.522723   0.530937   0.077259   0.516423  -0.290418  -0.832142   0.187500   0.562500
  0.492462   0.523111   0.533532   0.075800   0.512242  -0.266659  -0.812048   0.187500   0.562500
  0.497487   0.523492   0.536106   0.074460   0.508161  -0.243900  -0.791992   0.187500   0.562500
  0.502513   0.523866   0.538660   0.073234   0.504180  -0.222125  -0.772009   0.187500   0.562500
  0.507538   0.524234   0.541193   0.072118   0.500301  -0.201335  -0.752145   0.187500   0.562500
  0.512563   0.524597   0.543707   0.071106   0.496522  -0.181514  -0.732430   0.187500   0.562500
  0.517588   0.524954   0.546202   0.070194   0.492841  -0.162654  -0.712894   0.187500   0.562500
  0.522613   0.525307   0.548679   0.069377   0.489259  -0.144748  -0.693565   0.187500   0.562500
  0.527638   0.525655   0.551137   0.068649   0.485774  -0.127788  -0.674470   0.187500   0.562500
  0.532663   0.526000   0.553578   0.068007   0.482384  -0.111769  -0.655632   0.187500   0.562500
  0.537688   0.526342   0.556002   0.067446   0.479090  -0.096686  -0.637071   0.187500   0.562500
  0.542714   0.526681   0.558410   0.066960   0.475888  -0.082533  -0.618805   0.187500   0.562500
  0.547739   0.527017   0.560801   0.066545   0.472778  -0.069313  -0.600857   0.187500   0.562500
  0.552764   0.527352   0.563177   0.066197   0.469759  -0.057022  -0.583240   0.187500   0.562500
  0.557789   0.527684   0.565538   0.065910   0.466828  -0.045659  -0.565969   0.187500   0.562500
  0.562814   0.528016   0.567884   0.065681   0.463984  -0.035224  -0.549058   0.187500   0.562500
  0.567839   0.528346   0.570215   0.065504   0.461225  -0.025717  -0.532518   0.187500   0.562500
  0.572864   0.528675   0.572533   0.065374   0.458549  -0.017139  -0.516362   0.187500   0.562500
  0.577889   0.529003   0.574837   0.065288   0.455955  -0.009490  -0.500600   0.187500   0.562500
  0.582915   0.529332   0.577129   0.065241   0.453439  -0.002770  -0.485241   0.187500   0.562500
  0.587940   0.529659   0.579407   0.065227   0.451000   0.003019  -0.470299   0.187500   0.562500
  0.592965   0.529987   0.581673   0.065242   0.448637   0.007878  -0.455783   0.187500   0.562500
  0.597990   0.530315   0.583928   0.065281   0.446347   0.011810  -0.441701   0.187500   0.562500
  0.603015   0.530643   0.586171   0.065341   0.444127   0.014817  -0.428066   0.187500   0.562500
  0.608040   0.530971   0.588402   0.065415   0.441976   0.016905  -0.414886   0.187500   0.562500
  0.613065   0.531300   0.590623   0.065500   0.439891   0.018081  -0.402175   0.187500   0.562500
  0.618090   0.531629   0.592834   0.065591   0.437871   0.018353  -0.389943   0.187500   0.562500
  0.623116   0.531959   0.595035   0.065683   0.435911   0.017735  -0.378204   0.187500   0.562500
  0.628141   0.532289   0.597225   0.065772   0.434010   0.016241  -0.366976   0.187500   0.562500
  0.633166   0.532619   0.599406   0.065854   0.432166   0.013889  -0.356274   0.187500   0.562500
  0.638191   0.532950   0.601578   0.065924   0.430376   0.010703  -0.346118   0.187500   0.562500
  0.643216   0.533282   0.603740   0.065978   0.428637   0.006710  -0.336527   0.187500   0.562500
  0.648241   0.533613   0.605894   0.066011   0.426946   0.001941  -0.327527   0.187500   0.562500
  0.653266   0.533945   0.608039   0.066021   0.425300  -0.003568  -0.319145   0.187500   0.562500
  0.658291   0.534277   0.610177   0.066003   0.423696  -0.009775  -0.311410   0.187500   0.562500
  0.663317   0.534608   0.612306   0.065954   0.422131  -0.016634  -0.304357   0.187500   0.562500
  0.668342   0.534940   0.614427   0.065870   0.420602  -0.024088  -0.298027   0.187500   0.562500
  0.673367   0.535271   0.616541   0.065749   0.419104  -0.032079  -0.292464   0.187500   0.562500
  0.678392   0.535601   0.618647   0.065588   0.417634  -0.040539  -0.287716   0.187500   0.562500
  0.683417   0.535931   0.620745   0.065384   0.416189  -0.049394  -0.283839   0.187500   0.562500
  0.688442   0.536259   0.622837   0.065136   0.414762  -0.058562  -0.280896   0.187500   0.562500
  0.693467   0.536587   0.624921   0.064842   0.413351  -0.067953  -0.278957   0.187500   0.562500
  0.698492   0.536912   0.626998   0.064500   0.411949  -0.077468  -0.278100   0.187500   0.562500
  0.703518   0.537237   0.629069   0.064111   0.410551  -0.087001  -0.278412   0.187500   0.562500
  0.708543   0.537559   0.631132   0.063674   0.409152  -0.096433  -0.279989   0.187500   0.562500
  0.713568   0.537879   0.633188   0.063189   0.407745  -0.105637  -0.282938   0.187500   0.562500
  0.718593   0.538196   0.635236   0.062659   0.406324  -0.114478  -0.287378   0.187500   0.562500
  0.723618   0.538511   0.637278   0.062083   0.404879  -0.122807  -0.293438   0.187500   0.562500
  0.728643   0.538823   0.639313   0.061466   0.403405  -0.130468  -0.301262   0.187500   0.562500
  0.733668   0.539132   0.641340   0.060811   0.401891  -0.137291  -0.311005   0.187500   0.562500
  0.738693   0.539438   0.643359   0.060121   0.400328  -0.143095  -0.322838   0.187500   0.562500
  0.743719   0.539740   0.645371   0.059401   0.398706  -0.147690  -0.336948   0.187500   0.562500
  0.748744   0.540038   0.647375   0.058659   0.397013  -0.150871  -0.353529   0.187500   0.562500
  0.753769   0.540333   0.649370   0.057901   0.395236  -0.152425  -0.372797   0.187500   0.562500
  0.758794   0.540624   0.651356   0.057135   0.393363  -0.152128  -0.394980   0.187500   0.562500
  0.763819   0.540911   0.653333   0.056371   0.391378  -0.130098  -0.420319   0.187500   0.562500
  0.768844   0.541194   0.655299   0.055717   0.389266  -0.129102  -0.449070   0.187500   0.562500
  0.773869   0.541474   0.657255   0.055068   0.387009  -0.125069  -0.481497   0.187500   0.562500
  0.778894   0.541751   0.659200   0.054440   0.384590  -0.117789  -0.517872   0.187500   0.562500
  0.783920   0.542025   0.661133   0.053848   0.381987  -0.107043  -0.558483   0.187500   0.562500
  0.788945   0.542295   0.663052   0.053310   0.379181  -0.092618  -0.603592   0.187500   0.562500
  0.793970   0.542563   0.664958   0.052845   0.376148  -0.074292  -0.653481   0.187500   0.562500
  0.798995   0.542829   0.666848   0.052471   0.372864  -0.051857  -0.708413   0.187500   0.562500
  0.804020   0.543092   0.668722   0.052211   0.369304  -0.025112  -0.768634   0.187500   0.562500
  0.809045   0.543355   0.670577   0.052085   0.365442   0.006121  -0.834361   0.187500   0.562500
  0.814070   0.543616   0.672414   0.052115   0.361249   0.041995  -0.905775   0.187500   0.562500
  0.819095   0.543878   0.674229   0.052326   0.356697   0.082626  -0.983008   0.187500   0.562500
  0.824121   0.544141   0.676022   0.052742   0.351757   0.128096  -1.066150   0.187500   0.562500
  0.829146   0.544406   0.677789   0.053385   0.346399   0.178404  -1.155164   0.187500   0.562500
  0.834171   0.544674   0.679530   0.054282   0.340595   0.233513  -1.249979   0.187500   0.562500
  0.839196   0.544947   0.681241   0.055455   0.334314   0.293302  -1.350405   0.187500   0.562500
  0.844221   0.545226   0.682921   0.056929   0.327528   0.357567  -1.456142   0.187500   0.562500
  0.849246   0.545512   0.684567   0.058726   0.320211   0.426012  -1.566764   0.187500   0.562500
  0.854271   0.545807   0.686176   0.060866   0.312338   0.498244  -1.681716   0.187500   0.562500
  0.859296   0.546113   0.687746   0.063370   0.303887   0.573767  -1.800301   0.187500   0.562500
  0.864322   0.546431   0.689273   0.066254   0.294839   0.651995  -1.921709   0.187500   0.562500
  0.869347   0.546764   0.690755   0.069530   0.285182   0.732195  -2.044915   0.187500   0.562500
  0.874372   0.547114   0.692188   0.073209   0.274906   0.813583  -2.168840   0.187500   0.562500
  0.879397   0.547482   0.693569   0.077298   0.264008   0.895271  -2.292262   0.187500   0.562500
  0.884422   0.547870   0.694896   0.081796   0.252489   0.976301  -2.413860   0.187500   0.562500
  0.889447   0.548281   0.696165   0.086702   0.240360   1.055656  -2.532238   0.187500   0.562500
  0.894472   0.548717   0.697372   0.092007   0.227635   1.132285  -2.645955   0.187500   0.562500
  0.899497   0.549179   0.698516   0.097697   0.214339   1.205127  -2.753555   0.187500   0.562500
  0.904523   0.549670   0.699593   0.103754   0.200500   1.273148  -2.853627   0.187500   0.562500
  0.909548   0.550191   0.700601   0.110151   0.186161   1.335314  -2.944749   0.187500   0.562500
  0.914573   0.550745   0.701536   0.116861   0.171363   1.390701  -3.025663   0.187500   0.562500
  0.919598   0.551332   0.702398   0.123850   0.156159   1.438462  -3.095212   0.187500   0.562500
  0.924623   0.551955   0.703182   0.131078   0.140606   1.477862  -3.152396   0.187500   0.562500
  0.929648   0.552613   0.703889   0.138504   0.124765   1.508299  -3.196395   0.187500   0.562500
  0.934673   0.553309   0.704516   0.146083   0.108703   1.529313  -3.226589   0.187500   0.562500
  0.939698   0.554043   0.705062   0.153768   0.092490   1.540599  -3.242567   0.187500   0.562500
  0.944724   0.554816   0.705527   0.161511   0.076192   1.542006  -3.244136   0.187500   0.562500
  0.949749   0.555628   0.705910   0.169260   0.059891   1.533538  -3.231311   0.187500   0.562500
  0.954774   0.556478   0.706211   0.176966   0.043653   1.515351  -3.204318   0.187500   0.562500
  0.959799   0.557367   0.706430   0.184580   0.027552   1.487735  -3.163573   0.187500   0.562500
  0.964824   0.558295   0.706568   0.192056   0.011655   1.451108  -3.109662   0.187500   0.562500
  0.969849   0.559260   0.706627   0.199348  -0.003971   1.405996  -3.043325   0.187500   0.562500
  0.974874   0.560262   0.706607   0.206413  -0.019264   1.353017  -2.965427   0.187500   0.562500
  0.979899   0.561299   0.706510   0.213212  -0.034165   1.292861  -2.876935   0.187500   0.562500
  0.984925   0.562371   0.706339   0.219710  -0.048625   1.226261  -2.778874   0.187500   0.562500
  0.989950   0.563475   0.706094   0.225872  -0.062589   1.154027  -2.672380   0.187500   0.562500
  0.994975   0.564610   0.705780   0.231671  -0.076017   1.076950  -2.558559   0.187500   0.562500
  1.000000   0.565774   0.705398   0.237083  -0.088874   0.995837  -2.438544   0.187500   0.562500