  0.000000   0.441943   0.308612   0.000000   0.000000  -2.353367 -20.149082   0.312500   0.562500
  0.005025   0.441943   0.308612  -0.011826  -0.101249  -0.902734 -15.507518   0.312500   0.562500
  0.010050   0.441884   0.308103  -0.016362  -0.179174   0.303906 -11.456989   0.312500   0.562500
  0.015075   0.441801   0.307203  -0.014835  -0.236746   1.295127  -7.937080   0.312500   0.562500
  0.020101   0.441727   0.306013  -0.008325  -0.276638   2.096846  -4.892288   0.312500   0.562500
  0.025126   0.441685   0.304623   0.002211  -0.301221   2.731934  -2.274001   0.312500   0.562500
  0.030151   0.441696   0.303109   0.015939  -0.312648   3.221455  -0.036269   0.312500   0.562500
  0.035176   0.441776   0.301538   0.032127  -0.312830   3.584166   1.861965   0.312500   0.562500
  0.040201   0.441938   0.299966   0.050137  -0.303474   3.836895   3.457908   0.312500   0.562500
  0.045226   0.442190   0.298441   0.069418  -0.286098   3.994721   4.785250   0.312500   0.562500
  0.050251   0.442538   0.297004   0.089491  -0.262052   4.071132   5.874471   0.312500   0.562500
  0.055276   0.442988   0.295687   0.109949  -0.232533   4.078171   6.753120   0.312500   0.562500
  0.060302   0.443541   0.294518   0.130446  -0.198592   4.026563   7.446202   0.312500   0.562500
  0.065327   0.444196   0.293520   0.150679  -0.161175   3.925877   7.975865   0.312500   0.562500
  0.070352   0.444953   0.292710   0.170407  -0.121096   3.784589   8.362489   0.312500   0.562500
  0.075377   0.445810   0.292102   0.189424  -0.079074   3.610206   8.624269   0.312500   0.562500
  0.080402   0.446761   0.291704   0.207565  -0.035737   3.409358   8.777555   0.312500   0.562500
  0.085427   0.447804   0.291525   0.224697   0.008370   3.187885   8.837025   0.312500   0.562500
  0.090452   0.448934   0.291567   0.240717   0.052776   2.950912   8.815831   0.312500   0.562500
  0.095477   0.450143   0.291832   0.255545   0.097075   2.702922   8.725743   0.312500   0.562500
  0.100503   0.451428   0.292320   0.269130   0.140931   2.447765   8.577242   0.312500   0.562500
  0.105528   0.452780   0.293028   0.281430   0.184032   2.188930   8.379761   0.312500   0.562500
  0.110553   0.454194   0.293953   0.292429   0.226140   1.929284   8.141617   0.312500   0.562500
  0.115578   0.455664   0.295089   0.302124   0.267052   1.671324   7.870218   0.312500   0.562500
  0.120603   0.457182   0.296431   0.310522   0.306599   1.417178   7.572121   0.312500   0.562500
  0.125628   0.458742   0.297972   0.317644   0.344649   1.168636   7.253123   0.312500   0.562500
  0.130653   0.460338   0.299704   0.323516   0.381096   0.927192   6.918325   0.312500   0.562500
  0.135678   0.461964   0.301619   0.328175   0.415861   0.694074   6.572208   0.312500   0.562500
  0.140704   0.463613   0.303709   0.331664   0.448893   0.470232   6.218617   0.312500   0.562500
  0.145729   0.465280   0.305965   0.334026   0.480141   0.256544   5.861109   0.312500   0.562500
  0.150754   0.466958   0.308377   0.335316   0.509593   0.053563   5.502571   0.312500   0.562500
  0.155779   0.468643   0.310938   0.335585   0.537244  -0.138272   5.145552   0.312500   0.562500
  0.160804   0.470330   0.313638   0.334890   0.563100  -0.318662   4.792237   0.312500   0.562500
  0.165829   0.472013   0.316467   0.333289   0.587181  -0.487435   4.444481   0.312500   0.562500
  0.170854   0.473687   0.319418   0.330839   0.609515  -0.644528   4.103849   0.312500   0.562500
  0.175879   0.475350   0.322481   0.327601   0.630137  -0.789969   3.771646   0.312500   0.562500
  0.180905   0.476996   0.325648   0.323630   0.649093  -0.923896   3.448877   0.312500   0.562500
  0.185930   0.478623   0.328909   0.318988   0.666423  -0.995071   3.136542   0.312500   0.562500
  0.190955   0.480225   0.332258   0.313987   0.682185  -1.107395   2.835257   0.312500   0.562500
  0.195980   0.481803   0.335686   0.308423   0.696432  -1.215817   2.545544   0.312500   0.562500
  0.201005   0.483353   0.339186   0.302313   0.709223  -1.306039   2.267784   0.312500   0.562500
  0.206030   0.484872   0.342750   0.295750   0.720619  -1.385885   2.002234   0.312500   0.562500
  0.211055   0.486358   0.346371   0.288786   0.730680  -1.455750   1.749042   0.312500   0.562500
  0.216080   0.487809   0.350042   0.281471   0.739469  -1.516048   1.508261   0.312500   0.562500
  0.221106   0.489224   0.353759   0.273851   0.747049  -1.567220   1.279817   0.312500   0.562500
  0.226131   0.490600   0.357513   0.265976   0.753480  -1.609684   1.063704   0.312500   0.562500
  0.231156   0.491937   0.361299   0.257888   0.758826  -1.643901   0.859714   0.312500   0.562500
  0.236181   0.493233   0.365112   0.249627   0.763146  -1.670323   0.667638   0.312500   0.562500
  0.241206   0.494487   0.368947   0.241234   0.766501  -1.689404   0.487221   0.312500   0.562500
  0.246231   0.495699   0.372799   0.232744   0.768949  -1.701593   0.318174   0.312500   0.562500
  0.251256   0.496869   0.376663   0.224194   0.770548  -1.707337   0.160179   0.312500   0.562500
  0.256281   0.497995   0.380535   0.215614   0.771353  -1.707074   0.012892   0.312500   0.562500
  0.261307   0.499079   0.384411   0.207035   0.771417  -1.701235  -0.124072   0.312500   0.562500
  0.266332   0.500119   0.388288   0.198486   0.770794  -1.690243  -0.251032   0.312500   0.562500
  0.271357   0.501117   0.392161   0.189992   0.769532  -1.674508  -0.368402   0.312500   0.562500
  0.276382   0.502072   0.396028   0.181578   0.767681  -1.654428  -0.476571   0.312500   0.562500
  0.281407   0.502984   0.399885   0.173265   0.765286  -1.630388  -0.575933   0.312500   0.562500
  0.286432   0.503855   0.403731   0.165072   0.762392  -1.602759  -0.666884   0.312500   0.562500
  0.291457   0.504684   0.407562   0.157018   0.759041  -1.571899  -0.749815   0.312500   0.562500
  0.296482   0.505473   0.411376   0.149119   0.755273  -1.538151  -0.825117   0.312500   0.562500
  0.301508   0.506223   0.415172   0.141388   0.751126  -1.501834  -0.893186   0.312500   0.562500
  0.306533   0.506933   0.418947   0.133842   0.746638  -1.463274  -0.954371   0.312500   0.562500
  0.311558   0.507606   0.422699   0.126489   0.741842  -1.422762  -1.009057   0.312500   0.562500
  0.316583   0.508241   0.426426   0.119339   0.736772  -1.380579  -1.057604   0.312500   0.562500
  0.321608   0.508841   0.430129   0.112402   0.731457  -1.336992  -1.100362   0.312500   0.562500
  0.326633   0.509406   0.433804   0.105684   0.725928  -1.292250  -1.137672   0.312500   0.562500
  0.331658   0.509937   0.437452   0.099190   0.720211  -1.246589  -1.169863   0.312500   0.562500
  0.336683   0.510435   0.441071   0.092926   0.714333  -1.200232  -1.197253   0.312500   0.562500
  0.341709   0.510902   0.444661   0.086894   0.708315  -1.153374  -1.220152   0.312500   0.562500
  0.346734   0.511339   0.448221   0.081098   0.702184  -1.106226  -1.238846   0.312500   0.562500
  0.351759   0.511746   0.451749   0.075539   0.695959  -1.058958  -1.253622   0.312500   0.562500
  0.356784   0.512126   0.455246   0.070218   0.689659  -1.011734  -1.264752   0.312500   0.562500
  0.361809   0.512479   0.458712   0.065134   0.683304  -0.964706  -1.272493   0.312500   0.562500
  0.366834   0.512806   0.462145   0.060286   0.676910  -0.918015  -1.277095   0.312500   0.562500
  0.371859   0.513109   0.465547   0.055673   0.670492  -0.871786  -1.278791   0.312500   0.562500
  0.376884   0.513389   0.468916   0.051293   0.664067  -0.826136  -1.277808   0.312500   0.562500
  0.381910   0.513647   0.472254   0.047140   0.657644  -0.781161  -1.274356   0.312500   0.562500
  0.386935   0.513883   0.475558   0.043215   0.651241  -0.736974  -1.268639   0.312500   0.562500
  0.391960   0.514101   0.478831   0.039512   0.644866  -0.693650  -1.260850   0.312500   0.562500
  0.396985   0.514299   0.482071   0.036026   0.638530  -0.651266  -1.251168   0.312500   0.562500
  0.402010   0.514480   0.485280   0.032754   0.632243  -0.609886  -1.239767   0.312500   0.562500
  0.407035   0.514645   0.488457   0.029689   0.626013  -0.569572  -1.226806   0.312500   0.562500
  0.412060   0.514794   0.491603   0.026827   0.619848  -0.530373  -1.212440   0.312500   0.562500
  0.417085   0.514929   0.494717   0.024162   0.613756  -0.492334  -1.196812   0.312500   0.562500
  0.422111   0.515050   0.497802   0.021687   0.607741  -0.455486  -1.180052   0.312500   0.562500
  0.427136   0.515159   0.500856   0.019398   0.601811  -0.419876  -1.162295   0.312500   0.562500
  0.432161   0.515257   0.503880   0.017288   0.595970  -0.385524  -1.143655   0.312500   0.562500
  0.437186   0.515344   0.506875   0.015351   0.590223  -0.352452  -1.124244   0.312500   0.562500
  0.442211   0.515421   0.509841   0.013580   0.584574  -0.320679  -1.104166   0.312500   0.562500
  0.447236   0.515489   0.512778   0.011969   0.579026  -0.290219  -1.083517   0.312500   0.562500
  0.452261   0.515549   0.515688   0.010510   0.573581  -0.261083  -1.062388   0.312500   0.562500
  0.457286   0.515602   0.518570   0.009198   0.568243  -0.233282  -1.040863   0.312500   0.562500
  0.462312   0.515648   0.521426   0.008026   0.563011  -0.206816  -1.019017   0.312500   0.562500
  0.467337   0.515688   0.524255   0.006987   0.557891  -0.181701  -0.996929   0.312500   0.562500
  0.472362   0.515724   0.527059   0.006074   0.552881  -0.157935  -0.974663   0.312500   0.562500
  0.477387   0.515754   0.529837   0.005280   0.547983  -0.135521  -0.952281   0.312500   0.562500
  0.482412   0.515781   0.532590   0.004599   0.543198  -0.114460  -0.929840   0.312500   0.562500
  0.487437   0.515804   0.535320   0.004024   0.538526  -0.094754  -0.907393   0.312500   0.562500
  0.492462   0.515824   0.538026   0.003548   0.533966  -0.076403  -0.884990   0.312500   0.562500
  0.497487   0.515842   0.540709   0.003164   0.529519  -0.059408  -0.862674   0.312500   0.562500
  0.502513   0.515858   0.543371   0.002865   0.525183  -0.043767  -0.840482   0.312500   0.562500
  0.507538   0.515872   0.546010   0.002645   0.520960  -0.029487  -0.818461   0.312500   0.562500
  0.512563   0.515885   0.548627   0.002497   0.516847  -0.016568  -0.796640   0.312500   0.562500
  0.517588   0.515898   0.551225   0.002414   0.512844  -0.005010  -0.775050   0.312500   0.562500
  0.522613   0.515910   0.553802   0.002389   0.508949   0.005185  -0.753721   0.312500   0.562500
  0.527638   0.515922   0.556359   0.002415   0.505162   0.014013  -0.732678   0.312500   0.562500
  0.532663   0.515934   0.558898   0.002485   0.501480   0.021472  -0.711944   0.312500   0.562500
  0.537688   0.515947   0.561417   0.002593   0.497903   0.027559  -0.691540   0.312500   0.562500
  0.542714   0.515960   0.563920   0.002732   0.494427   0.032273  -0.671483   0.312500   0.562500
  0.547739   0.515973   0.566404   0.002894   0.491053   0.035608  -0.651798   0.312500   0.562500
  0.552764   0.515988   0.568872   0.003073   0.487777   0.037564  -0.632496   0.312500   0.562500
  0.557789   0.516003   0.571323   0.003261   0.484599   0.038138  -0.613593   0.312500   0.562500
  0.562814   0.516020   0.573758   0.003453   0.481516   0.037332  -0.595102   0.312500   0.562500
  0.567839   0.516037   0.576178   0.003641   0.478525   0.035144  -0.577035   0.312500   0.562500
  0.572864   0.516055   0.578582   0.003817   0.475626   0.031579  -0.559404   0.312500   0.562500
  0.577889   0.516075   0.580972   0.003976   0.472815   0.026639  -0.542219   0.312500   0.562500
  0.582915   0.516095   0.583349   0.004110   0.470090   0.020330  -0.525488   0.312500   0.562500
  0.587940   0.516115   0.585711   0.004212   0.467449   0.012664  -0.509228   0.312500   0.562500
  0.592965   0.516136   0.588060   0.004276   0.464890   0.003653  -0.493445   0.312500   0.562500
  0.597990   0.516158   0.590396   0.004294   0.462411  -0.006687  -0.478151   0.312500   0.562500
  0.603015   0.516180   0.592720   0.004260   0.460008  -0.018337  -0.463354   0.312500   0.562500
  0.608040   0.516201   0.595031   0.004168   0.457680  -0.031271  -0.449068   0.312500   0.562500
  0.613065   0.516222   0.597331   0.004011   0.455423  -0.045460  -0.435303   0.312500   0.562500
  0.618090   0.516242   0.599619   0.003783   0.453236  -0.060869  -0.422074   0.312500   0.562500
  0.623116   0.516261   0.601897   0.003477   0.451114  -0.077462  -0.409391   0.312500   0.562500
  0.628141   0.516278   0.604164   0.003087   0.449057  -0.095183  -0.397277   0.312500   0.562500
  0.633166   0.516294   0.606421   0.002609   0.447061  -0.113983  -0.385747   0.312500   0.562500
  0.638191   0.516307   0.608667   0.002036   0.445122  -0.133800  -0.374822   0.312500   0.562500
  0.643216   0.516317   0.610904   0.001364   0.443239  -0.154565  -0.364524   0.312500   0.562500
  0.648241   0.516324   0.613131   0.000587   0.441407  -0.176201  -0.354879   0.312500   0.562500
  0.653266   0.516327   0.615349  -0.000298   0.439624  -0.198622  -0.345918   0.312500   0.562500
  0.658291   0.516326   0.617558  -0.001296   0.437886  -0.221733  -0.337673   0.312500   0.562500
  0.663317   0.516319   0.619759  -0.002411   0.436188  -0.245433  -0.330181   0.312500   0.562500
  0.668342   0.516307   0.621951  -0.003644   0.434529  -0.269597  -0.323488   0.312500   0.562500
  0.673367   0.516289   0.624135  -0.004999   0.432904  -0.294103  -0.317639   0.312500   0.562500
  0.678392   0.516264   0.626310  -0.006476   0.431308  -0.318813  -0.312689   0.312500   0.562500
  0.683417   0.516231   0.628477  -0.008078   0.429736  -0.343576  -0.308699   0.312500   0.562500
  0.688442   0.516190   0.630637  -0.009805   0.428185  -0.368229  -0.305736   0.312500   0.562500
  0.693467   0.516141   0.632788  -0.011655   0.426649  -0.392596  -0.303878   0.312500   0.562500
  0.698492   0.516083   0.634932  -0.013628   0.425122  -0.416484  -0.303208   0.312500   0.562500
  0.703518   0.516014   0.637069  -0.015721   0.423598  -0.439693  -0.303821   0.312500   0.562500
  0.708543   0.515935   0.639197  -0.017931   0.422071  -0.461989  -0.305822   0.312500   0.562500
  0.713568   0.515845   0.641318  -0.020252   0.420534  -0.483139  -0.309327   0.312500   0.562500
  0.718593   0.515743   0.643432  -0.022680   0.418980  -0.502885  -0.314464   0.312500   0.562500
  0.723618   0.515629   0.645537  -0.025207   0.417400  -0.520954  -0.321374   0.312500   0.562500
  0.728643   0.515503   0.647634  -0.027825   0.415785  -0.537051  -0.330211   0.312500   0.562500
  0.733668   0.515363   0.649724  -0.030523   0.414126  -0.550862  -0.341144   0.312500   0.562500
  0.738693   0.515209   0.651805  -0.033292   0.412411  -0.562052  -0.354356   0.312500   0.562500
  0.743719   0.515042   0.653877  -0.036116   0.410630  -0.570268  -0.370050   0.312500   0.562500
  0.748744   0.514861   0.655941  -0.038982   0.408771  -0.575130  -0.388435   0.312500   0.562500
  0.753769   0.514665   0.657995  -0.041872   0.406819  -0.576242  -0.409741   0.312500   0.562500
  0.758794   0.514454   0.660039  -0.044768   0.404760  -0.573187  -0.434215   0.312500   0.562500
  0.763819   0.514229   0.662073  -0.047648   0.402578  -0.565528  -0.462116   0.312500   0.562500
  0.768844   0.513990   0.664096  -0.050490   0.400256  -0.536010  -0.493715   0.312500   0.562500
  0.773869   0.513736   0.666107  -0.053183   0.397775  -0.521006  -0.529295   0.312500   0.562500
  0.778894   0.513469   0.668106  -0.055801   0.395115  -0.499581  -0.569148   0.312500   0.562500
  0.783920   0.513189   0.670092  -0.058312   0.392255  -0.471283  -0.613578   0.312500   0.562500
  0.788945   0.512896   0.672063  -0.060680   0.389172  -0.435669  -0.662862   0.312500   0.562500
  0.793970   0.512591   0.674019  -0.062870   0.385841  -0.392284  -0.717299   0.312500   0.562500
  0.798995   0.512275   0.675958  -0.064841   0.382236  -0.340689  -0.777165   0.312500   0.562500
  0.804020   0.511949   0.677878  -0.066553   0.378331  -0.280465  -0.842715   0.312500   0.562500
  0.809045   0.511614   0.679779  -0.067962   0.374096  -0.211230  -0.914176   0.312500   0.562500
  0.814070   0.511273   0.681659  -0.069024   0.369503  -0.132651  -0.991729   0.312500   0.562500
  0.819095   0.510926   0.683516  -0.069690   0.364519  -0.044459  -1.075506   0.312500   0.562500
  0.824121   0.510576   0.685348  -0.069914   0.359114   0.053552  -1.165589   0.312500   0.562500
  0.829146   0.510224   0.687153  -0.069644   0.353257   0.161427  -1.261924   0.312500   0.562500
  0.834171   0.509875   0.688928  -0.068833   0.346916   0.279147  -1.364416   0.312500   0.562500
  0.839196   0.509529   0.690671  -0.067431   0.340059   0.406535  -1.472845   0.312500   0.562500
  0.844221   0.509190   0.692380  -0.065388   0.332658   0.543254  -1.586868   0.312500   0.562500
  0.849246   0.508861   0.694051  -0.062658   0.324684   0.688791  -1.706010   0.312500   0.562500
  0.854271   0.508546   0.695683  -0.059197   0.316112   0.842439  -1.829650   0.312500   0.562500
  0.859296   0.508249   0.697271  -0.054963   0.306918   1.003294  -1.957022   0.312500   0.562500
  0.864322   0.507973   0.698814  -0.049921   0.297082   1.170279  -2.087235   0.312500   0.562500
  0.869347   0.507722   0.700307  -0.044040   0.286593   1.342005  -2.219166   0.312500   0.562500
  0.874372   0.507501   0.701747  -0.037297   0.275442   1.516993  -2.351640   0.312500   0.562500
  0.879397   0.507313   0.703131  -0.029674   0.263625   1.693547  -2.483327   0.312500   0.562500
  0.884422   0.507164   0.704456  -0.021164   0.251146   1.869816  -2.612795   0.312500   0.562500
  0.889447   0.507058   0.705718  -0.011768   0.238017   2.043825  -2.738536   0.312500   0.562500
  0.894472   0.506999   0.706914  -0.001498   0.224256   2.213512  -2.858995   0.312500   0.562500
  0.899497   0.506991   0.708041   0.009625   0.209889   2.376776  -2.972607   0.312500   0.562500
  0.904523   0.507039   0.709096   0.021571   0.194949   2.531559  -3.077857   0.312500   0.562500
  0.909548   0.507148   0.710075   0.034292   0.179483   2.675763  -3.173227   0.312500   0.562500
  0.914573   0.507320   0.710977   0.047738   0.163537   2.807502  -3.257376   0.312500   0.562500
  0.919598   0.507560   0.711799   0.061845   0.147169   2.925018  -3.329080   0.312500   0.562500
  0.924623   0.507871   0.712538   0.076544   0.130440   3.026757  -3.387284   0.312500   0.562500
  0.929648   0.508255   0.713194   0.091753   0.113419   3.111406  -3.431134   0.312500   0.562500
  0.934673   0.508716   0.713764   0.107388   0.096178   3.177923  -3.459990   0.312500   0.562500
  0.939698   0.509256   0.714247   0.123357   0.078791   3.225556  -3.473443   0.312500   0.562500
  0.944724   0.509876   0.714643   0.139569   0.061334   3.253859  -3.471316   0.312500   0.562500
  0.949749   0.510577   0.714951   0.155919   0.043891   3.262667  -3.453660   0.312500   0.562500
  0.954774   0.511361   0.715172   0.172314   0.026536   3.252131  -3.420752   0.312500   0.562500
  0.959799   0.512227   0.715305   0.188656   0.009347   3.222668  -3.373071   0.312500   0.562500
  0.964824   0.513175   0.715352   0.204850  -0.007603   3.174945  -3.311281   0.312500   0.562500
  0.969849   0.514204   0.715314   0.220804  -0.024242   3.109856  -3.236206   0.312500   0.562500
  0.974874   0.515314   0.715192   0.236431  -0.040504   3.028483  -3.148804   0.312500   0.562500
  0.979899   0.516502   0.714989   0.251649  -0.056327   2.932066  -3.050141   0.312500   0.562500
  0.984925   0.517766   0.714706   0.266386  -0.071657   2.821942  -2.941340   0.312500   0.562500
  0.989950   0.519105   0.714345   0.280566  -0.086437   2.699606  -2.823643   0.312500   0.562500
  0.994975   0.520515   0.713911   0.294132  -0.100626   2.566540  -2.698255   0.312500   0.562500
  1.000000   0.521993   0.713405   0.307028  -0.114185   2.424272  -2.566410   0.312500   0.562500