  0.000000   0.480397   0.300963   0.000000   0.000000  -1.437868 -20.482488   0.437500   0.562500
  0.005025   0.480397   0.300963  -0.007225  -0.102925  -0.379261 -15.743737   0.437500   0.562500
  0.010050   0.480361   0.300446  -0.009131  -0.182037   0.492484 -11.608979   0.437500   0.562500
  0.015075   0.480315   0.299531  -0.006656  -0.240372   1.199705  -8.016449   0.437500   0.562500
  0.020101   0.480281   0.298323  -0.000627  -0.280663   1.762629  -4.909405   0.437500   0.562500
  0.025126   0.480278   0.296913   0.008231  -0.305332   2.199119  -2.238152   0.437500   0.562500
  0.030151   0.480320   0.295378   0.019281  -0.316579   2.525568   0.044284   0.437500   0.562500
  0.035176   0.480416   0.293788   0.031972  -0.316357   2.756565   1.979873   0.437500   0.562500
  0.040201   0.480577   0.292198   0.045824  -0.306408   2.905180   3.606648   0.437500   0.562500
  0.045226   0.480807   0.290658   0.060422  -0.288284   2.983103   4.959047   0.437500   0.562500
  0.050251   0.481111   0.289210   0.075412  -0.263365   3.000774   6.068225   0.437500   0.562500
  0.055276   0.481490   0.287886   0.090491  -0.232872   2.967499   6.962340   0.437500   0.562500
  0.060302   0.481945   0.286716   0.105406  -0.197879   2.891536   7.666949   0.437500   0.562500
  0.065327   0.482474   0.285721   0.119936  -0.159353   2.780266   8.204690   0.437500   0.562500
  0.070352   0.483077   0.284921   0.133907  -0.118125   2.640183   8.596392   0.437500   0.562500
  0.075377   0.483750   0.284327   0.147174  -0.074928   2.477034   8.860647   0.437500   0.562500
  0.080402   0.484490   0.283951   0.159621  -0.030403   2.295879   9.014166   0.437500   0.562500
  0.085427   0.485292   0.283798   0.171158   0.014893   2.101161   9.071946   0.437500   0.562500
  0.090452   0.486152   0.283873   0.181716   0.060480   1.896765   9.047428   0.437500   0.562500
  0.095477   0.487065   0.284176   0.191247   0.105943   1.686075   8.952638   0.437500   0.562500
  0.100503   0.488026   0.284709   0.199721   0.150939   1.471980   8.798283   0.437500   0.562500
  0.105528   0.489030   0.285467   0.207118   0.195150   1.257099   8.594001   0.437500   0.562500
  0.110553   0.490070   0.286448   0.213435   0.238335   1.043555   8.348289   0.437500   0.562500
  0.115578   0.491143   0.287646   0.218679   0.280285   0.833193   8.068712   0.437500   0.562500
  0.120603   0.492242   0.289054   0.222866   0.320831   0.627567   7.761971   0.437500   0.562500
  0.125628   0.493362   0.290666   0.226019   0.359835   0.427975   7.433983   0.437500   0.562500
  0.130653   0.494497   0.292474   0.228170   0.397190   0.235485   7.089959   0.437500   0.562500
  0.135678   0.495644   0.294470   0.229353   0.432817   0.050961   6.734474   0.437500   0.562500
  0.140704   0.496797   0.296646   0.229609   0.466665  -0.124949   6.371453   0.437500   0.562500
  0.145729   0.497950   0.298991   0.228981   0.498681  -0.291646   6.004529   0.437500   0.562500
  0.150754   0.499101   0.301497   0.227516   0.528854  -0.448783   5.636646   0.437500   0.562500
  0.155779   0.500244   0.304154   0.225261   0.557178  -0.596099   5.270406   0.437500   0.562500
  0.160804   0.501376   0.306954   0.222265   0.583662  -0.733440   4.908037   0.437500   0.562500
  0.165829   0.502493   0.309887   0.218580   0.608325  -0.860746   4.551433   0.437500   0.562500
  0.170854   0.503592   0.312944   0.214255   0.631196  -0.931582   4.202189   0.437500   0.562500
  0.175879   0.504668   0.316115   0.209573   0.652312  -1.039693   3.861633   0.437500   0.562500
  0.180905   0.505722   0.319394   0.204348   0.671721  -1.137793   3.530790   0.437500   0.562500
  0.185930   0.506748   0.322769   0.198630   0.689463  -1.226046   3.210679   0.437500   0.562500
  0.190955   0.507746   0.326234   0.192470   0.705596  -1.304724   2.901924   0.437500   0.562500
  0.195980   0.508714   0.329779   0.185913   0.720179  -1.374112   2.605058   0.437500   0.562500
  0.201005   0.509648   0.333398   0.179008   0.733269  -1.434523   2.320466   0.437500   0.562500
  0.206030   0.510547   0.337083   0.171800   0.744929  -1.486293   2.048406   0.437500   0.562500
  0.211055   0.511411   0.340826   0.164331   0.755223  -1.529779   1.789028   0.437500   0.562500
  0.216080   0.512236   0.344621   0.156644   0.764213  -1.565349   1.542383   0.437500   0.562500
  0.221106   0.513024   0.348462   0.148777   0.771965  -1.593388   1.308391   0.437500   0.562500
  0.226131   0.513771   0.352341   0.140770   0.778539  -1.614269   1.087045   0.437500   0.562500
  0.231156   0.514479   0.356254   0.132658   0.784002  -1.628388   0.878131   0.437500   0.562500
  0.236181   0.515145   0.360193   0.124476   0.788414  -1.636137   0.681430   0.437500   0.562500
  0.241206   0.515771   0.364155   0.116254   0.791838  -1.650609   0.496681   0.437500   0.562500
  0.246231   0.516355   0.368134   0.107960   0.794334  -1.646448   0.323585   0.437500   0.562500
  0.251256   0.516897   0.372125   0.099686   0.795960  -1.637135   0.161816   0.437500   0.562500
  0.256281   0.517398   0.376125   0.091460   0.796773  -1.623042   0.011022   0.437500   0.562500
  0.261307   0.517858   0.380130   0.083302   0.796829  -1.604530  -0.129196   0.437500   0.562500
  0.266332   0.518277   0.384134   0.075240   0.796180  -1.581962  -0.259164   0.437500   0.562500
  0.271357   0.518655   0.388135   0.067290   0.794877  -1.555679  -0.379306   0.437500   0.562500
  0.276382   0.518993   0.392129   0.059473   0.792971  -1.526016  -0.490022   0.437500   0.562500
  0.281407   0.519292   0.396113   0.051805   0.790509  -1.493299  -0.591718   0.437500   0.562500
  0.286432   0.519552   0.400086   0.044301   0.787535  -1.457840  -0.684796   0.437500   0.562500
  0.291457   0.519775   0.404043   0.036975   0.784094  -1.419939  -0.769661   0.437500   0.562500
  0.296482   0.519960   0.407983   0.029840   0.780227  -1.379884  -0.846712   0.437500   0.562500
  0.301508   0.520110   0.411905   0.022905   0.775971  -1.337943  -0.916355   0.437500   0.562500
  0.306533   0.520226   0.415804   0.016182   0.771367  -1.294395  -0.978949   0.437500   0.562500
  0.311558   0.520307   0.419680   0.009677   0.766447  -1.249484  -1.034887   0.437500   0.562500
  0.316583   0.520355   0.423531   0.003399   0.761247  -1.203446  -1.084539   0.437500   0.562500
  0.321608   0.520373   0.427357  -0.002649   0.755797  -1.156507  -1.128264   0.437500   0.562500
  0.326633   0.520359   0.431155  -0.008460   0.750128  -1.108879  -1.166410   0.437500   0.562500
  0.331658   0.520317   0.434924  -0.014032   0.744266  -1.060763  -1.199315   0.437500   0.562500
  0.336683   0.520246   0.438664  -0.019363   0.738240  -1.012346  -1.227305   0.437500   0.562500
  0.341709   0.520149   0.442374  -0.024451   0.732072  -0.963796  -1.250698   0.437500   0.562500
  0.346734   0.520026   0.446053  -0.029294   0.725787  -0.915296  -1.269785   0.437500   0.562500
  0.351759   0.519879   0.449700  -0.033893   0.719406  -0.866990  -1.284862   0.437500   0.562500
  0.356784   0.519709   0.453315  -0.038250   0.712950  -0.819021  -1.296207   0.437500   0.562500
  0.361809   0.519516   0.456898  -0.042365   0.706436  -0.771519  -1.304083   0.437500   0.562500
  0.366834   0.519303   0.460447  -0.046242   0.699883  -0.724606  -1.308746   0.437500   0.562500
  0.371859   0.519071   0.463964  -0.049883   0.693307  -0.678395  -1.310436   0.437500   0.562500
  0.376884   0.518820   0.467448  -0.053292   0.686722  -0.632987  -1.309382   0.437500   0.562500
  0.381910   0.518553   0.470900  -0.056474   0.680141  -0.588466  -1.305804   0.437500   0.562500
  0.386935   0.518269   0.474317  -0.059431   0.673579  -0.544937  -1.299907   0.437500   0.562500
  0.391960   0.517970   0.477702  -0.062169   0.667047  -0.502468  -1.291890   0.437500   0.562500
  0.396985   0.517658   0.481054  -0.064694   0.660555  -0.461126  -1.281937   0.437500   0.562500
  0.402010   0.517333   0.484373  -0.067011   0.654114  -0.420976  -1.270224   0.437500   0.562500
  0.407035   0.516996   0.487660  -0.069127   0.647731  -0.382074  -1.256917   0.437500   0.562500
  0.412060   0.516649   0.490915  -0.071046   0.641415  -0.344468  -1.242172   0.437500   0.562500
  0.417085   0.516292   0.494138  -0.072777   0.635173  -0.308205  -1.226136   0.437500   0.562500
  0.422111   0.515926   0.497331  -0.074326   0.629010  -0.273317  -1.208943   0.437500   0.562500
  0.427136   0.515552   0.500491  -0.075700   0.622935  -0.239852  -1.190730   0.437500   0.562500
  0.432161   0.515172   0.503622  -0.076905   0.616952  -0.207835  -1.171615   0.437500   0.562500
  0.437186   0.514785   0.506722  -0.077950   0.611065  -0.177294  -1.151712   0.437500   0.562500
  0.442211   0.514394   0.509792  -0.078840   0.605277  -0.148251  -1.131127   0.437500   0.562500
  0.447236   0.513998   0.512834  -0.079585   0.599593  -0.120729  -1.109960   0.437500   0.562500
  0.452261   0.513598   0.515847  -0.080192   0.594016  -0.094747  -1.088303   0.437500   0.562500
  0.457286   0.513195   0.518832  -0.080668   0.588547  -0.070321  -1.066241   0.437500   0.562500
  0.462312   0.512789   0.521790  -0.081022   0.583188  -0.047462  -1.043851   0.437500   0.562500
  0.467337   0.512382   0.524720  -0.081260   0.577943  -0.026195  -1.021216   0.437500   0.562500
  0.472362   0.511974   0.527625  -0.081392   0.572811  -0.006527  -0.998401   0.437500   0.562500
  0.477387   0.511565   0.530503  -0.081424   0.567794   0.011531  -0.975467   0.437500   0.562500
  0.482412   0.511156   0.533356  -0.081367   0.562892   0.027965  -0.952476   0.437500   0.562500
  0.487437   0.510747   0.536185  -0.081226   0.558106   0.042765  -0.929480   0.437500   0.562500
  0.492462   0.510339   0.538989  -0.081011   0.553436   0.055921  -0.906529   0.437500   0.562500
  0.497487   0.509932   0.541770  -0.080730   0.548880   0.067420  -0.883670   0.437500   0.562500
  0.502513   0.509526   0.544529  -0.080391   0.544439   0.077255  -0.860939   0.437500   0.562500
  0.507538   0.509122   0.547265  -0.080003   0.540113   0.085411  -0.838385   0.437500   0.562500
  0.512563   0.508720   0.549979  -0.079574   0.535900   0.091880  -0.816038   0.437500   0.562500
  0.517588   0.508320   0.552672  -0.079112   0.531799   0.096650  -0.793930   0.437500   0.562500
  0.522613   0.507922   0.555344  -0.078627   0.527810   0.099713  -0.772090   0.437500   0.562500
  0.527638   0.507527   0.557996  -0.078125   0.523930   0.101058  -0.750545   0.437500   0.562500
  0.532663   0.507135   0.560629  -0.077618   0.520159   0.100677  -0.729319   0.437500   0.562500
  0.537688   0.506745   0.563243  -0.077112   0.516494   0.098562  -0.708434   0.437500   0.562500
  0.542714   0.506357   0.565839  -0.076616   0.512933   0.094703  -0.687906   0.437500   0.562500
  0.547739   0.505972   0.568416  -0.076140   0.509476   0.089099  -0.667762   0.437500   0.562500
  0.552764   0.505589   0.570976  -0.075693   0.506121   0.081743  -0.648013   0.437500   0.562500
  0.557789   0.505209   0.573519  -0.075282   0.502865   0.072634  -0.628676   0.437500   0.562500
  0.562814   0.504831   0.576046  -0.074917   0.499706   0.061774  -0.609763   0.437500   0.562500
  0.567839   0.504454   0.578557  -0.074607   0.496642   0.049165  -0.591289   0.437500   0.562500
  0.572864   0.504079   0.581053  -0.074360   0.493670   0.034816  -0.573265   0.437500   0.562500
  0.577889   0.503706   0.583534  -0.074185   0.490790   0.018736  -0.555704   0.437500   0.562500
  0.582915   0.503333   0.586000  -0.074090   0.487997   0.000938  -0.538611   0.437500   0.562500
  0.587940   0.502961   0.588453  -0.074086   0.485290  -0.018550  -0.522007   0.437500   0.562500
  0.592965   0.502588   0.590891  -0.074179   0.482667  -0.039707  -0.505897   0.437500   0.562500
  0.597990   0.502216   0.593317  -0.074378   0.480125  -0.062500  -0.490293   0.437500   0.562500
  0.603015   0.501842   0.595729  -0.074693   0.477661  -0.086891  -0.475207   0.437500   0.562500
  0.608040   0.501467   0.598129  -0.075129   0.475273  -0.112835  -0.460651   0.437500   0.562500
  0.613065   0.501089   0.600518  -0.075696   0.472959  -0.140279  -0.446638   0.437500   0.562500
  0.618090   0.500709   0.602894  -0.076401   0.470714  -0.169161  -0.433183   0.437500   0.562500
  0.623116   0.500325   0.605260  -0.077251   0.468537  -0.199417  -0.420299   0.437500   0.562500
  0.628141   0.499936   0.607614  -0.078253   0.466425  -0.230956  -0.408009   0.437500   0.562500
  0.633166   0.499543   0.609958  -0.079414   0.464375  -0.263693  -0.396330   0.437500   0.562500
  0.638191   0.499144   0.612292  -0.080739   0.462383  -0.297529  -0.385285   0.437500   0.562500
  0.643216   0.498739   0.614615  -0.082234   0.460447  -0.332351  -0.374898   0.437500   0.562500
  0.648241   0.498325   0.616929  -0.083904   0.458563  -0.368038  -0.365198   0.437500   0.562500
  0.653266   0.497904   0.619233  -0.085753   0.456728  -0.404452  -0.356218   0.437500   0.562500
  0.658291   0.497473   0.621528  -0.087786   0.454938  -0.441444  -0.347993   0.437500   0.562500
  0.663317   0.497032   0.623815  -0.090005   0.453189  -0.478859  -0.340563   0.437500   0.562500
  0.668342   0.496579   0.626092  -0.092411   0.451478  -0.516504  -0.333977   0.437500   0.562500
  0.673367   0.496115   0.628361  -0.095006   0.449800  -0.554192  -0.328286   0.437500   0.562500
  0.678392   0.495637   0.630621  -0.097791   0.448150  -0.591714  -0.323548   0.437500   0.562500
  0.683417   0.495146   0.632873  -0.100764   0.446524  -0.628844  -0.319828   0.437500   0.562500
  0.688442   0.494640   0.635117  -0.103924   0.444917  -0.665336  -0.317200   0.437500   0.562500
  0.693467   0.494118   0.637352  -0.107268   0.443323  -0.700926  -0.315746   0.437500   0.562500
  0.698492   0.493579   0.639580  -0.110790   0.441736  -0.735330  -0.315557   0.437500   0.562500
  0.703518   0.493022   0.641800  -0.114486   0.440150  -0.768247  -0.316735   0.437500   0.562500
  0.708543   0.492446   0.644012  -0.118346   0.438559  -0.799337  -0.319392   0.437500   0.562500
  0.713568   0.491852   0.646216  -0.122363   0.436954  -0.828254  -0.323653   0.437500   0.562500
  0.718593   0.491237   0.648412  -0.126525   0.435328  -0.854622  -0.329655   0.437500   0.562500
  0.723618   0.490601   0.650599  -0.130819   0.433671  -0.878036  -0.337549   0.437500   0.562500
  0.728643   0.489944   0.652778  -0.135231   0.431975  -0.898066  -0.347500   0.437500   0.562500
  0.733668   0.489264   0.654949  -0.139744   0.430229  -0.914254  -0.359689   0.437500   0.562500
  0.738693   0.488562   0.657111  -0.144338   0.428421  -0.926112  -0.374311   0.437500   0.562500
  0.743719   0.487836   0.659264  -0.148993   0.426540  -0.933122  -0.391584   0.437500   0.562500
  0.748744   0.487088   0.661407  -0.153682   0.424572  -0.934732  -0.411729   0.437500   0.562500
  0.753769   0.486316   0.663541  -0.158379   0.422503  -0.930366  -0.434993   0.437500   0.562500
  0.758794   0.485520   0.665664  -0.163054   0.420317  -0.919415  -0.461639   0.437500   0.562500
  0.763819   0.484700   0.667776  -0.167674   0.417998  -0.901243  -0.491941   0.437500   0.562500
  0.768844   0.483858   0.669877  -0.172203   0.415526  -0.875189  -0.526189   0.437500   0.562500
  0.773869   0.482992   0.671965  -0.176601   0.412882  -0.827296  -0.564683   0.437500   0.562500
  0.778894   0.482105   0.674039  -0.180758   0.410044  -0.786038  -0.607732   0.437500   0.562500
  0.783920   0.481197   0.676100  -0.184708   0.406990  -0.734449  -0.655660   0.437500   0.562500
  0.788945   0.480268   0.678145  -0.188399   0.403695  -0.671875  -0.708757   0.437500   0.562500
  0.793970   0.479322   0.680174  -0.191775   0.400133  -0.597634  -0.767341   0.437500   0.562500
  0.798995   0.478358   0.682185  -0.194778   0.396278  -0.511074  -0.831701   0.437500   0.562500
  0.804020   0.477379   0.684176  -0.197346   0.392098  -0.411579  -0.902106   0.437500   0.562500
  0.809045   0.476388   0.686146  -0.199415   0.387565  -0.298586  -0.978791   0.437500   0.562500
  0.814070   0.475386   0.688094  -0.200915   0.382647  -0.171608  -1.061945   0.437500   0.562500
  0.819095   0.474376   0.690016  -0.201777   0.377310  -0.030256  -1.151701   0.437500   0.562500
  0.824121   0.473362   0.691913  -0.201929   0.371522   0.125768  -1.248140   0.437500   0.562500
  0.829146   0.472347   0.693780  -0.201297   0.365250   0.296508  -1.351195   0.437500   0.562500
  0.834171   0.471336   0.695615  -0.199807   0.358460   0.481925  -1.460757   0.437500   0.562500
  0.839196   0.470332   0.697416  -0.197386   0.351120   0.681734  -1.576582   0.437500   0.562500
  0.844221   0.469340   0.699181  -0.193960   0.343198   0.895413  -1.698296   0.437500   0.562500
  0.849246   0.468365   0.700905  -0.189461   0.334664   1.122175  -1.825380   0.437500   0.562500
  0.854271   0.467413   0.702587  -0.183822   0.325491   1.360945  -1.957165   0.437500   0.562500
  0.859296   0.466489   0.704223  -0.176983   0.315656   1.610350  -2.092821   0.437500   0.562500
  0.864322   0.465600   0.705809  -0.168889   0.305138   1.868760  -2.231391   0.437500   0.562500
  0.869347   0.464751   0.707342  -0.159499   0.293925   2.134075  -2.371671   0.437500   0.562500
  0.874372   0.463950   0.708819  -0.148775   0.282008   2.404066  -2.512397   0.437500   0.562500
  0.879397   0.463202   0.710236  -0.136695   0.269383   2.676178  -2.652148   0.437500   0.562500
  0.884422   0.462515   0.711590  -0.123247   0.256056   2.947623  -2.789392   0.437500   0.562500
  0.889447   0.461896   0.712877  -0.108435   0.242039   3.215431  -2.922519   0.437500   0.562500
  0.894472   0.461351   0.714093  -0.092277   0.227353   3.476502  -3.049870   0.437500   0.562500
  0.899497   0.460887   0.715235  -0.074808   0.212028   3.727681  -3.169779   0.437500   0.562500
  0.904523   0.460511   0.716301  -0.056073   0.196096   3.965875  -3.280636   0.437500   0.562500
  0.909548   0.460230   0.717286  -0.036144   0.179611   4.187935  -3.380830   0.437500   0.562500
  0.914573   0.460048   0.718189  -0.015100   0.162623   4.391032  -3.468940   0.437500   0.562500
  0.919598   0.459972   0.719006   0.006965   0.145191   4.572529  -3.543673   0.437500   0.562500
  0.924623   0.460007   0.719736   0.029942   0.127384   4.730096  -3.603917   0.437500   0.562500
  0.929648   0.460157   0.720376   0.053711   0.109275   4.861766  -3.648778   0.437500   0.562500
  0.934673   0.460427   0.720925   0.078141   0.090939   4.965978  -3.677590   0.437500   0.562500
  0.939698   0.460820   0.721382   0.103095   0.072460   5.041607  -3.689934   0.437500   0.562500
  0.944724   0.461338   0.721746   0.128434   0.053914   5.087989  -3.685639   0.437500   0.562500
  0.949749   0.461984   0.722017   0.154002   0.035394   5.104879  -3.664780   0.437500   0.562500
  0.954774   0.462757   0.722195   0.179654   0.016978   5.092505  -3.627669   0.437500   0.562500
  0.959799   0.463660   0.722280   0.205243  -0.001251   5.051497  -3.574834   0.437500   0.562500
  0.964824   0.464692   0.722274   0.230627  -0.019215   4.982861  -3.506999   0.437500   0.562500
  0.969849   0.465850   0.722177   0.255666  -0.036837   4.887937  -3.425059   0.437500   0.562500
  0.974874   0.467135   0.721992   0.280228  -0.054048   4.768353  -3.330049   0.437500   0.562500
  0.979899   0.468543   0.721721   0.304189  -0.070782   4.625971  -3.223118   0.437500   0.562500
  0.984925   0.470072   0.721365   0.327439  -0.086981   4.462801  -3.105473   0.437500   0.562500
  0.989950   0.471718   0.720928   0.349865  -0.102586   4.281085  -2.978449   0.437500   0.562500
  0.994975   0.473476   0.720412   0.371377  -0.117553   4.083048  -2.843338   0.437500   0.562500
  1.000000   0.475342   0.719822   0.391894  -0.131840   3.870986  -2.701458   0.437500   0.562500