  0.000000   0.594279   0.323616   0.000000   0.000000   0.726763 -22.726800   0.812500   0.687500
  0.005025   0.594279   0.323616   0.003652  -0.114202   0.689971 -17.929339   0.812500   0.687500
  0.010050   0.594297   0.323042   0.007119  -0.204297   0.630311 -13.724164   0.812500   0.687500
  0.015075   0.594333   0.322016   0.010286  -0.273261   0.552015 -10.051701   0.812500   0.687500
  0.020101   0.594385   0.320642   0.013061  -0.323781   0.458799  -6.857128   0.812500   0.687500
  0.025126   0.594450   0.319015   0.015366  -0.358238   0.353986  -4.092494   0.812500   0.687500
  0.030151   0.594528   0.317215   0.017145  -0.378803   0.240440  -1.712310   0.812500   0.687500
  0.035176   0.594614   0.315312   0.018353  -0.387407   0.120680   0.324076   0.812500   0.687500
  0.040201   0.594706   0.313365   0.018960  -0.385779  -0.003103   2.053551   0.812500   0.687500
  0.045226   0.594801   0.311426   0.018944  -0.375460  -0.129012   3.509555   0.812500   0.687500
  0.050251   0.594897   0.309540   0.018296  -0.357824  -0.255412   4.722381   0.812500   0.687500
  0.055276   0.594988   0.307741   0.017012  -0.334094  -0.380902   5.719447   0.812500   0.687500
  0.060302   0.595074   0.306062   0.015098  -0.305348  -0.504318   6.525699   0.812500   0.687500
  0.065327   0.595150   0.304528   0.012564  -0.272556  -0.624606   7.163198   0.812500   0.687500
  0.070352   0.595213   0.303158   0.009425  -0.236561  -0.740956   7.652347   0.812500   0.687500
  0.075377   0.595260   0.301970   0.005702  -0.198108  -0.852679   8.011368   0.812500   0.687500
  0.080402   0.595289   0.300974   0.001417  -0.157851  -0.959219   8.256670   0.812500   0.687500
  0.085427   0.595296   0.300181  -0.003403  -0.116361  -1.060135   8.403008   0.812500   0.687500
  0.090452   0.595279   0.299596  -0.008730  -0.074136  -1.155087   8.463635   0.812500   0.687500
  0.095477   0.595235   0.299224  -0.014534  -0.031607  -1.243827   8.450438   0.812500   0.687500
  0.100503   0.595162   0.299065  -0.020786   0.010865  -1.326199   8.374040   0.812500   0.687500
  0.105528   0.595058   0.299119  -0.027450   0.052945  -1.402067   8.243985   0.812500   0.687500
  0.110553   0.594920   0.299385  -0.034495   0.094371  -1.471406   8.068757   0.812500   0.687500
  0.115578   0.594746   0.299860  -0.041889   0.134916  -1.534225   7.855916   0.812500   0.687500
  0.120603   0.594536   0.300538  -0.049599   0.174392  -1.590575   7.612184   0.812500   0.687500
  0.125628   0.594287   0.301414  -0.057591   0.212644  -1.640547   7.343519   0.812500   0.687500
  0.130653   0.593997   0.302483  -0.065835   0.249545  -1.684263   7.055191   0.812500   0.687500
  0.135678   0.593666   0.303736  -0.074299   0.284997  -1.721873   6.751846   0.812500   0.687500
  0.140704   0.593293   0.305169  -0.082953   0.318932  -1.753554   6.437506   0.812500   0.687500
  0.145729   0.592876   0.306772  -0.091764   0.351280  -1.779481   6.115877   0.812500   0.687500
  0.150754   0.592415   0.308537  -0.100706   0.382013  -1.799866   5.790017   0.812500   0.687500
  0.155779   0.591909   0.310456  -0.109751   0.411108  -1.814925   5.462637   0.812500   0.687500
  0.160804   0.591357   0.312522  -0.118871   0.438557  -1.824883   5.136081   0.812500   0.687500
  0.165829   0.590760   0.314726  -0.128041   0.464366  -1.829969   4.812358   0.812500   0.687500
  0.170854   0.590117   0.317059  -0.137236   0.488548  -1.830420   4.493186   0.812500   0.687500
  0.175879   0.589427   0.319514  -0.146434   0.511126  -1.826473   4.180013   0.812500   0.687500
  0.180905   0.588691   0.322083  -0.155614   0.532135  -1.818365   3.873992   0.812500   0.687500
  0.185930   0.587909   0.324757  -0.164751   0.551602  -1.806336   3.576253   0.812500   0.687500
  0.190955   0.587081   0.327529  -0.173828   0.569573  -1.790622   3.287547   0.812500   0.687500
  0.195980   0.586208   0.330391  -0.182826   0.586093  -1.771457   3.008526   0.812500   0.687500
  0.201005   0.585289   0.333336  -0.191727   0.601210  -1.749071   2.739692   0.812500   0.687500
  0.206030   0.584326   0.336357  -0.200517   0.614977  -1.723691   2.481421   0.812500   0.687500
  0.211055   0.583318   0.339448  -0.209178   0.627447  -1.695539   2.233972   0.812500   0.687500
  0.216080   0.582267   0.342600  -0.217698   0.638672  -1.664832   1.997506   0.812500   0.687500
  0.221106   0.581173   0.345810  -0.226066   0.648712  -1.606255   1.772053   0.812500   0.687500
  0.226131   0.580037   0.349070  -0.234137   0.657616  -1.571717   1.557705   0.812500   0.687500
  0.231156   0.578860   0.352375  -0.242035   0.665444  -1.535116   1.354346   0.812500   0.687500
  0.236181   0.577644   0.355719  -0.249749   0.672249  -1.496650   1.161856   0.812500   0.687500
  0.241206   0.576389   0.359097  -0.257270   0.678088  -1.456512   0.980065   0.812500   0.687500
  0.246231   0.575096   0.362504  -0.264589   0.683012  -1.414888   0.808763   0.812500   0.687500
  0.251256   0.573767   0.365936  -0.271698   0.687076  -1.371955   0.647706   0.812500   0.687500
  0.256281   0.572401   0.369389  -0.278592   0.690331  -1.327888   0.496625   0.812500   0.687500
  0.261307   0.571001   0.372858  -0.285266   0.692827  -1.282842   0.355198   0.812500   0.687500
  0.266332   0.569568   0.376340  -0.291713   0.694612  -1.236995   0.223172   0.812500   0.687500
  0.271357   0.568102   0.379830  -0.297929   0.695734  -1.190492   0.100192   0.812500   0.687500
  0.276382   0.566605   0.383326  -0.303911   0.696237  -1.143480  -0.014074   0.812500   0.687500
  0.281407   0.565078   0.386825  -0.309657   0.696166  -1.096099  -0.119970   0.812500   0.687500
  0.286432   0.563522   0.390323  -0.315165   0.695563  -1.048484  -0.217840   0.812500   0.687500
  0.291457   0.561938   0.393818  -0.320433   0.694469  -1.000764  -0.308030   0.812500   0.687500
  0.296482   0.560328   0.397308  -0.325462   0.692921  -0.953061  -0.390887   0.812500   0.687500
  0.301508   0.558692   0.400791  -0.330252   0.690956  -0.905484  -0.466769   0.812500   0.687500
  0.306533   0.557033   0.404263  -0.334802   0.688611  -0.858162  -0.535985   0.812500   0.687500
  0.311558   0.555350   0.407723  -0.339115   0.685918  -0.811191  -0.598884   0.812500   0.687500
  0.316583   0.553646   0.411170  -0.343191   0.682908  -0.764673  -0.655796   0.812500   0.687500
  0.321608   0.551922   0.414601  -0.347033   0.679613  -0.718700  -0.707040   0.812500   0.687500
  0.326633   0.550178   0.418016  -0.350645   0.676060  -0.673363  -0.752929   0.812500   0.687500
  0.331658   0.548416   0.421414  -0.354028   0.672276  -0.628745  -0.793767   0.812500   0.687500
  0.336683   0.546637   0.424792  -0.357188   0.668288  -0.584925  -0.829846   0.812500   0.687500
  0.341709   0.544842   0.428151  -0.360128   0.664117  -0.541967  -0.861458   0.812500   0.687500
  0.346734   0.543032   0.431488  -0.362851   0.659788  -0.499959  -0.888864   0.812500   0.687500
  0.351759   0.541209   0.434803  -0.365363   0.655322  -0.458955  -0.912336   0.812500   0.687500
  0.356784   0.539373   0.438096  -0.367670   0.650737  -0.419013  -0.932126   0.812500   0.687500
  0.361809   0.537525   0.441366  -0.369775   0.646053  -0.380187  -0.948480   0.812500   0.687500
  0.366834   0.535667   0.444613  -0.371686   0.641287  -0.342528  -0.961629   0.812500   0.687500
  0.371859   0.533799   0.447835  -0.373407   0.636455  -0.306079  -0.971798   0.812500   0.687500
  0.376884   0.531923   0.451033  -0.374945   0.631572  -0.270882  -0.979198   0.812500   0.687500
  0.381910   0.530038   0.454207  -0.376306   0.626650  -0.236966  -0.984034   0.812500   0.687500
  0.386935   0.528147   0.457356  -0.377497   0.621705  -0.204376  -0.986497   0.812500   0.687500
  0.391960   0.526251   0.460480  -0.378524   0.616748  -0.173135  -0.986771   0.812500   0.687500
  0.396985   0.524348   0.463580  -0.379394   0.611790  -0.143266  -0.985031   0.812500   0.687500
  0.402010   0.522442   0.466654  -0.380114   0.606840  -0.114791  -0.981442   0.812500   0.687500
  0.407035   0.520532   0.469703  -0.380691   0.601908  -0.087726  -0.976159   0.812500   0.687500
  0.412060   0.518619   0.472728  -0.381132   0.597003  -0.062085  -0.969331   0.812500   0.687500
  0.417085   0.516704   0.475728  -0.381444   0.592132  -0.037880  -0.961097   0.812500   0.687500
  0.422111   0.514787   0.478704  -0.381634   0.587302  -0.015113  -0.951587   0.812500   0.687500
  0.427136   0.512869   0.481655  -0.381710   0.582520   0.006201  -0.940927   0.812500   0.687500
  0.432161   0.510951   0.484582  -0.381679   0.577792   0.026064  -0.929233   0.812500   0.687500
  0.437186   0.509033   0.487486  -0.381548   0.573122   0.044476  -0.916614   0.812500   0.687500
  0.442211   0.507116   0.490365  -0.381324   0.568516   0.061440  -0.903173   0.812500   0.687500
  0.447236   0.505199   0.493222  -0.381016   0.563978   0.076958  -0.889005   0.812500   0.687500
  0.452261   0.503285   0.496056  -0.380629   0.559511   0.091038  -0.874201   0.812500   0.687500
  0.457286   0.501372   0.498868  -0.380171   0.555118   0.103687  -0.858844   0.812500   0.687500
  0.462312   0.499461   0.501658  -0.379650   0.550801   0.114916  -0.843009   0.812500   0.687500
  0.467337   0.497554   0.504426  -0.379073   0.546565   0.124730  -0.826777   0.812500   0.687500
  0.472362   0.495649   0.507172  -0.378446   0.542411   0.133143  -0.810211   0.812500   0.687500
  0.477387   0.493747   0.509898  -0.377777   0.538339   0.140169  -0.793375   0.812500   0.687500
  0.482412   0.491849   0.512603  -0.377073   0.534352   0.145819  -0.776327   0.812500   0.687500
  0.487437   0.489954   0.515288  -0.376340   0.530451   0.150108  -0.759123   0.812500   0.687500
  0.492462   0.488063   0.517954  -0.375586   0.526637   0.153050  -0.741811   0.812500   0.687500
  0.497487   0.486176   0.520600  -0.374816   0.522909   0.154660  -0.724439   0.812500   0.687500
  0.502513   0.484292   0.523228  -0.374039   0.519268   0.154954  -0.707045   0.812500   0.687500
  0.507538   0.482412   0.525837  -0.373261   0.515715   0.153947  -0.689677   0.812500   0.687500
  0.512563   0.480537   0.528429  -0.372487   0.512250   0.151655  -0.672367   0.812500   0.687500
  0.517588   0.478665   0.531003  -0.371725   0.508871   0.148095  -0.655148   0.812500   0.687500
  0.522613   0.476797   0.533560  -0.370981   0.505579   0.117527  -0.638051   0.812500   0.687500
  0.527638   0.474933   0.536100  -0.370390   0.502373   0.112977  -0.621104   0.812500   0.687500
  0.532663   0.473072   0.538625  -0.369822   0.499252   0.107098  -0.604333   0.812500   0.687500
  0.537688   0.471213   0.541134  -0.369284   0.496215   0.099913  -0.587761   0.812500   0.687500
  0.542714   0.469357   0.543628  -0.368782   0.493261   0.091448  -0.571407   0.812500   0.687500
  0.547739   0.467504   0.546106  -0.368323   0.490389   0.081733  -0.555297   0.812500   0.687500
  0.552764   0.465653   0.548570  -0.367912   0.487599   0.070792  -0.539446   0.812500   0.687500
  0.557789   0.463804   0.551021  -0.367556   0.484888   0.058653  -0.523870   0.812500   0.687500
  0.562814   0.461957   0.553457  -0.367261   0.482256   0.045345  -0.508584   0.812500   0.687500
  0.567839   0.460112   0.555881  -0.367034   0.479700   0.030898  -0.493605   0.812500   0.687500
  0.572864   0.458268   0.558291  -0.366878   0.477220   0.015342  -0.478943   0.812500   0.687500
  0.577889   0.456424   0.560689  -0.366801   0.474813  -0.001289  -0.464613   0.812500   0.687500
  0.582915   0.454581   0.563075  -0.366808   0.472478  -0.018962  -0.450623   0.812500   0.687500
  0.587940   0.452737   0.565450  -0.366903   0.470214  -0.037633  -0.436991   0.812500   0.687500
  0.592965   0.450894   0.567812  -0.367092   0.468018  -0.057261  -0.423725   0.812500   0.687500
  0.597990   0.449049   0.570164  -0.367380   0.465889  -0.077803  -0.410837   0.812500   0.687500
  0.603015   0.447203   0.572505  -0.367771   0.463824  -0.099207  -0.398338   0.812500   0.687500
  0.608040   0.445355   0.574836  -0.368269   0.461823  -0.121418  -0.386240   0.812500   0.687500
  0.613065   0.443504   0.577157  -0.368879   0.459882  -0.144375  -0.374556   0.812500   0.687500
  0.618090   0.441651   0.579468  -0.369605   0.458000  -0.168010  -0.363300   0.812500   0.687500
  0.623116   0.439793   0.581770  -0.370449   0.456174  -0.192254  -0.352483   0.812500   0.687500
  0.628141   0.437932   0.584062  -0.371415   0.454402  -0.217013  -0.342126   0.812500   0.687500
  0.633166   0.436065   0.586345  -0.372506   0.452683  -0.242198  -0.332244   0.812500   0.687500
  0.638191   0.434193   0.588620  -0.373723   0.451014  -0.267708  -0.322857   0.812500   0.687500
  0.643216   0.432315   0.590886  -0.375068   0.449391  -0.293428  -0.313986   0.812500   0.687500
  0.648241   0.430431   0.593144  -0.376543   0.447814  -0.319231  -0.305656   0.812500   0.687500
  0.653266   0.428539   0.595395  -0.378147   0.446278  -0.344976  -0.297894   0.812500   0.687500
  0.658291   0.426638   0.597637  -0.379880   0.444781  -0.370506  -0.290731   0.812500   0.687500
  0.663317   0.424729   0.599873  -0.381742   0.443319  -0.395655  -0.284200   0.812500   0.687500
  0.668342   0.422811   0.602100  -0.383731   0.441891  -0.420219  -0.278343   0.812500   0.687500
  0.673367   0.420883   0.604321  -0.385842   0.440493  -0.443991  -0.273203   0.812500   0.687500
  0.678392   0.418944   0.606534  -0.388073   0.439120  -0.466739  -0.268829   0.812500   0.687500
  0.683417   0.416994   0.608741  -0.390419   0.437769  -0.488204  -0.265275   0.812500   0.687500
  0.688442   0.415032   0.610941  -0.392872   0.436436  -0.508102  -0.262605   0.812500   0.687500
  0.693467   0.413058   0.613134  -0.395425   0.435116  -0.526121  -0.260887   0.812500   0.687500
  0.698492   0.411071   0.615320  -0.398069   0.433805  -0.541917  -0.260198   0.812500   0.687500
  0.703518   0.409070   0.617501  -0.400792   0.432498  -0.555118  -0.260626   0.812500   0.687500
  0.708543   0.407056   0.619674  -0.403582   0.431188  -0.565306  -0.262266   0.812500   0.687500
  0.713568   0.405028   0.621841  -0.406423   0.429870  -0.572036  -0.265224   0.812500   0.687500
  0.718593   0.402986   0.624001  -0.409297   0.428537  -0.574819  -0.269617   0.812500   0.687500
  0.723618   0.400929   0.626154  -0.412186   0.427183  -0.573122  -0.275575   0.812500   0.687500
  0.728643   0.398858   0.628301  -0.415065   0.425798  -0.566370  -0.283239   0.812500   0.687500
  0.733668   0.396772   0.630440  -0.417911   0.424375  -0.553939  -0.292766   0.812500   0.687500
  0.738693   0.394672   0.632573  -0.420695   0.422903  -0.535158  -0.304325   0.812500   0.687500
  0.743719   0.392558   0.634698  -0.423385   0.421374  -0.509300  -0.318103   0.812500   0.687500
  0.748744   0.390430   0.636816  -0.425944   0.419775  -0.475605  -0.334295   0.812500   0.687500
  0.753769   0.388290   0.638925  -0.428334   0.418096  -0.433249  -0.353116   0.812500   0.687500
  0.758794   0.386137   0.641026  -0.430511   0.416321  -0.381362  -0.374795   0.812500   0.687500
  0.763819   0.383974   0.643118  -0.432427   0.414438  -0.319032  -0.399577   0.812500   0.687500
  0.768844   0.381801   0.645201  -0.434030   0.412430  -0.245305  -0.427717   0.812500   0.687500
  0.773869   0.379620   0.647273  -0.435263   0.410281  -0.153085  -0.459483   0.812500   0.687500
  0.778894   0.377433   0.649335  -0.436032   0.407972  -0.054847  -0.495152   0.812500   0.687500
  0.783920   0.375241   0.651385  -0.436308   0.405483   0.058010  -0.535016   0.812500   0.687500
  0.788945   0.373049   0.653423  -0.436017   0.402795   0.186450  -0.579343   0.812500   0.687500
  0.793970   0.370858   0.655447  -0.435080   0.399883   0.331484  -0.628422   0.812500   0.687500
  0.798995   0.368672   0.657456  -0.433414   0.396726   0.494063  -0.682527   0.812500   0.687500
  0.804020   0.366494   0.659450  -0.430931   0.393296   0.675073  -0.741912   0.812500   0.687500
  0.809045   0.364328   0.661426  -0.427539   0.389568   0.875302  -0.806808   0.812500   0.687500
  0.814070   0.362180   0.663384  -0.423141   0.385514   1.095409  -0.877410   0.812500   0.687500
  0.819095   0.360054   0.665321  -0.417636   0.381105   1.335885  -0.953867   0.812500   0.687500
  0.824121   0.357955   0.667236  -0.410922   0.376310   1.597067  -1.036286   0.812500   0.687500
  0.829146   0.355890   0.669127  -0.402897   0.371103   1.878872  -1.124651   0.812500   0.687500
  0.834171   0.353865   0.670992  -0.393455   0.365452   2.181083  -1.218913   0.812500   0.687500
  0.839196   0.351888   0.672828  -0.382495   0.359327   2.503087  -1.318905   0.812500   0.687500
  0.844221   0.349966   0.674634  -0.369917   0.352699   2.843886  -1.424353   0.812500   0.687500
  0.849246   0.348107   0.676406  -0.355627   0.345542   3.202061  -1.534858   0.812500   0.687500
  0.854271   0.346320   0.678143  -0.339537   0.337829   3.575743  -1.649889   0.812500   0.687500
  0.859296   0.344614   0.679840  -0.321568   0.329539   3.962595  -1.768778   0.812500   0.687500
  0.864322   0.342998   0.681497  -0.301652   0.320649   4.359888  -1.890741   0.812500   0.687500
  0.869347   0.341482   0.683108  -0.279744   0.311148   4.764172  -2.014778   0.812500   0.687500
  0.874372   0.340076   0.684671  -0.255804   0.301023   5.171810  -2.139830   0.812500   0.687500
  0.879397   0.338791   0.686184  -0.229816   0.290271   5.578690  -2.264698   0.812500   0.687500
  0.884422   0.337636   0.687643  -0.201783   0.278891   5.980365  -2.388075   0.812500   0.687500
  0.889447   0.336622   0.689044  -0.171731   0.266891   6.372143  -2.508577   0.812500   0.687500
  0.894472   0.335759   0.690385  -0.139711   0.254285   6.749179  -2.624770   0.812500   0.687500
  0.899497   0.335057   0.691663  -0.105797   0.241096   7.106588  -2.735199   0.812500   0.687500
  0.904523   0.334525   0.692875  -0.070079   0.227348   7.439631  -2.838447   0.812500   0.687500
  0.909548   0.334173   0.694017  -0.032695   0.213085   7.743556  -2.933081   0.812500   0.687500
  0.914573   0.334009   0.695088   0.006216   0.198346   8.014149  -3.017824   0.812500   0.687500
  0.919598   0.334040   0.696085   0.046488   0.183182   8.247551  -3.091497   0.812500   0.687500
  0.924623   0.334274   0.697005   0.087931   0.167647   8.440432  -3.153071   0.812500   0.687500
  0.929648   0.334716   0.697847   0.130345   0.151803   8.590075  -3.201694   0.812500   0.687500
  0.934673   0.335371   0.698610   0.173510   0.135714   8.694431  -3.236706   0.812500   0.687500
  0.939698   0.336242   0.699292   0.217199   0.119450   8.752162  -3.257658   0.812500   0.687500
  0.944724   0.337334   0.699893   0.261188   0.103077   8.762653  -3.264313   0.812500   0.687500
  0.949749   0.338647   0.700411   0.305220   0.086674   8.725995  -3.256640   0.812500   0.687500
  0.954774   0.340180   0.700846   0.349068   0.070309   8.642982  -3.234824   0.812500   0.687500
  0.959799   0.341934   0.701199   0.392499   0.054054   8.515039  -3.199236   0.812500   0.687500
  0.964824   0.343907   0.701471   0.435287   0.037978   8.344165  -3.150420   0.812500   0.687500
  0.969849   0.346094   0.701662   0.477217   0.022147   8.132860  -3.089077   0.812500   0.687500
  0.974874   0.348492   0.701773   0.518084   0.006625   7.884044  -3.016035   0.812500   0.687500
  0.979899   0.351095   0.701806   0.557702  -0.008531   7.600972  -2.932229   0.812500   0.687500
  0.984925   0.353898   0.701764   0.595904  -0.023268   7.287083  -2.838653   0.812500   0.687500
  0.989950   0.356893   0.701647   0.632522  -0.037533   6.946178  -2.736417   0.812500   0.687500
  0.994975   0.360071   0.701458   0.667426  -0.051283   6.581958  -2.626606   0.812500   0.687500
  1.000000   0.363425   0.701200   0.700500  -0.064482   6.198203  -2.510337   0.812500   0.687500