   0.000000    0.358579    0.358579    0.000000    0.000000   19.122743   21.820949    0.125000    0.000000
   0.005025    0.358579    0.358579    0.096092    0.109650   16.917619   19.569156    0.125000    0.000000
   0.010050    0.359062    0.359130    0.181103    0.207985   13.166916   14.858170    0.125000    0.000000
   0.015075    0.359972    0.360175    0.247267    0.282648    8.536794    8.163380    0.125000    0.000000
   0.020101    0.361215    0.361596    0.290172    0.323677    4.768139    2.317680    0.125000    0.000000
   0.025126    0.362673    0.363222    0.314132    0.335323    2.056316   -1.847560    0.125000    0.000000
   0.030151    0.364251    0.364907    0.324465    0.326039    0.546941   -3.756590    0.125000    0.000000
   0.035176    0.365882    0.366546    0.327214    0.307162    0.440191   -3.131445    0.125000    0.000000
   0.040201    0.367526    0.368089    0.329426    0.291427    0.720857   -1.954218    0.125000    0.000000
   0.045226    0.369181    0.369553    0.333048    0.281607    0.747078   -1.335968    0.125000    0.000000
   0.050251    0.370855    0.370969    0.336802    0.274894    0.628369   -1.083150    0.125000    0.000000
   0.055276    0.372547    0.372350    0.339960    0.269451    0.561257   -0.876130    0.125000    0.000000
   0.060302    0.374256    0.373704    0.342781    0.265047    0.494428   -0.695611    0.125000    0.000000
   0.065327    0.375978    0.375036    0.345265    0.261552    0.356997   -0.606806    0.125000    0.000000
   0.070352    0.377713    0.376350    0.347059    0.258503    0.214245   -0.555734    0.125000    0.000000
   0.075377    0.379457    0.377649    0.348136    0.255710    0.154018   -0.444106    0.125000    0.000000
   0.080402    0.381207    0.378934    0.348909    0.253478    0.109461   -0.319411    0.125000    0.000000
   0.085427    0.382960    0.380208    0.349460    0.251873    0.014713   -0.256082    0.125000    0.000000
   0.090452    0.384716    0.381474    0.349533    0.250587   -0.085276   -0.224295    0.125000    0.000000
   0.095477    0.386472    0.382733    0.349105    0.249459   -0.124052   -0.149855    0.125000    0.000000
   0.100503    0.388227    0.383987    0.348481    0.248706   -0.149696   -0.060902    0.125000    0.000000
   0.105528    0.389978    0.385236    0.347729    0.248400   -0.213173   -0.015891    0.125000    0.000000
   0.110553    0.391726    0.386485    0.346658    0.248320   -0.281226    0.002550    0.125000    0.000000
   0.115578    0.393467    0.387732    0.345245    0.248333   -0.303503    0.050390    0.125000    0.000000
   0.120603    0.395202    0.388980    0.343720    0.248586   -0.315692    0.112430    0.125000    0.000000
   0.125628    0.396930    0.390229    0.342133    0.249151   -0.356998    0.143366    0.125000    0.000000
   0.130653    0.398649    0.391481    0.340339    0.249872   -0.401683    0.152418    0.125000    0.000000
   0.135678    0.400359    0.392737    0.338321    0.250638   -0.411512    0.181371    0.125000    0.000000
   0.140704    0.402059    0.393997    0.336253    0.251549   -0.414258    0.223364    0.125000    0.000000
   0.145729    0.403749    0.395261    0.334171    0.252672   -0.440091    0.243602    0.125000    0.000000
   0.150754    0.405428    0.396530    0.331960    0.253896   -0.467979    0.246160    0.125000    0.000000
   0.155779    0.407096    0.397806    0.329608    0.255133   -0.468581    0.261915    0.125000    0.000000
   0.160804    0.408753    0.399088    0.327253    0.256449   -0.464766    0.289127    0.125000    0.000000
   0.165829    0.410397    0.400377    0.324918    0.257902   -0.479966    0.301373    0.125000    0.000000
   0.170854    0.412030    0.401673    0.322506    0.259416   -0.496038    0.299542    0.125000    0.000000
   0.175879    0.413650    0.402976    0.320014    0.260921   -0.489991    0.306214    0.125000    0.000000
   0.180905    0.415259    0.404288    0.317551    0.262460   -0.481719    0.322660    0.125000    0.000000
   0.185930    0.416854    0.405607    0.315130    0.264082   -0.489812    0.329020    0.125000    0.000000
   0.190955    0.418438    0.406934    0.312669    0.265735   -0.497823    0.324333    0.125000    0.000000
   0.195980    0.420009    0.408269    0.310167    0.267365   -0.487133    0.324940    0.125000    0.000000
   0.201005    0.421568    0.409613    0.307720    0.268998   -0.475873    0.333694    0.125000    0.000000
   0.206030    0.423114    0.410964    0.305328    0.270674   -0.479334    0.335838    0.125000    0.000000
   0.211055    0.424648    0.412324    0.302920    0.272362   -0.482065    0.329409    0.125000    0.000000
   0.216080    0.426170    0.413693    0.300497    0.274017   -0.468319    0.326088    0.125000    0.000000
   0.221106    0.427681    0.415070    0.298143    0.275656   -0.455138    0.329433    0.125000    0.000000
   0.226131    0.429179    0.416455    0.295856    0.277312   -0.455735    0.328622    0.125000    0.000000
   0.231156    0.430666    0.417849    0.293566    0.278963   -0.455230    0.321230    0.125000    0.000000
   0.236181    0.432141    0.419251    0.291279    0.280577   -0.439633    0.315494    0.125000    0.000000
   0.241206    0.433604    0.420661    0.289070    0.282163   -0.425254    0.315135    0.125000    0.000000
   0.246231    0.435057    0.422078    0.286933    0.283746   -0.424176    0.312322    0.125000    0.000000
   0.251256    0.436499    0.423504    0.284801    0.285316   -0.421876    0.304458    0.125000    0.000000
   0.256281    0.437930    0.424938    0.282681    0.286845   -0.405303    0.297248    0.125000    0.000000
   0.261307    0.439351    0.426380    0.280644    0.288339   -0.390179    0.294348    0.125000    0.000000
   0.266332    0.440761    0.427829    0.278684    0.289818   -0.388170    0.290148    0.125000    0.000000
   0.271357    0.442161    0.429285    0.276733    0.291276   -0.384917    0.281875    0.125000    0.000000
   0.276382    0.443552    0.430749    0.274799    0.292693   -0.367705    0.273363    0.125000    0.000000
   0.281407    0.444933    0.432219    0.272951    0.294067   -0.351907    0.268452    0.125000    0.000000
   0.286432    0.446304    0.433697    0.271183    0.295416   -0.349213    0.263037    0.125000    0.000000
   0.291457    0.447667    0.435181    0.269428    0.296737   -0.344860    0.253340    0.125000    0.000000
   0.296482    0.449021    0.436673    0.267695    0.298010   -0.325898    0.241604    0.125000    0.000000
   0.301508    0.450366    0.438170    0.266057    0.299225   -0.308443    0.233686    0.125000    0.000000
   0.306533    0.451703    0.439674    0.264507    0.300399   -0.304429    0.226307    0.125000    0.000000
   0.311558    0.453033    0.441183    0.262977    0.301536   -0.296213    0.211073    0.125000    0.000000
   0.316583    0.454354    0.442699    0.261489    0.302597   -0.269381    0.187875    0.125000    0.000000
   0.321608    0.455668    0.444219    0.260135    0.303541   -0.245718    0.171951    0.125000    0.000000
   0.326633    0.456975    0.445745    0.258901    0.304405   -0.237799    0.160575    0.125000    0.000000
   0.331658    0.458276    0.447274    0.257706    0.305212   -0.215540    0.127741    0.125000    0.000000
   0.336683    0.459571    0.448808    0.256623    0.305854   -0.158572    0.066877    0.125000    0.000000
   0.341709    0.460861    0.450345    0.255826    0.306190   -0.113160    0.028770    0.125000    0.000000
   0.346734    0.462146    0.451884    0.255257    0.306334   -0.095907    0.014004    0.125000    0.000000
   0.351759    0.463429    0.453423    0.254775    0.306405   -0.030844   -0.062801    0.125000    0.000000
   0.356784    0.464709    0.454963    0.254620    0.306089    0.124210   -0.226584    0.125000    0.000000
   0.361809    0.465989    0.456501    0.255244    0.304951    0.232732   -0.304523    0.125000    0.000000
   0.366834    0.467271    0.458033    0.256414    0.303420    0.255083   -0.275921    0.125000    0.000000
   0.371859    0.468560    0.459558    0.257695    0.302034    0.416908   -0.399766    0.125000    0.000000
   0.376884    0.469855    0.461076    0.259790    0.300025    0.828207   -0.734580    0.125000    0.000000
   0.381910    0.471160    0.462584    0.263953    0.296333    1.055068   -0.738925    0.125000    0.000000
   0.386935    0.472487    0.464073    0.269255    0.292620    0.949813   -0.305853    0.125000    0.000000
   0.391960    0.473840    0.465543    0.274028    0.291083    1.145686   -0.070416    0.125000    0.000000
   0.396985    0.475217    0.467006    0.279785    0.290729    1.907187   -0.052559    0.125000    0.000000
   0.402010    0.476623    0.468467    0.289368    0.290465    2.007026    1.052314    0.125000    0.000000
   0.407035    0.478077    0.469926    0.299454    0.295753    0.932550    3.499605    0.125000    0.000000
   0.412060    0.479582    0.471412    0.304140    0.313338    0.049199    6.457955    0.125000    0.000000
   0.417085    0.481110    0.472987    0.304387    0.345790   -0.347159   10.790825    0.125000    0.000000
   0.422111    0.482640    0.474725    0.302642    0.400024   -2.785582   18.105127    0.125000    0.000000
   0.427136    0.484161    0.476735    0.288644    0.491003   -8.241034   27.551400    0.125000    0.000000
   0.432161    0.485611    0.479202    0.247233    0.629448  -15.282717   40.052839    0.125000    0.000000
   0.437186    0.486853    0.482365    0.170438    0.830714  -24.644225   58.297479    0.125000    0.000000
   0.442211    0.487710    0.486540    0.046600    1.123659  -36.834753   74.867028    0.125000    0.000000
   0.447236    0.487944    0.492186   -0.138494    1.499866  -49.572342   79.770802    0.125000    0.000000
   0.452261    0.487248    0.499723   -0.387595    1.900714  -64.250116   75.861954    0.125000    0.000000
   0.457286    0.485300    0.509274   -0.710452    2.281920  -82.012585   57.351842    0.125000    0.000000
   0.462312    0.481730    0.520743   -1.122647    2.570171  -90.142069    8.827547    0.125000    0.000000
   0.467337    0.476088    0.533658   -1.575611    2.614529  -79.398751  -57.290296    0.125000    0.000000
   0.472362    0.468171    0.546796   -1.974590    2.326645  -58.464307 -125.446806    0.125000    0.000000
   0.477387    0.458249    0.558487   -2.268373    1.696275  -26.122137 -190.918254    0.125000    0.000000
   0.482412    0.446850    0.567011   -2.399637    0.736911   26.223925 -220.077791    0.125000    0.000000
   0.487437    0.434792    0.570714   -2.267862   -0.368980   86.246455 -193.625830    0.125000    0.000000
   0.492462    0.423396    0.568860   -1.834473   -1.341950  143.297545 -138.071406    0.125000    0.000000
   0.497487    0.414178    0.562117   -1.114403   -2.035759  195.199367  -62.227875    0.125000    0.000000
   0.502513    0.408577    0.551885   -0.133331   -2.348516  215.638552   22.697501    0.125000    0.000000
   0.507538    0.407907    0.540084    0.950253   -2.234461  190.021424   81.568378    0.125000    0.000000
   0.512563    0.412682    0.528855    1.905110   -1.824580  142.144411  110.867014    0.125000    0.000000
   0.517588    0.422255    0.519687    2.619386   -1.267473   79.228835  117.898309    0.125000    0.000000
   0.522613    0.435417    0.513318    3.017511   -0.675034    5.480447   98.060313    0.125000    0.000000
   0.527638    0.450580    0.509926    3.045050   -0.182281  -51.901663   65.275208    0.125000    0.000000
   0.532663    0.465882    0.509010    2.784244    0.145727  -85.919905   37.769709    0.125000    0.000000
   0.537688    0.479872    0.509742    2.352497    0.335520 -102.437029   16.845038    0.125000    0.000000
   0.542714    0.491696    0.511428    1.837648    0.420183  -97.166886    3.257005    0.125000    0.000000
   0.547739    0.500930    0.513540    1.349385    0.436549  -77.742888   -2.140458    0.125000    0.000000
   0.552764    0.507711    0.515734    0.958727    0.425793  -59.307681   -3.863188    0.125000    0.000000
   0.557789    0.512528    0.517873    0.660706    0.406381  -43.116705   -4.334446    0.125000    0.000000
   0.562814    0.515848    0.519915    0.444044    0.384600  -27.599406   -3.429317    0.125000    0.000000
   0.567839    0.518080    0.521848    0.305357    0.367368  -16.028156   -2.070673    0.125000    0.000000
   0.572864    0.519614    0.523694    0.224816    0.356963   -8.913787   -1.334175    0.125000    0.000000
   0.577889    0.520744    0.525488    0.180024    0.350259   -4.176524   -0.995845    0.125000    0.000000
   0.582915    0.521649    0.527248    0.159033    0.345253   -1.310435   -0.654554    0.125000    0.000000
   0.587940    0.522448    0.528983    0.152448    0.341964    0.031625   -0.322166    0.125000    0.000000
   0.592965    0.523214    0.530701    0.152607    0.340345    0.941382   -0.129284    0.125000    0.000000
   0.597990    0.523981    0.532411    0.157337    0.339696    1.621387   -0.040307    0.125000    0.000000
   0.603015    0.524771    0.534118    0.165485    0.339493    1.672933   -0.006257    0.125000    0.000000
   0.608040    0.525603    0.535824    0.173891    0.339462    1.333325    0.006935    0.125000    0.000000
   0.613065    0.526477    0.537530    0.180591    0.339497    1.173665    0.019726    0.125000    0.000000
   0.618090    0.527384    0.539236    0.186489    0.339596    1.131360    0.026514    0.125000    0.000000
   0.623116    0.528322    0.540943    0.192175    0.339729    0.952382    0.015719    0.125000    0.000000
   0.628141    0.529287    0.542650    0.196961    0.339808    0.692599   -0.001271    0.125000    0.000000
   0.633166    0.530277    0.544358    0.200441    0.339802    0.544748   -0.008175    0.125000    0.000000
   0.638191    0.531284    0.546065    0.203178    0.339761    0.474673   -0.010329    0.125000    0.000000
   0.643216    0.532305    0.547772    0.205563    0.339709    0.390650   -0.016382    0.125000    0.000000
   0.648241    0.533338    0.549479    0.207526    0.339626    0.290898   -0.023500    0.125000    0.000000
   0.653266    0.534381    0.551186    0.208988    0.339508    0.224527   -0.025848    0.125000    0.000000
   0.658291    0.535431    0.552892    0.210117    0.339378    0.189035   -0.026001    0.125000    0.000000
   0.663317    0.536487    0.554598    0.211067    0.339248    0.163559   -0.027418    0.125000    0.000000
   0.668342    0.537548    0.556303    0.211888    0.339110    0.134317   -0.028889    0.125000    0.000000
   0.673367    0.538612    0.558007    0.212563    0.338965    0.105535   -0.028407    0.125000    0.000000
   0.678392    0.539681    0.559710    0.213094    0.338822    0.087380   -0.027381    0.125000    0.000000
   0.683417    0.540751    0.561412    0.213533    0.338684    0.083557   -0.027112    0.125000    0.000000
   0.688442    0.541824    0.563114    0.213953    0.338548    0.078794   -0.026585    0.125000    0.000000
   0.693467    0.542899    0.564816    0.214349    0.338415    0.063235   -0.025133    0.125000    0.000000
   0.698492    0.543977    0.566516    0.214666    0.338288    0.050905   -0.023940    0.125000    0.000000
   0.703518    0.545056    0.568216    0.214922    0.338168    0.053858   -0.023444    0.125000    0.000000
   0.708543    0.546135    0.569916    0.215193    0.338050    0.057235   -0.022320    0.125000    0.000000
   0.713568    0.547217    0.571614    0.215480    0.337938    0.045848   -0.020524    0.125000    0.000000
   0.718593    0.548300    0.573312    0.215711    0.337835    0.034899   -0.019568    0.125000    0.000000
   0.723618    0.549384    0.575010    0.215886    0.337737    0.040040   -0.019450    0.125000    0.000000
   0.728643    0.550468    0.576707    0.216087    0.337639    0.046762   -0.018133    0.125000    0.000000
   0.733668    0.551554    0.578404    0.216322    0.337548    0.036529   -0.016058    0.125000    0.000000
   0.738693    0.552641    0.580100    0.216506    0.337467    0.025330   -0.015543    0.125000    0.000000
   0.743719    0.553729    0.581796    0.216633    0.337389    0.031570   -0.016212    0.125000    0.000000
   0.748744    0.554818    0.583492    0.216792    0.337307    0.040667   -0.014742    0.125000    0.000000
   0.753769    0.555907    0.585186    0.216996    0.337233    0.030502   -0.012100    0.125000    0.000000
   0.758794    0.556998    0.586881    0.217150    0.337173    0.018182   -0.012097    0.125000    0.000000
   0.763819    0.558089    0.588575    0.217241    0.337112    0.025460   -0.013967    0.125000    0.000000
   0.768844    0.559181    0.590269    0.217369    0.337042    0.037262   -0.012246    0.125000    0.000000
   0.773869    0.560273    0.591963    0.217556    0.336980    0.026606   -0.008497    0.125000    0.000000
   0.778894    0.561366    0.593656    0.217690    0.336937    0.012271   -0.009060    0.125000    0.000000
   0.783920    0.562460    0.595350    0.217751    0.336892    0.020759   -0.012785    0.125000    0.000000
   0.788945    0.563554    0.597043    0.217856    0.336828    0.036208   -0.010748    0.125000    0.000000
   0.793970    0.564649    0.598735    0.218038    0.336774    0.024653   -0.005051    0.125000    0.000000
   0.798995    0.565745    0.600427    0.218162    0.336748    0.007103   -0.006155    0.125000    0.000000
   0.804020    0.566841    0.602120    0.218197    0.336717    0.016941   -0.012666    0.125000    0.000000
   0.809045    0.567937    0.603812    0.218282    0.336654    0.037512   -0.010355    0.125000    0.000000
   0.814070    0.569034    0.605503    0.218471    0.336602    0.024799   -0.001514    0.125000    0.000000
   0.819095    0.570132    0.607195    0.218596    0.336594    0.002377   -0.003016    0.125000    0.000000
   0.824121    0.571231    0.608886    0.218607    0.336579    0.013451   -0.013631    0.125000    0.000000
   0.829146    0.572329    0.610578    0.218675    0.336510    0.041120   -0.011330    0.125000    0.000000
   0.834171    0.573428    0.612269    0.218882    0.336453    0.027309    0.002267    0.125000    0.000000
   0.839196    0.574528    0.613959    0.219019    0.336465   -0.002063    0.000774    0.125000    0.000000
   0.844221    0.575629    0.615650    0.219009    0.336469    0.009688   -0.015562    0.125000    0.000000
   0.849246    0.576729    0.617341    0.219057    0.336390    0.046814   -0.013917    0.125000    0.000000
   0.854271    0.577830    0.619031    0.219292    0.336320    0.032468    0.006388    0.125000    0.000000
   0.859296    0.578932    0.620721    0.219456    0.336353   -0.006291    0.005653    0.125000    0.000000
   0.864322    0.580035    0.622412    0.219424    0.336381    0.004854   -0.018270    0.125000    0.000000
   0.869347    0.581137    0.624102    0.219448    0.336289    0.053823   -0.018458    0.125000    0.000000
   0.874372    0.582240    0.625792    0.219719    0.336196    0.040266    0.010650    0.125000    0.000000
   0.879397    0.583344    0.627481    0.219921    0.336250   -0.010229    0.011913    0.125000    0.000000
   0.884422    0.584449    0.629171    0.219870    0.336310   -0.001781   -0.021289    0.125000    0.000000
   0.889447    0.585554    0.630861    0.219861    0.336203    0.060905   -0.025023    0.125000    0.000000
   0.894472    0.586659    0.632550    0.220167    0.336077    0.050311    0.014751    0.125000    0.000000
   0.899497    0.587765    0.634239    0.220420    0.336151   -0.013718    0.019719    0.125000    0.000000
   0.904523    0.588873    0.635929    0.220351    0.336250   -0.010779   -0.023987    0.125000    0.000000
   0.909548    0.589980    0.637618    0.220297    0.336130    0.066413   -0.033446    0.125000    0.000000
   0.914573    0.591087    0.639307    0.220630    0.335962    0.061704    0.018160    0.125000    0.000000
   0.919598    0.592196    0.640996    0.220940    0.336053   -0.016498    0.028886    0.125000    0.000000
   0.924623    0.593306    0.642684    0.220857    0.336198   -0.022230   -0.025609    0.125000    0.000000
   0.929648    0.594416    0.644374    0.220746    0.336069    0.068774   -0.043179    0.125000    0.000000
   0.934673    0.595525    0.646062    0.221091    0.335852    0.073304    0.020368    0.125000    0.000000
   0.939698    0.596636    0.647750    0.221460    0.335955   -0.018289    0.039006    0.125000    0.000000
   0.944724    0.597749    0.649439    0.221368    0.336151   -0.035681   -0.025585    0.125000    0.000000
   0.949749    0.598862    0.651128    0.221188    0.336022    0.066971   -0.053350    0.125000    0.000000
   0.954774    0.599973    0.652816    0.221525    0.335754    0.083842    0.021823    0.125000    0.000000
   0.959799    0.601086    0.654503    0.221946    0.335864   -0.019475    0.052189    0.125000    0.000000
   0.964824    0.602202    0.656191    0.221848    0.336126   -0.052261   -0.017347    0.125000    0.000000
   0.969849    0.603316    0.657880    0.221586    0.336039    0.055658   -0.053405    0.125000    0.000000
   0.974874    0.604430    0.659569    0.221866    0.335771    0.080330    0.035889    0.125000    0.000000
   0.979899    0.605545    0.661256    0.222269    0.335951   -0.053950    0.095603    0.125000    0.000000
   0.984925    0.606662    0.662944    0.221998    0.336431   -0.167110    0.054127    0.125000    0.000000
   0.989950    0.607777    0.664635    0.221158    0.336703   -0.169634    0.001181    0.125000    0.000000
   0.994975    0.608889    0.666327    0.220306    0.336709   -0.213417   -0.010787    0.125000    0.000000
   1.000000    0.609996    0.668019    0.219233    0.336655   -0.385162   -0.078143    0.125000    0.000000