  0.000000   0.358579   0.358579   0.000000   0.000000  15.788708  22.924344   0.375000   0.625000
  0.005025   0.358579   0.358579   0.079338   0.115195  14.065536  20.440270   0.375000   0.625000
  0.010050   0.358978   0.359158   0.150018   0.217907  11.832774  15.170095   0.375000   0.625000
  0.015075   0.359732   0.360253   0.209477   0.294137   9.530017   7.743472   0.375000   0.625000
  0.020101   0.360784   0.361731   0.257375   0.333056   7.678028   1.374916   0.375000   0.625000
  0.025126   0.362078   0.363405   0.295957   0.339965   6.163119  -3.083699   0.375000   0.625000
  0.030151   0.363565   0.365113   0.326927   0.324469   4.997320  -5.080647   0.375000   0.625000
  0.035176   0.365208   0.366744   0.352038   0.298939   4.329778  -4.328819   0.375000   0.625000
  0.040201   0.366977   0.368246   0.373796   0.277186   3.851537  -2.960273   0.375000   0.625000
  0.045226   0.368855   0.369639   0.393150   0.262311   3.309539  -2.181983   0.375000   0.625000
  0.050251   0.370831   0.370957   0.409780   0.251347   2.771782  -1.797338   0.375000   0.625000
  0.055276   0.372890   0.372220   0.423708   0.242315   2.363707  -1.477080   0.375000   0.625000
  0.060302   0.375019   0.373438   0.435588   0.234891   1.999787  -1.199702   0.375000   0.625000
  0.065327   0.377208   0.374618   0.445637   0.228863   1.593684  -1.023852   0.375000   0.625000
  0.070352   0.379447   0.375768   0.453645   0.223718   1.202998  -0.889293   0.375000   0.625000
  0.075377   0.381727   0.376892   0.459690   0.219249   0.915610  -0.699962   0.375000   0.625000
  0.080402   0.384037   0.377994   0.464291   0.215732   0.667380  -0.508809   0.375000   0.625000
  0.085427   0.386370   0.379078   0.467645   0.213175   0.388568  -0.386505   0.375000   0.625000
  0.090452   0.388720   0.380149   0.469597   0.211233   0.118798  -0.297347   0.375000   0.625000
  0.095477   0.391080   0.381211   0.470194   0.209739  -0.075105  -0.168967   0.375000   0.625000
  0.100503   0.393443   0.382265   0.469817   0.208889  -0.237802  -0.035445   0.375000   0.625000
  0.105528   0.395804   0.383314   0.468622   0.208711  -0.423345   0.047900   0.375000   0.625000
  0.110553   0.398158   0.384363   0.466495   0.208952  -0.603629   0.104396   0.375000   0.625000
  0.115578   0.400503   0.385413   0.463461   0.209477  -0.728085   0.188711   0.375000   0.625000
  0.120603   0.402832   0.386466   0.459803   0.210425  -0.828469   0.279330   0.375000   0.625000
  0.125628   0.405142   0.387523   0.455640   0.211828  -0.946479   0.333492   0.375000   0.625000
  0.130653   0.407432   0.388588   0.450884   0.213504  -1.061347   0.366413   0.375000   0.625000
  0.135678   0.409697   0.389660   0.445550   0.215346  -1.134839   0.419130   0.375000   0.625000
  0.140704   0.411937   0.390743   0.439847   0.217452  -1.190447   0.478204   0.375000   0.625000
  0.145729   0.414147   0.391835   0.433865   0.219855  -1.260201   0.510751   0.375000   0.625000
  0.150754   0.416327   0.392940   0.427532   0.222422  -1.327930   0.526879   0.375000   0.625000
  0.155779   0.418475   0.394058   0.420859   0.225069  -1.364574   0.557278   0.375000   0.625000
  0.160804   0.420590   0.395189   0.414002   0.227869  -1.388446   0.593442   0.375000   0.625000
  0.165829   0.422671   0.396334   0.407025   0.230852  -1.424274   0.610236   0.375000   0.625000
  0.170854   0.424716   0.397494   0.399869   0.233918  -1.458652   0.614584   0.375000   0.625000
  0.175879   0.426725   0.398669   0.392539   0.237006  -1.469178   0.629451   0.375000   0.625000
  0.180905   0.428698   0.399861   0.385155   0.240170  -1.471032   0.649256   0.375000   0.625000
  0.185930   0.430634   0.401067   0.377763   0.243432  -1.483532   0.654771   0.375000   0.625000
  0.190955   0.432532   0.402291   0.370308   0.246723  -1.494876   0.651054   0.375000   0.625000
  0.195980   0.434393   0.403530   0.362796   0.249994  -1.487366   0.655391   0.375000   0.625000
  0.201005   0.436216   0.404787   0.355322   0.253287  -1.474344   0.663786   0.375000   0.625000
  0.206030   0.438001   0.406059   0.347914   0.256623  -1.471265   0.661453   0.375000   0.625000
  0.211055   0.439749   0.407349   0.340521   0.259947  -1.467210   0.652392   0.375000   0.625000
  0.216080   0.441460   0.408655   0.333148   0.263225  -1.447711   0.649796   0.375000   0.625000
  0.221106   0.443135   0.409978   0.325872   0.266491  -1.425041   0.650470   0.375000   0.625000
  0.226131   0.444772   0.411317   0.318711   0.269760  -1.412001   0.642861   0.375000   0.625000
  0.231156   0.446374   0.412673   0.311616   0.272990  -1.398084   0.630401   0.375000   0.625000
  0.236181   0.447940   0.414045   0.304590   0.276158  -1.371022   0.623464   0.375000   0.625000
  0.241206   0.449470   0.415432   0.297701   0.279291  -1.342568   0.619271   0.375000   0.625000
  0.246231   0.450966   0.416836   0.290954   0.282402  -1.323632   0.608423   0.375000   0.625000
  0.251256   0.452428   0.418255   0.284303   0.285460  -1.303704   0.593967   0.375000   0.625000
  0.256281   0.453857   0.419689   0.277752   0.288444  -1.272291   0.584698   0.375000   0.625000
  0.261307   0.455253   0.421139   0.271357   0.291383  -1.241424   0.578418   0.375000   0.625000
  0.266332   0.456617   0.422603   0.265119   0.294290  -1.220135   0.566609   0.375000   0.625000
  0.271357   0.457949   0.424082   0.258988   0.297137  -1.196988   0.551782   0.375000   0.625000
  0.276382   0.459250   0.425575   0.252973   0.299910  -1.164276   0.543208   0.375000   0.625000
  0.281407   0.460521   0.427082   0.247123   0.302639  -1.136909   0.540501   0.375000   0.625000
  0.286432   0.461763   0.428603   0.241410   0.305355  -1.120006   0.533566   0.375000   0.625000
  0.291457   0.462976   0.430137   0.235782   0.308036  -1.098720   0.523960   0.375000   0.625000
  0.296482   0.464161   0.431685   0.230261   0.310669  -1.073374   0.526694   0.375000   0.625000
  0.301508   0.465318   0.433247   0.224866   0.313316  -1.069602   0.546175   0.375000   0.625000
  0.306533   0.466448   0.434821   0.219491   0.316061  -1.080947   0.564119   0.375000   0.625000
  0.311558   0.467551   0.436409   0.214059   0.318896  -1.083444   0.581783   0.375000   0.625000
  0.316583   0.468627   0.438012   0.208615   0.321819  -1.102755   0.634536   0.375000   0.625000
  0.321608   0.469675   0.439629   0.203074   0.325008  -1.193807   0.734990   0.375000   0.625000
  0.326633   0.470696   0.441262   0.197075   0.328701  -1.314583   0.837088   0.375000   0.625000
  0.331658   0.471686   0.442914   0.190469   0.332907  -1.421732   0.946891   0.375000   0.625000
  0.336683   0.472643   0.444587   0.183325   0.337666  -1.612095   1.154539   0.375000   0.625000
  0.341709   0.473564   0.446284   0.175223   0.343468  -2.003429   1.478684   0.375000   0.625000
  0.346734   0.474445   0.448010   0.165155   0.350899  -2.452551   1.795079   0.375000   0.625000
  0.351759   0.475275   0.449773   0.152831   0.359919  -2.877961   2.124725   0.375000   0.625000
  0.356784   0.476043   0.451581   0.138369   0.370596  -3.536982   2.665779   0.375000   0.625000
  0.361809   0.476738   0.453444   0.120596   0.383991  -4.655975   3.426978   0.375000   0.625000
  0.366834   0.477344   0.455373   0.097200   0.401212  -5.858529   4.124561   0.375000   0.625000
  0.371859   0.477833   0.457389   0.067761   0.421938  -6.978364   4.792977   0.375000   0.625000
  0.376884   0.478173   0.459510   0.032694   0.446022  -8.512743   5.740350   0.375000   0.625000
  0.381910   0.478337   0.461751  -0.010091   0.474873 -10.831353   6.926453   0.375000   0.625000
  0.386935   0.478287   0.464138  -0.064518   0.509679 -13.213280   7.915810   0.375000   0.625000
  0.391960   0.477962   0.466699  -0.130915   0.549456 -15.321860   8.739618   0.375000   0.625000
  0.396985   0.477305   0.469460  -0.207907   0.593372 -17.718365   9.581434   0.375000   0.625000
  0.402010   0.476260   0.472441  -0.296942   0.641519 -20.785975  10.209376   0.375000   0.625000
  0.407035   0.474768   0.475665  -0.401392   0.692821 -23.778017  10.439007   0.375000   0.625000
  0.412060   0.472751   0.479146  -0.520876   0.745277 -26.257219  10.424147   0.375000   0.625000
  0.417085   0.470133   0.482891  -0.652819   0.797658 -28.099949   9.719081   0.375000   0.625000
  0.422111   0.466852   0.486900  -0.794049   0.846507 -28.990116   7.524741   0.375000   0.625000
  0.427136   0.462862   0.491154  -0.939724   0.884318 -29.322527   4.677485   0.375000   0.625000
  0.432161   0.458140   0.495598  -1.087070   0.907823 -29.436105   2.006946   0.375000   0.625000
  0.437186   0.452678   0.500160  -1.234986   0.917908 -27.727708  -1.536401   0.375000   0.625000
  0.442211   0.446472   0.504772  -1.374318   0.910187 -21.801230  -7.452925   0.375000   0.625000
  0.447236   0.439566   0.509346  -1.483869   0.872736 -14.123636 -14.143344   0.375000   0.625000
  0.452261   0.432109   0.513731  -1.554841   0.801666  -7.669673 -19.744991   0.375000   0.625000
  0.457286   0.424296   0.517760  -1.593381   0.702447  -0.789388 -24.024491   0.375000   0.625000
  0.462312   0.416288   0.521290  -1.597348   0.581700  10.874456 -27.423962   0.375000   0.625000
  0.467337   0.408261   0.524213  -1.542704   0.443895  25.827771 -30.962577   0.375000   0.625000
  0.472362   0.400509   0.526444  -1.412919   0.288308  39.531033 -35.068451   0.375000   0.625000
  0.477387   0.393409   0.527893  -1.214276   0.112089  50.289873 -37.799308   0.375000   0.625000
  0.482412   0.387307   0.528456  -0.961569  -0.077853  57.802085 -33.786351   0.375000   0.625000
  0.487437   0.382476   0.528065  -0.671114  -0.247629  64.132895 -23.689038   0.375000   0.625000
  0.492462   0.379103   0.526820  -0.348846  -0.366666  71.074104 -13.719757   0.375000   0.625000
  0.497487   0.377350   0.524978   0.008301  -0.435608  76.782601  -6.584397   0.375000   0.625000
  0.502513   0.377392   0.522788   0.394211  -0.468701  74.660547  -1.489672   0.375000   0.625000
  0.507538   0.379373   0.520433   0.769380  -0.476187  64.459950   4.605770   0.375000   0.625000
  0.512563   0.383239   0.518040   1.093291  -0.453043  53.561993  12.440668   0.375000   0.625000
  0.517588   0.388733   0.515764   1.362440  -0.390529  44.552610  20.639813   0.375000   0.625000
  0.522613   0.395579   0.513801   1.586317  -0.286813  34.803555  25.302129   0.375000   0.625000
  0.527638   0.403550   0.512360   1.761205  -0.159670  22.092594  24.537287   0.375000   0.625000
  0.532663   0.412400   0.511558   1.872220  -0.036370   8.403639  22.044595   0.375000   0.625000
  0.537688   0.421808   0.511375   1.914448   0.074404  -4.427395  20.310222   0.375000   0.625000
  0.542714   0.431430   0.511749   1.892196   0.176483 -14.269422  18.933748   0.375000   0.625000
  0.547739   0.440939   0.512636   1.820492   0.271625 -20.288706  16.256894   0.375000   0.625000
  0.552764   0.450087   0.514001   1.718542   0.353316 -24.889347  12.539901   0.375000   0.625000
  0.557789   0.458722   0.515776   1.593473   0.416329 -29.382964   8.738203   0.375000   0.625000
  0.562814   0.466729   0.517868   1.445823   0.460238 -32.276760   5.607271   0.375000   0.625000
  0.567839   0.473995   0.520181   1.283633   0.488415 -31.989460   3.413268   0.375000   0.625000
  0.572864   0.480445   0.522635   1.122886   0.505567 -30.247021   1.589357   0.375000   0.625000
  0.577889   0.486087   0.525176   0.970894   0.513553 -28.455563  -0.211638   0.375000   0.625000
  0.582915   0.490967   0.527757   0.827877   0.512489 -26.352198  -1.668523   0.375000   0.625000
  0.587940   0.495127   0.530332   0.695457   0.504105 -23.456592  -2.308546   0.375000   0.625000
  0.592965   0.498622   0.532865   0.577587   0.492505 -20.293087  -2.491694   0.375000   0.625000
  0.597990   0.501524   0.535340   0.475615   0.479984 -17.241107  -2.629424   0.375000   0.625000
  0.603015   0.503914   0.537752   0.388978   0.466771 -14.371397  -2.714375   0.375000   0.625000
  0.608040   0.505869   0.540097   0.316762   0.453131 -11.853514  -2.562795   0.375000   0.625000
  0.613065   0.507461   0.542374   0.257198   0.440253  -9.674371  -2.254701   0.375000   0.625000
  0.618090   0.508753   0.544587   0.208584   0.428923  -7.661967  -1.933171   0.375000   0.625000
  0.623116   0.509801   0.546743   0.170075   0.419207  -5.853920  -1.640251   0.375000   0.625000
  0.628141   0.510656   0.548849   0.140659   0.410965  -4.489424  -1.370414   0.375000   0.625000
  0.633166   0.511363   0.550914   0.118100   0.404079  -3.466794  -1.113655   0.375000   0.625000
  0.638191   0.511956   0.552945   0.100679   0.398482  -2.562909  -0.869851   0.375000   0.625000
  0.643216   0.512462   0.554947   0.087801   0.394111  -1.777098  -0.657162   0.375000   0.625000
  0.648241   0.512903   0.556927   0.078871   0.390809  -1.241964  -0.501476   0.375000   0.625000
  0.653266   0.513300   0.558891   0.072630   0.388289  -0.886686  -0.383258   0.375000   0.625000
  0.658291   0.513665   0.560842   0.068174   0.386363  -0.582114  -0.276974   0.375000   0.625000
  0.663317   0.514007   0.562784   0.065249   0.384971  -0.323037  -0.186692   0.375000   0.625000
  0.668342   0.514335   0.564719   0.063625   0.384033  -0.166880  -0.129136   0.375000   0.625000
  0.673367   0.514655   0.566648   0.062787   0.383384  -0.080759  -0.092907   0.375000   0.625000
  0.678392   0.514970   0.568575   0.062381   0.382917  -0.006516  -0.060989   0.375000   0.625000
  0.683417   0.515284   0.570499   0.062348   0.382611   0.060239  -0.032755   0.375000   0.625000
  0.688442   0.515597   0.572422   0.062651   0.382446   0.092498  -0.016737   0.375000   0.625000
  0.693467   0.515912   0.574344   0.063116   0.382362   0.098341  -0.010500   0.375000   0.625000
  0.698492   0.516229   0.576265   0.063610   0.382310   0.105044  -0.005358   0.375000   0.625000
  0.703518   0.516549   0.578186   0.064138   0.382283   0.118941   0.002039   0.375000   0.625000
  0.708543   0.516871   0.580107   0.064735   0.382293   0.122421   0.007138   0.375000   0.625000
  0.713568   0.517196   0.582028   0.065351   0.382329   0.111209   0.006316   0.375000   0.625000
  0.718593   0.517525   0.583950   0.065909   0.382360   0.103061   0.004062   0.375000   0.625000
  0.723618   0.517856   0.585871   0.066427   0.382381   0.106846   0.005964   0.375000   0.625000
  0.728643   0.518190   0.587792   0.066964   0.382411   0.106880   0.009921   0.375000   0.625000
  0.733668   0.518526   0.589714   0.067501   0.382461   0.093500   0.008671   0.375000   0.625000
  0.738693   0.518866   0.591636   0.067971   0.382504   0.083355   0.004364   0.375000   0.625000
  0.743719   0.519207   0.593558   0.068390   0.382526   0.087411   0.004515   0.375000   0.625000
  0.748744   0.519551   0.595481   0.068829   0.382549   0.088781   0.009448   0.375000   0.625000
  0.753769   0.519897   0.597403   0.069275   0.382596   0.074898   0.009243   0.375000   0.625000
  0.758794   0.520245   0.599325   0.069652   0.382643   0.064760   0.003766   0.375000   0.625000
  0.763819   0.520595   0.601248   0.069977   0.382662   0.071471   0.002458   0.375000   0.625000
  0.768844   0.520946   0.603171   0.070336   0.382674   0.074953   0.008854   0.375000   0.625000
  0.773869   0.521300   0.605094   0.070713   0.382719   0.059649   0.010324   0.375000   0.625000
  0.778894   0.521655   0.607017   0.071013   0.382770   0.049126   0.003476   0.375000   0.625000
  0.783920   0.522012   0.608941   0.071260   0.382788   0.059520   0.000015   0.375000   0.625000
  0.788945   0.522370   0.610865   0.071559   0.382788   0.065710   0.008240   0.375000   0.625000
  0.793970   0.522730   0.612788   0.071889   0.382829   0.047644   0.012315   0.375000   0.625000
  0.798995   0.523091   0.614712   0.072128   0.382891   0.035712   0.003737   0.375000   0.625000
  0.804020   0.523453   0.616636   0.072308   0.382910   0.050789  -0.003050   0.375000   0.625000
  0.809045   0.523817   0.618560   0.072563   0.382895   0.060806   0.007381   0.375000   0.625000
  0.814070   0.524181   0.620484   0.072869   0.382932   0.038502   0.015484   0.375000   0.625000
  0.819095   0.524548   0.622408   0.073062   0.383010   0.023640   0.004815   0.375000   0.625000
  0.824121   0.524915   0.624333   0.073181   0.383034   0.044477  -0.006999   0.375000   0.625000
  0.829146   0.525283   0.626258   0.073404   0.382999   0.060079   0.005893   0.375000   0.625000
  0.834171   0.525651   0.628182   0.073706   0.383028   0.032042   0.020026   0.375000   0.625000
  0.839196   0.526022   0.630107   0.073867   0.383129   0.012185   0.007084   0.375000   0.625000
  0.844221   0.526393   0.632032   0.073928   0.383165   0.039692  -0.011941   0.375000   0.625000
  0.849246   0.526764   0.633958   0.074128   0.383105   0.063292   0.003332   0.375000   0.625000
  0.854271   0.527137   0.635883   0.074446   0.383121   0.028271   0.026036   0.375000   0.625000
  0.859296   0.527511   0.637808   0.074588   0.383252   0.000784   0.010969   0.375000   0.625000
  0.864322   0.527886   0.639734   0.074592   0.383307   0.035375  -0.017891   0.375000   0.625000
  0.869347   0.528261   0.641660   0.074770   0.383217   0.069842  -0.000941   0.375000   0.625000
  0.874372   0.528636   0.643586   0.075121   0.383213   0.027240   0.033187   0.375000   0.625000
  0.879397   0.529014   0.645512   0.075258   0.383379  -0.010815   0.016733   0.375000   0.625000
  0.884422   0.529392   0.647438   0.075203   0.383463   0.030331  -0.024548   0.375000   0.625000
  0.889447   0.529770   0.649365   0.075356   0.383340   0.078571  -0.007408   0.375000   0.625000
  0.894472   0.530149   0.651291   0.075750   0.383303   0.028885   0.040906   0.375000   0.625000
  0.899497   0.530529   0.653218   0.075896   0.383508  -0.022572   0.024537   0.375000   0.625000
  0.904523   0.530911   0.655145   0.075782   0.383632   0.023470  -0.031328   0.375000   0.625000
  0.909548   0.531292   0.657073   0.075900   0.383474   0.087830  -0.016354   0.375000   0.625000
  0.914573   0.531673   0.659000   0.076341   0.383392   0.032910   0.048200   0.375000   0.625000
  0.919598   0.532057   0.660926   0.076507   0.383634  -0.034061   0.034119   0.375000   0.625000
  0.924623   0.532441   0.662854   0.076336   0.383806   0.014058  -0.037409   0.375000   0.625000
  0.929648   0.532825   0.664783   0.076406   0.383618   0.095786  -0.027618   0.375000   0.625000
  0.934673   0.533209   0.666710   0.076888   0.383479   0.038777   0.054061   0.375000   0.625000
  0.939698   0.533595   0.668637   0.077082   0.383751  -0.044694   0.045009   0.375000   0.625000
  0.944724   0.533982   0.670566   0.076858   0.383977   0.001995  -0.042020   0.375000   0.625000
  0.949749   0.534369   0.672496   0.076868   0.383766   0.100799  -0.040455   0.375000   0.625000
  0.954774   0.534755   0.674424   0.077374   0.383562   0.044970   0.058670   0.375000   0.625000
  0.959799   0.535144   0.676351   0.077600   0.383857  -0.056547   0.059604   0.375000   0.625000
  0.964824   0.535534   0.678280   0.077316   0.384157  -0.018897  -0.037736   0.375000   0.625000
  0.969849   0.535922   0.680211   0.077221   0.383967   0.090204  -0.044091   0.375000   0.625000
  0.974874   0.536310   0.682140   0.077675   0.383746   0.030981   0.073471   0.375000   0.625000
  0.979899   0.536700   0.684068   0.077830   0.384115  -0.116003   0.098300   0.375000   0.625000
  0.984925   0.537092   0.685999   0.077247   0.384609  -0.161004   0.007234   0.375000   0.625000
  0.989950   0.537480   0.687932   0.076438   0.384645  -0.117466  -0.058327   0.375000   0.625000
  0.994975   0.537864   0.689864   0.075848   0.384352  -0.138824  -0.088442   0.375000   0.625000
  1.000000   0.538245   0.691796   0.075150   0.383908  -0.205793  -0.230673   0.375000   0.625000