  0.000000   0.358579   0.358579   0.000000   0.000000  10.525787  22.613179   0.750000   0.625000
  0.005025   0.358579   0.358579   0.052892   0.113631   9.904890  20.158989   0.750000   0.625000
  0.010050   0.358845   0.359150   0.102664   0.214930  10.335070  15.018684   0.750000   0.625000
  0.015075   0.359361   0.360230   0.154598   0.290399  11.526080   7.817232   0.750000   0.625000
  0.020101   0.360138   0.361690   0.212528   0.329688  12.176575   1.650691   0.750000   0.625000
  0.025126   0.361206   0.363346   0.273715   0.337983  12.068870  -2.674889   0.750000   0.625000
  0.030151   0.362581   0.365045   0.334361   0.324542  11.324473  -4.634423   0.750000   0.625000
  0.035176   0.364261   0.366675   0.391267   0.301254  10.048278  -3.947168   0.750000   0.625000
  0.040201   0.366227   0.368189   0.441759   0.281419   8.652933  -2.661874   0.750000   0.625000
  0.045226   0.368447   0.369603   0.485240   0.268043   7.345412  -1.942428   0.750000   0.625000
  0.050251   0.370886   0.370950   0.522151   0.258283   6.178358  -1.598317   0.750000   0.625000
  0.055276   0.373509   0.372248   0.553197   0.250251   5.230235  -1.309803   0.750000   0.625000
  0.060302   0.376290   0.373506   0.579484   0.243668   4.404215  -1.060457   0.750000   0.625000
  0.065327   0.379202   0.374730   0.601616   0.238339   3.582744  -0.910070   0.750000   0.625000
  0.070352   0.382225   0.375928   0.619619   0.233766   2.793879  -0.798348   0.750000   0.625000
  0.075377   0.385338   0.377103   0.633658   0.229755   2.135974  -0.629689   0.750000   0.625000
  0.080402   0.388522   0.378257   0.644391   0.226590   1.570626  -0.457738   0.750000   0.625000
  0.085427   0.391760   0.379396   0.652284   0.224290   1.010323  -0.353014   0.750000   0.625000
  0.090452   0.395038   0.380523   0.657361   0.222516   0.466939  -0.279453   0.750000   0.625000
  0.095477   0.398341   0.381641   0.659707   0.221112   0.015888  -0.165007   0.750000   0.625000
  0.100503   0.401657   0.382752   0.659787   0.220283  -0.359496  -0.044437   0.750000   0.625000
  0.105528   0.404973   0.383859   0.657980   0.220059  -0.728075   0.027091   0.750000   0.625000
  0.110553   0.408279   0.384965   0.654322   0.220196  -1.089837   0.073303   0.750000   0.625000
  0.115578   0.411567   0.386072   0.648845   0.220564  -1.388100   0.148635   0.750000   0.625000
  0.120603   0.414827   0.387180   0.641870   0.221311  -1.624864   0.230898   0.750000   0.625000
  0.125628   0.418053   0.388292   0.633705   0.222471  -1.853839   0.277454   0.750000   0.625000
  0.130653   0.421237   0.389410   0.624390   0.223865  -2.082538   0.303960   0.750000   0.625000
  0.135678   0.424375   0.390535   0.613925   0.225393  -2.269210   0.351297   0.750000   0.625000
  0.140704   0.427460   0.391668   0.602520   0.227158  -2.406325   0.405351   0.750000   0.625000
  0.145729   0.430488   0.392809   0.590428   0.229195  -2.534947   0.433334   0.750000   0.625000
  0.150754   0.433455   0.393961   0.577690   0.231373  -2.667365   0.445822   0.750000   0.625000
  0.155779   0.436358   0.395123   0.564287   0.233613  -2.773654   0.473421   0.750000   0.625000
  0.160804   0.439193   0.396297   0.550349   0.235992  -2.840250   0.506958   0.750000   0.625000
  0.165829   0.441959   0.397483   0.536077   0.238539  -2.897939   0.521353   0.750000   0.625000
  0.170854   0.444653   0.398682   0.521515   0.241159  -2.961787   0.524018   0.750000   0.625000
  0.175879   0.447273   0.399894   0.506632   0.243792  -3.011202   0.537901   0.750000   0.625000
  0.180905   0.449819   0.401119   0.491497   0.246496  -3.029070   0.556762   0.750000   0.625000
  0.185930   0.452289   0.402358   0.476276   0.249294  -3.037705   0.561385   0.750000   0.625000
  0.190955   0.454683   0.403610   0.461012   0.252115  -3.053699   0.557330   0.750000   0.625000
  0.195980   0.456999   0.404877   0.445667   0.254915  -3.063808   0.561928   0.750000   0.625000
  0.201005   0.459239   0.406158   0.430271   0.257739  -3.049071   0.570534   0.750000   0.625000
  0.206030   0.461401   0.407453   0.414950   0.260606  -3.024833   0.568333   0.750000   0.625000
  0.211055   0.463486   0.408763   0.399750   0.263462  -3.008323   0.559830   0.750000   0.625000
  0.216080   0.465495   0.410087   0.384633   0.266275  -2.992125   0.558314   0.750000   0.625000
  0.221106   0.467428   0.411425   0.369595   0.269081  -2.956603   0.559956   0.750000   0.625000
  0.226131   0.469285   0.412777   0.354738   0.271895  -2.911316   0.553137   0.750000   0.625000
  0.231156   0.471068   0.414143   0.340108   0.274674  -2.873523   0.541803   0.750000   0.625000
  0.236181   0.472777   0.415524   0.325669   0.277397  -2.840525   0.536427   0.750000   0.625000
  0.241206   0.474413   0.416918   0.311395   0.280092  -2.792956   0.533584   0.750000   0.625000
  0.246231   0.475978   0.418325   0.297361   0.282773  -2.735295   0.523846   0.750000   0.625000
  0.251256   0.477472   0.419746   0.283616   0.285406  -2.684263   0.510790   0.750000   0.625000
  0.256281   0.478897   0.421180   0.270127   0.287973  -2.641469   0.503092   0.750000   0.625000
  0.261307   0.480255   0.422627   0.256851   0.290501  -2.589003   0.497770   0.750000   0.625000
  0.266332   0.481546   0.424087   0.243842   0.293002  -2.526178   0.486626   0.750000   0.625000
  0.271357   0.482771   0.425560   0.231148   0.295448  -2.468181   0.472683   0.750000   0.625000
  0.276382   0.483932   0.427044   0.218745   0.297823  -2.422301   0.463931   0.750000   0.625000
  0.281407   0.485032   0.428541   0.206573   0.300154  -2.375024   0.458662   0.750000   0.625000
  0.286432   0.486070   0.430049   0.194638   0.302459  -2.317930   0.448654   0.750000   0.625000
  0.291457   0.487048   0.431569   0.182991   0.304713  -2.262610   0.435506   0.750000   0.625000
  0.296482   0.487967   0.433100   0.171621   0.306902  -2.228921   0.428190   0.750000   0.625000
  0.301508   0.488830   0.434643   0.160419   0.309054  -2.215386   0.428556   0.750000   0.625000
  0.306533   0.489636   0.436196   0.149286   0.311207  -2.196122   0.426301   0.750000   0.625000
  0.311558   0.490386   0.437759   0.138251   0.313350  -2.175623   0.419570   0.750000   0.625000
  0.316583   0.491081   0.439334   0.127318   0.315458  -2.208949   0.420919   0.750000   0.625000
  0.321608   0.491721   0.440919   0.116218   0.317573  -2.322559   0.439807   0.750000   0.625000
  0.326633   0.492305   0.442515   0.104548   0.319783  -2.441824   0.460285   0.750000   0.625000
  0.331658   0.492830   0.444122   0.092277   0.322096  -2.560277   0.472456   0.750000   0.625000
  0.336683   0.493294   0.445740   0.079412   0.324470  -2.827158   0.493069   0.750000   0.625000
  0.341709   0.493693   0.447371   0.065203   0.326948  -3.321649   0.544527   0.750000   0.625000
  0.346734   0.494020   0.449014   0.048511   0.329684  -3.834895   0.603645   0.750000   0.625000
  0.351759   0.494264   0.450671   0.029241   0.332718  -4.341738   0.640078   0.750000   0.625000
  0.356784   0.494411   0.452343   0.007424   0.335934  -5.195221   0.654934   0.750000   0.625000
  0.361809   0.494448   0.454031  -0.018682   0.339225  -6.557294   0.689584   0.750000   0.625000
  0.366834   0.494354   0.455735  -0.051633   0.342690  -7.920519   0.743597   0.750000   0.625000
  0.371859   0.494095   0.457457  -0.091433   0.346427  -9.199123   0.738186   0.750000   0.625000
  0.376884   0.493636   0.459198  -0.137659   0.350136 -11.028898   0.564292   0.750000   0.625000
  0.381910   0.492944   0.460958  -0.193090   0.352972 -13.676584   0.276529   0.750000   0.625000
  0.386935   0.491973   0.462732  -0.261815   0.354362 -16.229644   0.051736   0.750000   0.625000
  0.391960   0.490658   0.464512  -0.343369   0.354622 -18.435519  -0.246718   0.750000   0.625000
  0.396985   0.488932   0.466294  -0.436007   0.353382 -20.939022  -1.055142   0.750000   0.625000
  0.402010   0.486741   0.468070  -0.541226   0.348080 -23.977860  -2.400642   0.750000   0.625000
  0.407035   0.484022   0.469819  -0.661715   0.336017 -26.728772  -3.589941   0.750000   0.625000
  0.412060   0.480697   0.471508  -0.796027   0.317977 -28.820085  -4.644475   0.750000   0.625000
  0.417085   0.476697   0.473105  -0.940848   0.294639 -29.928203  -6.443033   0.750000   0.625000
  0.422111   0.471968   0.474586  -1.091267   0.262256 -29.544092  -9.344552   0.750000   0.625000
  0.427136   0.466484   0.475904  -1.239726   0.215300 -28.485664 -12.066850   0.750000   0.625000
  0.432161   0.460255   0.476986  -1.382866   0.154664 -27.213309 -14.073068   0.750000   0.625000
  0.437186   0.453306   0.477763  -1.519613   0.083947 -23.561701 -15.948229   0.750000   0.625000
  0.442211   0.445670   0.478185  -1.638011   0.003807 -14.975585 -18.294073   0.750000   0.625000
  0.447236   0.437439   0.478204  -1.713263  -0.088121  -4.900189 -20.643077   0.750000   0.625000
  0.452261   0.428830   0.477761  -1.737887  -0.191852   3.430978 -22.021589   0.750000   0.625000
  0.457286   0.420097   0.476797  -1.720646  -0.302511  11.941219 -20.856460   0.750000   0.625000
  0.462312   0.411449   0.475277  -1.660629  -0.407335  24.659072 -16.476071   0.750000   0.625000
  0.467337   0.403104   0.473230  -1.536717  -0.490127  39.891183 -12.166727   0.750000   0.625000
  0.472362   0.395382   0.470767  -1.336264  -0.551265  53.530768  -9.496793   0.750000   0.625000
  0.477387   0.388667   0.467997  -1.067272  -0.598987  63.312215  -5.674506   0.750000   0.625000
  0.482412   0.383304   0.464987  -0.749128  -0.627501  67.200315   3.809823   0.750000   0.625000
  0.487437   0.379540   0.461834  -0.411447  -0.608357  68.045279  16.775145   0.750000   0.625000
  0.492462   0.377472   0.458777  -0.069519  -0.524062  69.592960  28.239971   0.750000   0.625000
  0.497487   0.377123   0.456144   0.280185  -0.382156  70.277396  36.155179   0.750000   0.625000
  0.502513   0.378531   0.454223   0.633400  -0.200440  63.939355  39.132797   0.750000   0.625000
  0.507538   0.381714   0.453216   0.954695  -0.003798  50.912564  39.686753   0.750000   0.625000
  0.512563   0.386511   0.453197   1.210531   0.195628  37.805468  41.092832   0.750000   0.625000
  0.517588   0.392594   0.454180   1.400503   0.402120  26.720369  42.668177   0.750000   0.625000
  0.522613   0.399632   0.456200   1.534773   0.616527  16.393275  40.067717   0.750000   0.625000
  0.527638   0.407344   0.459298   1.617149   0.817868   5.547130  32.233573   0.750000   0.625000
  0.532663   0.415470   0.463408   1.645023   0.979841  -5.327285  23.374979   0.750000   0.625000
  0.537688   0.423737   0.468332   1.618254   1.097301 -15.331693  15.387343   0.750000   0.625000
  0.542714   0.431870   0.473847   1.541197   1.174638 -22.426833   8.451692   0.750000   0.625000
  0.547739   0.439614   0.479749   1.428502   1.217107 -25.876663   2.479958   0.750000   0.625000
  0.552764   0.446793   0.485865   1.298472   1.229569 -28.083010  -3.015834   0.750000   0.625000
  0.557789   0.453317   0.492044   1.157355   1.214414 -30.186920  -8.323968   0.750000   0.625000
  0.562814   0.459133   0.498146   1.005665   1.172587 -30.948107 -12.472227   0.750000   0.625000
  0.567839   0.464187   0.504039   0.850151   1.109914 -29.369157 -14.352521   0.750000   0.625000
  0.572864   0.468459   0.509616   0.702571   1.037792 -26.919048 -15.054337   0.750000   0.625000
  0.577889   0.471989   0.514831   0.567303   0.962144 -24.553545 -15.559761   0.750000   0.625000
  0.582915   0.474840   0.519667   0.443897   0.883941 -22.045201 -15.557315   0.750000   0.625000
  0.587940   0.477071   0.524108   0.333120   0.805765 -19.161950 -14.551326   0.750000   0.625000
  0.592965   0.478745   0.528157   0.236831   0.732645 -16.270711 -13.099227   0.750000   0.625000
  0.597990   0.479935   0.531839   0.155070   0.666821 -13.559315 -11.626193   0.750000   0.625000
  0.603015   0.480714   0.535190   0.086935   0.608400 -11.086882 -10.105963   0.750000   0.625000
  0.608040   0.481151   0.538247   0.031223   0.557617  -9.001484  -8.580918   0.750000   0.625000
  0.613065   0.481308   0.541049  -0.014009   0.514498  -7.231674  -7.182409   0.750000   0.625000
  0.618090   0.481237   0.543634  -0.050348   0.478406  -5.625648  -5.869630   0.750000   0.625000
  0.623116   0.480984   0.546039  -0.078623   0.448906  -4.238997  -4.628869   0.750000   0.625000
  0.628141   0.480589   0.548294  -0.099924   0.425646  -3.223685  -3.624050   0.750000   0.625000
  0.633166   0.480087   0.550433  -0.116123   0.407435  -2.450920  -2.854599   0.750000   0.625000
  0.638191   0.479504   0.552481  -0.128439   0.393090  -1.771526  -2.176289   0.750000   0.625000
  0.643216   0.478858   0.554456  -0.137341   0.382155  -1.218354  -1.562842   0.750000   0.625000
  0.648241   0.478168   0.556376  -0.143463   0.374301  -0.859258  -1.115566   0.750000   0.625000
  0.653266   0.477447   0.558257  -0.147781   0.368696  -0.603331  -0.813136   0.750000   0.625000
  0.658291   0.476705   0.560110  -0.150812   0.364610  -0.380210  -0.560316   0.750000   0.625000
  0.663317   0.475947   0.561942  -0.152723   0.361793  -0.216001  -0.340071   0.750000   0.625000
  0.668342   0.475179   0.563760  -0.153809   0.360085  -0.128802  -0.194554   0.750000   0.625000
  0.673367   0.474406   0.565570  -0.154456   0.359107  -0.065184  -0.108786   0.750000   0.625000
  0.678392   0.473630   0.567374  -0.154783   0.358560  -0.005362  -0.039938   0.750000   0.625000
  0.683417   0.472852   0.569176  -0.154810   0.358360   0.027528   0.019624   0.750000   0.625000
  0.688442   0.472075   0.570977  -0.154672   0.358458   0.032997   0.053895   0.750000   0.625000
  0.693467   0.471297   0.572778  -0.154506   0.358729   0.043711   0.067406   0.750000   0.625000
  0.698492   0.470521   0.574581  -0.154287   0.359068   0.059783   0.076996   0.750000   0.625000
  0.703518   0.469745   0.576385  -0.153986   0.359455   0.059990   0.087866   0.750000   0.625000
  0.708543   0.468972   0.578192  -0.153685   0.359896   0.047411   0.093060   0.750000   0.625000
  0.713568   0.468199   0.580000  -0.153446   0.360364   0.047684   0.089589   0.750000   0.625000
  0.718593   0.467428   0.581811  -0.153207   0.360814   0.056446   0.084534   0.750000   0.625000
  0.723618   0.466658   0.583624  -0.152923   0.361239   0.052172   0.084059   0.750000   0.625000
  0.728643   0.465890   0.585439  -0.152661   0.361661   0.036087   0.084887   0.750000   0.625000
  0.733668   0.465123   0.587257  -0.152480   0.362088   0.034443   0.079672   0.750000   0.625000
  0.738693   0.464357   0.589076  -0.152307   0.362488   0.044557   0.071781   0.750000   0.625000
  0.743719   0.463591   0.590898  -0.152083   0.362849   0.042404   0.069118   0.750000   0.625000
  0.748744   0.462827   0.592721  -0.151870   0.363196   0.024321   0.070990   0.750000   0.625000
  0.753769   0.462064   0.594546  -0.151747   0.363553   0.020850   0.067136   0.750000   0.625000
  0.758794   0.461301   0.596373  -0.151643   0.363890   0.034134   0.058520   0.750000   0.625000
  0.763819   0.460539   0.598202  -0.151471   0.364184   0.035998   0.055001   0.750000   0.625000
  0.768844   0.459778   0.600032  -0.151290   0.364461   0.015088   0.058896   0.750000   0.625000
  0.773869   0.459018   0.601863  -0.151214   0.364757   0.008273   0.057113   0.750000   0.625000
  0.778894   0.458258   0.603696  -0.151173   0.365044   0.025452   0.047653   0.750000   0.625000
  0.783920   0.457498   0.605531  -0.151045   0.365283   0.032874   0.042727   0.750000   0.625000
  0.788945   0.456739   0.607366  -0.150880   0.365498   0.008067   0.049003   0.750000   0.625000
  0.793970   0.455981   0.609203  -0.150839   0.365744  -0.004153   0.050040   0.750000   0.625000
  0.798995   0.455223   0.611041  -0.150860   0.365996   0.017638   0.039257   0.750000   0.625000
  0.804020   0.454465   0.612880  -0.150771   0.366193   0.032701   0.031781   0.750000   0.625000
  0.809045   0.453707   0.614720  -0.150607   0.366353   0.002955   0.040783   0.750000   0.625000
  0.814070   0.452951   0.616561  -0.150592   0.366558  -0.017390   0.045842   0.750000   0.625000
  0.819095   0.452194   0.618403  -0.150680   0.366788   0.009786   0.033225   0.750000   0.625000
  0.824121   0.451437   0.620246  -0.150630   0.366955   0.035349   0.021542   0.750000   0.625000
  0.829146   0.450680   0.622090  -0.150453   0.367063  -0.000175   0.033539   0.750000   0.625000
  0.834171   0.449924   0.623935  -0.150454   0.367232  -0.032110   0.044397   0.750000   0.625000
  0.839196   0.449168   0.625780  -0.150615   0.367455   0.001055   0.029593   0.750000   0.625000
  0.844221   0.448411   0.627627  -0.150610   0.367603   0.040643   0.011592   0.750000   0.625000
  0.849246   0.447654   0.629474  -0.150406   0.367662  -0.000971   0.026581   0.750000   0.625000
  0.854271   0.446898   0.631321  -0.150410   0.367795  -0.048591   0.045556   0.750000   0.625000
  0.859296   0.446142   0.633170  -0.150655   0.368024  -0.009277   0.028507   0.750000   0.625000
  0.864322   0.445385   0.635019  -0.150701   0.368167   0.048306   0.001635   0.750000   0.625000
  0.869347   0.444628   0.636869  -0.150458   0.368176   0.001186   0.019050   0.750000   0.625000
  0.874372   0.443872   0.638719  -0.150452   0.368271  -0.066398   0.048807   0.750000   0.625000
  0.879397   0.443116   0.640570  -0.150786   0.368517  -0.021588   0.030017   0.750000   0.625000
  0.884422   0.442358   0.642422  -0.150895   0.368667   0.057688  -0.008280   0.750000   0.625000
  0.889447   0.441600   0.644274  -0.150605   0.368626   0.006942   0.010254   0.750000   0.625000
  0.894472   0.440843   0.646127  -0.150570   0.368677  -0.084360   0.053433   0.750000   0.625000
  0.899497   0.440086   0.647979  -0.150994   0.368946  -0.035821   0.034125   0.750000   0.625000
  0.904523   0.439328   0.649834  -0.151174   0.369117   0.067873  -0.017794   0.750000   0.625000
  0.909548   0.438568   0.651688  -0.150833   0.369028   0.016672  -0.000310   0.750000   0.625000
  0.914573   0.437810   0.653543  -0.150749   0.369026  -0.100734   0.058332   0.750000   0.625000
  0.919598   0.437052   0.655397  -0.151255   0.369320  -0.051338   0.040476   0.750000   0.625000
  0.924623   0.436292   0.657253  -0.151513   0.369523   0.077687  -0.026281   0.750000   0.625000
  0.929648   0.435531   0.659110  -0.151123   0.369391   0.030282  -0.012703   0.750000   0.625000
  0.934673   0.434772   0.660966  -0.150971   0.369327  -0.113755   0.062394   0.750000   0.625000
  0.939698   0.434013   0.662822  -0.151542   0.369641  -0.067292   0.048546   0.750000   0.625000
  0.944724   0.433251   0.664680  -0.151880   0.369885   0.086046  -0.033099   0.750000   0.625000
  0.949749   0.432488   0.666538  -0.151448   0.369718   0.046724  -0.026386   0.750000   0.625000
  0.954774   0.431727   0.668396  -0.151213   0.369586  -0.123640   0.065625   0.750000   0.625000
  0.959799   0.430967   0.670253  -0.151835   0.369915  -0.087118   0.060442   0.750000   0.625000
  0.964824   0.430204   0.672112  -0.152272   0.370219   0.082588  -0.031533   0.750000   0.625000
  0.969849   0.429439   0.673972  -0.151857   0.370061   0.051940  -0.031780   0.750000   0.625000
  0.974874   0.428676   0.675832  -0.151596   0.369901  -0.142347   0.077814   0.750000   0.625000
  0.979899   0.427914   0.677691  -0.152312   0.370292  -0.126023   0.093102   0.750000   0.625000
  0.984925   0.427149   0.679552  -0.152945   0.370760   0.063328   0.002560   0.750000   0.625000
  0.989950   0.426380   0.681415  -0.152627   0.370773   0.167042  -0.058365   0.750000   0.625000
  0.994975   0.425613   0.683278  -0.151787   0.370480   0.231324  -0.088823   0.750000   0.625000
  1.000000   0.424851   0.685140  -0.150625   0.370033   0.518475  -0.229830   0.750000   0.625000