  0.000000   0.358579   0.358579   0.000000   0.000000   7.324771  20.868661   1.000000   0.250000
  0.005025   0.358579   0.358579   0.036807   0.104865   7.339739  18.922513   1.000000   0.250000
  0.010050   0.358764   0.359106   0.073689   0.199951   9.362561  14.776342   1.000000   0.250000
  0.015075   0.359134   0.360111   0.120736   0.274202  12.696756   8.657727   1.000000   0.250000
  0.020101   0.359741   0.361489   0.184550   0.317715  14.922231   3.102175   1.000000   0.250000
  0.025126   0.360668   0.363085   0.259534   0.333304  15.719206  -0.958385   1.000000   0.250000
  0.030151   0.361973   0.364760   0.338523   0.328488  15.243358  -2.828765   1.000000   0.250000
  0.035176   0.363674   0.366411   0.415121   0.314273  13.568992  -2.227728   1.000000   0.250000
  0.040201   0.365760   0.367990   0.483305   0.303079  11.587434  -1.129099   1.000000   0.250000
  0.045226   0.368188   0.369513   0.541532   0.297405   9.801012  -0.608496   1.000000   0.250000
  0.050251   0.370909   0.371008   0.590782   0.294348   8.247954  -0.459543   1.000000   0.250000
  0.055276   0.373878   0.372487   0.632228   0.292039   6.971553  -0.350811   1.000000   0.250000
  0.060302   0.377056   0.373954   0.667267   0.290275   5.863782  -0.251772   1.000000   0.250000
  0.065327   0.380409   0.375413   0.696733   0.289010   4.788795  -0.235407   1.000000   0.250000
  0.070352   0.383910   0.376865   0.720796   0.287827   3.758439  -0.258500   1.000000   0.250000
  0.075377   0.387532   0.378312   0.739682   0.286528   2.876388  -0.217628   1.000000   0.250000
  0.080402   0.391249   0.379751   0.754136   0.285435   2.117719  -0.148950   1.000000   0.250000
  0.085427   0.395038   0.381186   0.764778   0.284686   1.385291  -0.133739   1.000000   0.250000
  0.090452   0.398881   0.382616   0.771739   0.284014   0.676059  -0.153204   1.000000   0.250000
  0.095477   0.402759   0.384043   0.775136   0.283244   0.069848  -0.129111   1.000000   0.250000
  0.100503   0.406655   0.385467   0.775487   0.282595  -0.435267  -0.077505   1.000000   0.250000
  0.105528   0.410552   0.386887   0.773300   0.282206  -0.916148  -0.062614   1.000000   0.250000
  0.110553   0.414438   0.388305   0.768696   0.281891  -1.387855  -0.078357   1.000000   0.250000
  0.115578   0.418300   0.389722   0.761722   0.281498  -1.790567  -0.065861   1.000000   0.250000
  0.120603   0.422128   0.391136   0.752725   0.281167  -2.110570  -0.027617   1.000000   0.250000
  0.125628   0.425911   0.392549   0.742119   0.281028  -2.408058  -0.013614   1.000000   0.250000
  0.130653   0.429640   0.393961   0.730019   0.280960  -2.705682  -0.026106   1.000000   0.250000
  0.135678   0.433308   0.395373   0.716423   0.280828  -2.959908  -0.021577   1.000000   0.250000
  0.140704   0.436909   0.396785   0.701546   0.280720  -3.146791   0.006270   1.000000   0.250000
  0.145729   0.440434   0.398195   0.685734   0.280751  -3.312277   0.019108   1.000000   0.250000
  0.150754   0.443880   0.399606   0.669089   0.280847  -3.483856   0.009398   1.000000   0.250000
  0.155779   0.447242   0.401017   0.651583   0.280895  -3.631213   0.008580   1.000000   0.250000
  0.160804   0.450516   0.402429   0.633336   0.280938  -3.723892   0.028365   1.000000   0.250000
  0.165829   0.453699   0.403840   0.614624   0.281080  -3.795960   0.039982   1.000000   0.250000
  0.170854   0.456787   0.405253   0.595549   0.281281  -3.877673   0.032639   1.000000   0.250000
  0.175879   0.459780   0.406666   0.576064   0.281445  -3.949450   0.028314   1.000000   0.250000
  0.180905   0.462675   0.408081   0.556214   0.281588  -3.977054   0.041852   1.000000   0.250000
  0.185930   0.465470   0.409496   0.536229   0.281798  -3.984434   0.052277   1.000000   0.250000
  0.190955   0.468165   0.410912   0.516207   0.282061  -4.003319   0.046943   1.000000   0.250000
  0.195980   0.470759   0.412329   0.496090   0.282296  -4.022869   0.040448   1.000000   0.250000
  0.201005   0.473251   0.413748   0.475876   0.282500  -4.006977   0.049182   1.000000   0.250000
  0.206030   0.475643   0.415167   0.455740   0.282747  -3.970970   0.058530   1.000000   0.250000
  0.211055   0.477933   0.416588   0.435786   0.283041  -3.947081   0.054908   1.000000   0.250000
  0.216080   0.480123   0.418010   0.415952   0.283317  -3.931638   0.047150   1.000000   0.250000
  0.221106   0.482213   0.419434   0.396192   0.283554  -3.888049   0.052160   1.000000   0.250000
  0.226131   0.484204   0.420859   0.376654   0.283816  -3.824223   0.060534   1.000000   0.250000
  0.231156   0.486097   0.422285   0.357438   0.284120  -3.772225   0.058362   1.000000   0.250000
  0.236181   0.487893   0.423713   0.338482   0.284413  -3.734306   0.049976   1.000000   0.250000
  0.241206   0.489594   0.425142   0.319717   0.284664  -3.674471   0.052098   1.000000   0.250000
  0.246231   0.491200   0.426573   0.301253   0.284926  -3.594064   0.059601   1.000000   0.250000
  0.251256   0.492714   0.428004   0.283193   0.285226  -3.524335   0.058620   1.000000   0.250000
  0.256281   0.494137   0.429438   0.265483   0.285520  -3.472542   0.049941   1.000000   0.250000
  0.261307   0.495472   0.430873   0.248030   0.285771  -3.404414   0.049729   1.000000   0.250000
  0.266332   0.496718   0.432309   0.230923   0.286021  -3.315225   0.056387   1.000000   0.250000
  0.271357   0.497878   0.433746   0.214264   0.286305  -3.234114   0.056213   1.000000   0.250000
  0.276382   0.498955   0.435185   0.198013   0.286587  -3.172753   0.047141   1.000000   0.250000
  0.281407   0.499950   0.436625   0.182070   0.286824  -3.101309   0.044773   1.000000   0.250000
  0.286432   0.500865   0.438066   0.166485   0.287049  -3.008558   0.050460   1.000000   0.250000
  0.291457   0.501701   0.439508   0.151367   0.287302  -2.917324   0.050285   1.000000   0.250000
  0.296482   0.502462   0.440952   0.136708   0.287555  -2.843512   0.039539   1.000000   0.250000
  0.301508   0.503149   0.442397   0.122416   0.287754  -2.770991   0.034063   1.000000   0.250000
  0.306533   0.503764   0.443843   0.108492   0.287925  -2.680528   0.038180   1.000000   0.250000
  0.311558   0.504309   0.445290   0.095022   0.288117  -2.575053   0.036382   1.000000   0.250000
  0.316583   0.504787   0.446738   0.082083   0.288300  -2.474671   0.020096   1.000000   0.250000
  0.321608   0.505199   0.448187   0.069648   0.288401  -2.406109   0.007328   1.000000   0.250000
  0.326633   0.505549   0.449636   0.057557   0.288438  -2.341157   0.007638   1.000000   0.250000
  0.331658   0.505839   0.451085   0.045793   0.288476  -2.228464   0.001412   1.000000   0.250000
  0.336683   0.506069   0.452535   0.034595   0.288483  -2.093239  -0.029326   1.000000   0.250000
  0.341709   0.506243   0.453985   0.024074   0.288336  -2.073571  -0.063804   1.000000   0.250000
  0.346734   0.506364   0.455434   0.013654   0.288015  -2.137321  -0.078348   1.000000   0.250000
  0.351759   0.506432   0.456881   0.002914   0.287621  -2.121683  -0.097796   1.000000   0.250000
  0.356784   0.506447   0.458326  -0.007747   0.287130  -2.074864  -0.166079   1.000000   0.250000
  0.361809   0.506408   0.459769  -0.018173   0.286295  -2.341342  -0.271230   1.000000   0.250000
  0.366834   0.506317   0.461208  -0.029939   0.284932  -2.874837  -0.353617   1.000000   0.250000
  0.371859   0.506166   0.462639  -0.044385   0.283155  -3.377655  -0.439939   1.000000   0.250000
  0.376884   0.505943   0.464062  -0.061357   0.280945  -4.034179  -0.646306   1.000000   0.250000
  0.381910   0.505635   0.465474  -0.081633   0.277696  -5.384218  -1.003192   1.000000   0.250000
  0.386935   0.505225   0.466870  -0.108689   0.272655  -7.171428  -1.359420   1.000000   0.250000
  0.391960   0.504678   0.468240  -0.144725   0.265824  -9.091460  -1.763526   1.000000   0.250000
  0.396985   0.503951   0.469576  -0.190410   0.256963 -11.797777  -2.554159   1.000000   0.250000
  0.402010   0.502994   0.470867  -0.249694   0.244128 -15.696247  -3.805388   1.000000   0.250000
  0.407035   0.501740   0.472094  -0.328567   0.225006 -19.602978  -5.050409   1.000000   0.250000
  0.412060   0.500089   0.473224  -0.427072   0.199628 -23.278586  -6.509042   1.000000   0.250000
  0.417085   0.497943   0.474227  -0.544047   0.166920 -27.986833  -9.185656   1.000000   0.250000
  0.422111   0.495208   0.475066  -0.684709   0.120753 -33.945528 -12.922397   1.000000   0.250000
  0.427136   0.491767   0.475673  -0.855285   0.055817 -39.132962 -15.949361   1.000000   0.250000
  0.432161   0.487470   0.475954  -1.051928  -0.024328 -42.787735 -18.650995   1.000000   0.250000
  0.437186   0.482184   0.475831  -1.266937  -0.118049 -43.900740 -23.347123   1.000000   0.250000
  0.442211   0.475817   0.475238  -1.487538  -0.235369 -40.736642 -30.369364   1.000000   0.250000
  0.447236   0.468342   0.474055  -1.692240  -0.387975 -35.984041 -35.874584   1.000000   0.250000
  0.452261   0.459839   0.472106  -1.873059  -0.568244 -31.728002 -38.022898   1.000000   0.250000
  0.457286   0.450427   0.469250  -2.032493  -0.759310 -20.873772 -36.639841   1.000000   0.250000
  0.462312   0.440212   0.465434  -2.137404  -0.943461   8.870154 -33.787207   1.000000   0.250000
  0.467337   0.429471   0.460693  -2.092832  -1.113242  49.459667 -33.719329   1.000000   0.250000
  0.472362   0.418955   0.455099  -1.844297  -1.282682  87.032417 -35.275145   1.000000   0.250000
  0.477387   0.409687   0.448654  -1.406959  -1.459939 115.505552 -28.086103   1.000000   0.250000
  0.482412   0.402617   0.441318  -0.826544  -1.601072 124.676345   2.873921   1.000000   0.250000
  0.487437   0.398464   0.433272  -0.200045  -1.586631 117.659814  47.493162   1.000000   0.250000
  0.492462   0.397458   0.425299   0.391196  -1.347977 107.073425  88.156430   1.000000   0.250000
  0.497487   0.399424   0.418526   0.929240  -0.904991  91.225364 118.257086   1.000000   0.250000
  0.502513   0.404095   0.413977   1.387738  -0.310631  61.325654 126.279532   1.000000   0.250000
  0.507538   0.411068   0.412416   1.695900   0.323923  25.218640 114.814467   1.000000   0.250000
  0.512563   0.419590   0.414044   1.822623   0.900866  -5.513786  99.655328   1.000000   0.250000
  0.517588   0.428749   0.418571   1.794917   1.401634 -28.453879  82.332424   1.000000   0.250000
  0.522613   0.437768   0.425614   1.651936   1.815355 -40.074022  55.861523   1.000000   0.250000
  0.527638   0.446069   0.434736   1.450564   2.096059 -42.707882  24.304375   1.000000   0.250000
  0.532663   0.453358   0.445269   1.235957   2.218188 -43.852371  -4.185239   1.000000   0.250000
  0.537688   0.459569   0.456415   1.015599   2.197157 -44.728676 -27.932232   1.000000   0.250000
  0.542714   0.464673   0.467458   0.790792   2.056770 -42.410374 -41.660654   1.000000   0.250000
  0.547739   0.468647   0.477794   0.577680   1.847425 -36.976405 -43.304260   1.000000   0.250000
  0.552764   0.471550   0.487077   0.391874   1.629821 -31.458873 -40.853486   1.000000   0.250000
  0.557789   0.473519   0.495267   0.233793   1.424533 -26.375486 -38.613251   1.000000   0.250000
  0.562814   0.474694   0.502425   0.101256   1.230501 -21.267632 -36.145179   1.000000   0.250000
  0.567839   0.475202   0.508608  -0.005614   1.048871 -16.720379 -32.502165   1.000000   0.250000
  0.572864   0.475174   0.513879  -0.089634   0.885548 -13.039414 -28.267692   1.000000   0.250000
  0.577889   0.474724   0.518329  -0.155157   0.743503  -9.762244 -23.650862   1.000000   0.250000
  0.582915   0.473944   0.522066  -0.204222   0.624634  -6.788631 -18.664503   1.000000   0.250000
  0.587940   0.472918   0.525204  -0.238335   0.530845  -4.547260 -14.428779   1.000000   0.250000
  0.592965   0.471720   0.527872  -0.261185   0.458340  -2.951536 -11.307113   1.000000   0.250000
  0.597990   0.470408   0.530175  -0.276016   0.401522  -1.715192  -8.602031   1.000000   0.250000
  0.603015   0.469021   0.532193  -0.284635   0.358297  -0.866886  -6.043071   1.000000   0.250000
  0.608040   0.467590   0.533993  -0.288991   0.327930  -0.373096  -4.105628   1.000000   0.250000
  0.613065   0.466138   0.535641  -0.290866   0.307299   0.010111  -2.823830   1.000000   0.250000
  0.618090   0.464677   0.537185  -0.290815   0.293110   0.298908  -1.839608   1.000000   0.250000
  0.623116   0.463215   0.538658  -0.289313   0.283864   0.360511  -1.067088   1.000000   0.250000
  0.628141   0.461761   0.540085  -0.287501   0.278502   0.296197  -0.572661   1.000000   0.250000
  0.633166   0.460317   0.541484  -0.286013   0.275624   0.304817  -0.246040   1.000000   0.250000
  0.638191   0.458879   0.542869  -0.284481   0.274388   0.333154   0.001512   1.000000   0.250000
  0.643216   0.457450   0.544248  -0.282807   0.274395   0.264303   0.135874   1.000000   0.250000
  0.648241   0.456029   0.545627  -0.281479   0.275078   0.156938   0.172466   1.000000   0.250000
  0.653266   0.454614   0.547009  -0.280690   0.275945   0.123209   0.206731   1.000000   0.250000
  0.658291   0.453204   0.548396  -0.280071   0.276983   0.118838   0.243478   1.000000   0.250000
  0.663317   0.451796   0.549788  -0.279474   0.278207   0.071826   0.237440   1.000000   0.250000
  0.668342   0.450392   0.551186  -0.279113   0.279400   0.012663   0.202263   1.000000   0.250000
  0.673367   0.448989   0.552590  -0.279049   0.280417   0.000891   0.188619   1.000000   0.250000
  0.678392   0.447587   0.553999  -0.279045   0.281364   0.006254   0.186631   1.000000   0.250000
  0.683417   0.446185   0.555413  -0.279013   0.282302  -0.016315   0.167793   1.000000   0.250000
  0.688442   0.444783   0.556831  -0.279095   0.283145  -0.046321   0.141439   1.000000   0.250000
  0.693467   0.443380   0.558254  -0.279328   0.283856  -0.042785   0.132200   1.000000   0.250000
  0.698492   0.441977   0.559680  -0.279543   0.284520  -0.028391   0.129220   1.000000   0.250000
  0.703518   0.440572   0.561110  -0.279686   0.285170  -0.039753   0.115139   1.000000   0.250000
  0.708543   0.439166   0.562543  -0.279886   0.285749  -0.061151   0.098977   1.000000   0.250000
  0.713568   0.437760   0.563979  -0.280193   0.286246  -0.053023   0.096413   1.000000   0.250000
  0.718593   0.436352   0.565418  -0.280459   0.286730  -0.033331   0.096557   1.000000   0.250000
  0.723618   0.434943   0.566859  -0.280627   0.287216  -0.039653   0.085706   1.000000   0.250000
  0.728643   0.433532   0.568302  -0.280826   0.287646  -0.061601   0.073527   1.000000   0.250000
  0.733668   0.432121   0.569747  -0.281136   0.288016  -0.054173   0.074415   1.000000   0.250000
  0.738693   0.430709   0.571195  -0.281408   0.288390  -0.030372   0.076869   1.000000   0.250000
  0.743719   0.429294   0.572644  -0.281561   0.288776  -0.032923   0.067139   1.000000   0.250000
  0.748744   0.427879   0.574095  -0.281726   0.289113  -0.058929   0.055824   1.000000   0.250000
  0.753769   0.426464   0.575548  -0.282022   0.289394  -0.054649   0.058763   1.000000   0.250000
  0.758794   0.425047   0.577002  -0.282297   0.289689  -0.026304   0.063054   1.000000   0.250000
  0.763819   0.423628   0.578458  -0.282429   0.290006  -0.024312   0.053265   1.000000   0.250000
  0.768844   0.422209   0.579915  -0.282551   0.290274  -0.056341   0.041514   1.000000   0.250000
  0.773869   0.420789   0.581374  -0.282834   0.290482  -0.057148   0.046449   1.000000   0.250000
  0.778894   0.419368   0.582833  -0.283121   0.290716  -0.023013   0.052669   1.000000   0.250000
  0.783920   0.417945   0.584294  -0.283237   0.290980  -0.014616   0.041838   1.000000   0.250000
  0.788945   0.416522   0.585757  -0.283310   0.291191  -0.054551   0.028699   1.000000   0.250000
  0.793970   0.415098   0.587220  -0.283585   0.291335  -0.062885   0.036227   1.000000   0.250000
  0.798995   0.413673   0.588684  -0.283901   0.291517  -0.021236   0.044939   1.000000   0.250000
  0.804020   0.412246   0.590149  -0.284007   0.291743  -0.003578   0.032040   1.000000   0.250000
  0.809045   0.410819   0.591615  -0.284025   0.291904  -0.053495   0.016356   1.000000   0.250000
  0.814070   0.409392   0.593082  -0.284294   0.291986  -0.072790   0.027441   1.000000   0.250000
  0.819095   0.407963   0.594549  -0.284660   0.292124  -0.021588   0.039654   1.000000   0.250000
  0.824121   0.406533   0.596017  -0.284768   0.292323   0.009360   0.023483   1.000000   0.250000
  0.829146   0.405102   0.597486  -0.284721   0.292441  -0.052656   0.003628   1.000000   0.250000
  0.834171   0.403671   0.598955  -0.284986   0.292459  -0.087555   0.019515   1.000000   0.250000
  0.839196   0.402239   0.600425  -0.285426   0.292557  -0.024769   0.036803   1.000000   0.250000
  0.844221   0.400805   0.601895  -0.285550   0.292742   0.024616   0.016175   1.000000   0.250000
  0.849246   0.399370   0.603366  -0.285427   0.292824  -0.051129  -0.009994   1.000000   0.250000
  0.854271   0.397936   0.604838  -0.285684   0.292773  -0.107400   0.012014   1.000000   0.250000
  0.859296   0.396500   0.606309  -0.286223   0.292834  -0.031430   0.036479   1.000000   0.250000
  0.864322   0.395061   0.607781  -0.286381   0.293017   0.042491   0.010336   1.000000   0.250000
  0.869347   0.393622   0.609253  -0.286168   0.293069  -0.047424  -0.024786   1.000000   0.250000
  0.874372   0.392184   0.610726  -0.286406   0.292944  -0.131472   0.004475   1.000000   0.250000
  0.879397   0.390745   0.612198  -0.287067   0.292967  -0.041864   0.038673   1.000000   0.250000
  0.884422   0.389303   0.613670  -0.287277   0.293161   0.062721   0.006539   1.000000   0.250000
  0.889447   0.387859   0.615143  -0.286962   0.293194  -0.039805  -0.040355   1.000000   0.250000
  0.894472   0.386417   0.616616  -0.287162   0.292991  -0.157773  -0.003335   1.000000   0.250000
  0.899497   0.384974   0.618089  -0.287955   0.292975  -0.055880   0.043261   1.000000   0.250000
  0.904523   0.383527   0.619561  -0.288235   0.293192   0.084543   0.005434   1.000000   0.250000
  0.909548   0.382078   0.621034  -0.287811   0.293219  -0.026718  -0.055832   1.000000   0.250000
  0.914573   0.380632   0.622508  -0.287945   0.292939  -0.183275  -0.011506   1.000000   0.250000
  0.919598   0.379185   0.623980  -0.288866   0.292881  -0.072560   0.049827   1.000000   0.250000
  0.924623   0.377734   0.625452  -0.289230   0.293131   0.106588   0.007627   1.000000   0.250000
  0.929648   0.376280   0.626925  -0.288695   0.293170  -0.007298  -0.069934   1.000000   0.250000
  0.934673   0.374830   0.628398  -0.288732   0.292818  -0.204840  -0.019953   1.000000   0.250000
  0.939698   0.373379   0.629869  -0.289761   0.292718  -0.090775   0.057706   1.000000   0.250000
  0.944724   0.371922   0.631340  -0.290217   0.293008   0.127277   0.013249   1.000000   0.250000
  0.949749   0.370464   0.632813  -0.289578   0.293075   0.017692  -0.081413   1.000000   0.250000
  0.954774   0.369009   0.634285  -0.289489   0.292665  -0.221992  -0.027681   1.000000   0.250000
  0.959799   0.367554   0.635756  -0.290604   0.292526  -0.114852   0.068971   1.000000   0.250000
  0.964824   0.366094   0.637226  -0.291181   0.292873   0.133380   0.029119   1.000000   0.250000
  0.969849   0.364631   0.638698  -0.290511   0.293019   0.032365  -0.076941   1.000000   0.250000
  0.974874   0.363171   0.640170  -0.290348   0.292633  -0.243518  -0.013538   1.000000   0.250000
  0.979899   0.361712   0.641641  -0.291572   0.292565  -0.146148   0.132160   1.000000   0.250000
  0.984925   0.360247   0.643111  -0.292307   0.293229   0.173173   0.171948   1.000000   0.250000
  0.989950   0.358778   0.644584  -0.291436   0.294093   0.314999   0.125451   1.000000   0.250000
  0.994975   0.357313   0.646062  -0.289854   0.294723   0.426520   0.144093   1.000000   0.250000
  1.000000   0.355857   0.647543  -0.287710   0.295447   0.910180   0.199031   1.000000   0.250000