  0.000000   0.358579   0.358579   0.000000   0.000000  19.914237  21.343318   0.062500   0.687500
  0.005025   0.358579   0.358579   0.100069   0.107250  17.527353  19.239656   0.062500   0.687500
  0.010050   0.359082   0.359118   0.188144   0.203929  13.363686  14.807931   0.062500   0.687500
  0.015075   0.360027   0.360143   0.255297   0.278339   8.216576   8.404862   0.062500   0.687500
  0.020101   0.361310   0.361542   0.296593   0.320582   4.096066   2.712607   0.062500   0.687500
  0.025126   0.362801   0.363153   0.317176   0.334213   1.195189  -1.392831   0.062500   0.687500
  0.030151   0.364395   0.364832   0.323182   0.327214  -0.371897  -3.280637   0.062500   0.687500
  0.035176   0.366019   0.366476   0.321313   0.310729  -0.400063  -2.671759   0.062500   0.687500
  0.040201   0.367633   0.368038   0.319302   0.297303   0.005374  -1.538202   0.062500   0.687500
  0.045226   0.369238   0.369532   0.319329   0.289574   0.140564  -0.970920   0.062500   0.687500
  0.050251   0.370842   0.370987   0.320036   0.284695   0.114986  -0.770684   0.062500   0.687500
  0.055276   0.372450   0.372417   0.320614   0.280822   0.129177  -0.612934   0.062500   0.687500
  0.060302   0.374062   0.373829   0.321263   0.277742   0.131520  -0.473387   0.062500   0.687500
  0.065327   0.375676   0.375224   0.321924   0.275363   0.056145  -0.421051   0.062500   0.687500
  0.070352   0.377294   0.376608   0.322206   0.273247  -0.026408  -0.407080   0.062500   0.687500
  0.075377   0.378913   0.377981   0.322073   0.271201  -0.030356  -0.330766   0.062500   0.687500
  0.080402   0.380531   0.379344   0.321921   0.269539  -0.027429  -0.234237   0.062500   0.687500
  0.085427   0.382149   0.380698   0.321783   0.268362  -0.080269  -0.195183   0.062500   0.687500
  0.090452   0.383766   0.382047   0.321379   0.267382  -0.138849  -0.189022   0.062500   0.687500
  0.095477   0.385381   0.383390   0.320682   0.266432  -0.138379  -0.139653   0.062500   0.687500
  0.100503   0.386993   0.384730   0.319986   0.265730  -0.132209  -0.069489   0.062500   0.687500
  0.105528   0.388601   0.386065   0.319322   0.265381  -0.168612  -0.039733   0.062500   0.687500
  0.110553   0.390205   0.387398   0.318475   0.265181  -0.209171  -0.038375   0.062500   0.687500
  0.115578   0.391806   0.388731   0.317424   0.264988  -0.204723  -0.008077   0.062500   0.687500
  0.120603   0.393401   0.390062   0.316395   0.264948  -0.196534   0.041984   0.062500   0.687500
  0.125628   0.394990   0.391394   0.315407   0.265158  -0.221627   0.064272   0.062500   0.687500
  0.130653   0.396575   0.392726   0.314294   0.265481  -0.249051   0.062563   0.062500   0.687500
  0.135678   0.398155   0.394060   0.313042   0.265796  -0.241266   0.079455   0.062500   0.687500
  0.140704   0.399728   0.395396   0.311829   0.266195  -0.231846   0.114322   0.062500   0.687500
  0.145729   0.401295   0.396734   0.310664   0.266770  -0.249316   0.130690   0.062500   0.687500
  0.150754   0.402856   0.398074   0.309412   0.267426  -0.267392   0.127121   0.062500   0.687500
  0.155779   0.404411   0.399418   0.308068   0.268065  -0.256925   0.134755   0.062500   0.687500
  0.160804   0.405959   0.400765   0.306777   0.268742  -0.246730   0.158226   0.062500   0.687500
  0.165829   0.407500   0.402116   0.305537   0.269537  -0.259143   0.169995   0.062500   0.687500
  0.170854   0.409036   0.403470   0.304235   0.270392  -0.270757   0.165406   0.062500   0.687500
  0.175879   0.410565   0.404829   0.302874   0.271223  -0.258267   0.166753   0.062500   0.687500
  0.180905   0.412087   0.406192   0.301576   0.272061  -0.247586   0.181741   0.062500   0.687500
  0.185930   0.413602   0.407559   0.300332   0.272974  -0.256765   0.189974   0.062500   0.687500
  0.190955   0.415111   0.408931   0.299042   0.273929  -0.264103   0.184948   0.062500   0.687500
  0.195980   0.416614   0.410307   0.297715   0.274858  -0.250171   0.182181   0.062500   0.687500
  0.201005   0.418110   0.411688   0.296458   0.275774  -0.239119   0.190944   0.062500   0.687500
  0.206030   0.419600   0.413074   0.295256   0.276733  -0.246262   0.196532   0.062500   0.687500
  0.211055   0.421083   0.414465   0.294019   0.277721  -0.250925   0.191456   0.062500   0.687500
  0.216080   0.422561   0.415860   0.292758   0.278683  -0.236083   0.186088   0.062500   0.687500
  0.221106   0.424032   0.417261   0.291571   0.279618  -0.224736   0.190345   0.062500   0.687500
  0.226131   0.425497   0.418666   0.290442   0.280574  -0.230658   0.193977   0.062500   0.687500
  0.231156   0.426957   0.420076   0.289283   0.281549  -0.233757   0.189053   0.062500   0.687500
  0.236181   0.428411   0.421491   0.288108   0.282499  -0.218386   0.182193   0.062500   0.687500
  0.241206   0.429858   0.422910   0.287011   0.283415  -0.206798   0.183495   0.062500   0.687500
  0.246231   0.431301   0.424334   0.285972   0.284337  -0.212000   0.185940   0.062500   0.687500
  0.251256   0.432738   0.425763   0.284906   0.285271  -0.214083   0.181291   0.062500   0.687500
  0.256281   0.434169   0.427197   0.283831   0.286182  -0.198291   0.174071   0.062500   0.687500
  0.261307   0.435596   0.428635   0.282834   0.287057  -0.186841   0.174987   0.062500   0.687500
  0.266332   0.437017   0.430077   0.281895   0.287936  -0.192029   0.178382   0.062500   0.687500
  0.271357   0.438434   0.431524   0.280930   0.288833  -0.193027   0.175213   0.062500   0.687500
  0.276382   0.439845   0.432976   0.279960   0.289713  -0.176616   0.171318   0.062500   0.687500
  0.281407   0.441252   0.434432   0.279073   0.290574  -0.167737   0.180596   0.062500   0.687500
  0.286432   0.442654   0.435892   0.278230   0.291481  -0.176339   0.194414   0.062500   0.687500
  0.291457   0.444052   0.437356   0.277344   0.292458  -0.177190   0.201515   0.062500   0.687500
  0.296482   0.445446   0.438826   0.276453   0.293471  -0.162090   0.218301   0.062500   0.687500
  0.301508   0.446836   0.440301   0.275639   0.294568  -0.167848   0.268558   0.062500   0.687500
  0.306533   0.448221   0.441781   0.274795   0.295918  -0.196583   0.328906   0.062500   0.687500
  0.311558   0.449601   0.443268   0.273807   0.297570  -0.209423   0.385080   0.062500   0.687500
  0.316583   0.450977   0.444763   0.272755   0.299505  -0.213834   0.488947   0.062500   0.687500
  0.321608   0.452348   0.446268   0.271681   0.301962  -0.281249   0.683118   0.062500   0.687500
  0.326633   0.453713   0.447786   0.270267   0.305395  -0.391494   0.896518   0.062500   0.687500
  0.331658   0.455071   0.449320   0.268300   0.309900  -0.473576   1.117978   0.062500   0.687500
  0.336683   0.456419   0.450878   0.265920   0.315518  -0.577282   1.492018   0.062500   0.687500
  0.341709   0.457756   0.452463   0.263019   0.323017  -0.849103   2.077930   0.062500   0.687500
  0.346734   0.459078   0.454087   0.258752   0.333458  -1.210100   2.673340   0.062500   0.687500
  0.351759   0.460378   0.455762   0.252671   0.346892  -1.529061   3.288963   0.062500   0.687500
  0.356784   0.461648   0.457505   0.244988   0.363419  -1.950310   4.254614   0.062500   0.687500
  0.361809   0.462879   0.459332   0.235188   0.384798  -2.740479   5.613115   0.062500   0.687500
  0.366834   0.464060   0.461265   0.221417   0.413004  -3.684494   6.885682   0.062500   0.687500
  0.371859   0.465173   0.463341   0.202902   0.447605  -4.553551   8.111995   0.062500   0.687500
  0.376884   0.466193   0.465590   0.180021   0.488368  -5.638394   9.840280   0.062500   0.687500
  0.381910   0.467097   0.468044   0.151682   0.537825  -7.338599  12.039201   0.062500   0.687500
  0.386935   0.467860   0.470747   0.114805   0.598322  -9.219831  13.914071   0.062500   0.687500
  0.391960   0.468437   0.473753   0.068476   0.668240 -10.911561  15.488546   0.062500   0.687500
  0.396985   0.468781   0.477111   0.013645   0.746070 -12.752955  17.215553   0.062500   0.687500
  0.402010   0.468849   0.480860  -0.050438   0.832578 -15.165603  18.867879   0.062500   0.687500
  0.407035   0.468596   0.485044  -0.126645   0.927389 -17.670085  19.916361   0.062500   0.687500
  0.412060   0.467959   0.489704  -0.215438   1.027469 -19.809256  20.448454   0.062500   0.687500
  0.417085   0.466877   0.494867  -0.314979   1.130222 -21.475199  20.015673   0.062500   0.687500
  0.422111   0.465294   0.500548  -0.422914   1.230821 -22.622897  17.753697   0.062500   0.687500
  0.427136   0.463169   0.506733  -0.536594   1.320034 -23.534032  14.698711   0.062500   0.687500
  0.432161   0.460472   0.513366  -0.654852   1.393895 -24.278746  11.771109   0.062500   0.687500
  0.437186   0.457182   0.520370  -0.776853   1.453044 -23.682219   7.402043   0.062500   0.687500
  0.442211   0.453278   0.527672  -0.895856   1.490240 -20.116875  -0.520793   0.062500   0.687500
  0.447236   0.448776   0.535160  -0.996943   1.487623 -15.374751  -9.549294   0.062500   0.687500
  0.452261   0.443767   0.542635  -1.074201   1.439638 -11.575805 -16.984769   0.062500   0.687500
  0.457286   0.438369   0.549870  -1.132370   1.354289  -7.366315 -23.144435   0.062500   0.687500
  0.462312   0.432677   0.556676  -1.169393   1.237965   0.979623 -29.896510   0.062500   0.687500
  0.467337   0.426801   0.562897  -1.164470   1.087735  12.264026 -37.893392   0.062500   0.687500
  0.472362   0.420950   0.568363  -1.102844   0.897321  22.256760 -46.163773   0.062500   0.687500
  0.477387   0.415408   0.572872  -0.991003   0.665348  29.578254 -52.638837   0.062500   0.687500
  0.482412   0.410428   0.576215  -0.842373   0.400838  35.985650 -52.677122   0.062500   0.687500
  0.487437   0.406195   0.578229  -0.661545   0.136135  44.156038 -47.150938   0.062500   0.687500
  0.492462   0.402871   0.578914  -0.439661  -0.100798  53.539589 -42.016513   0.062500   0.687500
  0.497487   0.400662   0.578407  -0.170624  -0.311931  61.180563 -39.453388   0.062500   0.687500
  0.502513   0.399804   0.576839   0.136869  -0.510224  61.671491 -36.088966   0.062500   0.687500
  0.507538   0.400492   0.574275   0.446769  -0.691571  55.926109 -27.920122   0.062500   0.687500
  0.512563   0.402737   0.570800   0.727797  -0.831870  50.546166 -17.028866   0.062500   0.687500
  0.517588   0.406394   0.566620   0.981792  -0.917440  47.545286  -6.048674   0.062500   0.687500
  0.522613   0.411328   0.562010   1.220707  -0.947834  42.960276   2.603688   0.062500   0.687500
  0.527638   0.417462   0.557247   1.436582  -0.934751  32.979032   7.980113   0.062500   0.687500
  0.532663   0.424680   0.552550   1.602302  -0.894651  20.696631  12.337631   0.062500   0.687500
  0.537688   0.432732   0.548054   1.706302  -0.832654   9.285513  17.352065   0.062500   0.687500
  0.542714   0.441308   0.543869   1.752971  -0.745443   0.417963  21.819408   0.062500   0.687500
  0.547739   0.450117   0.540124   1.755072  -0.635800  -6.258549  23.173011   0.062500   0.687500
  0.552764   0.458936   0.536929   1.723622  -0.519356 -12.555849  22.464963   0.062500   0.687500
  0.557789   0.467597   0.534319   1.660529  -0.406469 -19.015411  21.527232   0.062500   0.687500
  0.562814   0.475941   0.532276   1.564977  -0.298295 -23.958201  20.572095   0.062500   0.687500
  0.567839   0.483805   0.530777   1.444587  -0.194920 -25.611355  18.871671   0.062500   0.687500
  0.572864   0.491064   0.529798   1.315890  -0.100090 -25.621315  16.582276   0.062500   0.687500
  0.577889   0.497677   0.529295   1.187143  -0.016764 -25.532396  14.150703   0.062500   0.687500
  0.582915   0.503643   0.529211   1.058817   0.054357 -24.996444  11.817257   0.062500   0.687500
  0.587940   0.508964   0.529484   0.933210   0.113739 -23.165708   9.829948   0.062500   0.687500
  0.592965   0.513653   0.530055   0.816802   0.163135 -20.664943   8.127158   0.062500   0.687500
  0.597990   0.517758   0.530875   0.712961   0.203974 -18.148497   6.485329   0.062500   0.687500
  0.603015   0.521340   0.531900   0.621765   0.236562 -15.682718   4.920343   0.062500   0.687500
  0.608040   0.524464   0.533089   0.542959   0.261287 -13.302090   3.744232   0.062500   0.687500
  0.613065   0.527193   0.534402   0.476116   0.280102 -11.097772   2.922474   0.062500   0.687500
  0.618090   0.529585   0.535809   0.420350   0.294787  -9.019223   2.201304   0.062500   0.687500
  0.623116   0.531698   0.537291   0.375019   0.305851  -7.099949   1.524776   0.062500   0.687500
  0.628141   0.533582   0.538828   0.339342   0.313513  -5.570471   1.046868   0.062500   0.687500
  0.633166   0.535288   0.540403   0.311350   0.318774  -4.378507   0.757802   0.062500   0.687500
  0.638191   0.536852   0.542005   0.289348   0.322581  -3.316177   0.524457   0.062500   0.687500
  0.643216   0.538306   0.543626   0.272684   0.325217  -2.375280   0.305670   0.062500   0.687500
  0.648241   0.539676   0.545260   0.260749   0.326753  -1.705459   0.157891   0.062500   0.687500
  0.653266   0.540987   0.546902   0.252179   0.327546  -1.245271   0.083132   0.062500   0.687500
  0.658291   0.542254   0.548548   0.245921   0.327964  -0.849603   0.028524   0.062500   0.687500
  0.663317   0.543490   0.550197   0.241651   0.328107  -0.507639  -0.027338   0.062500   0.687500
  0.668342   0.544704   0.551845   0.239100   0.327970  -0.291951  -0.064274   0.062500   0.687500
  0.673367   0.545906   0.553493   0.237633   0.327647  -0.168627  -0.075446   0.062500   0.687500
  0.678392   0.547100   0.555140   0.236786   0.327268  -0.063007  -0.080575   0.062500   0.687500
  0.683417   0.548290   0.556784   0.236469   0.326863   0.035019  -0.091306   0.062500   0.687500
  0.688442   0.549478   0.558427   0.236645   0.326404   0.087733  -0.098670   0.062500   0.687500
  0.693467   0.550667   0.560067   0.237086   0.325908   0.100201  -0.095159   0.062500   0.687500
  0.698492   0.551858   0.561705   0.237589   0.325430   0.111139  -0.089875   0.062500   0.687500
  0.703518   0.553053   0.563340   0.238148   0.324978   0.134935  -0.090599   0.062500   0.687500
  0.708543   0.554249   0.564973   0.238826   0.324523   0.146849  -0.091262   0.062500   0.687500
  0.713568   0.555449   0.566604   0.239564   0.324065   0.133738  -0.084955   0.062500   0.687500
  0.718593   0.556653   0.568232   0.240236   0.323638   0.120792  -0.078268   0.062500   0.687500
  0.723618   0.557860   0.569859   0.240843   0.323244   0.127595  -0.077684   0.062500   0.687500
  0.728643   0.559071   0.571483   0.241484   0.322854   0.134376  -0.077354   0.062500   0.687500
  0.733668   0.560284   0.573105   0.242159   0.322465   0.118212  -0.070597   0.062500   0.687500
  0.738693   0.561501   0.574726   0.242753   0.322111   0.100355  -0.064140   0.062500   0.687500
  0.743719   0.562721   0.576345   0.243258   0.321788   0.105021  -0.064363   0.062500   0.687500
  0.748744   0.563943   0.577962   0.243786   0.321465   0.114311  -0.064511   0.062500   0.687500
  0.753769   0.565168   0.579577   0.244360   0.321141   0.098750  -0.057496   0.062500   0.687500
  0.758794   0.566396   0.581191   0.244856   0.320852   0.079221  -0.051387   0.062500   0.687500
  0.763819   0.567627   0.582803   0.245254   0.320594   0.084833  -0.053135   0.062500   0.687500
  0.768844   0.568859   0.584414   0.245681   0.320327   0.098289  -0.054181   0.062500   0.687500
  0.773869   0.570094   0.586024   0.246174   0.320054   0.083183  -0.046446   0.062500   0.687500
  0.778894   0.571331   0.587632   0.246592   0.319821   0.061396  -0.040485   0.062500   0.687500
  0.783920   0.572570   0.589239   0.246901   0.319617   0.068470  -0.044412   0.062500   0.687500
  0.788945   0.573811   0.590845   0.247245   0.319394   0.087305  -0.046638   0.062500   0.687500
  0.793970   0.575053   0.592450   0.247684   0.319160   0.072175  -0.037321   0.062500   0.687500
  0.798995   0.576298   0.594054   0.248046   0.318972   0.046556  -0.031083   0.062500   0.687500
  0.804020   0.577544   0.595657   0.248280   0.318816   0.055046  -0.038022   0.062500   0.687500
  0.809045   0.578792   0.597259   0.248557   0.318625   0.081028  -0.041875   0.062500   0.687500
  0.814070   0.580041   0.598860   0.248964   0.318415   0.065654  -0.029782   0.062500   0.687500
  0.819095   0.581292   0.600460   0.249294   0.318265   0.034017  -0.022597   0.062500   0.687500
  0.824121   0.582545   0.602060   0.249465   0.318151   0.043473  -0.033691   0.062500   0.687500
  0.829146   0.583798   0.603658   0.249684   0.317982   0.078997  -0.039984   0.062500   0.687500
  0.834171   0.585053   0.605256   0.250080   0.317781   0.063637  -0.023588   0.062500   0.687500
  0.839196   0.586310   0.606853   0.250400   0.317663   0.023313  -0.014402   0.062500   0.687500
  0.844221   0.587568   0.608449   0.250517   0.317590   0.032707  -0.030960   0.062500   0.687500
  0.849246   0.588827   0.610045   0.250682   0.317435   0.080614  -0.040957   0.062500   0.687500
  0.854271   0.590086   0.611640   0.251087   0.317229   0.066200  -0.018537   0.062500   0.687500
  0.859296   0.591348   0.613235   0.251420   0.317136   0.014129  -0.005889   0.062500   0.687500
  0.864322   0.592612   0.614828   0.251491   0.317106   0.021550  -0.029307   0.062500   0.687500
  0.869347   0.593875   0.616422   0.251599   0.316959   0.084661  -0.044799   0.062500   0.687500
  0.874372   0.595140   0.618015   0.252024   0.316734   0.073055  -0.014664   0.062500   0.687500
  0.879397   0.596406   0.619606   0.252391   0.316660   0.006352   0.003365   0.062500   0.687500
  0.884422   0.597674   0.621197   0.252423   0.316677   0.008951  -0.027958   0.062500   0.687500
  0.889447   0.598943   0.622789   0.252468   0.316537   0.089381  -0.051113   0.062500   0.687500
  0.894472   0.600212   0.624379   0.252917   0.316280   0.083435  -0.011999   0.062500   0.687500
  0.899497   0.601482   0.625969   0.253337   0.316219  -0.000019   0.013613   0.062500   0.687500
  0.904523   0.602756   0.627558   0.253337   0.316288  -0.005868  -0.026065   0.062500   0.687500
  0.909548   0.604029   0.629147   0.253307   0.316157   0.092590  -0.059198   0.062500   0.687500
  0.914573   0.605302   0.630736   0.253772   0.315859   0.095949  -0.010668   0.062500   0.687500
  0.919598   0.606577   0.632323   0.254254   0.315806  -0.004886   0.024741   0.062500   0.687500
  0.924623   0.607854   0.633910   0.254230   0.315930  -0.023082  -0.022778   0.062500   0.687500
  0.929648   0.609132   0.635498   0.254114   0.315816   0.092234  -0.068005   0.062500   0.687500
  0.934673   0.610409   0.637085   0.254577   0.315474   0.108938  -0.010745   0.062500   0.687500
  0.939698   0.611688   0.638670   0.255125   0.315420  -0.008094   0.036369   0.062500   0.687500
  0.944724   0.612970   0.640255   0.255084   0.315603  -0.042179  -0.017601   0.062500   0.687500
  0.949749   0.614252   0.641841   0.254872   0.315514   0.087048  -0.076356   0.062500   0.687500
  0.954774   0.615533   0.643427   0.255310   0.315131   0.120775  -0.011399   0.062500   0.687500
  0.959799   0.616816   0.645010   0.255916   0.315073  -0.009966   0.050692   0.062500   0.687500
  0.964824   0.618102   0.646593   0.255866   0.315328  -0.063907  -0.003779   0.062500   0.687500
  0.969849   0.619388   0.648178   0.255545   0.315309   0.071354  -0.072349   0.062500   0.687500
  0.974874   0.620672   0.649762   0.255904   0.314945   0.116173   0.004437   0.062500   0.687500
  0.979899   0.621958   0.651345   0.256488   0.314968  -0.051520   0.104931   0.062500   0.687500
  0.984925   0.623247   0.652928   0.256229   0.315495  -0.206115   0.102702   0.062500   0.687500
  0.989950   0.624534   0.654513   0.255193   0.316011  -0.217347   0.053556   0.062500   0.687500
  0.994975   0.625817   0.656101   0.254101   0.316280  -0.276593   0.056541   0.062500   0.687500
  1.000000   0.627093   0.657691   0.252711   0.316564  -0.510644   0.048019   0.062500   0.687500