   0.000000    0.358579    0.358579    0.000000    0.000000   19.914217   21.343209    0.062500    0.062500
   0.005025    0.358579    0.358579    0.100069    0.107250   17.527347   19.239597    0.062500    0.062500
   0.010050    0.359082    0.359118    0.188144    0.203929   13.363694   14.807935    0.062500    0.062500
   0.015075    0.360027    0.360143    0.255296    0.278338    8.216590    8.404913    0.062500    0.062500
   0.020101    0.361310    0.361542    0.296593    0.320582    4.096078    2.712669    0.062500    0.062500
   0.025126    0.362801    0.363153    0.317176    0.334213    1.195195   -1.392777    0.062500    0.062500
   0.030151    0.364395    0.364832    0.323182    0.327214   -0.371894   -3.280596    0.062500    0.062500
   0.035176    0.366019    0.366476    0.321313    0.310729   -0.400057   -2.671725    0.062500    0.062500
   0.040201    0.367633    0.368038    0.319303    0.297304    0.005382   -1.538170    0.062500    0.062500
   0.045226    0.369238    0.369532    0.319330    0.289574    0.140574   -0.970890    0.062500    0.062500
   0.050251    0.370842    0.370987    0.320036    0.284696    0.114994   -0.770664    0.062500    0.062500
   0.055276    0.372450    0.372417    0.320614    0.280823    0.129181   -0.612925    0.062500    0.062500
   0.060302    0.374062    0.373829    0.321263    0.277742    0.131522   -0.473385    0.062500    0.062500
   0.065327    0.375676    0.375224    0.321924    0.275364    0.056146   -0.421053    0.062500    0.062500
   0.070352    0.377294    0.376608    0.322206    0.273248   -0.026408   -0.407083    0.062500    0.062500
   0.075377    0.378913    0.377981    0.322073    0.271202   -0.030357   -0.330770    0.062500    0.062500
   0.080402    0.380531    0.379344    0.321921    0.269540   -0.027430   -0.234242    0.062500    0.062500
   0.085427    0.382149    0.380698    0.321783    0.268363   -0.080270   -0.195188    0.062500    0.062500
   0.090452    0.383766    0.382047    0.321380    0.267382   -0.138850   -0.189027    0.062500    0.062500
   0.095477    0.385381    0.383390    0.320682    0.266432   -0.138381   -0.139658    0.062500    0.062500
   0.100503    0.386993    0.384730    0.319986    0.265731   -0.132211   -0.069495    0.062500    0.062500
   0.105528    0.388601    0.386065    0.319322    0.265381   -0.168614   -0.039739    0.062500    0.062500
   0.110553    0.390205    0.387398    0.318475    0.265182   -0.209173   -0.038381    0.062500    0.062500
   0.115578    0.391806    0.388731    0.317424    0.264989   -0.204725   -0.008083    0.062500    0.062500
   0.120603    0.393401    0.390062    0.316395    0.264948   -0.196536    0.041978    0.062500    0.062500
   0.125628    0.394990    0.391394    0.315407    0.265159   -0.221629    0.064267    0.062500    0.062500
   0.130653    0.396575    0.392726    0.314294    0.265482   -0.249053    0.062557    0.062500    0.062500
   0.135678    0.398155    0.394060    0.313042    0.265796   -0.241268    0.079449    0.062500    0.062500
   0.140704    0.399728    0.395396    0.311830    0.266196   -0.231848    0.114317    0.062500    0.062500
   0.145729    0.401295    0.396734    0.310665    0.266770   -0.249318    0.130684    0.062500    0.062500
   0.150754    0.402856    0.398074    0.309412    0.267427   -0.267394    0.127115    0.062500    0.062500
   0.155779    0.404411    0.399418    0.308068    0.268066   -0.256927    0.134750    0.062500    0.062500
   0.160804    0.405959    0.400765    0.306777    0.268743   -0.246732    0.158220    0.062500    0.062500
   0.165829    0.407501    0.402116    0.305537    0.269538   -0.259146    0.169990    0.062500    0.062500
   0.170854    0.409036    0.403470    0.304235    0.270392   -0.270760    0.165402    0.062500    0.062500
   0.175879    0.410565    0.404829    0.302874    0.271223   -0.258271    0.166749    0.062500    0.062500
   0.180905    0.412087    0.406192    0.301576    0.272061   -0.247589    0.181737    0.062500    0.062500
   0.185930    0.413602    0.407559    0.300332    0.272974   -0.256770    0.189973    0.062500    0.062500
   0.190955    0.415111    0.408931    0.299042    0.273929   -0.264111    0.184952    0.062500    0.062500
   0.195980    0.416614    0.410307    0.297715    0.274858   -0.250182    0.182186    0.062500    0.062500
   0.201005    0.418110    0.411688    0.296458    0.275774   -0.239131    0.190946    0.062500    0.062500
   0.206030    0.419600    0.413074    0.295256    0.276733   -0.246281    0.196539    0.062500    0.062500
   0.211055    0.421084    0.414465    0.294018    0.277721   -0.250966    0.191490    0.062500    0.062500
   0.216080    0.422561    0.415860    0.292757    0.278683   -0.236144    0.186127    0.062500    0.062500
   0.221106    0.424032    0.417261    0.291570    0.279619   -0.224796    0.190338    0.062500    0.062500
   0.226131    0.425498    0.418666    0.290441    0.280575   -0.230745    0.193968    0.062500    0.062500
   0.231156    0.426957    0.420076    0.289281    0.281550   -0.233961    0.189139    0.062500    0.062500
   0.236181    0.428411    0.421491    0.288106    0.282500   -0.218694    0.182237    0.062500    0.062500
   0.241206    0.429858    0.422910    0.287007    0.283416   -0.207047    0.183157    0.062500    0.062500
   0.246231    0.431301    0.424334    0.285966    0.284336   -0.212288    0.185337    0.062500    0.062500
   0.251256    0.432738    0.425763    0.284900    0.285268   -0.214832    0.180795    0.062500    0.062500
   0.256281    0.434169    0.427197    0.283820    0.286176   -0.199421    0.172914    0.062500    0.062500
   0.261307    0.435596    0.428635    0.282818    0.287045   -0.187388    0.171358    0.062500    0.062500
   0.266332    0.437017    0.430077    0.281876    0.287906   -0.192141    0.172348    0.062500    0.062500
   0.271357    0.438433    0.431524    0.280911    0.288772   -0.194312    0.167721    0.062500    0.062500
   0.276382    0.439845    0.432975    0.279934    0.289615   -0.178562    0.158548    0.062500    0.062500
   0.281407    0.441251    0.434431    0.279037    0.290412   -0.165754    0.154697    0.062500    0.062500
   0.286432    0.442654    0.435890    0.278204    0.291189   -0.169823    0.154373    0.062500    0.062500
   0.291457    0.444052    0.437353    0.277351    0.291965   -0.170841    0.148018    0.062500    0.062500
   0.296482    0.445445    0.438820    0.276492    0.292709   -0.152797    0.134705    0.062500    0.062500
   0.301508    0.446835    0.440291    0.275724    0.293386   -0.137659    0.127200    0.062500    0.062500
   0.306533    0.448220    0.441766    0.275033    0.294025   -0.140077    0.124969    0.062500    0.062500
   0.311558    0.449602    0.443243    0.274329    0.294653   -0.136301    0.112401    0.062500    0.062500
   0.316583    0.450981    0.444724    0.273644    0.295218   -0.108270    0.085942    0.062500    0.062500
   0.321608    0.452356    0.446207    0.273100    0.295650   -0.085610    0.070862    0.062500    0.062500
   0.326633    0.453728    0.447693    0.272670    0.296006   -0.084459    0.067981    0.062500    0.062500
   0.331658    0.455099    0.449180    0.272245    0.296347   -0.066124    0.041847    0.062500    0.062500
   0.336683    0.456467    0.450669    0.271913    0.296558   -0.005844   -0.016040    0.062500    0.062500
   0.341709    0.457833    0.452160    0.271883    0.296477    0.037410   -0.040237    0.062500    0.062500
   0.346734    0.459199    0.453650    0.272071    0.296275    0.041049   -0.026032    0.062500    0.062500
   0.351759    0.460567    0.455139    0.272278    0.296144    0.091204   -0.062397    0.062500    0.062500
   0.356784    0.461935    0.456627    0.272736    0.295830    0.232132   -0.161572    0.062500    0.062500
   0.361809    0.463305    0.458113    0.273902    0.295018    0.313442   -0.147997    0.062500    0.062500
   0.366834    0.464682    0.459596    0.275478    0.294275    0.288594   -0.013677    0.062500    0.062500
   0.371859    0.466066    0.461074    0.276928    0.294206    0.374385    0.028816    0.062500    0.062500
   0.376884    0.467457    0.462553    0.278809    0.294351    0.658092    0.004418    0.062500    0.062500
   0.381910    0.468859    0.464032    0.282117    0.294373    0.735331    0.364880    0.062500    0.062500
   0.386935    0.470276    0.465511    0.285812    0.296207    0.491648    1.080266    0.062500    0.062500
   0.391960    0.471713    0.467000    0.288282    0.301635    0.461287    1.702713    0.062500    0.062500
   0.396985    0.473161    0.468516    0.290600    0.310191    0.788906    2.484326    0.062500    0.062500
   0.402010    0.474621    0.470074    0.294564    0.322675    0.450887    4.415510    0.062500    0.062500
   0.407035    0.476102    0.471696    0.296830    0.344863   -0.819233    7.216182    0.062500    0.062500
   0.412060    0.477593    0.473429    0.292713    0.381124   -1.882478   10.252427    0.062500    0.062500
   0.417085    0.479064    0.475344    0.283254    0.432642   -2.662149   14.676277    0.062500    0.062500
   0.422111    0.480488    0.477518    0.269874    0.506405   -5.293699   21.914176    0.062500    0.062500
   0.427136    0.481844    0.480063    0.243273    0.616524  -10.245476   30.656709    0.062500    0.062500
   0.432161    0.483066    0.483161    0.191790    0.770574  -15.987694   41.190452    0.062500    0.062500
   0.437186    0.484030    0.487033    0.111451    0.977556  -22.933235   55.209188    0.062500    0.062500
   0.442211    0.484590    0.491945   -0.003788    1.254982  -32.228171   66.877566    0.062500    0.062500
   0.447236    0.484571    0.498252   -0.165735    1.591042  -42.985776   69.796573    0.062500    0.062500
   0.452261    0.483738    0.506247   -0.381738    1.941770  -56.018405   67.046646    0.062500    0.062500
   0.457286    0.481820    0.516004   -0.663231    2.278679  -71.565721   52.562192    0.062500    0.062500
   0.462312    0.478487    0.527457   -1.022920    2.542857  -78.573762    9.682451    0.062500    0.062500
   0.467337    0.473346    0.540235   -1.417753    2.591511  -69.959845  -52.156448    0.062500    0.062500
   0.472362    0.466222    0.553257   -1.769301    2.329425  -54.186753 -116.818903    0.062500    0.062500
   0.477387    0.457332    0.564962   -2.041590    1.742410  -30.336499 -177.610089    0.062500    0.062500
   0.482412    0.447073    0.573718   -2.194031    0.849919   12.928761 -203.254437    0.062500    0.062500
   0.487437    0.436048    0.577989   -2.129064   -0.171434   68.703416 -178.978211    0.062500    0.062500
   0.492462    0.425349    0.577127   -1.783829   -1.070800  125.302896 -131.729467    0.062500    0.062500
   0.497487    0.416385    0.571746   -1.154182   -1.732740  177.897885  -71.471344    0.062500    0.062500
   0.502513    0.410584    0.563038   -0.260067   -2.091955  200.096734   -4.707142    0.062500    0.062500
   0.507538    0.409277    0.552526    0.745419   -2.115609  178.105967   45.850862    0.062500    0.062500
   0.512563    0.413023    0.541895    1.640401   -1.885208  136.137806   77.266772    0.062500    0.062500
   0.517588    0.421266    0.532422    2.324494   -1.496943   83.045891   93.691340    0.062500    0.062500
   0.522613    0.432947    0.524899    2.741800   -1.026144   21.082337   87.650208    0.062500    0.062500
   0.527638    0.446724    0.519743    2.847738   -0.585701  -30.174341   65.423842    0.062500    0.062500
   0.532663    0.461034    0.516800    2.696112   -0.256946  -64.411335   43.551769    0.062500    0.062500
   0.537688    0.474582    0.515509    2.372445   -0.038099  -84.967703   26.301430    0.062500    0.062500
   0.542714    0.486506    0.515317    1.945398    0.094092  -85.900542   15.154604    0.062500    0.062500
   0.547739    0.496282    0.515790    1.513747    0.170244  -71.550149   10.061556    0.062500    0.062500
   0.552764    0.503888    0.516646    1.154208    0.220803  -56.272443    7.144712    0.062500    0.062500
   0.557789    0.509688    0.517755    0.871439    0.256706  -42.975812    4.591754    0.062500    0.062500
   0.562814    0.514067    0.519045    0.655485    0.279779  -30.619255    2.825155    0.062500    0.062500
   0.567839    0.517361    0.520451    0.501624    0.293976  -20.999639    2.069166    0.062500    0.062500
   0.572864    0.519882    0.521928    0.396100    0.304373  -14.330227    1.586193    0.062500    0.062500
   0.577889    0.521872    0.523458    0.324091    0.312344   -9.238512    1.042226    0.062500    0.062500
   0.582915    0.523501    0.525027    0.277658    0.317582   -5.572887    0.570901    0.062500    0.062500
   0.587940    0.524896    0.526623    0.249655    0.320451   -3.423487    0.340479    0.062500    0.062500
   0.592965    0.526151    0.528234    0.232452    0.322162   -1.922893    0.238339    0.062500    0.062500
   0.597990    0.527319    0.529852    0.222789    0.323359   -0.679239    0.143903    0.062500    0.062500
   0.603015    0.528438    0.531477    0.219376    0.324082    0.041985    0.047861    0.062500    0.062500
   0.608040    0.529541    0.533106    0.219587    0.324323    0.256134   -0.006441    0.062500    0.062500
   0.613065    0.530644    0.534736    0.220874    0.324291    0.412670   -0.023440    0.062500    0.062500
   0.618090    0.531754    0.536365    0.222948    0.324173    0.589172   -0.034416    0.062500    0.062500
   0.623116    0.532874    0.537994    0.225909    0.324000    0.622397   -0.050847    0.062500    0.062500
   0.628141    0.534010    0.539622    0.229036    0.323744    0.522823   -0.060745    0.062500    0.062500
   0.633166    0.535161    0.541249    0.231663    0.323439    0.458275   -0.059381    0.062500    0.062500
   0.638191    0.536325    0.542875    0.233966    0.323141    0.437334   -0.057317    0.062500    0.062500
   0.643216    0.537500    0.544498    0.236164    0.322853    0.391910   -0.061234    0.062500    0.062500
   0.648241    0.538687    0.546121    0.238133    0.322545    0.314843   -0.063634    0.062500    0.062500
   0.653266    0.539884    0.547741    0.239715    0.322225    0.256387   -0.059246    0.062500    0.062500
   0.658291    0.541088    0.549361    0.241004    0.321927    0.224372   -0.055078    0.062500    0.062500
   0.663317    0.542300    0.550979    0.242131    0.321651    0.201393   -0.056792    0.062500    0.062500
   0.668342    0.543516    0.552595    0.243143    0.321365    0.170604   -0.058020    0.062500    0.062500
   0.673367    0.544738    0.554210    0.244001    0.321074    0.136910   -0.053259    0.062500    0.062500
   0.678392    0.545964    0.555823    0.244689    0.320806    0.114958   -0.048597    0.062500    0.062500
   0.683417    0.547194    0.557435    0.245266    0.320562    0.110667   -0.049506    0.062500    0.062500
   0.688442    0.548426    0.559046    0.245822    0.320313    0.104860   -0.050315    0.062500    0.062500
   0.693467    0.549661    0.560656    0.246349    0.320060    0.084819   -0.045463    0.062500    0.062500
   0.698492    0.550899    0.562264    0.246776    0.319832    0.068538   -0.040724    0.062500    0.062500
   0.703518    0.552140    0.563871    0.247120    0.319627    0.071993   -0.041563    0.062500    0.062500
   0.708543    0.553381    0.565478    0.247482    0.319418    0.076528   -0.042451    0.062500    0.062500
   0.713568    0.554625    0.567083    0.247866    0.319205    0.061902   -0.037590    0.062500    0.062500
   0.718593    0.555871    0.568687    0.248177    0.319016    0.047216   -0.032940    0.062500    0.062500
   0.723618    0.557118    0.570290    0.248415    0.318851    0.053366   -0.034193    0.062500    0.062500
   0.728643    0.558366    0.571892    0.248683    0.318679    0.062531   -0.035491    0.062500    0.062500
   0.733668    0.559616    0.573493    0.248997    0.318500    0.049718   -0.030564    0.062500    0.062500
   0.738693    0.560867    0.575094    0.249247    0.318347    0.034623   -0.026065    0.062500    0.062500
   0.743719    0.562119    0.576694    0.249421    0.318216    0.041964   -0.028148    0.062500    0.062500
   0.748744    0.563373    0.578293    0.249632    0.318074    0.054407   -0.030013    0.062500    0.062500
   0.753769    0.564627    0.579891    0.249905    0.317924    0.042024   -0.024683    0.062500    0.062500
   0.758794    0.565883    0.581489    0.250116    0.317799    0.025356   -0.020235    0.062500    0.062500
   0.763819    0.567140    0.583086    0.250244    0.317698    0.033652   -0.023566    0.062500    0.062500
   0.768844    0.568397    0.584682    0.250413    0.317579    0.049755   -0.026102    0.062500    0.062500
   0.773869    0.569656    0.586278    0.250663    0.317448    0.037188   -0.019791    0.062500    0.062500
   0.778894    0.570915    0.587873    0.250850    0.317349    0.017773   -0.015194    0.062500    0.062500
   0.783920    0.572176    0.589468    0.250939    0.317272    0.027085   -0.020417    0.062500    0.062500
   0.788945    0.573437    0.591062    0.251075    0.317170    0.048054   -0.023872    0.062500    0.062500
   0.793970    0.574699    0.592656    0.251317    0.317050    0.034953   -0.015723    0.062500    0.062500
   0.798995    0.575961    0.594249    0.251492    0.316971    0.011252   -0.010594    0.062500    0.062500
   0.804020    0.577225    0.595842    0.251549    0.316918    0.021557   -0.018587    0.062500    0.062500
   0.809045    0.578489    0.597435    0.251657    0.316824    0.049263   -0.023439    0.062500    0.062500
   0.814070    0.579754    0.599027    0.251905    0.316706    0.035525   -0.012293    0.062500    0.062500
   0.819095    0.581020    0.600618    0.252083    0.316645    0.005440   -0.006007    0.062500    0.062500
   0.824121    0.582287    0.602210    0.252110    0.316614    0.016366   -0.017954    0.062500    0.062500
   0.829146    0.583553    0.603801    0.252193    0.316524    0.053284   -0.025057    0.062500    0.062500
   0.834171    0.584821    0.605391    0.252460    0.316398    0.039248   -0.009428    0.062500    0.062500
   0.839196    0.586089    0.606981    0.252658    0.316351    0.000179   -0.000971    0.062500    0.062500
   0.844221    0.587359    0.608571    0.252659    0.316346    0.010763   -0.018220    0.062500    0.062500
   0.849246    0.588629    0.610160    0.252713    0.316255    0.059799   -0.028872    0.062500    0.062500
   0.854271    0.589898    0.611749    0.253013    0.316109    0.046456   -0.007074    0.062500    0.062500
   0.859296    0.591170    0.613338    0.253247    0.316074   -0.004598    0.004985    0.062500    0.062500
   0.864322    0.592443    0.614926    0.253224    0.316099    0.003787   -0.018992    0.062500    0.062500
   0.869347    0.593715    0.616515    0.253243    0.316004    0.067812   -0.035014    0.062500    0.062500
   0.874372    0.594988    0.618103    0.253583    0.315828    0.057073   -0.005382    0.062500    0.062500
   0.879397    0.596262    0.619690    0.253870    0.315801   -0.008806    0.012170    0.062500    0.062500
   0.884422    0.597538    0.621277    0.253826    0.315862   -0.005426   -0.019606    0.062500    0.062500
   0.889447    0.598813    0.622864    0.253799    0.315763    0.075744   -0.043190    0.062500    0.062500
   0.894472    0.600088    0.624451    0.254179    0.315546    0.070499   -0.004484    0.062500    0.062500
   0.899497    0.601366    0.626036    0.254533    0.315524   -0.012288    0.020741    0.062500    0.062500
   0.904523    0.602645    0.627622    0.254472    0.315628   -0.017506   -0.019304    0.062500    0.062500
   0.909548    0.603924    0.629208    0.254384    0.315531    0.081551   -0.052785    0.062500    0.062500
   0.914573    0.605202    0.630794    0.254793    0.315266    0.085479   -0.004585    0.062500    0.062500
   0.919598    0.606482    0.632378    0.255223    0.315243   -0.014817    0.030511    0.062500    0.062500
   0.924623    0.607765    0.633962    0.255149    0.315396   -0.032502   -0.017305    0.062500    0.062500
   0.929648    0.609047    0.635547    0.254985    0.315309    0.083298   -0.062813    0.062500    0.062500
   0.934673    0.610328    0.637131    0.255404    0.314993    0.100462   -0.005820    0.062500    0.062500
   0.939698    0.611612    0.638714    0.255909    0.314964   -0.016133    0.041040    0.062500    0.062500
   0.944724    0.612898    0.640297    0.255828    0.315170   -0.049804   -0.013170    0.062500    0.062500
   0.949749    0.614183    0.641881    0.255577    0.315104    0.079814   -0.072154    0.062500    0.062500
   0.954774    0.615468    0.643464    0.255978    0.314742    0.113914   -0.007413    0.062500    0.062500
   0.959799    0.616754    0.645046    0.256551    0.314704   -0.016471    0.054473    0.062500    0.062500
   0.964824    0.618043    0.646627    0.256468    0.314978   -0.070076   -0.000193    0.062500    0.062500
   0.969849    0.619332    0.648210    0.256116    0.314977    0.065504   -0.068949    0.062500    0.062500
   0.974874    0.620619    0.649793    0.256445    0.314631    0.110627    0.007661    0.062500    0.062500
   0.979899    0.621907    0.651374    0.257001    0.314669   -0.056779    0.107990    0.062500    0.062500
   0.984925    0.623199    0.652955    0.256716    0.315212   -0.211101    0.105604    0.062500    0.062500
   0.989950    0.624489    0.654539    0.255655    0.315743   -0.222075    0.056308    0.062500    0.062500
   0.994975    0.625774    0.656126    0.254539    0.316025   -0.281076    0.059150    0.062500    0.062500
   1.000000    0.627053    0.657714    0.253126    0.316323   -0.514896    0.050494    0.062500    0.062500