  0.000000   0.358579   0.358579   0.000000   0.000000  19.914217  21.343209   0.062500   0.937500
  0.005025   0.358579   0.358579   0.100069   0.107250  17.527347  19.239597   0.062500   0.937500
  0.010050   0.359082   0.359118   0.188144   0.203929  13.363694  14.807935   0.062500   0.937500
  0.015075   0.360027   0.360143   0.255296   0.278338   8.216590   8.404913   0.062500   0.937500
  0.020101   0.361310   0.361542   0.296593   0.320582   4.096078   2.712669   0.062500   0.937500
  0.025126   0.362801   0.363153   0.317176   0.334213   1.195195  -1.392777   0.062500   0.937500
  0.030151   0.364395   0.364832   0.323182   0.327214  -0.371894  -3.280596   0.062500   0.937500
  0.035176   0.366019   0.366476   0.321313   0.310729  -0.400057  -2.671725   0.062500   0.937500
  0.040201   0.367633   0.368038   0.319303   0.297304   0.005382  -1.538170   0.062500   0.937500
  0.045226   0.369238   0.369532   0.319330   0.289574   0.140574  -0.970890   0.062500   0.937500
  0.050251   0.370842   0.370987   0.320036   0.284696   0.114994  -0.770664   0.062500   0.937500
  0.055276   0.372450   0.372417   0.320614   0.280823   0.129181  -0.612925   0.062500   0.937500
  0.060302   0.374062   0.373829   0.321263   0.277742   0.131522  -0.473385   0.062500   0.937500
  0.065327   0.375676   0.375224   0.321924   0.275364   0.056146  -0.421053   0.062500   0.937500
  0.070352   0.377294   0.376608   0.322206   0.273248  -0.026408  -0.407083   0.062500   0.937500
  0.075377   0.378913   0.377981   0.322073   0.271202  -0.030357  -0.330770   0.062500   0.937500
  0.080402   0.380531   0.379344   0.321921   0.269540  -0.027430  -0.234242   0.062500   0.937500
  0.085427   0.382149   0.380698   0.321783   0.268363  -0.080270  -0.195188   0.062500   0.937500
  0.090452   0.383766   0.382047   0.321380   0.267382  -0.138850  -0.189027   0.062500   0.937500
  0.095477   0.385381   0.383390   0.320682   0.266432  -0.138381  -0.139658   0.062500   0.937500
  0.100503   0.386993   0.384730   0.319986   0.265731  -0.132211  -0.069495   0.062500   0.937500
  0.105528   0.388601   0.386065   0.319322   0.265381  -0.168614  -0.039739   0.062500   0.937500
  0.110553   0.390205   0.387398   0.318475   0.265182  -0.209173  -0.038381   0.062500   0.937500
  0.115578   0.391806   0.388731   0.317424   0.264989  -0.204725  -0.008083   0.062500   0.937500
  0.120603   0.393401   0.390062   0.316395   0.264948  -0.196536   0.041978   0.062500   0.937500
  0.125628   0.394990   0.391394   0.315407   0.265159  -0.221629   0.064267   0.062500   0.937500
  0.130653   0.396575   0.392726   0.314294   0.265482  -0.249053   0.062557   0.062500   0.937500
  0.135678   0.398155   0.394060   0.313042   0.265796  -0.241268   0.079449   0.062500   0.937500
  0.140704   0.399728   0.395396   0.311830   0.266196  -0.231848   0.114317   0.062500   0.937500
  0.145729   0.401295   0.396734   0.310665   0.266770  -0.249318   0.130684   0.062500   0.937500
  0.150754   0.402856   0.398074   0.309412   0.267427  -0.267394   0.127115   0.062500   0.937500
  0.155779   0.404411   0.399418   0.308068   0.268066  -0.256927   0.134750   0.062500   0.937500
  0.160804   0.405959   0.400765   0.306777   0.268743  -0.246732   0.158221   0.062500   0.937500
  0.165829   0.407501   0.402116   0.305537   0.269538  -0.259146   0.169990   0.062500   0.937500
  0.170854   0.409036   0.403470   0.304235   0.270392  -0.270760   0.165403   0.062500   0.937500
  0.175879   0.410565   0.404829   0.302874   0.271223  -0.258271   0.166753   0.062500   0.937500
  0.180905   0.412087   0.406192   0.301576   0.272061  -0.247590   0.181745   0.062500   0.937500
  0.185930   0.413602   0.407559   0.300332   0.272974  -0.256771   0.189983   0.062500   0.937500
  0.190955   0.415111   0.408931   0.299042   0.273929  -0.264112   0.184971   0.062500   0.937500
  0.195980   0.416614   0.410307   0.297715   0.274859  -0.250189   0.182234   0.062500   0.937500
  0.201005   0.418110   0.411688   0.296458   0.275774  -0.239149   0.191034   0.062500   0.937500
  0.206030   0.419600   0.413074   0.295256   0.276734  -0.246304   0.196663   0.062500   0.937500
  0.211055   0.421084   0.414465   0.294018   0.277722  -0.250994   0.191682   0.062500   0.937500
  0.216080   0.422561   0.415860   0.292757   0.278686  -0.236221   0.186526   0.062500   0.937500
  0.221106   0.424032   0.417261   0.291570   0.279623  -0.224966   0.191038   0.062500   0.937500
  0.226131   0.425497   0.418666   0.290439   0.280583  -0.230975   0.194934   0.062500   0.937500
  0.231156   0.426957   0.420076   0.289279   0.281563  -0.234248   0.190562   0.062500   0.937500
  0.236181   0.428411   0.421491   0.288102   0.282520  -0.219311   0.184937   0.062500   0.937500
  0.241206   0.429858   0.422911   0.286999   0.283450  -0.208310   0.187752   0.062500   0.937500
  0.246231   0.431300   0.424335   0.285953   0.284393  -0.214061   0.191661   0.062500   0.937500
  0.251256   0.432737   0.425764   0.284877   0.285356  -0.217078   0.189702   0.062500   0.937500
  0.256281   0.434169   0.427198   0.283786   0.286309  -0.203552   0.188383   0.062500   0.937500
  0.261307   0.435595   0.428637   0.282763   0.287256  -0.195244   0.196667   0.062500   0.937500
  0.266332   0.437016   0.430080   0.281782   0.288244  -0.203312   0.206803   0.062500   0.937500
  0.271357   0.438432   0.431529   0.280760   0.289284  -0.208546   0.214407   0.062500   0.937500
  0.276382   0.439843   0.432982   0.279713   0.290361  -0.201862   0.233393   0.062500   0.937500
  0.281407   0.441248   0.434441   0.278698   0.291534  -0.206781   0.271734   0.062500   0.937500
  0.286432   0.442649   0.435906   0.277659   0.292899  -0.227879   0.311001   0.062500   0.937500
  0.291457   0.444044   0.437378   0.276514   0.294462  -0.244620   0.353028   0.062500   0.937500
  0.296482   0.445434   0.438858   0.275285   0.296236  -0.263367   0.440028   0.062500   0.937500
  0.301508   0.446817   0.440347   0.273961   0.298448  -0.318143   0.580759   0.062500   0.937500
  0.306533   0.448194   0.441847   0.272362   0.301366  -0.391132   0.717699   0.062500   0.937500
  0.311558   0.449562   0.443361   0.270397   0.304972  -0.452672   0.862950   0.062500   0.937500
  0.316583   0.450921   0.444893   0.268122   0.309309  -0.549948   1.129701   0.062500   0.937500
  0.321608   0.452269   0.446448   0.265359   0.314985  -0.753624   1.534204   0.062500   0.937500
  0.326633   0.453602   0.448030   0.261572   0.322695  -0.987839   1.921127   0.062500   0.937500
  0.331658   0.454916   0.449652   0.256608   0.332348  -1.188526   2.310188   0.062500   0.937500
  0.336683   0.456206   0.451322   0.250636   0.343957  -1.482626   2.939774   0.062500   0.937500
  0.341709   0.457465   0.453051   0.243184   0.358732  -2.031716   3.842163   0.062500   0.937500
  0.346734   0.458687   0.454853   0.232975   0.378039  -2.649943   4.689601   0.062500   0.937500
  0.351759   0.459858   0.456753   0.219659   0.401605  -3.184194   5.493933   0.062500   0.937500
  0.356784   0.460962   0.458771   0.203658   0.429212  -3.859088   6.622419   0.062500   0.937500
  0.361809   0.461985   0.460928   0.184266   0.462489  -4.985973   8.099775   0.062500   0.937500
  0.366834   0.462911   0.463252   0.159212   0.503191  -6.253349   9.429239   0.062500   0.937500
  0.371859   0.463711   0.465780   0.127789   0.550573  -7.355858  10.609782   0.062500   0.937500
  0.376884   0.464353   0.468547   0.090825   0.603887  -8.528321  11.984434   0.062500   0.937500
  0.381910   0.464810   0.471582   0.047962   0.664120 -10.188845  13.450122   0.062500   0.937500
  0.386935   0.465051   0.474919  -0.003237   0.731707 -12.033774  14.579545   0.062500   0.937500
  0.391960   0.465035   0.478596  -0.063707   0.804970 -13.647323  15.451317   0.062500   0.937500
  0.396985   0.464715   0.482641  -0.132284   0.882612 -15.014766  16.055288   0.062500   0.937500
  0.402010   0.464050   0.487076  -0.207734   0.963290 -16.348386  15.929877   0.062500   0.937500
  0.407035   0.463006   0.491917  -0.289884   1.043338 -17.718220  15.225431   0.062500   0.937500
  0.412060   0.461549   0.497160  -0.378918   1.119846 -18.932240  14.365400   0.062500   0.937500
  0.417085   0.459645   0.502787  -0.474053   1.192032 -19.428496  12.755822   0.062500   0.937500
  0.422111   0.457263   0.508778  -0.571700   1.256143 -18.641783   9.423683   0.062500   0.937500
  0.427136   0.454390   0.515090  -0.665375   1.303497 -17.396778   5.417169   0.062500   0.937500
  0.432161   0.451046   0.521640  -0.752794   1.330718 -16.382457   1.785357   0.062500   0.937500
  0.437186   0.447264   0.528327  -0.835116   1.339689 -14.619337  -2.253570   0.062500   0.937500
  0.442211   0.443067   0.535059  -0.908578   1.328365 -10.405549  -7.883607   0.062500   0.937500
  0.447236   0.438501   0.541734  -0.960866   1.288750  -5.019199 -13.946917   0.062500   0.937500
  0.452261   0.433673   0.548210  -0.986088   1.218667  -0.464544 -19.104226   0.062500   0.937500
  0.457286   0.428718   0.554334  -0.988422   1.122668   3.652788 -23.271660   0.062500   0.937500
  0.462312   0.423750   0.559976  -0.970063   1.005705   9.491259 -26.779707   0.062500   0.937500
  0.467337   0.418876   0.565030  -0.922369   0.871137  16.917612 -30.141709   0.062500   0.937500
  0.472362   0.414241   0.569407  -0.837358   0.719674  23.650778 -33.594896   0.062500   0.937500
  0.477387   0.410033   0.573024  -0.718513   0.550860  28.412954 -36.475867   0.062500   0.937500
  0.482412   0.406423   0.575792  -0.575738   0.367569  31.649155 -36.630934   0.062500   0.937500
  0.487437   0.403529   0.577639  -0.416701   0.183498  35.382808 -34.211975   0.062500   0.937500
  0.492462   0.401435   0.578561  -0.238903   0.011583  39.898196 -31.993942   0.062500   0.937500
  0.497487   0.400235   0.578619  -0.038414  -0.149186  43.557396 -31.096310   0.062500   0.937500
  0.502513   0.400042   0.577869   0.180505  -0.305476  43.599926 -29.440743   0.062500   0.937500
  0.507538   0.400949   0.576334   0.399595  -0.453416  40.761925 -24.743157   0.062500   0.937500
  0.512563   0.402957   0.574056   0.604424  -0.577750  38.444667 -18.590001   0.062500   0.937500
  0.517588   0.405994   0.571153   0.797608  -0.671165  37.499652 -12.603072   0.062500   0.937500
  0.522613   0.410002   0.567780   0.986044  -0.734496  35.241089  -7.254028   0.062500   0.937500
  0.527638   0.414957   0.564089   1.163130  -0.770947  29.356378  -2.373846   0.062500   0.937500
  0.532663   0.420802   0.560215   1.310646  -0.782876  22.188161   2.463637   0.062500   0.937500
  0.537688   0.427388   0.556281   1.422142  -0.770496  15.827517   7.540152   0.062500   0.937500
  0.542714   0.434535   0.552409   1.501691  -0.732599  10.311385  12.002478   0.062500   0.937500
  0.547739   0.442081   0.548728   1.553505  -0.672287   4.514763  14.480876   0.062500   0.937500
  0.552764   0.449888   0.545349   1.576192  -0.599520  -1.672173  15.783479   0.062500   0.937500
  0.557789   0.457808   0.542337   1.567789  -0.520208  -7.675535  17.069184   0.062500   0.937500
  0.562814   0.465686   0.539723   1.529220  -0.434436 -12.444986  18.070943   0.062500   0.937500
  0.567839   0.473371   0.537540   1.466684  -0.343629 -15.388049  17.761834   0.062500   0.937500
  0.572864   0.480741   0.535813   1.389359  -0.254376 -17.567488  16.600115   0.062500   0.937500
  0.577889   0.487722   0.534535   1.301082  -0.170960 -19.676313  15.379160   0.062500   0.937500
  0.582915   0.494261   0.533675   1.202189  -0.093665 -21.033494  14.185535   0.062500   0.937500
  0.587940   0.500302   0.533205   1.096496  -0.022382 -20.789933  12.724358   0.062500   0.937500
  0.592965   0.505812   0.533092   0.992026   0.041558 -19.791626  11.073534   0.062500   0.937500
  0.597990   0.510797   0.533301   0.892573   0.097202 -18.814724   9.422673   0.062500   0.937500
  0.603015   0.515282   0.533790   0.798029   0.144551 -17.685126   7.881183   0.062500   0.937500
  0.608040   0.519293   0.534516   0.709162   0.184154 -15.994384   6.568672   0.062500   0.937500
  0.613065   0.522856   0.535441   0.628790   0.217161 -14.056290   5.433594   0.062500   0.937500
  0.618090   0.526016   0.536533   0.558157   0.244465 -12.204717   4.347370   0.062500   0.937500
  0.623116   0.528821   0.537761   0.496816   0.266315 -10.485526   3.327195   0.062500   0.937500
  0.628141   0.531318   0.539099   0.444126   0.283034  -8.883309   2.559735   0.062500   0.937500
  0.633166   0.533549   0.540522   0.399488   0.295897  -7.393357   2.014181   0.062500   0.937500
  0.638191   0.535557   0.542009   0.362336   0.306018  -5.996742   1.524344   0.062500   0.937500
  0.643216   0.537377   0.543546   0.332202   0.313678  -4.747960   1.053105   0.062500   0.937500
  0.648241   0.539047   0.545123   0.308344   0.318970  -3.771535   0.715188   0.062500   0.937500
  0.653266   0.540596   0.546725   0.289392   0.322564  -2.993097   0.515977   0.062500   0.937500
  0.658291   0.542050   0.548346   0.274352   0.325157  -2.280030   0.355019   0.062500   0.937500
  0.663317   0.543429   0.549980   0.262892   0.326941  -1.642490   0.192729   0.062500   0.937500
  0.668342   0.544750   0.551623   0.254639   0.327909  -1.192968   0.076569   0.062500   0.937500
  0.673367   0.546030   0.553271   0.248644   0.328294  -0.889281   0.022223   0.062500   0.937500
  0.678392   0.547279   0.554921   0.244175   0.328406  -0.620153  -0.013273   0.062500   0.937500
  0.683417   0.548506   0.556571   0.241059   0.328339  -0.369420  -0.054283   0.062500   0.937500
  0.688442   0.549718   0.558221   0.239203   0.328066  -0.203579  -0.084738   0.062500   0.937500
  0.693467   0.550920   0.559869   0.238180   0.327640  -0.117843  -0.092083   0.062500   0.937500
  0.698492   0.552117   0.561516   0.237588   0.327178  -0.046941  -0.092447   0.062500   0.937500
  0.703518   0.553311   0.563160   0.237352   0.326713   0.032497  -0.098622   0.062500   0.937500
  0.708543   0.554503   0.564802   0.237515   0.326218   0.084487  -0.103653   0.062500   0.937500
  0.713568   0.555697   0.566441   0.237940   0.325697   0.094102  -0.098891   0.062500   0.937500
  0.718593   0.556892   0.568078   0.238412   0.325200   0.097675  -0.092302   0.062500   0.937500
  0.723618   0.558090   0.569712   0.238903   0.324736   0.119523  -0.091730   0.062500   0.937500
  0.728643   0.559291   0.571344   0.239504   0.324275   0.136870  -0.091427   0.062500   0.937500
  0.733668   0.560494   0.572973   0.240192   0.323816   0.125831  -0.084293   0.062500   0.937500
  0.738693   0.561701   0.574600   0.240824   0.323392   0.111042  -0.077190   0.062500   0.937500
  0.743719   0.562912   0.576226   0.241382   0.323004   0.118376  -0.076761   0.062500   0.937500
  0.748744   0.564125   0.577849   0.241977   0.322618   0.129349  -0.076333   0.062500   0.937500
  0.753769   0.565341   0.579470   0.242627   0.322235   0.114176  -0.068745   0.062500   0.937500
  0.758794   0.566560   0.581089   0.243201   0.321889   0.094534  -0.062049   0.062500   0.937500
  0.763819   0.567782   0.582707   0.243676   0.321578   0.099968  -0.063231   0.062500   0.937500
  0.768844   0.569006   0.584323   0.244178   0.321260   0.113098  -0.063753   0.062500   0.937500
  0.773869   0.570233   0.585937   0.244746   0.320939   0.097443  -0.055526   0.062500   0.937500
  0.778894   0.571463   0.587550   0.245236   0.320660   0.075034  -0.049094   0.062500   0.937500
  0.783920   0.572696   0.589161   0.245613   0.320414   0.081502  -0.052572   0.062500   0.937500
  0.788945   0.573930   0.590771   0.246023   0.320150   0.099737  -0.054375   0.062500   0.937500
  0.793970   0.575166   0.592380   0.246524   0.319876   0.084001  -0.044660   0.062500   0.937500
  0.798995   0.576405   0.593988   0.246946   0.319652   0.057789  -0.038043   0.062500   0.937500
  0.804020   0.577646   0.595594   0.247236   0.319461   0.065713  -0.044624   0.062500   0.937500
  0.809045   0.578888   0.597199   0.247567   0.319236   0.091156  -0.048137   0.062500   0.937500
  0.814070   0.580132   0.598803   0.248025   0.318995   0.075266  -0.035722   0.062500   0.937500
  0.819095   0.581379   0.600406   0.248403   0.318815   0.043137  -0.028231   0.062500   0.937500
  0.824121   0.582627   0.602009   0.248620   0.318673   0.052125  -0.039035   0.062500   0.937500
  0.829146   0.583877   0.603610   0.248882   0.318477   0.087205  -0.045054   0.062500   0.937500
  0.834171   0.585127   0.605210   0.249320   0.318251   0.071423  -0.028397   0.062500   0.937500
  0.839196   0.586380   0.606810   0.249679   0.318108   0.030699  -0.018964   0.062500   0.937500
  0.844221   0.587635   0.608408   0.249833   0.318013   0.039713  -0.035288   0.062500   0.937500
  0.849246   0.588890   0.610006   0.250032   0.317835   0.087259  -0.045062   0.062500   0.937500
  0.854271   0.590146   0.611603   0.250471   0.317609   0.072504  -0.022431   0.062500   0.937500
  0.859296   0.591405   0.613199   0.250835   0.317496   0.020110  -0.009582   0.062500   0.937500
  0.864322   0.592666   0.614795   0.250936   0.317448   0.027223  -0.032810   0.062500   0.937500
  0.869347   0.593927   0.616390   0.251073   0.317283   0.090041  -0.048121   0.062500   0.937500
  0.874372   0.595188   0.617984   0.251526   0.317041   0.078158  -0.017814   0.062500   0.937500
  0.879397   0.596452   0.619578   0.251918   0.316952   0.011194   0.000377   0.062500   0.937500
  0.884422   0.597718   0.621170   0.251975   0.316954   0.013545  -0.030792   0.062500   0.937500
  0.889447   0.598984   0.622763   0.252043   0.316799   0.093739  -0.053801   0.062500   0.937500
  0.894472   0.600251   0.624355   0.252514   0.316529   0.087568  -0.014549   0.062500   0.937500
  0.899497   0.601520   0.625945   0.252954   0.316456   0.003902   0.011194   0.062500   0.937500
  0.904523   0.602791   0.627536   0.252973   0.316512  -0.002149  -0.028359   0.062500   0.937500
  0.909548   0.604062   0.629126   0.252963   0.316369   0.096117  -0.061375   0.062500   0.937500
  0.914573   0.605333   0.630716   0.253446   0.316061   0.099295  -0.012733   0.062500   0.937500
  0.919598   0.606607   0.632304   0.253944   0.315997  -0.001711   0.022782   0.062500   0.937500
  0.924623   0.607883   0.633892   0.253936   0.316111  -0.020071  -0.024636   0.062500   0.937500
  0.929648   0.609159   0.635481   0.253835   0.315988   0.095089  -0.069767   0.062500   0.937500
  0.934673   0.610435   0.637068   0.254313   0.315637   0.111646  -0.012416   0.062500   0.937500
  0.939698   0.611712   0.638655   0.254874   0.315575  -0.005525   0.034784   0.062500   0.937500
  0.944724   0.612993   0.640241   0.254846   0.315749  -0.039742  -0.019105   0.062500   0.937500
  0.949749   0.614274   0.641827   0.254646   0.315653   0.089358  -0.077783   0.062500   0.937500
  0.954774   0.615554   0.643413   0.255095   0.315263   0.122967  -0.012753   0.062500   0.937500
  0.959799   0.616836   0.644998   0.255713   0.315198  -0.007885   0.049409   0.062500   0.937500
  0.964824   0.618121   0.646581   0.255674   0.315447  -0.061931  -0.004997   0.062500   0.937500
  0.969849   0.619405   0.648167   0.255362   0.315422   0.073229  -0.073506   0.062500   0.937500
  0.974874   0.620688   0.649752   0.255730   0.315052   0.117954   0.003339   0.062500   0.937500
  0.979899   0.621974   0.651335   0.256323   0.315069  -0.049829   0.103891   0.062500   0.937500
  0.984925   0.623262   0.652918   0.256073   0.315591  -0.204509   0.101715   0.062500   0.937500
  0.989950   0.624549   0.654504   0.255045   0.316102  -0.215822   0.052620   0.062500   0.937500
  0.994975   0.625830   0.656093   0.253961   0.316367  -0.275146   0.055652   0.062500   0.937500
  1.000000   0.627106   0.657682   0.252578   0.316646  -0.509271   0.047176   0.062500   0.937500