  0.000000   0.358579   0.358579   0.000000   0.000000  16.658378  22.828399   0.312500   0.562500
  0.005025   0.358579   0.358579   0.083708   0.114713  14.786886  20.342922   0.312500   0.562500
  0.010050   0.359000   0.359155   0.158012   0.216936  12.140516  15.104498   0.312500   0.562500
  0.015075   0.359794   0.360246   0.219019   0.292836   9.242592   7.752904   0.312500   0.562500
  0.020101   0.360894   0.361717   0.265472   0.331802   6.925268   1.462899   0.312500   0.562500
  0.025126   0.362228   0.363385   0.300271   0.339153   5.130062  -2.939705   0.312500   0.562500
  0.030151   0.363737   0.365089   0.326050   0.324381   3.882649  -4.921358   0.312500   0.562500
  0.035176   0.365376   0.366719   0.345560   0.299651   3.343082  -4.198040   0.312500   0.562500
  0.040201   0.367112   0.368225   0.362359   0.278556   3.044210  -2.863896   0.312500   0.562500
  0.045226   0.368933   0.369624   0.377656   0.264165   2.641731  -2.107837   0.312500   0.562500
  0.050251   0.370831   0.370952   0.390931   0.253573   2.211151  -1.736691   0.312500   0.562500
  0.055276   0.372795   0.372226   0.402042   0.244846   1.892137  -1.426164   0.312500   0.562500
  0.060302   0.374816   0.373457   0.411552   0.237678   1.605258  -1.157643   0.312500   0.562500
  0.065327   0.376884   0.374651   0.419618   0.231861   1.268658  -0.989916   0.312500   0.562500
  0.070352   0.378992   0.375816   0.425993   0.226887   0.943095  -0.862187   0.312500   0.562500
  0.075377   0.381133   0.376956   0.430732   0.222554   0.715751  -0.678859   0.312500   0.562500
  0.080402   0.383297   0.378074   0.434329   0.219143   0.520358  -0.493763   0.312500   0.562500
  0.085427   0.385480   0.379176   0.436944   0.216662   0.288959  -0.377161   0.312500   0.562500
  0.090452   0.387676   0.380264   0.438396   0.214767   0.063846  -0.292638   0.312500   0.562500
  0.095477   0.389879   0.381344   0.438717   0.213296  -0.088780  -0.168174   0.312500   0.562500
  0.100503   0.392084   0.382416   0.438270   0.212451  -0.215969  -0.038759   0.312500   0.562500
  0.105528   0.394286   0.383483   0.437185   0.212256  -0.370311   0.040643   0.312500   0.562500
  0.110553   0.396483   0.384550   0.435324   0.212461  -0.521034   0.094102   0.312500   0.562500
  0.115578   0.398670   0.385617   0.432706   0.212933  -0.618009   0.176037   0.312500   0.562500
  0.120603   0.400845   0.386687   0.429601   0.213818  -0.695576   0.263991   0.312500   0.562500
  0.125628   0.403003   0.387762   0.426105   0.215145  -0.794248   0.315493   0.312500   0.562500
  0.130653   0.405144   0.388843   0.422114   0.216730  -0.890607   0.346531   0.312500   0.562500
  0.135678   0.407266   0.389932   0.417639   0.218471  -0.946654   0.397984   0.312500   0.562500
  0.140704   0.409365   0.391030   0.412881   0.220471  -0.988601   0.455449   0.312500   0.562500
  0.145729   0.411439   0.392138   0.407913   0.222760  -1.047591   0.486264   0.312500   0.562500
  0.150754   0.413489   0.393257   0.402649   0.225204  -1.104808   0.501325   0.312500   0.562500
  0.155779   0.415512   0.394389   0.397098   0.227723  -1.131207   0.531257   0.312500   0.562500
  0.160804   0.417508   0.395533   0.391413   0.230392  -1.147922   0.566581   0.312500   0.562500
  0.165829   0.419475   0.396691   0.385645   0.233239  -1.179077   0.582302   0.312500   0.562500
  0.170854   0.421413   0.397863   0.379720   0.236165  -1.208643   0.586149   0.312500   0.562500
  0.175879   0.423321   0.399050   0.373647   0.239111  -1.214003   0.601109   0.312500   0.562500
  0.180905   0.425199   0.400251   0.367545   0.242132  -1.213214   0.620624   0.312500   0.562500
  0.185930   0.427046   0.401468   0.361449   0.245251  -1.225281   0.625527   0.312500   0.562500
  0.190955   0.428862   0.402701   0.355292   0.248394  -1.235796   0.621687   0.312500   0.562500
  0.195980   0.430647   0.403949   0.349082   0.251518  -1.226623   0.626496   0.312500   0.562500
  0.201005   0.432401   0.405213   0.342918   0.254666  -1.213990   0.634989   0.312500   0.562500
  0.206030   0.434124   0.406492   0.336818   0.257857  -1.213335   0.632360   0.312500   0.562500
  0.211055   0.435817   0.407788   0.330721   0.261034  -1.211170   0.623418   0.312500   0.562500
  0.216080   0.437479   0.409100   0.324635   0.264167  -1.192354   0.621539   0.312500   0.562500
  0.221106   0.439110   0.410427   0.318642   0.267291  -1.172015   0.622576   0.312500   0.562500
  0.226131   0.440712   0.411771   0.312752   0.270419  -1.163244   0.614875   0.312500   0.562500
  0.231156   0.442283   0.413129   0.306907   0.273509  -1.153022   0.602678   0.312500   0.562500
  0.236181   0.443825   0.414504   0.301113   0.276538  -1.128153   0.596599   0.312500   0.562500
  0.241206   0.445339   0.415893   0.295444   0.279536  -1.103135   0.592908   0.312500   0.562500
  0.246231   0.446823   0.417298   0.289901   0.282515  -1.089536   0.582058   0.312500   0.562500
  0.251256   0.448280   0.418718   0.284426   0.285440  -1.074470   0.567918   0.312500   0.562500
  0.256281   0.449709   0.420152   0.279027   0.288294  -1.046131   0.559502   0.312500   0.562500
  0.261307   0.451112   0.421601   0.273769   0.291106  -1.018958   0.553604   0.312500   0.562500
  0.266332   0.452487   0.423064   0.268649   0.293887  -1.003229   0.541599   0.312500   0.562500
  0.271357   0.453837   0.424541   0.263608   0.296609  -0.985484   0.526848   0.312500   0.562500
  0.276382   0.455162   0.426031   0.258655   0.299256  -0.955851   0.518616   0.312500   0.562500
  0.281407   0.456462   0.427535   0.253852   0.301862  -0.930612   0.515336   0.312500   0.562500
  0.286432   0.457737   0.429052   0.249176   0.304452  -0.917375   0.507023   0.312500   0.562500
  0.291457   0.458989   0.430582   0.244566   0.307000  -0.900067   0.495971   0.312500   0.562500
  0.296482   0.460218   0.432124   0.240043   0.309492  -0.874540   0.496550   0.312500   0.562500
  0.301508   0.461425   0.433680   0.235648   0.311988  -0.865310   0.512132   0.312500   0.562500
  0.306533   0.462609   0.435248   0.231300   0.314561  -0.871356   0.525027   0.312500   0.562500
  0.311558   0.463771   0.436828   0.226921   0.317199  -0.868377   0.535975   0.312500   0.562500
  0.316583   0.464911   0.438422   0.222558   0.319893  -0.871414   0.578645   0.312500   0.562500
  0.321608   0.466030   0.440030   0.218179   0.322800  -0.931054   0.667887   0.312500   0.562500
  0.326633   0.467126   0.441652   0.213500   0.326157  -1.018315   0.759103   0.312500   0.562500
  0.331658   0.468199   0.443291   0.208383   0.329971  -1.087271   0.852472   0.312500   0.562500
  0.336683   0.469246   0.444949   0.202920   0.334255  -1.209347   1.036265   0.312500   0.562500
  0.341709   0.470266   0.446629   0.196841   0.339463  -1.501701   1.345378   0.312500   0.562500
  0.346734   0.471255   0.448334   0.189295   0.346223  -1.854655   1.658102   0.312500   0.562500
  0.351759   0.472206   0.450074   0.179976   0.354555  -2.170579   1.976594   0.312500   0.562500
  0.356784   0.473111   0.451856   0.169069   0.364488  -2.652980   2.504480   0.312500   0.562500
  0.361809   0.473960   0.453687   0.155737   0.377073  -3.556122   3.297097   0.312500   0.562500
  0.366834   0.474743   0.455582   0.137868   0.393641  -4.582998   4.067269   0.312500   0.562500
  0.371859   0.475436   0.457560   0.114838   0.414079  -5.522691   4.817721   0.312500   0.562500
  0.376884   0.476013   0.459641   0.087087   0.438288  -6.790215   5.897273   0.312500   0.562500
  0.381910   0.476450   0.461844   0.052959   0.467927  -8.839664   7.330740   0.312500   0.562500
  0.386935   0.476716   0.464195   0.008540   0.504764 -11.079473   8.625367   0.312500   0.562500
  0.391960   0.476759   0.466732  -0.047135   0.548107 -13.114155   9.801539   0.312500   0.562500
  0.396985   0.476523   0.469486  -0.113033   0.597360 -15.469720  11.175320   0.312500   0.562500
  0.402010   0.475955   0.472488  -0.190768   0.653516 -18.634060  12.499067   0.312500   0.562500
  0.407035   0.474996   0.475771  -0.284405   0.716323 -21.883944  13.348748   0.312500   0.562500
  0.412060   0.473567   0.479371  -0.394371   0.783401 -24.771125  13.936845   0.312500   0.562500
  0.417085   0.471585   0.483308  -0.518846   0.853434 -27.369347  14.035677   0.312500   0.562500
  0.422111   0.468977   0.487597  -0.656405   0.923977 -29.374365  12.645140   0.312500   0.562500
  0.427136   0.465679   0.492240  -0.804011   0.987519 -30.734075  10.201957   0.312500   0.562500
  0.432161   0.461639   0.497202  -0.958450   1.038784 -31.795102   7.616082   0.312500   0.562500
  0.437186   0.456823   0.502422  -1.118220   1.077054 -31.379889   3.792980   0.312500   0.562500
  0.442211   0.451203   0.507834  -1.275904   1.096114 -27.015371  -3.046853   0.312500   0.562500
  0.447236   0.444792   0.513342  -1.411656   1.080804 -20.451127 -11.009163   0.312500   0.562500
  0.452261   0.437698   0.518773  -1.514423   1.025483 -14.564043 -18.015287   0.312500   0.562500
  0.457286   0.430089   0.523926  -1.587607   0.934956  -7.717533 -24.441141   0.312500   0.562500
  0.462312   0.422109   0.528625  -1.626396   0.812115   4.650146 -31.085877   0.312500   0.562500
  0.467337   0.413937   0.532706  -1.603029   0.655908  20.681510 -37.767502   0.312500   0.562500
  0.472362   0.405881   0.536002  -1.499104   0.466126  35.596339 -44.330453   0.312500   0.562500
  0.477387   0.398348   0.538345  -1.320233   0.243366  48.279034 -48.884889   0.312500   0.562500
  0.482412   0.391714   0.539567  -1.077630  -0.002281  58.703014 -45.402152   0.312500   0.562500
  0.487437   0.386299   0.539556  -0.782648  -0.230427  67.709641 -34.515897   0.312500   0.562500
  0.492462   0.382366   0.538398  -0.442407  -0.403869  76.558800 -23.241847   0.312500   0.562500
  0.497487   0.380143   0.536369  -0.057699  -0.520659  83.607202 -14.231191   0.312500   0.562500
  0.502513   0.379853   0.533752   0.362511  -0.592185  81.871912  -6.505038   0.312500   0.562500
  0.507538   0.381675   0.530776   0.773917  -0.624873  71.044551   2.029457   0.312500   0.562500
  0.512563   0.385564   0.527636   1.130916  -0.614675  59.077602  11.642019   0.312500   0.562500
  0.517588   0.391247   0.524547   1.427781  -0.556174  48.493812  21.229997   0.312500   0.562500
  0.522613   0.398421   0.521753   1.671463  -0.449493  36.547848  26.881739   0.312500   0.562500
  0.527638   0.406820   0.519494   1.855115  -0.314412  21.875324  26.588395   0.312500   0.562500
  0.532663   0.416142   0.517914   1.965039  -0.180806   6.805214  24.239396   0.312500   0.562500
  0.537688   0.426017   0.517005   1.999235  -0.059003  -7.180726  22.372200   0.312500   0.562500
  0.542714   0.436065   0.516709   1.963145   0.053440 -17.870819  20.615337   0.312500   0.562500
  0.547739   0.445930   0.516977   1.873344   0.157032 -24.065256  17.677039   0.312500   0.562500
  0.552764   0.455343   0.517767   1.752416   0.245859 -28.382415  13.949600   0.312500   0.562500
  0.557789   0.464149   0.519002   1.609794   0.315956 -32.327855  10.222720   0.312500   0.562500
  0.562814   0.472238   0.520590   1.447347   0.367325 -34.422041   7.094689   0.312500   0.562500
  0.567839   0.479511   0.522435   1.274376   0.402976 -33.366288   4.825485   0.312500   0.562500
  0.572864   0.485915   0.524460   1.106711   0.427224 -31.043541   2.953540   0.312500   0.562500
  0.577889   0.491476   0.526607   0.950717   0.442066 -28.693058   1.184683   0.312500   0.562500
  0.582915   0.496254   0.528829   0.806505   0.448020 -25.978252  -0.193103   0.312500   0.562500
  0.587940   0.500307   0.531080   0.675965   0.447049 -22.641877  -0.834797   0.312500   0.562500
  0.592965   0.503704   0.533327   0.562189   0.442855 -19.267416  -1.109837   0.312500   0.562500
  0.597990   0.506529   0.535552   0.465371   0.437278 -16.106067  -1.356722   0.312500   0.562500
  0.603015   0.508867   0.537749   0.384438   0.430460 -13.188059  -1.540151   0.312500   0.562500
  0.608040   0.510799   0.539912   0.318168   0.422721 -10.702606  -1.498993   0.312500   0.562500
  0.613065   0.512398   0.542037   0.264387   0.415188  -8.602151  -1.320906   0.312500   0.562500
  0.618090   0.513726   0.544123   0.221161   0.408551  -6.691738  -1.138566   0.312500   0.562500
  0.623116   0.514838   0.546176   0.187529   0.402828  -5.020487  -0.985846   0.312500   0.562500
  0.628141   0.515780   0.548201   0.162301   0.397875  -3.801292  -0.837755   0.312500   0.562500
  0.633166   0.516596   0.550200   0.143199   0.393665  -2.896017  -0.680135   0.312500   0.562500
  0.638191   0.517315   0.552178   0.128647   0.390247  -2.093647  -0.526846   0.312500   0.562500
  0.643216   0.517962   0.554139   0.118126   0.387600  -1.410392  -0.400517   0.312500   0.562500
  0.648241   0.518555   0.556087   0.111039   0.385587  -0.965109  -0.313358   0.312500   0.562500
  0.653266   0.519113   0.558024   0.106189   0.384012  -0.675267  -0.243970   0.312500   0.562500
  0.658291   0.519647   0.559954   0.102796   0.382787  -0.422344  -0.177907   0.312500   0.562500
  0.663317   0.520164   0.561878   0.100673   0.381892  -0.207276  -0.122395   0.312500   0.562500
  0.668342   0.520670   0.563797   0.099632   0.381277  -0.084238  -0.089617   0.312500   0.562500
  0.673367   0.521170   0.565713   0.099208   0.380827  -0.022026  -0.069982   0.312500   0.562500
  0.678392   0.521669   0.567626   0.099098   0.380475   0.033306  -0.051155   0.312500   0.562500
  0.683417   0.522167   0.569538   0.099265   0.380218   0.086802  -0.032667   0.312500   0.562500
  0.688442   0.522666   0.571449   0.099701   0.380054   0.111340  -0.022196   0.312500   0.562500
  0.693467   0.523167   0.573359   0.100261   0.379943   0.110630  -0.019629   0.312500   0.562500
  0.698492   0.523670   0.575268   0.100817   0.379844   0.111396  -0.017477   0.312500   0.562500
  0.703518   0.524177   0.577177   0.101376   0.379756   0.122687  -0.011487   0.312500   0.562500
  0.708543   0.524686   0.579085   0.101993   0.379698   0.126056  -0.006390   0.312500   0.562500
  0.713568   0.525199   0.580993   0.102626   0.379666   0.113184  -0.007440   0.312500   0.562500
  0.718593   0.525715   0.582901   0.103195   0.379629   0.102654  -0.009989   0.312500   0.562500
  0.723618   0.526233   0.584809   0.103711   0.379579   0.106507  -0.007465   0.312500   0.562500
  0.728643   0.526754   0.586716   0.104246   0.379541   0.108216  -0.002495   0.312500   0.562500
  0.733668   0.527278   0.588623   0.104790   0.379529   0.094199  -0.003503   0.312500   0.562500
  0.738693   0.527805   0.590530   0.105263   0.379511   0.082184  -0.007689   0.312500   0.562500
  0.743719   0.528334   0.592438   0.105676   0.379472   0.086656  -0.006588   0.312500   0.562500
  0.748744   0.528865   0.594345   0.106112   0.379439   0.090256  -0.000586   0.312500   0.562500
  0.753769   0.529398   0.596251   0.106565   0.379436   0.076027  -0.000685   0.312500   0.562500
  0.758794   0.529934   0.598158   0.106947   0.379433   0.063759  -0.006136   0.312500   0.562500
  0.763819   0.530471   0.600065   0.107268   0.379402   0.070652  -0.006478   0.312500   0.562500
  0.768844   0.531010   0.601971   0.107623   0.379370   0.076842   0.000967   0.312500   0.562500
  0.773869   0.531551   0.603878   0.108009   0.379374   0.061510   0.002343   0.312500   0.562500
  0.778894   0.532094   0.605784   0.108318   0.379386   0.048371  -0.004664   0.312500   0.562500
  0.783920   0.532638   0.607691   0.108561   0.379363   0.058485  -0.007141   0.312500   0.562500
  0.788945   0.533183   0.609597   0.108855   0.379327   0.068007   0.002180   0.312500   0.562500
  0.793970   0.533730   0.611503   0.109197   0.379338   0.050414   0.005944   0.312500   0.562500
  0.798995   0.534279   0.613409   0.109450   0.379368   0.035220  -0.003018   0.312500   0.562500
  0.804020   0.534829   0.615316   0.109627   0.379353   0.049336  -0.008748   0.312500   0.562500
  0.809045   0.535380   0.617222   0.109875   0.379309   0.063499   0.002922   0.312500   0.562500
  0.814070   0.535932   0.619128   0.110194   0.379323   0.042437   0.010465   0.312500   0.562500
  0.819095   0.536486   0.621034   0.110407   0.379376   0.023488  -0.000876   0.312500   0.562500
  0.824121   0.537041   0.622941   0.110525   0.379371   0.042370  -0.011498   0.312500   0.562500
  0.829146   0.537596   0.624847   0.110738   0.379314   0.063133   0.002893   0.312500   0.562500
  0.834171   0.538153   0.626753   0.111056   0.379328   0.037474   0.016176   0.312500   0.562500
  0.839196   0.538711   0.628659   0.111244   0.379409   0.012521   0.002178   0.312500   0.562500
  0.844221   0.539270   0.630566   0.111307   0.379420   0.036670  -0.015470   0.312500   0.562500
  0.849246   0.539829   0.632472   0.111491   0.379343   0.066612   0.001709   0.312500   0.562500
  0.854271   0.540389   0.634379   0.111826   0.379351   0.035574   0.023237   0.312500   0.562500
  0.859296   0.540951   0.636285   0.112005   0.379468   0.001822   0.006601   0.312500   0.562500
  0.864322   0.541514   0.638192   0.112014   0.379501   0.031149  -0.020672   0.312500   0.562500
  0.869347   0.542077   0.640099   0.112170   0.379397   0.073211  -0.001245   0.312500   0.562500
  0.874372   0.542641   0.642005   0.112538   0.379391   0.036736   0.031370   0.312500   0.562500
  0.879397   0.543206   0.643912   0.112723   0.379549  -0.008813   0.012689   0.312500   0.562500
  0.884422   0.543773   0.645819   0.112678   0.379612   0.024634  -0.026818   0.312500   0.562500
  0.889447   0.544339   0.647727   0.112802   0.379478   0.081625  -0.006468   0.312500   0.562500
  0.894472   0.544906   0.649634   0.113212   0.379445   0.040751   0.040030   0.312500   0.562500
  0.899497   0.545474   0.651540   0.113417   0.379646  -0.019343   0.020634   0.312500   0.562500
  0.904523   0.546045   0.653448   0.113320   0.379750   0.016093  -0.033339   0.312500   0.562500
  0.909548   0.546614   0.655357   0.113401   0.379583   0.090061  -0.014294   0.312500   0.562500
  0.914573   0.547184   0.657264   0.113853   0.379511   0.047084   0.048232   0.312500   0.562500
  0.919598   0.547756   0.659171   0.114090   0.379753  -0.029388   0.030221   0.312500   0.562500
  0.924623   0.548329   0.661079   0.113942   0.379905   0.004915  -0.039424   0.312500   0.562500
  0.929648   0.548902   0.662988   0.113967   0.379707   0.096602  -0.024636   0.312500   0.562500
  0.934673   0.549474   0.664896   0.114452   0.379583   0.054941   0.054956   0.312500   0.562500
  0.939698   0.550050   0.666804   0.114728   0.379859  -0.038435   0.041027   0.312500   0.562500
  0.944724   0.550626   0.668713   0.114535   0.380065  -0.008857  -0.044282   0.312500   0.562500
  0.949749   0.551202   0.670623   0.114491   0.379843   0.099660  -0.036805   0.312500   0.562500
  0.954774   0.551777   0.672531   0.114992   0.379658   0.062750   0.060327   0.312500   0.562500
  0.959799   0.552355   0.674439   0.115307   0.379961  -0.048213   0.055368   0.312500   0.562500
  0.964824   0.552934   0.676349   0.115065   0.380239  -0.030344  -0.040779   0.312500   0.562500
  0.969849   0.553513   0.678259   0.114912   0.380034   0.087795  -0.040671   0.312500   0.562500
  0.974874   0.554090   0.680169   0.115353   0.379830   0.050605   0.074684   0.312500   0.562500
  0.979899   0.554670   0.682078   0.115608   0.380205  -0.105224   0.091030   0.312500   0.562500
  0.984925   0.555251   0.683988   0.115079   0.380663  -0.176415  -0.003663   0.312500   0.562500
  0.989950   0.555829   0.685901   0.114192   0.380644  -0.144084  -0.067262   0.312500   0.562500
  0.994975   0.556403   0.687814   0.113468   0.380306  -0.174636  -0.098909   0.312500   0.562500
  1.000000   0.556973   0.689725   0.112591   0.379809  -0.281444  -0.246502   0.312500   0.562500