  0.000000   0.358579   0.358579   0.000000   0.000000  13.125257  22.952288   0.562500   0.812500
  0.005025   0.358579   0.358579   0.065954   0.115335  12.053703  20.479429   0.562500   0.812500
  0.010050   0.358910   0.359159   0.126524   0.218244  11.241867  15.208441   0.562500   0.812500
  0.015075   0.359546   0.360255   0.183015   0.294667  10.657774   7.754258   0.562500   0.812500
  0.020101   0.360466   0.361736   0.236581   0.333640   9.928592   1.346277   0.562500   0.812500
  0.025126   0.361655   0.363413   0.286472   0.340405   8.993421  -3.143902   0.562500   0.812500
  0.030151   0.363094   0.365123   0.331664   0.324607   8.007671  -5.149132   0.562500   0.812500
  0.035176   0.364761   0.366754   0.371902   0.298732   7.108062  -4.380255   0.562500   0.812500
  0.040201   0.366630   0.368256   0.407620   0.276721   6.242828  -2.992804   0.562500   0.812500
  0.045226   0.368678   0.369646   0.438991   0.261683   5.349512  -2.203878   0.562500   0.812500
  0.050251   0.370884   0.370961   0.465872   0.250608   4.502122  -1.814281   0.562500   0.812500
  0.055276   0.373225   0.372220   0.488495   0.241491   3.820242  -1.491247   0.562500   0.812500
  0.060302   0.375680   0.373434   0.507696   0.233996   3.224350  -1.211072   0.562500   0.812500
  0.065327   0.378231   0.374610   0.523898   0.227911   2.610441  -1.032579   0.562500   0.812500
  0.070352   0.380864   0.375755   0.537015   0.222722   2.016376  -0.896244   0.562500   0.812500
  0.075377   0.383562   0.376874   0.547148   0.218218   1.538200  -0.705540   0.562500   0.812500
  0.080402   0.386312   0.377971   0.554877   0.214673   1.130689  -0.512483   0.562500   0.812500
  0.085427   0.389100   0.379050   0.560559   0.212098   0.711908  -0.388231   0.562500   0.812500
  0.090452   0.391917   0.380115   0.564136   0.210147   0.302129  -0.297899   0.562500   0.812500
  0.095477   0.394752   0.381171   0.565654   0.208650  -0.025282  -0.168765   0.562500   0.812500
  0.100503   0.397595   0.382220   0.565527   0.207802  -0.294612  -0.033931   0.562500   0.812500
  0.105528   0.400436   0.383264   0.564047   0.207631  -0.570135   0.050869   0.562500   0.812500
  0.110553   0.403271   0.384308   0.561182   0.207887  -0.843448   0.108114   0.562500   0.812500
  0.115578   0.406091   0.385352   0.556944   0.208430  -1.059301   0.192727   0.562500   0.812500
  0.120603   0.408889   0.386400   0.551621   0.209399  -1.227925   0.284213   0.562500   0.812500
  0.125628   0.411661   0.387452   0.545450   0.210827  -1.399313   0.339470   0.562500   0.812500
  0.130653   0.414402   0.388511   0.538419   0.212533  -1.572625   0.372844   0.562500   0.812500
  0.135678   0.417108   0.389579   0.530516   0.214406  -1.706878   0.425529   0.562500   0.812500
  0.140704   0.419774   0.390657   0.521938   0.216545  -1.803203   0.485133   0.562500   0.812500
  0.145729   0.422397   0.391745   0.512876   0.218983  -1.899876   0.518516   0.562500   0.812500
  0.150754   0.424974   0.392845   0.503330   0.221588  -2.000836   0.534897   0.562500   0.812500
  0.155779   0.427503   0.393959   0.493275   0.224276  -2.076228   0.565030   0.562500   0.812500
  0.160804   0.429982   0.395086   0.482842   0.227115  -2.121452   0.601471   0.562500   0.812500
  0.165829   0.432408   0.396227   0.472182   0.230138  -2.165404   0.618914   0.562500   0.812500
  0.170854   0.434781   0.397384   0.461301   0.233248  -2.214854   0.623390   0.562500   0.812500
  0.175879   0.437099   0.398556   0.450171   0.236380  -2.248556   0.637829   0.562500   0.812500
  0.180905   0.439362   0.399744   0.438870   0.239586  -2.258523   0.657719   0.562500   0.812500
  0.185930   0.441567   0.400948   0.427521   0.242891  -2.266096   0.663753   0.562500   0.812500
  0.190955   0.443715   0.402168   0.416134   0.246226  -2.279624   0.660092   0.562500   0.812500
  0.195980   0.445806   0.403405   0.404679   0.249543  -2.284497   0.663899   0.562500   0.812500
  0.201005   0.447840   0.404659   0.393199   0.252880  -2.270912   0.672239   0.562500   0.812500
  0.206030   0.449816   0.405930   0.381788   0.256258  -2.254154   0.670339   0.562500   0.812500
  0.211055   0.451734   0.407218   0.370461   0.259626  -2.243320   0.661303   0.562500   0.812500
  0.216080   0.453596   0.408522   0.359188   0.262949  -2.228942   0.658136   0.562500   0.812500
  0.221106   0.455401   0.409844   0.347985   0.266257  -2.200456   0.658691   0.562500   0.812500
  0.226131   0.457150   0.411182   0.336928   0.269567  -2.168216   0.651486   0.562500   0.812500
  0.231156   0.458843   0.412536   0.326033   0.272840  -2.141516   0.639072   0.562500   0.812500
  0.236181   0.460481   0.413908   0.315272   0.276052  -2.115117   0.631664   0.562500   0.812500
  0.241206   0.462065   0.415295   0.304643   0.279226  -2.078527   0.627533   0.562500   0.812500
  0.246231   0.463596   0.416698   0.294198   0.282379  -2.037640   0.617268   0.562500   0.812500
  0.251256   0.465074   0.418117   0.283959   0.285481  -2.001492   0.603026   0.562500   0.812500
  0.256281   0.466501   0.419551   0.273902   0.288511  -1.969424   0.593814   0.562500   0.812500
  0.261307   0.467878   0.421001   0.264004   0.291496  -1.932292   0.588695   0.562500   0.812500
  0.266332   0.469204   0.422466   0.254294   0.294454  -1.890341   0.578530   0.562500   0.812500
  0.271357   0.470482   0.423946   0.244795   0.297361  -1.851461   0.564642   0.562500   0.812500
  0.276382   0.471712   0.425440   0.235491   0.300198  -1.823519   0.557725   0.562500   0.812500
  0.281407   0.472896   0.426948   0.226328   0.303001  -1.802674   0.559843   0.562500   0.812500
  0.286432   0.474033   0.428471   0.217270   0.305814  -1.777322   0.558376   0.562500   0.812500
  0.291457   0.475125   0.430008   0.208339   0.308620  -1.751544   0.551886   0.562500   0.812500
  0.296482   0.476172   0.431559   0.199537   0.311393  -1.755109   0.558688   0.562500   0.812500
  0.301508   0.477175   0.433124   0.190716   0.314201  -1.801169   0.589887   0.562500   0.812500
  0.306533   0.478133   0.434703   0.181665   0.317165  -1.847559   0.621740   0.562500   0.812500
  0.311558   0.479046   0.436296   0.172381   0.320290  -1.887347   0.645468   0.562500   0.812500
  0.316583   0.479912   0.437906   0.162897   0.323533  -2.004889   0.696618   0.562500   0.812500
  0.321608   0.480731   0.439531   0.152822   0.327034  -2.255511   0.804747   0.562500   0.812500
  0.326633   0.481499   0.441175   0.141489   0.331077  -2.522289   0.922854   0.562500   0.812500
  0.331658   0.482209   0.442838   0.128814   0.335715  -2.773160   1.028008   0.562500   0.812500
  0.336683   0.482857   0.444525   0.114879   0.340881  -3.206258   1.179883   0.562500   0.812500
  0.341709   0.483434   0.446239   0.098764   0.346811  -3.950765   1.428370   0.562500   0.812500
  0.346734   0.483930   0.447981   0.078912   0.353988  -4.732321   1.693319   0.562500   0.812500
  0.351759   0.484327   0.449760   0.055132   0.362497  -5.475848   1.933489   0.562500   0.812500
  0.356784   0.484604   0.451582   0.027616   0.372213  -6.558739   2.213221   0.562500   0.812500
  0.361809   0.484743   0.453452  -0.005342   0.383334  -8.180843   2.575043   0.562500   0.812500
  0.366834   0.484716   0.455378  -0.046451   0.396274  -9.811406   2.929899   0.562500   0.812500
  0.371859   0.484483   0.457370  -0.095753   0.410997 -11.318987   3.222399   0.562500   0.812500
  0.376884   0.484001   0.459435  -0.152631   0.427189 -13.233055   3.427398   0.562500   0.812500
  0.381910   0.483234   0.461582  -0.219140   0.444415 -15.729646   3.521827   0.562500   0.812500
  0.386935   0.482133   0.463815  -0.298182   0.462113 -18.057297   3.552228   0.562500   0.812500
  0.391960   0.480635   0.466137  -0.388920   0.479962 -20.038974   3.472960   0.562500   0.812500
  0.396985   0.478680   0.468549  -0.489616   0.497414 -22.027635   2.968047   0.562500   0.812500
  0.402010   0.476220   0.471049  -0.600304   0.512329 -23.960698   1.890908   0.562500   0.812500
  0.407035   0.473204   0.473623  -0.720707   0.521830 -25.425536   0.768285   0.562500   0.812500
  0.412060   0.469582   0.476245  -0.848470   0.525691 -26.348628  -0.314751   0.562500   0.812500
  0.417085   0.465318   0.478887  -0.980872   0.524109 -26.184084  -2.083644   0.562500   0.812500
  0.422111   0.460389   0.481521  -1.112473   0.513637 -24.248588  -4.893895   0.562500   0.812500
  0.427136   0.454798   0.484102  -1.234322   0.489045 -21.675783  -7.591472   0.562500   0.812500
  0.432161   0.448596   0.486560  -1.343243   0.450898 -19.138731  -9.641888   0.562500   0.812500
  0.437186   0.441846   0.488825  -1.439415   0.402447 -14.852300 -11.572977   0.562500   0.812500
  0.442211   0.434613   0.490848  -1.514048   0.344293  -6.954236 -13.971897   0.562500   0.812500
  0.447236   0.427005   0.492578  -1.548993   0.274084   1.686495 -16.372152   0.562500   0.812500
  0.452261   0.419221   0.493955  -1.540519   0.191814   8.641136 -17.841424   0.562500   0.812500
  0.457286   0.411480   0.494919  -1.497097   0.102161  15.163521 -17.221092   0.562500   0.812500
  0.462312   0.403956   0.495432  -1.420885   0.015608  23.917327 -14.460181   0.562500   0.812500
  0.467337   0.396816   0.495511  -1.300700  -0.057054  34.064215 -12.242007   0.562500   0.812500
  0.472362   0.390280   0.495224  -1.129528  -0.118570  42.889873 -11.443390   0.562500   0.812500
  0.477387   0.384604   0.494628  -0.914006  -0.176073  48.728376 -10.140022   0.562500   0.812500
  0.482412   0.380011   0.493743  -0.669146  -0.227027  51.055363  -5.481758   0.562500   0.812500
  0.487437   0.376649   0.492603  -0.412593  -0.254573  52.673380   1.282556   0.562500   0.812500
  0.492462   0.374575   0.491323  -0.147909  -0.248128  55.458337   6.862789   0.562500   0.812500
  0.497487   0.373832   0.490077   0.130769  -0.213643  57.759392   9.871054   0.562500   0.812500
  0.502513   0.374489   0.489003   0.421068  -0.164031  55.192301  10.885153   0.562500   0.812500
  0.507538   0.376605   0.488178   0.698409  -0.109333  47.938078  12.730990   0.562500   0.812500
  0.512563   0.380115   0.487629   0.939298  -0.045360  40.786383  16.241556   0.562500   0.812500
  0.517588   0.384835   0.487401   1.144249   0.036254  35.308938  20.236505   0.562500   0.812500
  0.522613   0.390584   0.487583   1.321677   0.137943  29.308369  22.158161   0.562500   0.812500
  0.527638   0.397226   0.488276   1.468951   0.249287  20.673189  20.966011   0.562500   0.812500
  0.532663   0.404607   0.489529   1.572834   0.354642  11.002393  18.907993   0.562500   0.812500
  0.537688   0.412511   0.491311   1.628121   0.449654   1.845712  17.290128   0.562500   0.812500
  0.542714   0.420694   0.493571   1.637398   0.536555  -5.769173  15.539565   0.562500   0.812500
  0.547739   0.428922   0.496267   1.608408   0.614641 -11.568659  12.697903   0.562500   0.812500
  0.552764   0.437004   0.499356   1.550275   0.678448 -16.648571   9.225041   0.562500   0.812500
  0.557789   0.444794   0.502765   1.466616   0.724804 -21.602272   5.629995   0.562500   0.812500
  0.562814   0.452164   0.506407   1.358065   0.753094 -25.315601   2.273358   0.562500   0.812500
  0.567839   0.458988   0.510192   1.230854   0.764518 -26.535588  -0.328042   0.562500   0.812500
  0.572864   0.465173   0.514033   1.097512   0.762870 -26.507871  -2.371422   0.562500   0.812500
  0.577889   0.470688   0.517867   0.964310   0.750953 -26.309683  -4.275652   0.562500   0.812500
  0.582915   0.475535   0.521641   0.832078   0.729464 -25.528830  -5.852397   0.562500   0.812500
  0.587940   0.479716   0.525307   0.703796   0.700055 -23.612483  -6.589647   0.562500   0.812500
  0.592965   0.483253   0.528824   0.585143   0.666942 -21.256048  -6.781695   0.562500   0.812500
  0.597990   0.486193   0.532176   0.478331   0.632864 -18.941563  -6.826796   0.562500   0.812500
  0.603015   0.488597   0.535356   0.383150   0.598560 -16.573096  -6.665384   0.562500   0.812500
  0.608040   0.490522   0.538364   0.299870   0.565066 -14.162077  -6.170402   0.562500   0.812500
  0.613065   0.492029   0.541203   0.228706   0.534060 -11.924340  -5.548160   0.562500   0.812500
  0.618090   0.493178   0.543887   0.168786   0.506181  -9.863784  -4.917890   0.562500   0.812500
  0.623116   0.494026   0.546431   0.119210   0.481463  -7.972243  -4.237865   0.562500   0.812500
  0.628141   0.494625   0.548850   0.079150   0.460168  -6.390927  -3.554532   0.562500   0.812500
  0.633166   0.495023   0.551163   0.047035   0.442306  -5.088520  -2.957982   0.562500   0.812500
  0.638191   0.495259   0.553385   0.021466   0.427443  -3.931625  -2.419272   0.562500   0.812500
  0.643216   0.495367   0.555533   0.001709   0.415286  -2.940786  -1.908315   0.562500   0.812500
  0.648241   0.495376   0.557620  -0.013068   0.405696  -2.216403  -1.483268   0.562500   0.812500
  0.653266   0.495310   0.559658  -0.024206   0.398243  -1.666005  -1.157964   0.562500   0.812500
  0.658291   0.495189   0.561660  -0.032577   0.392424  -1.182337  -0.878440   0.562500   0.812500
  0.663317   0.495025   0.563632  -0.038520   0.388009  -0.791133  -0.630481   0.562500   0.812500
  0.668342   0.494831   0.565582  -0.042495   0.384841  -0.542918  -0.449064   0.562500   0.812500
  0.673367   0.494618   0.567516  -0.045223   0.382584  -0.367545  -0.324590   0.562500   0.812500
  0.678392   0.494390   0.569438  -0.047070   0.380953  -0.209815  -0.220108   0.562500   0.812500
  0.683417   0.494154   0.571352  -0.048125   0.379847  -0.090053  -0.129779   0.562500   0.812500
  0.688442   0.493912   0.573261  -0.048577   0.379195  -0.029274  -0.070891   0.562500   0.812500
  0.693467   0.493668   0.575166  -0.048724   0.378839   0.010689  -0.037061   0.562500   0.812500
  0.698492   0.493423   0.577070  -0.048671   0.378653   0.051172  -0.009626   0.562500   0.812500
  0.703518   0.493179   0.578973  -0.048413   0.378604   0.077457   0.015744   0.562500   0.812500
  0.708543   0.492935   0.580876  -0.048024   0.378683   0.081604   0.031304   0.562500   0.812500
  0.713568   0.492694   0.582779  -0.047614   0.378841   0.084720   0.036171   0.562500   0.812500
  0.718593   0.492455   0.584682  -0.047188   0.379023   0.093515   0.038290   0.562500   0.812500
  0.723618   0.492218   0.586587  -0.046718   0.379215   0.095339   0.042915   0.562500   0.812500
  0.728643   0.491983   0.588492  -0.046239   0.379431   0.085755   0.047365   0.562500   0.812500
  0.733668   0.491750   0.590399  -0.045808   0.379669   0.081087   0.045983   0.562500   0.812500
  0.738693   0.491520   0.592307  -0.045401   0.379900   0.084675   0.041411   0.562500   0.812500
  0.743719   0.491292   0.594216  -0.044975   0.380108   0.083210   0.040327   0.562500   0.812500
  0.748744   0.491066   0.596126  -0.044557   0.380310   0.070465   0.043436   0.562500   0.812500
  0.753769   0.490842   0.598037  -0.044203   0.380529   0.063746   0.042137   0.562500   0.812500
  0.758794   0.490620   0.599950  -0.043883   0.380740   0.068552   0.035737   0.562500   0.812500
  0.763819   0.490400   0.601863  -0.043538   0.380920   0.069469   0.032549   0.562500   0.812500
  0.768844   0.490181   0.603777  -0.043189   0.381084   0.055250   0.036802   0.562500   0.812500
  0.773869   0.489964   0.605692  -0.042912   0.381269   0.046363   0.037320   0.562500   0.812500
  0.778894   0.489748   0.607608  -0.042679   0.381456   0.053716   0.029794   0.562500   0.812500
  0.783920   0.489534   0.609525  -0.042409   0.381606   0.058981   0.024520   0.562500   0.812500
  0.788945   0.489320   0.611442  -0.042112   0.381729   0.043088   0.030627   0.562500   0.812500
  0.793970   0.489109   0.613361  -0.041896   0.381883   0.030597   0.034076   0.562500   0.812500
  0.798995   0.488898   0.615280  -0.041742   0.382054   0.040843   0.025231   0.562500   0.812500
  0.804020   0.488689   0.617199  -0.041537   0.382181   0.052013   0.016771   0.562500   0.812500
  0.809045   0.488480   0.619120  -0.041275   0.382265   0.034018   0.025064   0.562500   0.812500
  0.814070   0.488272   0.621041  -0.041105   0.382391   0.015937   0.032874   0.562500   0.812500
  0.819095   0.488066   0.622962  -0.041024   0.382556   0.029226   0.022407   0.562500   0.812500
  0.824121   0.487860   0.624885  -0.040878   0.382669   0.048202   0.009011   0.562500   0.812500
  0.829146   0.487654   0.626808  -0.040635   0.382714   0.027872   0.019603   0.562500   0.812500
  0.834171   0.487450   0.628731  -0.040495   0.382813   0.001772   0.033762   0.562500   0.812500
  0.839196   0.487247   0.630655  -0.040486   0.382982   0.018060   0.021563   0.562500   0.812500
  0.844221   0.487043   0.632579  -0.040396   0.383091   0.047100   0.001007   0.562500   0.812500
  0.849246   0.486840   0.634504  -0.040159   0.383096   0.024638   0.013651   0.562500   0.812500
  0.854271   0.486638   0.636429  -0.040035   0.383164  -0.012216   0.036677   0.562500   0.812500
  0.859296   0.486437   0.638355  -0.040097   0.383349   0.006651   0.022996   0.562500   0.812500
  0.864322   0.486236   0.640281  -0.040063   0.383464   0.048164  -0.007356   0.562500   0.812500
  0.869347   0.486034   0.642208  -0.039821   0.383427   0.024402   0.006459   0.562500   0.812500
  0.874372   0.485834   0.644135  -0.039698   0.383460  -0.025890   0.041158   0.562500   0.812500
  0.879397   0.485635   0.646062  -0.039829   0.383667  -0.005382   0.026849   0.562500   0.812500
  0.884422   0.485435   0.647990  -0.039856   0.383802   0.050656  -0.015851   0.562500   0.812500
  0.889447   0.485234   0.649918  -0.039601   0.383722   0.027216  -0.002505   0.562500   0.812500
  0.894472   0.485035   0.651847  -0.039464   0.383709  -0.038643   0.046545   0.562500   0.812500
  0.899497   0.484837   0.653775  -0.039658   0.383943  -0.018079   0.033183   0.562500   0.812500
  0.904523   0.484638   0.655704  -0.039749   0.384110   0.053720  -0.023946   0.562500   0.812500
  0.909548   0.484438   0.657635  -0.039479   0.383990   0.032886  -0.013534   0.562500   0.812500
  0.914573   0.484240   0.659564  -0.039314   0.383922  -0.049560   0.051794   0.562500   0.812500
  0.919598   0.484042   0.661493  -0.039563   0.384182  -0.031034   0.041646   0.562500   0.812500
  0.924623   0.483843   0.663424  -0.039719   0.384391   0.056446  -0.030873   0.562500   0.812500
  0.929648   0.483644   0.665355  -0.039435   0.384236   0.040945  -0.026451   0.562500   0.812500
  0.934673   0.483446   0.667286  -0.039230   0.384103  -0.057740   0.055876   0.562500   0.812500
  0.939698   0.483248   0.669216  -0.039520   0.384384  -0.043683   0.051678   0.562500   0.812500
  0.944724   0.483050   0.671148  -0.039739   0.384644   0.058117  -0.035931   0.562500   0.812500
  0.949749   0.482850   0.673081  -0.039447   0.384463   0.050401  -0.040501   0.562500   0.812500
  0.954774   0.482652   0.675013  -0.039194   0.384260  -0.063663   0.058986   0.562500   0.812500
  0.959799   0.482455   0.676944  -0.039514   0.384556  -0.058509   0.065692   0.562500   0.812500
  0.964824   0.482256   0.678876  -0.039808   0.384886   0.051400  -0.031541   0.562500   0.812500
  0.969849   0.482056   0.680810  -0.039550   0.384728   0.050598  -0.044447   0.562500   0.812500
  0.974874   0.481858   0.682744  -0.039295   0.384504  -0.077974   0.073490   0.562500   0.812500
  0.979899   0.481660   0.684676  -0.039687   0.384873  -0.092211   0.106409   0.562500   0.812500
  0.984925   0.481461   0.686610  -0.040151   0.385408   0.015957   0.020239   0.562500   0.812500
  0.989950   0.481259   0.688547  -0.040071   0.385510   0.086274  -0.046447   0.562500   0.812500
  0.994975   0.481058   0.690484  -0.039637   0.385277   0.121836  -0.074678   0.562500   0.812500
  1.000000   0.480858   0.692420  -0.039025   0.384901   0.285704  -0.209526   0.562500   0.812500