   0.000000    0.358579    0.358579    0.000000    0.000000    9.706823   22.263852    0.812500    0.062500
   0.005025    0.358579    0.358579    0.048777    0.111876    9.183453   19.889192    0.812500    0.062500
   0.010050    0.358824    0.359141    0.094924    0.211819    9.970205   14.930591    0.812500    0.062500
   0.015075    0.359301    0.360206    0.145024    0.286845   11.743908    7.957664    0.812500    0.062500
   0.020101    0.360030    0.361647    0.204049    0.326840   12.897159    1.947481    0.812500    0.062500
   0.025126    0.361055    0.363290    0.268857    0.336627   13.112914   -2.293672    0.812500    0.062500
   0.030151    0.362406    0.364981    0.334749    0.325101   12.460301   -4.227495    0.812500    0.062500
   0.035176    0.364088    0.366615    0.397362    0.303858   11.029462   -3.575503    0.812500    0.062500
   0.040201    0.366085    0.368142    0.452785    0.285891    9.430545   -2.345854    0.812500    0.062500
   0.045226    0.368360    0.369578    0.500174    0.274103    7.975417   -1.674768    0.812500    0.062500
   0.050251    0.370874    0.370956    0.540250    0.265687    6.703460   -1.371827    0.812500    0.062500
   0.055276    0.373589    0.372291    0.573935    0.258794    5.671693   -1.119196    0.812500    0.062500
   0.060302    0.376473    0.373591    0.602441    0.253169    4.772275   -0.900394    0.812500    0.062500
   0.065327    0.379500    0.374864    0.626422    0.248644    3.884273   -0.777410    0.812500    0.062500
   0.070352    0.382648    0.376113    0.645940    0.244738    3.034919   -0.692236    0.812500    0.062500
   0.075377    0.385894    0.377343    0.661191    0.241259    2.321943   -0.548382    0.812500    0.062500
   0.080402    0.389217    0.378555    0.672859    0.238504    1.706296   -0.397392    0.812500    0.062500
   0.085427    0.392598    0.379754    0.681433    0.236507    1.100225   -0.311177    0.812500    0.062500
   0.090452    0.396022    0.380942    0.686961    0.234943    0.515478   -0.255875    0.812500    0.062500
   0.095477    0.399474    0.382123    0.689552    0.233657    0.027071   -0.158719    0.812500    0.062500
   0.100503    0.402940    0.383297    0.689688    0.232860   -0.382203   -0.052193    0.812500    0.062500
   0.105528    0.406405    0.384467    0.687767    0.232597   -0.781355    0.007369    0.812500    0.062500
   0.110553    0.409861    0.385636    0.683841    0.232634   -1.170423    0.041459    0.812500    0.062500
   0.115578    0.413298    0.386805    0.677959    0.232843   -1.493021    0.105027    0.812500    0.062500
   0.120603    0.416704    0.387975    0.670457    0.233370   -1.751623    0.178292    0.812500    0.062500
   0.125628    0.420073    0.389148    0.661655    0.234266   -2.000057    0.217673    0.812500    0.062500
   0.130653    0.423398    0.390325    0.651605    0.235360   -2.245810    0.236571    0.812500    0.062500
   0.135678    0.426672    0.391508    0.640320    0.236549   -2.447346    0.276163    0.812500    0.062500
   0.140704    0.429891    0.392696    0.628019    0.237937   -2.597565    0.324844    0.812500    0.062500
   0.145729    0.433047    0.393892    0.614967    0.239569   -2.737615    0.349114    0.812500    0.062500
   0.150754    0.436137    0.395096    0.601210    0.241324   -2.879709    0.357275    0.812500    0.062500
   0.155779    0.439158    0.396309    0.586739    0.243119   -2.994072    0.380015    0.812500    0.062500
   0.160804    0.442106    0.397530    0.571694    0.245028   -3.067529    0.410735    0.812500    0.062500
   0.165829    0.444979    0.398762    0.556280    0.247092   -3.130939    0.423878    0.812500    0.062500
   0.170854    0.447774    0.400003    0.540547    0.249222   -3.199250    0.424577    0.812500    0.062500
   0.175879    0.450490    0.401255    0.524471    0.251356   -3.251959    0.435643    0.812500    0.062500
   0.180905    0.453126    0.402519    0.508126    0.253545   -3.272312    0.453441    0.812500    0.062500
   0.185930    0.455680    0.403793    0.491683    0.255824   -3.282693    0.458522    0.812500    0.062500
   0.190955    0.458151    0.405078    0.475187    0.258128   -3.299547    0.454171    0.812500    0.062500
   0.195980    0.460538    0.406375    0.458607    0.260410   -3.309671    0.457370    0.812500    0.062500
   0.201005    0.462843    0.407684    0.441976    0.262708   -3.294435    0.466072    0.812500    0.062500
   0.206030    0.465064    0.409004    0.425422    0.265051   -3.269260    0.465480    0.812500    0.062500
   0.211055    0.467202    0.410336    0.408994    0.267390   -3.251219    0.457847    0.812500    0.062500
   0.216080    0.469257    0.411680    0.392656    0.269690   -3.232866    0.455893    0.812500    0.062500
   0.221106    0.471230    0.413035    0.376408    0.271982   -3.194857    0.458345    0.812500    0.062500
   0.226131    0.473122    0.414402    0.360354    0.274285   -3.146891    0.453874    0.812500    0.062500
   0.231156    0.474932    0.415780    0.344541    0.276565   -3.106091    0.444227    0.812500    0.062500
   0.236181    0.476664    0.417170    0.328932    0.278798   -3.069567    0.439061    0.812500    0.062500
   0.241206    0.478317    0.418571    0.313508    0.281004   -3.018091    0.437380    0.812500    0.062500
   0.246231    0.479892    0.419983    0.298342    0.283202   -2.956550    0.430391    0.812500    0.062500
   0.251256    0.481391    0.421406    0.283485    0.285365   -2.901695    0.419615    0.812500    0.062500
   0.256281    0.482816    0.422840    0.268904    0.287473   -2.854263    0.412541    0.812500    0.062500
   0.261307    0.484167    0.424285    0.254559    0.289547   -2.795807    0.408231    0.812500    0.062500
   0.266332    0.485446    0.425740    0.240510    0.291598   -2.727133    0.399690    0.812500    0.062500
   0.271357    0.486655    0.427205    0.226806    0.293606   -2.664006    0.388311    0.812500    0.062500
   0.276382    0.487795    0.428680    0.213419    0.295558   -2.610038    0.380071    0.812500    0.062500
   0.281407    0.488867    0.430166    0.200304    0.297467   -2.548677    0.374135    0.812500    0.062500
   0.286432    0.489874    0.431660    0.187497    0.299347   -2.476973    0.364705    0.812500    0.062500
   0.291457    0.490816    0.433165    0.175050    0.301180   -2.408052    0.352817    0.812500    0.062500
   0.296482    0.491695    0.434678    0.162950    0.302953   -2.347584    0.343346    0.812500    0.062500
   0.301508    0.492514    0.436201    0.151151    0.304679   -2.284261    0.336149    0.812500    0.062500
   0.306533    0.493274    0.437732    0.139672    0.306368   -2.211570    0.326243    0.812500    0.062500
   0.311558    0.493976    0.439271    0.128559    0.308007   -2.134382    0.313424    0.812500    0.062500
   0.316583    0.494622    0.440819    0.117834    0.309582   -2.058634    0.301553    0.812500    0.062500
   0.321608    0.495214    0.442375    0.107489    0.311097   -1.989601    0.292946    0.812500    0.062500
   0.326633    0.495754    0.443938    0.097491    0.312569   -1.918113    0.283410    0.812500    0.062500
   0.331658    0.496244    0.445508    0.087853    0.313994   -1.823993    0.269329    0.812500    0.062500
   0.336683    0.496685    0.447086    0.078687    0.315347   -1.709019    0.253261    0.812500    0.062500
   0.341709    0.497081    0.448671    0.070098    0.316620   -1.628442    0.243961    0.812500    0.062500
   0.346734    0.497433    0.450262    0.061915    0.317846   -1.575116    0.238531    0.812500    0.062500
   0.351759    0.497744    0.451859    0.054000    0.319044   -1.460459    0.225694    0.812500    0.062500
   0.356784    0.498016    0.453463    0.046661    0.320179   -1.277312    0.207181    0.812500    0.062500
   0.361809    0.498250    0.455071    0.040243    0.321220   -1.218624    0.206405    0.812500    0.062500
   0.366834    0.498452    0.456686    0.034119    0.322257   -1.286459    0.221127    0.812500    0.062500
   0.371859    0.498624    0.458305    0.027655    0.323368   -1.226620    0.224336    0.812500    0.062500
   0.376884    0.498763    0.459930    0.021491    0.324495   -1.048223    0.221389    0.812500    0.062500
   0.381910    0.498871    0.461561    0.016222    0.325608   -1.297209    0.268578    0.812500    0.062500
   0.386935    0.498952    0.463197    0.009704    0.326958   -1.966574    0.363238    0.812500    0.062500
   0.391960    0.499001    0.464840   -0.000178    0.328783   -2.454002    0.452723    0.812500    0.062500
   0.396985    0.499000    0.466492   -0.012509    0.331058   -2.944132    0.545145    0.812500    0.062500
   0.402010    0.498937    0.468156   -0.027304    0.333797   -4.736667    0.720458    0.812500    0.062500
   0.407035    0.498800    0.469833   -0.051105    0.337417   -7.661462    0.995597    0.812500    0.062500
   0.412060    0.498543    0.471528   -0.089604    0.342420  -10.644612    1.361293    0.812500    0.062500
   0.417085    0.498093    0.473249   -0.143093    0.349261  -14.662760    1.818698    0.812500    0.062500
   0.422111    0.497374    0.475005   -0.216788    0.358402  -21.979272    2.234275    0.812500    0.062500
   0.427136    0.496284    0.476805   -0.327234    0.369629  -31.620317    2.744695    0.812500    0.062500
   0.432161    0.494640    0.478663   -0.486126    0.383421  -42.875215    3.839617    0.812500    0.062500
   0.437186    0.492197    0.480590   -0.701574    0.402715  -57.292919    4.708426    0.812500    0.062500
   0.442211    0.488672    0.482613   -0.989471    0.426375  -71.158092    1.901609    0.812500    0.062500
   0.447236    0.483700    0.484756   -1.347041    0.435930  -78.998858   -4.975706    0.812500    0.062500
   0.452261    0.476931    0.486946   -1.744010    0.410927  -82.739516  -14.274869    0.812500    0.062500
   0.457286    0.468167    0.489011   -2.159776    0.339196  -76.322319  -29.711682    0.812500    0.062500
   0.462312    0.457312    0.490716   -2.543372    0.189865  -41.863674  -54.366054    0.812500    0.062500
   0.467337    0.444532    0.491670   -2.753737   -0.083324   13.220358  -80.284314    0.812500    0.062500
   0.472362    0.430694    0.491251   -2.687305   -0.486753   71.426412 -102.435324    0.812500    0.062500
   0.477387    0.417190    0.488805   -2.328387   -1.001490  129.497764 -111.638967    0.812500    0.062500
   0.482412    0.405490    0.483773   -1.677661   -1.562476  171.383912  -82.260709    0.812500    0.062500
   0.487437    0.397060    0.475922   -0.816457   -1.975836  182.853087  -19.606940    0.812500    0.062500
   0.492462    0.392957    0.465993    0.102380   -2.074361  175.917034   50.582871    0.812500    0.062500
   0.497487    0.393472    0.455569    0.986363   -1.820182  151.500213  121.399187    0.812500    0.062500
   0.502513    0.398429    0.446421    1.747803   -1.210030  100.471491  171.080054    0.812500    0.062500
   0.507538    0.407212    0.440341    2.252673   -0.350352   41.748139  178.799672    0.812500    0.062500
   0.512563    0.418532    0.438580    2.462457    0.548116   -6.246927  160.806551    0.812500    0.062500
   0.517588    0.430906    0.441334    2.431066    1.356169  -43.714320  123.244283    0.812500    0.062500
   0.522613    0.443122    0.448149    2.211402    1.975471  -66.335501   63.442518    0.812500    0.062500
   0.527638    0.454234    0.458076    1.878066    2.294270  -73.056977    5.425784    0.812500    0.062500
   0.532663    0.463671    0.469605    1.510955    2.321535  -73.397094  -35.317524    0.812500    0.062500
   0.537688    0.471264    0.481270    1.142134    2.144064  -69.634100  -61.251549    0.812500    0.062500
   0.542714    0.477004    0.492046    0.792153    1.836214  -58.294462  -68.162732    0.812500    0.062500
   0.547739    0.480985    0.501273    0.499224    1.493696  -43.761203  -59.486698    0.812500    0.062500
   0.552764    0.483493    0.508779    0.279323    1.194775  -32.143844  -48.459328    0.812500    0.062500
   0.557789    0.484897    0.514783    0.117801    0.951267  -23.010446  -38.269228    0.812500    0.062500
   0.562814    0.485489    0.519563    0.002173    0.758964  -15.518463  -27.943818    0.812500    0.062500
   0.567839    0.485500    0.523377   -0.075807    0.618547  -10.223368  -19.516671    0.812500    0.062500
   0.572864    0.485119    0.526485   -0.127180    0.520475   -6.527915  -13.789931    0.812500    0.062500
   0.577889    0.484480    0.529100   -0.159982    0.451181   -3.698967   -9.450614    0.812500    0.062500
   0.582915    0.483676    0.531368   -0.178573    0.403682   -1.905857   -6.076788    0.812500    0.062500
   0.587940    0.482778    0.533397   -0.188150    0.373146   -1.030742   -3.910255    0.812500    0.062500
   0.592965    0.481833    0.535272   -0.193330    0.353497   -0.361378   -2.458030    0.812500    0.062500
   0.597990    0.480861    0.537048   -0.195146    0.341146    0.217505   -1.298408    0.812500    0.062500
   0.603015    0.479881    0.538762   -0.194053    0.334621    0.434930   -0.528026    0.812500    0.062500
   0.608040    0.478906    0.540444   -0.191867    0.331968    0.384868   -0.179225    0.812500    0.062500
   0.613065    0.477942    0.542112   -0.189933    0.331067    0.398659    0.049620    0.812500    0.062500
   0.618090    0.476987    0.543775   -0.187930    0.331317    0.451234    0.255339    0.812500    0.062500
   0.623116    0.476043    0.545441   -0.185662    0.332600    0.392016    0.343405    0.812500    0.062500
   0.628141    0.475110    0.547112   -0.183692    0.334325    0.271195    0.319997    0.812500    0.062500
   0.633166    0.474187    0.548792   -0.182329    0.335933    0.219812    0.306564    0.812500    0.062500
   0.638191    0.473270    0.550480   -0.181225    0.337474    0.202660    0.312263    0.812500    0.062500
   0.643216    0.472360    0.552176   -0.180206    0.339043    0.147978    0.288146    0.812500    0.062500
   0.648241    0.471454    0.553879   -0.179463    0.340491    0.080609    0.238815    0.812500    0.062500
   0.653266    0.470552    0.555590   -0.179058    0.341691    0.054461    0.207216    0.812500    0.062500
   0.658291    0.469653    0.557307   -0.178784    0.342732    0.046327    0.190671    0.812500    0.062500
   0.663317    0.468754    0.559030   -0.178551    0.343691    0.020539    0.169542    0.812500    0.062500
   0.668342    0.467857    0.560757   -0.178448    0.344543   -0.009313    0.143274    0.812500    0.062500
   0.673367    0.466960    0.562488   -0.178495    0.345263   -0.015586    0.124419    0.812500    0.062500
   0.678392    0.466063    0.564223   -0.178573    0.345888   -0.012789    0.112617    0.812500    0.062500
   0.683417    0.465166    0.565961   -0.178637    0.346454   -0.023242    0.102807    0.812500    0.062500
   0.688442    0.464268    0.567702   -0.178754    0.346970   -0.038130    0.092595    0.812500    0.062500
   0.693467    0.463370    0.569446   -0.178946    0.347436   -0.036436    0.082961    0.812500    0.062500
   0.698492    0.462471    0.571192   -0.179129    0.347852   -0.027997    0.075357    0.812500    0.062500
   0.703518    0.461571    0.572940   -0.179270    0.348231   -0.032189    0.070987    0.812500    0.062500
   0.708543    0.460670    0.574690   -0.179431    0.348588   -0.043587    0.067814    0.812500    0.062500
   0.713568    0.459768    0.576442   -0.179650    0.348929   -0.040361    0.062473    0.812500    0.062500
   0.718593    0.458865    0.578195   -0.179853    0.349243   -0.028887    0.056597    0.812500    0.062500
   0.723618    0.457962    0.579950   -0.179998    0.349527   -0.029891    0.053998    0.812500    0.062500
   0.728643    0.457057    0.581706   -0.180149    0.349798   -0.042201    0.053752    0.812500    0.062500
   0.733668    0.456152    0.583464   -0.180361    0.350068   -0.040259    0.050444    0.812500    0.062500
   0.738693    0.455245    0.585223   -0.180563    0.350322   -0.026324    0.044943    0.812500    0.062500
   0.743719    0.454338    0.586984   -0.180695    0.350548   -0.024383    0.042536    0.812500    0.062500
   0.748744    0.453430    0.588745   -0.180818    0.350762   -0.039305    0.043970    0.812500    0.062500
   0.753769    0.452521    0.590508   -0.181015    0.350982   -0.040232    0.042161    0.812500    0.062500
   0.758794    0.451612    0.592272   -0.181218    0.351194   -0.023538    0.036413    0.812500    0.062500
   0.763819    0.450701    0.594036   -0.181336    0.351377   -0.017718    0.033386    0.812500    0.062500
   0.768844    0.449790    0.595802   -0.181425    0.351545   -0.036268    0.036345    0.812500    0.062500
   0.773869    0.448878    0.597568   -0.181607    0.351728   -0.041659    0.036281    0.812500    0.062500
   0.778894    0.447966    0.599336   -0.181816    0.351910   -0.021547    0.029861    0.812500    0.062500
   0.783920    0.447052    0.601105   -0.181925    0.352060   -0.010150    0.025380    0.812500    0.062500
   0.788945    0.446138    0.602874   -0.181976    0.352188   -0.033245    0.030015    0.812500    0.062500
   0.793970    0.445223    0.604643   -0.182143    0.352338   -0.045216    0.032423    0.812500    0.062500
   0.798995    0.444308    0.606414   -0.182370    0.352501   -0.020880    0.024985    0.812500    0.062500
   0.804020    0.443392    0.608185   -0.182475    0.352627   -0.001481    0.017967    0.812500    0.062500
   0.809045    0.442475    0.609957   -0.182482    0.352717   -0.029997    0.024484    0.812500    0.062500
   0.814070    0.441558    0.611730   -0.182633    0.352840   -0.051453    0.030540    0.812500    0.062500
   0.819095    0.440640    0.613503   -0.182892    0.352994   -0.022089    0.021792    0.812500    0.062500
   0.824121    0.439721    0.615277   -0.183003    0.353103    0.008583    0.010719    0.812500    0.062500
   0.829146    0.438801    0.617051   -0.182960    0.353157   -0.025994    0.019199    0.812500    0.062500
   0.834171    0.437882    0.618826   -0.183090    0.353254   -0.060705    0.030588    0.812500    0.062500
   0.839196    0.436962    0.620601   -0.183395    0.353407   -0.025767    0.020429    0.812500    0.062500
   0.844221    0.436040    0.622377   -0.183525    0.353510    0.020139    0.003393    0.812500    0.062500
   0.849246    0.435118    0.624153   -0.183423    0.353527   -0.020539    0.013622    0.812500    0.062500
   0.854271    0.434196    0.625930   -0.183527    0.353595   -0.072962    0.032492    0.812500    0.062500
   0.859296    0.433274    0.627706   -0.183893    0.353759   -0.032450    0.021126    0.812500    0.062500
   0.864322    0.432350    0.629484   -0.184056    0.353865    0.033097   -0.004154    0.812500    0.062500
   0.869347    0.431425    0.631263   -0.183890    0.353844   -0.012721    0.007069    0.812500    0.062500
   0.874372    0.430501    0.633041   -0.183954    0.353880   -0.087500    0.035849    0.812500    0.062500
   0.879397    0.429577    0.634819   -0.184394    0.354060   -0.042345    0.024007    0.812500    0.062500
   0.884422    0.428650    0.636598   -0.184606    0.354180    0.046878   -0.011746    0.812500    0.062500
   0.889447    0.427722    0.638378   -0.184371    0.354121   -0.001728   -0.000943    0.812500    0.062500
   0.894472    0.426796    0.640157   -0.184380    0.354117   -0.102877    0.040084    0.812500    0.062500
   0.899497    0.425869    0.641937   -0.184897    0.354318   -0.055213    0.029121    0.812500    0.062500
   0.904523    0.424940    0.643717   -0.185174    0.354464    0.060588   -0.018952    0.812500    0.062500
   0.909548    0.424010    0.645499   -0.184870    0.354369    0.012894   -0.010698    0.812500    0.062500
   0.914573    0.423081    0.647279   -0.184805    0.354315   -0.117075    0.044300    0.812500    0.062500
   0.919598    0.422152    0.649060   -0.185393    0.354538   -0.070190    0.036175    0.812500    0.062500
   0.924623    0.421220    0.650841   -0.185746    0.354720    0.073029   -0.025116    0.812500    0.062500
   0.929648    0.420287    0.652624   -0.185379    0.354594    0.031015   -0.022063    0.812500    0.062500
   0.934673    0.419355    0.654406   -0.185223    0.354483   -0.128111    0.047601    0.812500    0.062500
   0.939698    0.418425    0.656187   -0.185867    0.354722   -0.086195    0.044691    0.812500    0.062500
   0.944724    0.417491    0.657970   -0.186300    0.354946    0.083128   -0.029638    0.812500    0.062500
   0.949749    0.416554    0.659753   -0.185882    0.354798    0.051474   -0.034408    0.812500    0.062500
   0.954774    0.415620    0.661536   -0.185624    0.354625   -0.136242    0.050131    0.812500    0.062500
   0.959799    0.414688    0.663318   -0.186308    0.354877   -0.107038    0.056731    0.812500    0.062500
   0.964824    0.413751    0.665101   -0.186846    0.355162    0.079166   -0.025983    0.812500    0.062500
   0.969849    0.412812    0.666886   -0.186448    0.355031    0.057904   -0.038020    0.812500    0.062500
   0.974874    0.411876    0.668670   -0.186157    0.354840   -0.156408    0.062665    0.812500    0.062500
   0.979899    0.410940    0.670453   -0.186943    0.355155   -0.154002    0.092286    0.812500    0.062500
   0.984925    0.410001    0.672238   -0.187717    0.355619    0.044730    0.019736    0.812500    0.062500
   0.989950    0.409057    0.674025   -0.187493    0.355718    0.160884   -0.037343    0.812500    0.062500
   0.994975    0.408115    0.675813   -0.186684    0.355530    0.227949   -0.061107    0.812500    0.062500
   1.000000    0.407177    0.677599   -0.185539    0.355223    0.529636   -0.175045    0.812500    0.062500