  0.000000   0.358579   0.358579   0.000000   0.000000   9.706806  22.263927   0.812500   0.187500
  0.005025   0.358579   0.358579   0.048777   0.111876   9.183443  19.889236   0.812500   0.187500
  0.010050   0.358824   0.359141   0.094924   0.211820   9.970202  14.930593   0.812500   0.187500
  0.015075   0.359301   0.360206   0.145024   0.286846  11.743911   7.957633   0.812500   0.187500
  0.020101   0.360030   0.361647   0.204049   0.326841  12.897162   1.947440   0.812500   0.187500
  0.025126   0.361055   0.363290   0.268857   0.336627  13.112916  -2.293710   0.812500   0.187500
  0.030151   0.362406   0.364981   0.334749   0.325101  12.460301  -4.227527   0.812500   0.187500
  0.035176   0.364088   0.366615   0.397362   0.303858  11.029462  -3.575530   0.812500   0.187500
  0.040201   0.366085   0.368142   0.452785   0.285891   9.430546  -2.345879   0.812500   0.187500
  0.045226   0.368360   0.369578   0.500174   0.274103   7.975419  -1.674790   0.812500   0.187500
  0.050251   0.370874   0.370956   0.540250   0.265687   6.703462  -1.371841   0.812500   0.187500
  0.055276   0.373589   0.372291   0.573935   0.258793   5.671693  -1.119201   0.812500   0.187500
  0.060302   0.376473   0.373591   0.602441   0.253168   4.772275  -0.900395   0.812500   0.187500
  0.065327   0.379500   0.374864   0.626422   0.248644   3.884273  -0.777408   0.812500   0.187500
  0.070352   0.382648   0.376113   0.645940   0.244737   3.034920  -0.692233   0.812500   0.187500
  0.075377   0.385894   0.377343   0.661191   0.241259   2.321943  -0.548379   0.812500   0.187500
  0.080402   0.389217   0.378555   0.672859   0.238503   1.706296  -0.397389   0.812500   0.187500
  0.085427   0.392598   0.379754   0.681433   0.236506   1.100225  -0.311174   0.812500   0.187500
  0.090452   0.396022   0.380942   0.686961   0.234943   0.515479  -0.255871   0.812500   0.187500
  0.095477   0.399474   0.382123   0.689552   0.233657   0.027072  -0.158715   0.812500   0.187500
  0.100503   0.402940   0.383297   0.689688   0.232859  -0.382202  -0.052189   0.812500   0.187500
  0.105528   0.406405   0.384467   0.687767   0.232597  -0.781354   0.007373   0.812500   0.187500
  0.110553   0.409861   0.385636   0.683841   0.232634  -1.170422   0.041463   0.812500   0.187500
  0.115578   0.413298   0.386805   0.677959   0.232842  -1.493020   0.105031   0.812500   0.187500
  0.120603   0.416704   0.387975   0.670457   0.233370  -1.751622   0.178296   0.812500   0.187500
  0.125628   0.420073   0.389148   0.661655   0.234266  -2.000056   0.217677   0.812500   0.187500
  0.130653   0.423398   0.390325   0.651605   0.235360  -2.245809   0.236575   0.812500   0.187500
  0.135678   0.426672   0.391508   0.640320   0.236549  -2.447345   0.276167   0.812500   0.187500
  0.140704   0.429891   0.392696   0.628019   0.237937  -2.597563   0.324848   0.812500   0.187500
  0.145729   0.433046   0.393892   0.614967   0.239569  -2.737614   0.349118   0.812500   0.187500
  0.150754   0.436137   0.395096   0.601210   0.241323  -2.879708   0.357279   0.812500   0.187500
  0.155779   0.439158   0.396309   0.586739   0.243119  -2.994072   0.380019   0.812500   0.187500
  0.160804   0.442106   0.397530   0.571694   0.245028  -3.067528   0.410739   0.812500   0.187500
  0.165829   0.444979   0.398761   0.556280   0.247092  -3.130938   0.423882   0.812500   0.187500
  0.170854   0.447774   0.400003   0.540547   0.249222  -3.199249   0.424581   0.812500   0.187500
  0.175879   0.450490   0.401255   0.524471   0.251356  -3.251958   0.435647   0.812500   0.187500
  0.180905   0.453126   0.402519   0.508126   0.253545  -3.272311   0.453444   0.812500   0.187500
  0.185930   0.455680   0.403793   0.491683   0.255824  -3.282692   0.458525   0.812500   0.187500
  0.190955   0.458151   0.405078   0.475188   0.258128  -3.299545   0.454174   0.812500   0.187500
  0.195980   0.460538   0.406375   0.458607   0.260410  -3.309669   0.457372   0.812500   0.187500
  0.201005   0.462843   0.407684   0.441976   0.262708  -3.294431   0.466074   0.812500   0.187500
  0.206030   0.465064   0.409004   0.425422   0.265050  -3.269255   0.465481   0.812500   0.187500
  0.211055   0.467201   0.410336   0.408994   0.267389  -3.251208   0.457847   0.812500   0.187500
  0.216080   0.469257   0.411680   0.392656   0.269690  -3.232848   0.455890   0.812500   0.187500
  0.221106   0.471230   0.413035   0.376408   0.271981  -3.194834   0.458341   0.812500   0.187500
  0.226131   0.473122   0.414402   0.360354   0.274285  -3.146856   0.453866   0.812500   0.187500
  0.231156   0.474932   0.415780   0.344541   0.276565  -3.106022   0.444209   0.812500   0.187500
  0.236181   0.476664   0.417170   0.328933   0.278797  -3.069449   0.439027   0.812500   0.187500
  0.241206   0.478317   0.418571   0.313509   0.281004  -3.017945   0.437338   0.812500   0.187500
  0.246231   0.479892   0.419983   0.298344   0.283201  -2.956348   0.430333   0.812500   0.187500
  0.251256   0.481391   0.421406   0.283489   0.285364  -2.901303   0.419506   0.812500   0.187500
  0.256281   0.482816   0.422840   0.268909   0.287472  -2.853592   0.412353   0.812500   0.187500
  0.261307   0.484167   0.424285   0.254567   0.289544  -2.795003   0.408002   0.812500   0.187500
  0.266332   0.485446   0.425740   0.240522   0.291594  -2.726119   0.399410   0.812500   0.187500
  0.271357   0.486655   0.427205   0.226824   0.293601  -2.662141   0.387823   0.812500   0.187500
  0.276382   0.487795   0.428680   0.213446   0.295550  -2.606865   0.379246   0.812500   0.187500
  0.281407   0.488867   0.430165   0.200347   0.297456  -2.545012   0.373162   0.812500   0.187500
  0.286432   0.489874   0.431660   0.187558   0.299331  -2.472839   0.363639   0.812500   0.187500
  0.291457   0.490817   0.433164   0.175132   0.301158  -2.400964   0.351145   0.812500   0.187500
  0.296482   0.491697   0.434678   0.163067   0.302923  -2.335625   0.340587   0.812500   0.187500
  0.301508   0.492516   0.436200   0.151329   0.304635  -2.271234   0.333053   0.812500   0.187500
  0.306533   0.493277   0.437731   0.139916   0.306308  -2.199156   0.323374   0.812500   0.187500
  0.311558   0.493980   0.439270   0.128865   0.307933  -2.115182   0.309665   0.812500   0.187500
  0.316583   0.494627   0.440817   0.118236   0.309489  -2.026843   0.295730   0.812500   0.187500
  0.321608   0.495221   0.442373   0.108051   0.310975  -1.959755   0.287270   0.812500   0.187500
  0.326633   0.495764   0.443935   0.098203   0.312419  -1.901077   0.280464   0.812500   0.187500
  0.331658   0.496258   0.445505   0.088650   0.313828  -1.805695   0.268723   0.812500   0.187500
  0.336683   0.496703   0.447082   0.079577   0.315178  -1.681009   0.254472   0.812500   0.187500
  0.341709   0.497103   0.448666   0.071128   0.316457  -1.635471   0.251049   0.812500   0.187500
  0.346734   0.497461   0.450256   0.062910   0.317719  -1.658178   0.257785   0.812500   0.187500
  0.351759   0.497777   0.451853   0.054578   0.319014  -1.618785   0.265145   0.812500   0.187500
  0.356784   0.498051   0.453456   0.046443   0.320347  -1.538745   0.277013   0.812500   0.187500
  0.361809   0.498284   0.455066   0.038711   0.321739  -1.688609   0.305721   0.812500   0.187500
  0.366834   0.498479   0.456682   0.030226   0.323275  -2.049082   0.348505   0.812500   0.187500
  0.371859   0.498631   0.458307   0.019929   0.325026  -2.379099   0.409395   0.812500   0.187500
  0.376884   0.498731   0.459940   0.007974   0.327083  -2.824848   0.506796   0.812500   0.187500
  0.381910   0.498771   0.461584  -0.006224   0.329630  -3.858378   0.614572   0.812500   0.187500
  0.386935   0.498740   0.463240  -0.025612   0.332719  -5.269420   0.693975   0.812500   0.187500
  0.391960   0.498611   0.464912  -0.052091   0.336206  -6.768129   0.778184   0.812500   0.187500
  0.396985   0.498349   0.466602  -0.086101   0.340116  -8.985856   0.883170   0.812500   0.187500
  0.402010   0.497917   0.468311  -0.131255   0.344554 -12.498805   0.903037   0.812500   0.187500
  0.407035   0.497257   0.470042  -0.194061   0.349092 -16.223991   0.767375   0.812500   0.187500
  0.412060   0.496282   0.471796  -0.275587   0.352948 -19.795732   0.435417   0.812500   0.187500
  0.417085   0.494897   0.473570  -0.375060   0.355136 -24.722724  -0.367080   0.812500   0.187500
  0.422111   0.493012   0.475355  -0.499317   0.353291 -31.870885  -1.648390   0.812500   0.187500
  0.427136   0.490503   0.477130  -0.659468   0.345008 -39.026365  -2.751963   0.812500   0.187500
  0.432161   0.487189   0.478864  -0.855575   0.331179 -45.315912  -3.825493   0.812500   0.187500
  0.437186   0.482890   0.480528  -1.083288   0.311956 -50.845952  -6.664670   0.812500   0.187500
  0.442211   0.477446   0.482096  -1.338789   0.278466 -53.725529 -12.810769   0.812500   0.187500
  0.447236   0.470719   0.483495  -1.608759   0.214092 -54.005703 -19.544663   0.812500   0.187500
  0.452261   0.462635   0.484571  -1.880138   0.115880 -53.402309 -24.911857   0.812500   0.187500
  0.457286   0.453187   0.485153  -2.148485  -0.009302 -44.996277 -31.033925   0.812500   0.187500
  0.462312   0.442389   0.485106  -2.374636  -0.165278 -14.333289 -41.729839   0.812500   0.187500
  0.467337   0.430457   0.484276  -2.446661  -0.374971  30.839448 -55.943478   0.812500   0.187500
  0.472362   0.418162   0.482392  -2.291693  -0.656087  75.237486 -69.922996   0.812500   0.187500
  0.477387   0.406646   0.479095  -1.913624  -1.007450 114.361341 -73.732884   0.812500   0.187500
  0.482412   0.397030   0.474032  -1.338958  -1.377958 137.563584 -46.925499   0.812500   0.187500
  0.487437   0.390302   0.467108  -0.647701  -1.613758 141.595191   3.566324   0.812500   0.187500
  0.492462   0.387047   0.458999   0.063814  -1.595837 137.743415  55.572386   0.812500   0.187500
  0.497487   0.387368   0.450980   0.755975  -1.316586 125.540623 101.221166   0.812500   0.187500
  0.502513   0.391168   0.444363   1.386942  -0.807849  94.095094 126.053404   0.812500   0.187500
  0.507538   0.398137   0.440303   1.859770  -0.174430  51.685718 124.907885   0.812500   0.187500
  0.512563   0.407482   0.439427   2.119491   0.453232  13.356528 113.375313   0.812500   0.187500
  0.517588   0.418133   0.441704   2.186607   1.022943 -18.011426  95.071677   0.812500   0.187500
  0.522613   0.429120   0.446845   2.096100   1.500678 -38.270805  63.486070   0.812500   0.187500
  0.527638   0.439653   0.454385   1.903789   1.819695 -46.958240  26.364455   0.812500   0.187500
  0.532663   0.449220   0.463529   1.667824   1.952177 -51.644497  -5.436782   0.812500   0.187500
  0.537688   0.457601   0.473339   1.408310   1.924857 -54.740116 -30.096531   0.812500   0.187500
  0.542714   0.464679   0.483013   1.133187   1.773592 -52.751003 -42.076063   0.812500   0.187500
  0.547739   0.470373   0.491926   0.868113   1.562160 -45.672659 -40.907487   0.812500   0.187500
  0.552764   0.474735   0.499776   0.638608   1.356600 -38.077295 -36.287706   0.812500   0.187500
  0.557789   0.477944   0.506592   0.447269   1.174254 -31.262760 -32.385101   0.812500   0.187500
  0.562814   0.480192   0.512493   0.290174   1.011519 -25.019540 -28.690048   0.812500   0.187500
  0.567839   0.481650   0.517576   0.164451   0.867351 -19.811031 -24.649867   0.812500   0.187500
  0.572864   0.482476   0.521934   0.064900   0.743486 -15.551513 -20.630680   0.812500   0.187500
  0.577889   0.482803   0.525670  -0.013246   0.639816 -11.673250 -16.612491   0.812500   0.187500
  0.582915   0.482736   0.528886  -0.071916   0.556322  -8.221754 -12.667396   0.812500   0.187500
  0.587940   0.482375   0.531682  -0.113230   0.492668  -5.746796  -9.566134   0.812500   0.187500
  0.592965   0.481806   0.534157  -0.142108   0.444599  -4.014682  -7.321240   0.812500   0.187500
  0.597990   0.481092   0.536391  -0.162282   0.407809  -2.595372  -5.369430   0.812500   0.187500
  0.603015   0.480276   0.538441  -0.175323   0.380828  -1.506645  -3.591339   0.812500   0.187500
  0.608040   0.479395   0.540354  -0.182894   0.362781  -0.845120  -2.329628   0.812500   0.187500
  0.613065   0.478476   0.542177  -0.187141   0.351075  -0.395442  -1.525427   0.812500   0.187500
  0.618090   0.477536   0.543941  -0.189128   0.343410  -0.047050  -0.905995   0.812500   0.187500
  0.623116   0.476585   0.545667  -0.189364   0.338856   0.123696  -0.429058   0.812500   0.187500
  0.628141   0.475634   0.547370  -0.188743   0.336700   0.154807  -0.148509   0.812500   0.187500
  0.633166   0.474685   0.549062  -0.187965   0.335954   0.197055   0.021936   0.812500   0.187500
  0.638191   0.473741   0.550750  -0.186975   0.336064   0.243148   0.149543   0.812500   0.187500
  0.643216   0.472801   0.552439  -0.185753   0.336816   0.217050   0.212186   0.812500   0.187500
  0.648241   0.471868   0.554132  -0.184662   0.337882   0.150956   0.213499   0.812500   0.187500
  0.653266   0.470940   0.555829  -0.183904   0.338955   0.126871   0.212633   0.812500   0.187500
  0.658291   0.470016   0.557533  -0.183266   0.340023   0.123389   0.218276   0.812500   0.187500
  0.663317   0.469094   0.559242  -0.182646   0.341120   0.092307   0.206023   0.812500   0.187500
  0.668342   0.468177   0.560956  -0.182182   0.342156   0.049281   0.176924   0.812500   0.187500
  0.673367   0.467261   0.562675  -0.181935   0.343045   0.035198   0.156341   0.812500   0.187500
  0.678392   0.466347   0.564399  -0.181758   0.343830   0.034765   0.145275   0.812500   0.187500
  0.683417   0.465434   0.566127  -0.181583   0.344560   0.019393   0.133248   0.812500   0.187500
  0.688442   0.464521   0.567858  -0.181486   0.345230  -0.002309   0.117709   0.812500   0.187500
  0.693467   0.463609   0.569593  -0.181497   0.345821  -0.005062   0.104620   0.812500   0.187500
  0.698492   0.462697   0.571331  -0.181523   0.346347   0.000984   0.095523   0.812500   0.187500
  0.703518   0.461785   0.573071  -0.181518   0.346827  -0.005623   0.089360   0.812500   0.187500
  0.708543   0.460873   0.574814  -0.181546   0.347276  -0.019785   0.083725   0.812500   0.187500
  0.713568   0.459960   0.576559  -0.181645   0.347697  -0.018612   0.076641   0.812500   0.187500
  0.718593   0.459048   0.578306  -0.181739   0.348082  -0.008539   0.069757   0.812500   0.187500
  0.723618   0.458134   0.580055  -0.181782   0.348433  -0.010828   0.066223   0.812500   0.187500
  0.728643   0.457221   0.581806  -0.181836   0.348765  -0.024443   0.064943   0.812500   0.187500
  0.733668   0.456307   0.583559  -0.181959   0.349092  -0.023615   0.060802   0.812500   0.187500
  0.738693   0.455393   0.585313  -0.182078   0.349397  -0.010607   0.054681   0.812500   0.187500
  0.743719   0.454478   0.587069  -0.182131   0.349672  -0.009524   0.051711   0.812500   0.187500
  0.748744   0.453563   0.588826  -0.182179   0.349932  -0.025273   0.052589   0.812500   0.187500
  0.753769   0.452647   0.590585  -0.182306   0.350196  -0.026961   0.050282   0.812500   0.187500
  0.758794   0.451731   0.592344  -0.182441   0.350449  -0.010965   0.044097   0.812500   0.187500
  0.763819   0.450814   0.594105  -0.182496   0.350670  -0.005800   0.040662   0.812500   0.187500
  0.768844   0.449897   0.595867  -0.182526   0.350875  -0.024974   0.043233   0.812500   0.187500
  0.773869   0.448980   0.597631  -0.182651   0.351092  -0.030952   0.042805   0.812500   0.187500
  0.778894   0.448062   0.599395  -0.182807   0.351307  -0.011393   0.036045   0.812500   0.187500
  0.783920   0.447143   0.601161  -0.182864   0.351488  -0.000520   0.031244   0.812500   0.187500
  0.788945   0.446225   0.602927  -0.182866   0.351645  -0.024113   0.035576   0.812500   0.187500
  0.793970   0.445306   0.604694  -0.182988   0.351824  -0.036554   0.037697   0.812500   0.187500
  0.798995   0.444386   0.606462  -0.183171   0.352013  -0.012665   0.029987   0.812500   0.187500
  0.804020   0.443466   0.608231  -0.183235   0.352164   0.006311   0.022711   0.812500   0.187500
  0.809045   0.442545   0.610000  -0.183203   0.352278  -0.022606   0.028984   0.812500   0.187500
  0.814070   0.441624   0.611770  -0.183317   0.352424  -0.044443   0.034809   0.812500   0.187500
  0.819095   0.440703   0.613541  -0.183540   0.352599  -0.015439   0.025841   0.812500   0.187500
  0.824121   0.439781   0.615313  -0.183618   0.352729   0.014890   0.014560   0.812500   0.187500
  0.829146   0.438858   0.617086  -0.183543   0.352802  -0.020011   0.022842   0.812500   0.187500
  0.834171   0.437936   0.618859  -0.183643   0.352917  -0.055030   0.034043   0.812500   0.187500
  0.839196   0.437013   0.620632  -0.183920   0.353088  -0.020384   0.023707   0.812500   0.187500
  0.844221   0.436089   0.622406  -0.184022   0.353207   0.025244   0.006502   0.812500   0.187500
  0.849246   0.435164   0.624181  -0.183896   0.353239  -0.015696   0.016571   0.812500   0.187500
  0.854271   0.434240   0.625956  -0.183974   0.353323  -0.068369   0.035289   0.812500   0.187500
  0.859296   0.433315   0.627732  -0.184318   0.353500  -0.028093   0.023779   0.812500   0.187500
  0.864322   0.432389   0.629508  -0.184459   0.353620   0.037230  -0.001638   0.812500   0.187500
  0.869347   0.431462   0.631285  -0.184272   0.353611  -0.008801   0.009456   0.812500   0.187500
  0.874372   0.430536   0.633062  -0.184316   0.353659  -0.083782   0.038112   0.812500   0.187500
  0.879397   0.429610   0.634839  -0.184737   0.353850  -0.038818   0.026153   0.812500   0.187500
  0.884422   0.428682   0.636618  -0.184932   0.353982   0.050224  -0.009711   0.812500   0.187500
  0.889447   0.427752   0.638396  -0.184680   0.353933   0.001446   0.000987   0.812500   0.187500
  0.894472   0.426824   0.640175  -0.184673   0.353938  -0.099866   0.041915   0.812500   0.187500
  0.899497   0.425896   0.641953  -0.185175   0.354149  -0.052357   0.030858   0.812500   0.187500
  0.904523   0.424966   0.643733  -0.185438   0.354304   0.063296  -0.017304   0.812500   0.187500
  0.909548   0.424034   0.645514  -0.185120   0.354217   0.015463  -0.009135   0.812500   0.187500
  0.914573   0.423104   0.647294  -0.185042   0.354171  -0.114639   0.045782   0.812500   0.187500
  0.919598   0.422174   0.649073  -0.185618   0.354401  -0.067879   0.037581   0.812500   0.187500
  0.924623   0.421241   0.650854  -0.185959   0.354590   0.075221  -0.023783   0.812500   0.187500
  0.929648   0.420307   0.652636  -0.185581   0.354470   0.033094  -0.020799   0.812500   0.187500
  0.934673   0.419374   0.654417  -0.185415   0.354366  -0.126139   0.048801   0.812500   0.187500
  0.939698   0.418442   0.656198  -0.186049   0.354611  -0.084325   0.045829   0.812500   0.187500
  0.944724   0.417507   0.657980  -0.186473   0.354841   0.084902  -0.028558   0.812500   0.187500
  0.949749   0.416570   0.659763  -0.186046   0.354698   0.053157  -0.033384   0.812500   0.187500
  0.954774   0.415635   0.661546  -0.185779   0.354530  -0.134645   0.051103   0.812500   0.187500
  0.959799   0.414702   0.663327  -0.186455   0.354787  -0.105524   0.057652   0.812500   0.187500
  0.964824   0.413765   0.665110  -0.186986   0.355076   0.080602  -0.025109   0.812500   0.187500
  0.969849   0.412825   0.666894  -0.186581   0.354950   0.059266  -0.037190   0.812500   0.187500
  0.974874   0.411888   0.668678  -0.186283   0.354763  -0.155117   0.063453   0.812500   0.187500
  0.979899   0.410952   0.670460  -0.187062   0.355082  -0.152778   0.093033   0.812500   0.187500
  0.984925   0.410012   0.672245  -0.187830   0.355550   0.045892   0.020444   0.812500   0.187500
  0.989950   0.409068   0.674032  -0.187600   0.355653   0.161986  -0.036671   0.812500   0.187500
  0.994975   0.408125   0.675819  -0.186786   0.355468   0.228995  -0.060470   0.812500   0.187500
  1.000000   0.407186   0.677605  -0.185635   0.355164   0.530627  -0.174441   0.812500   0.187500