  0.000000   0.358579   0.358579   0.000000   0.000000   8.115751  21.343310   0.937500   0.437500
  0.005025   0.358579   0.358579   0.040782   0.107250   7.905506  19.239646   0.937500   0.437500
  0.010050   0.358784   0.359118   0.080507   0.203929   9.481586  14.807924   0.937500   0.437500
  0.015075   0.359188   0.360143   0.128152   0.278339  12.322106   8.404864   0.937500   0.437500
  0.020101   0.359833   0.361542   0.190083   0.320582  14.262697   2.712615   0.937500   0.437500
  0.025126   0.360788   0.363153   0.261753   0.334213  14.932267  -1.392821   0.937500   0.437500
  0.030151   0.362103   0.364832   0.336787   0.327214  14.414175  -3.280626   0.937500   0.437500
  0.035176   0.363795   0.366476   0.409219   0.310729  12.783046  -2.671750   0.937500   0.437500
  0.040201   0.365852   0.368038   0.473453   0.297303  10.890338  -1.538196   0.937500   0.437500
  0.045226   0.368231   0.369532   0.528177   0.289574   9.196046  -0.970917   0.937500   0.437500
  0.050251   0.370885   0.370987   0.574387   0.284695   7.731951  -0.770684   0.937500   0.437500
  0.055276   0.373771   0.372417   0.613241   0.280822   6.537028  -0.612934   0.937500   0.437500
  0.060302   0.376853   0.373829   0.646096   0.277742   5.497506  -0.473387   0.937500   0.437500
  0.065327   0.380100   0.375224   0.673721   0.275363   4.483419  -0.421052   0.937500   0.437500
  0.070352   0.383485   0.376608   0.696250   0.273247   3.514092  -0.407081   0.937500   0.437500
  0.075377   0.386984   0.377981   0.713908   0.271202   2.689807  -0.330766   0.937500   0.437500
  0.080402   0.390571   0.379344   0.727424   0.269539   1.978033  -0.234238   0.937500   0.437500
  0.085427   0.394227   0.380698   0.737364   0.268362   1.286330  -0.195184   0.937500   0.437500
  0.090452   0.397932   0.382047   0.743828   0.267382   0.619197  -0.189022   0.937500   0.437500
  0.095477   0.401670   0.383390   0.746939   0.266432   0.053774  -0.139653   0.937500   0.437500
  0.100503   0.405424   0.384730   0.747210   0.265730  -0.420013  -0.069490   0.937500   0.437500
  0.105528   0.409179   0.386065   0.745099   0.265381  -0.875068  -0.039734   0.937500   0.437500
  0.110553   0.412923   0.387398   0.740702   0.265181  -1.318746  -0.038376   0.937500   0.437500
  0.115578   0.416645   0.388731   0.734075   0.264988  -1.693153  -0.008077   0.937500   0.437500
  0.120603   0.420333   0.390062   0.725567   0.264948  -1.993153   0.041983   0.937500   0.437500
  0.125628   0.423979   0.391394   0.715551   0.265159  -2.275729   0.064272   0.937500   0.437500
  0.130653   0.427575   0.392726   0.704116   0.265482  -2.555714   0.062562   0.937500   0.437500
  0.135678   0.431113   0.394060   0.691273   0.265796  -2.790718   0.079454   0.937500   0.437500
  0.140704   0.434588   0.395396   0.677247   0.266195  -2.965691   0.114321   0.937500   0.437500
  0.145729   0.437991   0.396734   0.662345   0.266770  -3.124153   0.130689   0.937500   0.437500
  0.150754   0.441319   0.398074   0.646646   0.267426  -3.285697   0.127120   0.937500   0.437500
  0.155779   0.444568   0.399418   0.630135   0.268065  -3.420364   0.134754   0.937500   0.437500
  0.160804   0.447735   0.400765   0.612948   0.268742  -3.506794   0.158225   0.937500   0.437500
  0.165829   0.450815   0.402116   0.595326   0.269537  -3.577442   0.169994   0.937500   0.437500
  0.170854   0.453806   0.403470   0.577350   0.270392  -3.654628   0.165407   0.937500   0.437500
  0.175879   0.456708   0.404829   0.558985   0.271223  -3.718342   0.166754   0.937500   0.437500
  0.180905   0.459517   0.406192   0.540297   0.272061  -3.743534   0.181742   0.937500   0.437500
  0.185930   0.462232   0.407559   0.521485   0.272974  -3.753383   0.189977   0.937500   0.437500
  0.190955   0.464853   0.408931   0.502625   0.273929  -3.771677   0.184956   0.937500   0.437500
  0.195980   0.467378   0.410307   0.483672   0.274858  -3.786383   0.182191   0.937500   0.437500
  0.201005   0.469809   0.411688   0.464645   0.275774  -3.770564   0.190950   0.937500   0.437500
  0.206030   0.472144   0.413074   0.445698   0.276733  -3.739629   0.196544   0.937500   0.437500
  0.211055   0.474383   0.414465   0.426907   0.277721  -3.717918   0.191495   0.937500   0.437500
  0.216080   0.476528   0.415860   0.408224   0.278683  -3.699828   0.186133   0.937500   0.437500
  0.221106   0.478580   0.417261   0.389629   0.279619  -3.657809   0.190346   0.937500   0.437500
  0.226131   0.480538   0.418666   0.371248   0.280575  -3.600714   0.193979   0.937500   0.437500
  0.231156   0.482404   0.420076   0.353155   0.281550  -3.552809   0.189156   0.937500   0.437500
  0.236181   0.484178   0.421491   0.335302   0.282500  -3.513733   0.182267   0.937500   0.437500
  0.241206   0.485863   0.422910   0.317645   0.283416  -3.456317   0.183205   0.937500   0.437500
  0.246231   0.487459   0.424334   0.300277   0.284337  -3.383664   0.185409   0.937500   0.437500
  0.251256   0.488968   0.425763   0.283274   0.285269  -3.319395   0.180923   0.937500   0.437500
  0.256281   0.490392   0.427197   0.266594   0.286178  -3.267670   0.173138   0.937500   0.437500
  0.261307   0.491731   0.428635   0.250171   0.287048  -3.202766   0.171680   0.937500   0.437500
  0.266332   0.492989   0.430077   0.234077   0.287911  -3.122321   0.172809   0.937500   0.437500
  0.271357   0.494165   0.431524   0.218388   0.288779  -3.048211   0.168518   0.937500   0.437500
  0.276382   0.495262   0.432975   0.203070   0.289626  -2.989354   0.159887   0.937500   0.437500
  0.281407   0.496283   0.434431   0.188049   0.290429  -2.924154   0.156457   0.937500   0.437500
  0.286432   0.497228   0.435890   0.173355   0.291215  -2.843346   0.156670   0.937500   0.437500
  0.291457   0.498099   0.437353   0.159067   0.292003  -2.763703   0.151826   0.937500   0.437500
  0.296482   0.498898   0.438821   0.145180   0.292766  -2.702002   0.140833   0.937500   0.437500
  0.301508   0.499628   0.440292   0.131599   0.293473  -2.649859   0.134446   0.937500   0.437500
  0.306533   0.500289   0.441767   0.118284   0.294149  -2.585253   0.133270   0.937500   0.437500
  0.311558   0.500883   0.443245   0.105293   0.294819  -2.509090   0.125560   0.937500   0.437500
  0.316583   0.501412   0.444726   0.092685   0.295450  -2.457057   0.106016   0.937500   0.437500
  0.321608   0.501878   0.446211   0.080338   0.295982  -2.462410   0.090045   0.937500   0.437500
  0.326633   0.502282   0.447698   0.067964   0.296435  -2.473656   0.083626   0.937500   0.437500
  0.331658   0.502623   0.449188   0.055534   0.296855  -2.446870   0.066132   0.937500   0.437500
  0.336683   0.502902   0.450680   0.043239   0.297187  -2.465612   0.017610   0.937500   0.437500
  0.341709   0.503120   0.452173   0.030847   0.297276  -2.674298  -0.037314   0.937500   0.437500
  0.346734   0.503275   0.453667   0.017408   0.297088  -2.954687  -0.070996   0.937500   0.437500
  0.351759   0.503362   0.455160   0.002561   0.296732  -3.158969  -0.121920   0.937500   0.437500
  0.356784   0.503375   0.456651  -0.013313   0.296119  -3.475366  -0.259781   0.937500   0.437500
  0.361809   0.503308   0.458139  -0.030777   0.294814  -4.268629  -0.457806   0.937500   0.437500
  0.366834   0.503154   0.459621  -0.052227   0.292513  -5.286750  -0.613901   0.937500   0.437500
  0.371859   0.502891   0.461090  -0.078792   0.289428  -6.210002  -0.784139   0.937500   0.437500
  0.376884   0.502495   0.462545  -0.109998   0.285488  -7.400206  -1.173598   0.937500   0.437500
  0.381910   0.501942   0.463980  -0.147191   0.279589  -9.455276  -1.807776   0.937500   0.437500
  0.386935   0.501203   0.465385  -0.194704   0.270505 -11.886459  -2.389409   0.937500   0.437500
  0.391960   0.500224   0.466744  -0.254433   0.258499 -14.250334  -2.951897   0.937500   0.437500
  0.396985   0.498946   0.468043  -0.326041   0.243665 -17.056728  -3.975841   0.937500   0.437500
  0.402010   0.497307   0.469267  -0.411751   0.223687 -20.665314  -5.649715   0.937500   0.437500
  0.407035   0.495238   0.470391  -0.515595   0.195297 -24.260003  -7.299603   0.937500   0.437500
  0.412060   0.492648   0.471373  -0.637501   0.158616 -27.607829  -8.861542   0.937500   0.437500
  0.417085   0.489444   0.472170  -0.776230   0.114087 -30.911547 -11.182621   0.937500   0.437500
  0.422111   0.485543   0.472743  -0.931592   0.057883 -33.285358 -14.519559   0.937500   0.437500
  0.427136   0.480862   0.473034  -1.098851  -0.015078 -34.219165 -17.613628   0.937500   0.437500
  0.432161   0.475340   0.472958  -1.270802  -0.103586 -34.281288 -20.286661   0.937500   0.437500
  0.437186   0.468954   0.472438  -1.443066  -0.205526 -31.897753 -23.430104   0.937500   0.437500
  0.442211   0.461703   0.471405  -1.603352  -0.323263 -24.200811 -26.858646   0.937500   0.437500
  0.447236   0.453646   0.469780  -1.724961  -0.458227 -14.156893 -29.120810   0.937500   0.437500
  0.452261   0.444978   0.467478  -1.796099  -0.604559  -5.081016 -29.708191   0.937500   0.437500
  0.457286   0.435952   0.464440  -1.821631  -0.753843   6.022434 -27.366145   0.937500   0.437500
  0.462312   0.426797   0.460651  -1.791363  -0.891385  24.577331 -21.122277   0.937500   0.437500
  0.467337   0.417795   0.456172  -1.667861  -0.997525  46.773451 -14.508933   0.937500   0.437500
  0.472362   0.409414   0.451159  -1.432825  -1.070432  66.599614  -9.192752   0.937500   0.437500
  0.477387   0.402214   0.445780  -1.098162  -1.116626  81.089316  -0.673383   0.937500   0.437500
  0.482412   0.396696   0.440169  -0.690688  -1.120010  85.560514  17.284356   0.937500   0.437500
  0.487437   0.393225   0.434541  -0.260746  -1.033156  82.819207  39.630614   0.937500   0.437500
  0.492462   0.391915   0.429350   0.155420  -0.834012  79.530770  59.104642   0.937500   0.437500
  0.497487   0.392696   0.425159   0.555062  -0.537011  74.398115  73.189545   0.937500   0.437500
  0.502513   0.395486   0.422460   0.928987  -0.169160  60.672333  77.238164   0.937500   0.437500
  0.507538   0.400154   0.421610   1.233866   0.218961  40.504021  73.227596   0.937500   0.437500
  0.512563   0.406354   0.422710   1.437398   0.586930  21.311844  68.409064   0.937500   0.437500
  0.517588   0.413577   0.425659   1.544490   0.930686   4.696238  63.033294   0.937500   0.437500
  0.522613   0.421338   0.430336   1.568089   1.247428  -8.696406  51.771547   0.937500   0.437500
  0.527638   0.429218   0.436604   1.524390   1.507580 -18.456864  34.935139   0.937500   0.437500
  0.532663   0.436878   0.444180   1.431644   1.683129 -26.309161  17.919881   0.937500   0.437500
  0.537688   0.444072   0.452638   1.299440   1.773176 -32.758535   2.058310   0.937500   0.437500
  0.542714   0.450603   0.461550   1.134796   1.783522 -35.728868 -10.929895   0.937500   0.437500
  0.547739   0.456305   0.470512   0.955258   1.728599 -34.992736 -18.709781   0.937500   0.437500
  0.552764   0.461105   0.479198   0.779420   1.634582 -33.314903 -23.479129   0.937500   0.437500
  0.557789   0.465022   0.487412   0.612012   1.516600 -31.317205 -27.330985   0.937500   0.437500
  0.562814   0.468097   0.495033   0.454643   1.379261 -27.954997 -29.437479   0.937500   0.437500
  0.567839   0.470382   0.501964   0.314170   1.231338 -23.703280 -28.832809   0.937500   0.437500
  0.572864   0.471961   0.508151   0.195061   1.086453 -19.926980 -27.016805   0.937500   0.437500
  0.577889   0.472941   0.513611   0.094928   0.950694 -16.595029 -24.758778   0.937500   0.437500
  0.582915   0.473418   0.518389   0.011521   0.826256 -13.328489 -21.654605   0.937500   0.437500
  0.587940   0.473476   0.522541  -0.055455   0.717442 -10.382881 -18.160890   0.937500   0.437500
  0.592965   0.473197   0.526146  -0.107629   0.626183  -7.979545 -15.131443   0.937500   0.437500
  0.597990   0.472656   0.529292  -0.147726   0.550148  -5.984865 -12.433743   0.937500   0.437500
  0.603015   0.471914   0.532057  -0.177800   0.487668  -4.415680  -9.820039   0.937500   0.437500
  0.608040   0.471021   0.534507  -0.199989   0.438322  -3.276415  -7.587158   0.937500   0.437500
  0.613065   0.470016   0.536710  -0.216453   0.400197  -2.338422  -5.856529   0.937500   0.437500
  0.618090   0.468928   0.538721  -0.228203   0.370768  -1.539143  -4.399203   0.937500   0.437500
  0.623116   0.467781   0.540584  -0.235939   0.348658  -1.016262  -3.172215   0.937500   0.437500
  0.628141   0.466595   0.542336  -0.241046   0.332717  -0.740557  -2.290654   0.937500   0.437500
  0.633166   0.465384   0.544008  -0.244767   0.321207  -0.489241  -1.642466   0.937500   0.437500
  0.638191   0.464154   0.545622  -0.247225   0.312953  -0.247069  -1.094097   0.937500   0.437500
  0.643216   0.462912   0.547195  -0.248467   0.307455  -0.123511  -0.675780   0.937500   0.437500
  0.648241   0.461663   0.548740  -0.249088   0.304060  -0.101645  -0.428762   0.937500   0.437500
  0.653266   0.460412   0.550268  -0.249598   0.301905  -0.058350  -0.255177   0.937500   0.437500
  0.658291   0.459157   0.551785  -0.249892   0.300623   0.001651  -0.100088   0.937500   0.437500
  0.663317   0.457901   0.553296  -0.249883   0.300120   0.015372   0.006217   0.937500   0.437500
  0.668342   0.456646   0.554804  -0.249806   0.300151  -0.005661   0.049975   0.937500   0.437500
  0.673367   0.455391   0.556312  -0.249834   0.300402  -0.001627   0.079474   0.937500   0.437500
  0.678392   0.454135   0.557822  -0.249843   0.300801   0.015685   0.110684   0.937500   0.437500
  0.683417   0.452880   0.559333  -0.249764   0.301358   0.008863   0.125979   0.937500   0.437500
  0.688442   0.451625   0.560848  -0.249719   0.301991  -0.011330   0.123225   0.937500   0.437500
  0.693467   0.450370   0.562365  -0.249776   0.302610  -0.008894   0.122477   0.937500   0.437500
  0.698492   0.449115   0.563886  -0.249821   0.303225   0.003272   0.124607   0.937500   0.437500
  0.703518   0.447859   0.565410  -0.249804   0.303852  -0.004011   0.119749   0.937500   0.437500
  0.708543   0.446604   0.566937  -0.249825   0.304453  -0.021727   0.110748   0.937500   0.437500
  0.713568   0.445348   0.568466  -0.249934   0.305010  -0.017963   0.107325   0.937500   0.437500
  0.718593   0.444092   0.569999  -0.250024   0.305549  -0.003642   0.105237   0.937500   0.437500
  0.723618   0.442836   0.571535  -0.250042   0.306078  -0.008174   0.097494   0.937500   0.437500
  0.728643   0.441580   0.573073  -0.250083   0.306568  -0.026723   0.089149   0.937500   0.437500
  0.733668   0.440323   0.574613  -0.250218   0.307016  -0.023799   0.087336   0.937500   0.437500
  0.738693   0.439066   0.576156  -0.250337   0.307455  -0.006177   0.085777   0.937500   0.437500
  0.743719   0.437807   0.577701  -0.250368   0.307886  -0.007197   0.077990   0.937500   0.437500
  0.748744   0.436549   0.579248  -0.250405   0.308278  -0.028810   0.070562   0.937500   0.437500
  0.753769   0.435291   0.580797  -0.250549   0.308632  -0.028713   0.070615   0.937500   0.437500
  0.758794   0.434032   0.582348  -0.250694   0.308987  -0.007186   0.070138   0.937500   0.437500
  0.763819   0.432772   0.583901  -0.250730   0.309340  -0.003603   0.062155   0.937500   0.437500
  0.768844   0.431512   0.585455  -0.250748   0.309652  -0.029824   0.055183   0.937500   0.437500
  0.773869   0.430252   0.587011  -0.250898   0.309929  -0.034491   0.057289   0.937500   0.437500
  0.778894   0.428992   0.588569  -0.251071   0.310217  -0.008139   0.057911   0.937500   0.437500
  0.783920   0.427730   0.590128  -0.251112   0.310508   0.001899   0.048922   0.937500   0.437500
  0.788945   0.426468   0.591688  -0.251102   0.310754  -0.030374   0.041895   0.937500   0.437500
  0.793970   0.425206   0.593250  -0.251255   0.310965  -0.042259   0.046655   0.937500   0.437500
  0.798995   0.423944   0.594812  -0.251467   0.311199  -0.009884   0.048572   0.937500   0.437500
  0.804020   0.422680   0.596376  -0.251517   0.311443   0.009344   0.037533   0.937500   0.437500
  0.809045   0.421416   0.597941  -0.251470   0.311632  -0.030453   0.029792   0.937500   0.437500
  0.814070   0.420152   0.599507  -0.251623   0.311781  -0.052914   0.038197   0.937500   0.437500
  0.819095   0.418888   0.601074  -0.251889   0.311973  -0.013174   0.041884   0.937500   0.437500
  0.824121   0.417622   0.602642  -0.251955   0.312184   0.019026   0.027470   0.937500   0.437500
  0.829146   0.416356   0.604210  -0.251860   0.312322  -0.029620   0.018029   0.937500   0.437500
  0.834171   0.415090   0.605780  -0.252008   0.312412  -0.067080   0.031439   0.937500   0.437500
  0.839196   0.413824   0.607350  -0.252345   0.312570  -0.018805   0.037793   0.937500   0.437500
  0.844221   0.412556   0.608920  -0.252440   0.312760   0.031076   0.018548   0.937500   0.437500
  0.849246   0.411287   0.610492  -0.252284   0.312854  -0.027141   0.006003   0.937500   0.437500
  0.854271   0.410020   0.612064  -0.252420   0.312884  -0.084940   0.026005   0.937500   0.437500
  0.859296   0.408751   0.613636  -0.252847   0.313014  -0.027487   0.036360   0.937500   0.437500
  0.864322   0.407481   0.615209  -0.252985   0.313197   0.045489   0.010767   0.937500   0.437500
  0.869347   0.406209   0.616783  -0.252757   0.313251  -0.021866  -0.006788   0.937500   0.437500
  0.874372   0.404939   0.618357  -0.252866   0.313217  -0.105740   0.021390   0.937500   0.437500
  0.879397   0.403669   0.619931  -0.253398   0.313325  -0.039556   0.037563   0.937500   0.437500
  0.884422   0.402395   0.621506  -0.253597   0.313513   0.061706   0.004478   0.937500   0.437500
  0.889447   0.401121   0.623081  -0.253287   0.313536  -0.012606  -0.020346   0.937500   0.437500
  0.894472   0.399848   0.624657  -0.253350   0.313434  -0.127775   0.017184   0.937500   0.437500
  0.899497   0.398575   0.626232  -0.253992   0.313520  -0.054843   0.041293   0.937500   0.437500
  0.904523   0.397298   0.627807  -0.254268   0.313727   0.078770   0.000190   0.937500   0.437500
  0.909548   0.396021   0.629384  -0.253872   0.313728   0.001539  -0.034295   0.937500   0.437500
  0.914573   0.394745   0.630960  -0.253864   0.313556  -0.148514   0.012952   0.937500   0.437500
  0.919598   0.393469   0.632536  -0.254610   0.313621  -0.072454   0.047144   0.937500   0.437500
  0.924623   0.392190   0.634112  -0.254974   0.313858   0.095282  -0.001529   0.937500   0.437500
  0.929648   0.390909   0.635689  -0.254496   0.313850   0.020802  -0.047850   0.937500   0.437500
  0.934673   0.389630   0.637266  -0.254391   0.313610  -0.165395   0.008373   0.937500   0.437500
  0.939698   0.388352   0.638842  -0.255222   0.313652  -0.091254   0.054501   0.937500   0.437500
  0.944724   0.387069   0.640419  -0.255681   0.313926   0.109839  -0.000403   0.937500   0.437500
  0.949749   0.385784   0.641996  -0.255129   0.313924   0.044068  -0.060044   0.937500   0.437500
  0.954774   0.384502   0.643573  -0.254907   0.313622  -0.178419   0.004073   0.937500   0.437500
  0.959799   0.383221   0.645149  -0.255804   0.313643  -0.115577   0.065368   0.937500   0.437500
  0.964824   0.381936   0.646725  -0.256385   0.313971   0.109195   0.010140   0.937500   0.437500
  0.969849   0.380647   0.648303  -0.255836   0.314022   0.053908  -0.059147   0.937500   0.437500
  0.974874   0.379362   0.649881  -0.255565   0.313725  -0.201192   0.016959   0.937500   0.437500
  0.979899   0.378078   0.651458  -0.256576   0.313810  -0.160323   0.116808   0.937500   0.437500
  0.984925   0.376788   0.653035  -0.257382   0.314397   0.101691   0.113966   0.937500   0.437500
  0.989950   0.375495   0.654615  -0.256871   0.314970   0.236680   0.064240   0.937500   0.437500
  0.994975   0.374204   0.656197  -0.255682   0.315293   0.326585   0.066674   0.937500   0.437500
  1.000000   0.372919   0.657782  -0.254041   0.315628   0.724124   0.057631   0.937500   0.437500