  0.000000   0.358579   0.358579   0.000000   0.000000   8.115747  21.343319   0.937500   0.687500
  0.005025   0.358579   0.358579   0.040782   0.107250   7.905501  19.239657   0.937500   0.687500
  0.010050   0.358784   0.359118   0.080507   0.203929   9.481582  14.807931   0.937500   0.687500
  0.015075   0.359188   0.360143   0.128152   0.278339  12.322105   8.404862   0.937500   0.687500
  0.020101   0.359833   0.361542   0.190083   0.320582  14.262698   2.712607   0.937500   0.687500
  0.025126   0.360788   0.363153   0.261753   0.334213  14.932271  -1.392831   0.937500   0.687500
  0.030151   0.362103   0.364832   0.336787   0.327214  14.414179  -3.280637   0.937500   0.687500
  0.035176   0.363795   0.366476   0.409219   0.310729  12.783049  -2.671759   0.937500   0.687500
  0.040201   0.365852   0.368038   0.473453   0.297303  10.890340  -1.538202   0.937500   0.687500
  0.045226   0.368231   0.369532   0.528177   0.289574   9.196046  -0.970920   0.937500   0.687500
  0.050251   0.370885   0.370987   0.574388   0.284695   7.731950  -0.770684   0.937500   0.687500
  0.055276   0.373771   0.372417   0.613241   0.280822   6.537027  -0.612934   0.937500   0.687500
  0.060302   0.376853   0.373829   0.646096   0.277742   5.497506  -0.473387   0.937500   0.687500
  0.065327   0.380100   0.375224   0.673721   0.275363   4.483419  -0.421051   0.937500   0.687500
  0.070352   0.383485   0.376608   0.696250   0.273247   3.514092  -0.407080   0.937500   0.687500
  0.075377   0.386984   0.377981   0.713908   0.271201   2.689807  -0.330766   0.937500   0.687500
  0.080402   0.390571   0.379344   0.727424   0.269539   1.978033  -0.234237   0.937500   0.687500
  0.085427   0.394227   0.380698   0.737364   0.268362   1.286330  -0.195183   0.937500   0.687500
  0.090452   0.397932   0.382047   0.743828   0.267382   0.619197  -0.189022   0.937500   0.687500
  0.095477   0.401670   0.383390   0.746939   0.266432   0.053774  -0.139653   0.937500   0.687500
  0.100503   0.405424   0.384730   0.747210   0.265730  -0.420013  -0.069489   0.937500   0.687500
  0.105528   0.409179   0.386065   0.745099   0.265381  -0.875068  -0.039734   0.937500   0.687500
  0.110553   0.412923   0.387398   0.740702   0.265181  -1.318746  -0.038375   0.937500   0.687500
  0.115578   0.416645   0.388731   0.734075   0.264988  -1.693153  -0.008077   0.937500   0.687500
  0.120603   0.420333   0.390062   0.725567   0.264948  -1.993153   0.041984   0.937500   0.687500
  0.125628   0.423979   0.391394   0.715551   0.265158  -2.275729   0.064272   0.937500   0.687500
  0.130653   0.427575   0.392726   0.704116   0.265481  -2.555714   0.062563   0.937500   0.687500
  0.135678   0.431113   0.394060   0.691273   0.265796  -2.790718   0.079455   0.937500   0.687500
  0.140704   0.434588   0.395396   0.677247   0.266195  -2.965691   0.114322   0.937500   0.687500
  0.145729   0.437991   0.396734   0.662345   0.266770  -3.124153   0.130690   0.937500   0.687500
  0.150754   0.441319   0.398074   0.646646   0.267426  -3.285697   0.127121   0.937500   0.687500
  0.155779   0.444568   0.399418   0.630135   0.268065  -3.420363   0.134755   0.937500   0.687500
  0.160804   0.447735   0.400765   0.612948   0.268742  -3.506794   0.158226   0.937500   0.687500
  0.165829   0.450815   0.402116   0.595326   0.269537  -3.577442   0.169995   0.937500   0.687500
  0.170854   0.453806   0.403470   0.577350   0.270392  -3.654627   0.165407   0.937500   0.687500
  0.175879   0.456708   0.404829   0.558985   0.271223  -3.718340   0.166754   0.937500   0.687500
  0.180905   0.459517   0.406192   0.540297   0.272061  -3.743533   0.181742   0.937500   0.687500
  0.185930   0.462232   0.407559   0.521485   0.272974  -3.753380   0.189977   0.937500   0.687500
  0.190955   0.464853   0.408931   0.502625   0.273929  -3.771670   0.184954   0.937500   0.687500
  0.195980   0.467378   0.410307   0.483672   0.274858  -3.786375   0.182187   0.937500   0.687500
  0.201005   0.469809   0.411688   0.464645   0.275774  -3.770560   0.190946   0.937500   0.687500
  0.206030   0.472144   0.413074   0.445698   0.276733  -3.739619   0.196537   0.937500   0.687500
  0.211055   0.474383   0.414465   0.426907   0.277721  -3.717888   0.191479   0.937500   0.687500
  0.216080   0.476528   0.415860   0.408224   0.278683  -3.699795   0.186106   0.937500   0.687500
  0.221106   0.478580   0.417261   0.389629   0.279618  -3.657817   0.190315   0.937500   0.687500
  0.226131   0.480538   0.418666   0.371249   0.280575  -3.600727   0.193937   0.937500   0.687500
  0.231156   0.482404   0.420076   0.353155   0.281549  -3.552747   0.189072   0.937500   0.687500
  0.236181   0.484178   0.421491   0.335303   0.282499  -3.513710   0.182124   0.937500   0.687500
  0.241206   0.485863   0.422910   0.317646   0.283414  -3.456612   0.183041   0.937500   0.687500
  0.246231   0.487459   0.424334   0.300277   0.284334  -3.384189   0.185216   0.937500   0.687500
  0.251256   0.488968   0.425763   0.283271   0.285265  -3.319848   0.180575   0.937500   0.687500
  0.256281   0.490392   0.427197   0.266589   0.286172  -3.268654   0.172525   0.937500   0.687500
  0.261307   0.491731   0.428635   0.250161   0.287039  -3.205739   0.170944   0.937500   0.687500
  0.266332   0.492988   0.430077   0.234052   0.287898  -3.127282   0.172004   0.937500   0.687500
  0.271357   0.494165   0.431524   0.218337   0.288763  -3.054442   0.167237   0.937500   0.687500
  0.276382   0.495262   0.432975   0.202989   0.289603  -2.999707   0.157579   0.937500   0.687500
  0.281407   0.496282   0.434430   0.187915   0.290395  -2.944617   0.153417   0.937500   0.687500
  0.286432   0.497226   0.435889   0.173118   0.291166  -2.874989   0.153298   0.937500   0.687500
  0.291457   0.498096   0.437353   0.158672   0.291936  -2.806397   0.147113   0.937500   0.687500
  0.296482   0.498893   0.438820   0.144569   0.292675  -2.767647   0.132467   0.937500   0.687500
  0.301508   0.499620   0.440291   0.130659   0.293341  -2.757624   0.122072   0.937500   0.687500
  0.306533   0.500276   0.441765   0.116802   0.293955  -2.739446   0.118217   0.937500   0.687500
  0.311558   0.500863   0.443242   0.103036   0.294549  -2.716873   0.105609   0.937500   0.687500
  0.316583   0.501381   0.444722   0.089384   0.295079  -2.760781   0.072653   0.937500   0.687500
  0.321608   0.501830   0.446205   0.075511   0.295444  -2.908213   0.037657   0.937500   0.687500
  0.326633   0.502210   0.447689   0.060898   0.295634  -3.064571   0.014715   0.937500   0.687500
  0.331658   0.502516   0.449175   0.045498   0.295708  -3.214277  -0.025279   0.937500   0.687500
  0.336683   0.502744   0.450661   0.029346   0.295581  -3.529700  -0.124811   0.937500   0.687500
  0.341709   0.502892   0.452146   0.011606   0.294953  -4.110716  -0.255067   0.937500   0.687500
  0.346734   0.502950   0.453628  -0.009050   0.293672  -4.718619  -0.359711   0.937500   0.687500
  0.351759   0.502905   0.455104  -0.032761   0.291864  -5.308967  -0.500928   0.937500   0.687500
  0.356784   0.502740   0.456571  -0.059439   0.289347  -6.249451  -0.814065   0.937500   0.687500
  0.361809   0.502441   0.458025  -0.090842   0.285256  -7.715131  -1.250429   0.937500   0.687500
  0.366834   0.501985   0.459458  -0.129611   0.278973  -9.177822  -1.618603   0.937500   0.687500
  0.371859   0.501334   0.460860  -0.175730   0.270839 -10.522892  -2.044120   0.937500   0.687500
  0.376884   0.500451   0.462221  -0.228607   0.260568 -12.331726  -2.887579   0.937500   0.687500
  0.381910   0.499302   0.463531  -0.290586   0.246055 -14.849156  -4.071287   0.937500   0.687500
  0.386935   0.497841   0.464767  -0.365203   0.225596 -17.241042  -5.057057   0.937500   0.687500
  0.391960   0.496006   0.465901  -0.451840   0.200185 -19.212217  -6.026003   0.937500   0.687500
  0.396985   0.493736   0.466907  -0.548381   0.169904 -21.159823  -7.711295   0.937500   0.687500
  0.402010   0.490980   0.467760  -0.654709   0.131155 -23.285967 -10.053254   0.937500   0.687500
  0.407035   0.487690   0.468419  -0.771721   0.080637 -25.167445 -11.952502   0.937500   0.687500
  0.412060   0.483812   0.468825  -0.898187   0.020576 -26.387147 -13.453068   0.937500   0.687500
  0.417085   0.479299   0.468928  -1.030783  -0.047026 -26.113033 -15.452567   0.937500   0.687500
  0.422111   0.474118   0.468692  -1.162027  -0.124690 -23.873543 -18.062493   0.937500   0.687500
  0.427136   0.468279   0.468065  -1.281992  -0.215454 -21.328188 -20.113887   0.937500   0.687500
  0.432161   0.461837   0.466982  -1.389166  -0.316527 -18.992176 -21.189669   0.937500   0.687500
  0.437186   0.454856   0.465392  -1.484601  -0.423005 -14.338236 -21.196157   0.937500   0.687500
  0.442211   0.447396   0.463266  -1.556651  -0.529516  -4.949142 -20.233262   0.937500   0.687500
  0.447236   0.439574   0.460605  -1.581520  -0.631188   5.363176 -19.146686   0.937500   0.687500
  0.452261   0.431627   0.457434  -1.554570  -0.727400  13.252553 -17.590042   0.937500   0.687500
  0.457286   0.423815   0.453778  -1.487976  -0.815790  19.959374 -13.082266   0.937500   0.687500
  0.462312   0.416337   0.449678  -1.387661  -0.881541  29.169566  -4.372855   0.937500   0.687500
  0.467337   0.409364   0.445249  -1.241084  -0.903515  40.904663   4.007667   0.937500   0.687500
  0.472362   0.403127   0.440708  -1.035538  -0.883376  51.660462   9.743467   0.937500   0.687500
  0.477387   0.397924   0.436269  -0.775944  -0.834415  57.986566  15.284394   0.937500   0.687500
  0.482412   0.394025   0.432077  -0.484561  -0.757611  57.428863  24.256744   0.937500   0.687500
  0.487437   0.391590   0.428270  -0.195981  -0.635721  54.557618  35.335240   0.937500   0.687500
  0.492462   0.390605   0.425075   0.078171  -0.458162  53.746297  44.900318   0.937500   0.687500
  0.497487   0.390998   0.422773   0.348246  -0.232537  53.304618  50.555752   0.937500   0.687500
  0.502513   0.392748   0.421604   0.616155   0.021556  47.610451  50.123303   0.937500   0.687500
  0.507538   0.395844   0.421712   0.855397   0.273425  36.369116  47.009006   0.937500   0.687500
  0.512563   0.400143   0.423086   1.038152   0.509646  25.040448  45.495751   0.937500   0.687500
  0.517588   0.405359   0.425647   1.163981   0.738262  15.909188  44.944297   0.937500   0.687500
  0.522613   0.411208   0.429357   1.243924   0.964107   8.368605  40.913631   0.937500   0.687500
  0.527638   0.417459   0.434202   1.285976   1.169698   0.611865  31.958257   0.937500   0.687500
  0.532663   0.423921   0.440079   1.289051   1.330288  -7.574021  21.996411   0.937500   0.687500
  0.537688   0.430398   0.446764   1.250992   1.440820 -15.193436  13.022393   0.937500   0.687500
  0.542714   0.436686   0.454006   1.174629   1.506271 -20.339878   5.415275   0.937500   0.687500
  0.547739   0.442588   0.461575   1.072422   1.533482 -22.613969  -1.017143   0.937500   0.687500
  0.552764   0.447977   0.469280   0.958786   1.528371 -24.086727  -7.031200   0.937500   0.687500
  0.557789   0.452795   0.476961   0.837751   1.493039 -25.562792 -13.001538   0.937500   0.687500
  0.562814   0.457005   0.484463   0.709297   1.427707 -25.958517 -17.765191   0.937500   0.687500
  0.567839   0.460569   0.491637   0.578856   1.338437 -24.505172 -19.876794   0.937500   0.687500
  0.572864   0.463478   0.498363   0.455717   1.238556 -22.408815 -20.553358   0.937500   0.687500
  0.577889   0.465768   0.504587   0.343113   1.135275 -20.406948 -21.031380   0.937500   0.687500
  0.582915   0.467492   0.510293   0.240548   1.029571 -18.285982 -20.989231   0.937500   0.687500
  0.587940   0.468701   0.515466   0.148661   0.924100 -15.860327 -19.736120   0.937500   0.687500
  0.592965   0.469448   0.520110   0.068963   0.824926 -13.444674 -17.874218   0.937500   0.687500
  0.597990   0.469795   0.524255   0.001403   0.735109 -11.195962 -15.949538   0.937500   0.687500
  0.603015   0.469802   0.527949  -0.054857   0.654962  -9.152284 -13.948336   0.937500   0.687500
  0.608040   0.469526   0.531240  -0.100847   0.584872  -7.410786 -11.923925   0.937500   0.687500
  0.613065   0.469019   0.534179  -0.138086   0.524954  -5.918688 -10.052209   0.937500   0.687500
  0.618090   0.468326   0.536817  -0.167827   0.474442  -4.579974  -8.287187   0.937500   0.687500
  0.623116   0.467482   0.539202  -0.190846   0.432790  -3.454245  -6.602196   0.937500   0.687500
  0.628141   0.466523   0.541376  -0.208204   0.399614  -2.629777  -5.208137   0.937500   0.687500
  0.633166   0.465477   0.543384  -0.221419   0.373443  -1.978883  -4.123628   0.937500   0.687500
  0.638191   0.464364   0.545261  -0.231362   0.352722  -1.408502  -3.170971   0.937500   0.687500
  0.643216   0.463202   0.547033  -0.238440   0.336788  -0.972646  -2.314277   0.937500   0.687500
  0.648241   0.462003   0.548726  -0.243328   0.325159  -0.701220  -1.676385   0.937500   0.687500
  0.653266   0.460781   0.550360  -0.246851   0.316735  -0.489809  -1.227633   0.937500   0.687500
  0.658291   0.459540   0.551951  -0.249313   0.310566  -0.300086  -0.852923   0.937500   0.687500
  0.663317   0.458287   0.553512  -0.250821   0.306279  -0.177870  -0.538528   0.937500   0.687500
  0.668342   0.457027   0.555051  -0.251715   0.303573  -0.124568  -0.329278   0.937500   0.687500
  0.673367   0.455762   0.556577  -0.252341   0.301919  -0.073234  -0.192255   0.937500   0.687500
  0.678392   0.454494   0.558094  -0.252709   0.300952  -0.019082  -0.080165   0.937500   0.687500
  0.683417   0.453224   0.559606  -0.252805   0.300550   0.001392   0.004426   0.937500   0.687500
  0.688442   0.451954   0.561116  -0.252798   0.300572  -0.004865   0.050187   0.937500   0.687500
  0.693467   0.450683   0.562627  -0.252822   0.300824   0.005290   0.078596   0.937500   0.687500
  0.698492   0.449413   0.564138  -0.252795   0.301219   0.024325   0.102462   0.937500   0.687500
  0.703518   0.448142   0.565652  -0.252673   0.301734   0.021381   0.114837   0.937500   0.687500
  0.708543   0.446873   0.567168  -0.252566   0.302311   0.003949   0.115693   0.937500   0.687500
  0.713568   0.445604   0.568688  -0.252546   0.302892   0.007044   0.117206   0.937500   0.687500
  0.718593   0.444335   0.570210  -0.252510   0.303481   0.021303   0.118924   0.937500   0.687500
  0.723618   0.443066   0.571735  -0.252403   0.304079   0.016370   0.113962   0.937500   0.687500
  0.728643   0.441797   0.573263  -0.252321   0.304652  -0.003527   0.106394   0.937500   0.687500
  0.733668   0.440529   0.574793  -0.252339   0.305186  -0.001993   0.104367   0.937500   0.687500
  0.738693   0.439261   0.576327  -0.252349   0.305711   0.014606   0.102643   0.937500   0.687500
  0.743719   0.437993   0.577864  -0.252275   0.306227   0.012617   0.094600   0.937500   0.687500
  0.748744   0.436725   0.579402  -0.252212   0.306702  -0.010111   0.086510   0.937500   0.687500
  0.753769   0.435458   0.580943  -0.252263   0.307137  -0.011079   0.085761   0.937500   0.687500
  0.758794   0.434191   0.582487  -0.252319   0.307568   0.009527   0.084583   0.937500   0.687500
  0.763819   0.432923   0.584032  -0.252271   0.307993   0.012254   0.075943   0.937500   0.687500
  0.768844   0.431655   0.585580  -0.252209   0.308374  -0.014810   0.068274   0.937500   0.687500
  0.773869   0.430388   0.587130  -0.252284   0.308717  -0.020275   0.069689   0.937500   0.687500
  0.778894   0.429120   0.588681  -0.252385   0.309067   0.005338   0.069676   0.937500   0.687500
  0.783920   0.427851   0.590234  -0.252359   0.309418   0.014681   0.060091   0.937500   0.687500
  0.788945   0.426583   0.591789  -0.252285   0.309720  -0.018255   0.052488   0.937500   0.687500
  0.793970   0.425316   0.593345  -0.252377   0.309983  -0.030768   0.056699   0.937500   0.687500
  0.798995   0.424047   0.594903  -0.252531   0.310268   0.001015   0.058099   0.937500   0.687500
  0.804020   0.422778   0.596462  -0.252526   0.310560   0.019681   0.046572   0.937500   0.687500
  0.809045   0.421509   0.598023  -0.252427   0.310794  -0.020648   0.038366   0.937500   0.687500
  0.814070   0.420241   0.599585  -0.252531   0.310987  -0.043614   0.046329   0.937500   0.687500
  0.819095   0.418972   0.601147  -0.252750   0.311220  -0.004353   0.049597   0.937500   0.687500
  0.824121   0.417702   0.602711  -0.252772   0.311469   0.027393   0.034787   0.937500   0.687500
  0.829146   0.416432   0.604277  -0.252634   0.311644  -0.021683   0.024970   0.937500   0.687500
  0.834171   0.415162   0.605843  -0.252743   0.311769  -0.059551   0.038023   0.937500   0.687500
  0.839196   0.413892   0.607409  -0.253042   0.311960  -0.011664   0.044038   0.937500   0.687500
  0.844221   0.412620   0.608977  -0.253101   0.312182   0.037850   0.024471   0.937500   0.687500
  0.849246   0.411349   0.610546  -0.252911   0.312305  -0.020716   0.011622   0.937500   0.687500
  0.854271   0.410078   0.612115  -0.253015   0.312363  -0.078846   0.031335   0.937500   0.687500
  0.859296   0.408806   0.613685  -0.253411   0.312521  -0.021707   0.041416   0.937500   0.687500
  0.864322   0.407533   0.615255  -0.253520   0.312729   0.050972   0.015563   0.937500   0.687500
  0.869347   0.406259   0.616827  -0.253264   0.312807  -0.016665  -0.002239   0.937500   0.687500
  0.874372   0.404986   0.618399  -0.253348   0.312796  -0.100806   0.025705   0.937500   0.687500
  0.879397   0.403713   0.619970  -0.253854   0.312925  -0.034876   0.041656   0.937500   0.687500
  0.884422   0.402437   0.621543  -0.254030   0.313134   0.066145   0.008361   0.937500   0.687500
  0.889447   0.401161   0.623116  -0.253697   0.313176  -0.008395  -0.016663   0.937500   0.687500
  0.894472   0.399886   0.624690  -0.253740   0.313092  -0.123780   0.020677   0.937500   0.687500
  0.899497   0.398611   0.626263  -0.254362   0.313196  -0.051055   0.044606   0.937500   0.687500
  0.904523   0.397333   0.627837  -0.254618   0.313421   0.082363   0.003333   0.937500   0.687500
  0.909548   0.396053   0.629412  -0.254204   0.313437   0.004947  -0.031314   0.937500   0.687500
  0.914573   0.394776   0.630987  -0.254179   0.313280  -0.145281   0.015780   0.937500   0.687500
  0.919598   0.393499   0.632562  -0.254909   0.313359  -0.069387   0.049827   0.937500   0.687500
  0.924623   0.392218   0.634136  -0.255258   0.313610   0.098191   0.001016   0.937500   0.687500
  0.929648   0.390935   0.635712  -0.254765   0.313615   0.023561  -0.045436   0.937500   0.687500
  0.934673   0.389655   0.637288  -0.254646   0.313386  -0.162778   0.010662   0.937500   0.687500
  0.939698   0.388375   0.638863  -0.255464   0.313440  -0.088772   0.056673   0.937500   0.687500
  0.944724   0.387091   0.640438  -0.255910   0.313725   0.112194   0.001657   0.937500   0.687500
  0.949749   0.385805   0.642015  -0.255347   0.313733   0.046301  -0.058089   0.937500   0.687500
  0.954774   0.384522   0.643591  -0.255114   0.313441  -0.176300   0.005927   0.937500   0.687500
  0.959799   0.383240   0.645166  -0.256000   0.313471  -0.113568   0.067126   0.937500   0.687500
  0.964824   0.381954   0.646741  -0.256571   0.313808   0.111101   0.011808   0.937500   0.687500
  0.969849   0.380665   0.648318  -0.256012   0.313868   0.055716  -0.057565   0.937500   0.687500
  0.974874   0.379378   0.649895  -0.255732   0.313578  -0.199478   0.018460   0.937500   0.687500
  0.979899   0.378093   0.651471  -0.256735   0.313671  -0.158697   0.118232   0.937500   0.687500
  0.984925   0.376803   0.653048  -0.257532   0.314265   0.103233   0.115317   0.937500   0.687500
  0.989950   0.375509   0.654627  -0.257014   0.314845   0.238142   0.065521   0.937500   0.687500
  0.994975   0.374217   0.656209  -0.255817   0.315174   0.327972   0.067889   0.937500   0.687500
  1.000000   0.372932   0.657793  -0.254169   0.315515   0.725440   0.058783   0.937500   0.687500