      0.000000       0.003814       0.000000       0.000000       0.200000
      0.010000       0.001010      -0.280465     -28.046495       0.200000
      0.020000       0.000449      -0.056088      22.437697       0.200000
      0.030000       0.001475       0.102678      15.876645       0.200000
      0.040000       0.004657       0.318178      21.549914       0.200000
      0.050000       0.010355       0.569763      25.158529       0.200000
      0.060000       0.018615       0.826006      25.624305       0.200000
      0.070000       0.028804       1.018947      19.294123       0.200000
      0.080000       0.038730       0.992521      -2.642575       0.200000
      0.090000       0.049598       1.086845       9.432321       0.200000
      0.100000       0.062855       1.325739      23.889419       0.200000
      0.110000       0.077005       1.414967       8.922826       0.200000
      0.120000       0.090411       1.340614      -7.435332       0.200000
      0.130000       0.104295       1.388408       4.779466       0.200000
      0.140000       0.118698       1.440272       5.186361       0.200000
      0.150000       0.134631       1.593260      15.298750       0.200000
      0.160000       0.147371       1.273987     -31.927216       0.200000
      0.170000       0.159373       1.200284      -7.370326       0.200000
      0.180000       0.170174       1.080103     -12.018108       0.200000
      0.190000       0.180382       1.020793      -5.931009       0.200000
      0.200000       0.187275       0.689251     -33.154236       0.200000
      0.210000       0.191570       0.429552     -25.969895       0.200000
      0.220000       0.195202       0.363215      -6.633641       0.200000
      0.230000       0.196439       0.123694     -23.952131       0.200000
      0.240000       0.196241      -0.019808     -14.350180       0.200000
      0.250000       0.196767       0.052559       7.236700       0.200000
      0.260000       0.199100       0.233276      18.071656       0.200000
      0.270000       0.204402       0.530246      29.697062       0.200000
      0.280000       0.213058       0.865623      33.537683       0.200000
      0.290000       0.226274       1.321536      45.591312       0.200000
      0.300000       0.243729       1.745492      42.395552       0.200000
      0.310000       0.265901       2.217188      47.169658       0.200000
      0.320000       0.295847       2.994675      77.748630       0.200000
      0.330000       0.334668       3.882112      88.743695       0.200000
      0.340000       0.382793       4.812421      93.030980       0.200000
      0.350000       0.434415       5.162191      34.976979       0.200000
      0.360000       0.488697       5.428204      26.601257       0.200000
      0.370000       0.544976       5.627913      19.970907       0.200000
      0.380000       0.602557       5.758158      13.024486       0.200000
      0.390000       0.659352       5.679508      -7.864971       0.200000
      0.400000       0.715484       5.613212      -6.629618       0.200000
      0.410000       0.769470       5.398534     -21.467804       0.200000
      0.420000       0.818845       4.937551     -46.098308       0.200000
      0.430000       0.862368       4.352273     -58.527799       0.200000
      0.440000       0.898456       3.608757     -74.351530       0.200000
      0.450000       0.928897       3.044115     -56.464214       0.200000
      0.460000       0.953480       2.458322     -58.579300       0.200000
      0.470000       0.973412       1.993244     -46.507847       0.200000
      0.480000       0.987724       1.431146     -56.209777       0.200000
      0.490000       0.997462       0.973859     -45.728683       0.200000
      0.500000       1.002998       0.553542     -42.031723       0.200000
      0.510000       1.005643       0.264462     -28.908041       0.200000
      0.520000       1.006049       0.040614     -22.384716       0.200000
      0.530000       1.004954      -0.109461     -15.007542       0.200000
      0.540000       1.001799      -0.315520     -20.605917       0.200000
      0.550000       1.000036      -0.176270      13.925004       0.200000
      0.560000       0.999552      -0.048414      12.785592       0.200000
      0.570000       1.000257       0.070513      11.892699       0.200000
      0.580000       0.999876      -0.038158     -10.867075       0.200000
      0.590000       0.999491      -0.038412      -0.025388       0.200000
      0.600000       0.998566      -0.092565      -5.415312       0.200000
      0.610000       0.999175       0.060875      15.343982       0.200000
      0.620000       1.000018       0.084325       2.345017       0.200000
      0.630000       1.000280       0.026232      -5.809347       0.200000
      0.640000       1.000789       0.050887       2.465531       0.200000
      0.650000       1.000409      -0.038020      -8.890645       0.200000
      0.660000       1.000304      -0.010433       2.758634       0.200000
      0.670000       1.000794       0.048948       5.938176       0.200000
      0.680000       1.001412       0.061817       1.286843       0.200000
      0.690000       1.000500      -0.091242     -15.305932       0.200000
      0.700000       0.999084      -0.141539      -5.029679       0.200000
      0.710000       0.998724      -0.036042      10.549703       0.200000
      0.720000       0.998620      -0.010391       2.565106       0.200000
      0.730000       0.999638       0.101792      11.218316       0.200000
      0.740000       0.999874       0.023657      -7.813490       0.200000
      0.750000       0.998779      -0.109577     -13.323382       0.200000
