  0.000000   0.519603   0.300963   0.000000   0.000000  13.125256  22.952312   0.562500   0.312500
  0.005025   0.519603   0.300963   0.065954   0.115335  10.884598  20.897751   0.562500   0.312500
  0.010050   0.519934   0.301543   0.120650   0.220347   9.106036  15.972653   0.562500   0.312500
  0.015075   0.520541   0.302650   0.166407   0.300609   7.734042   8.800387   0.562500   0.312500
  0.020101   0.521377   0.304161   0.205279   0.344840   6.374423   2.617988   0.562500   0.312500
  0.025126   0.522409   0.305893   0.237310   0.357995   4.947392  -1.696192   0.562500   0.312500
  0.030151   0.523601   0.307692   0.262171   0.349472   3.590976  -3.568792   0.562500   0.312500
  0.035176   0.524918   0.309449   0.280215   0.331539   2.426397  -2.705108   0.562500   0.312500
  0.040201   0.526327   0.311114   0.292408   0.317946   1.387977  -1.255693   0.562500   0.312500
  0.045226   0.527796   0.312712   0.299383   0.311636   0.400781  -0.433179   0.562500   0.312500
  0.050251   0.529300   0.314278   0.301397   0.309459  -0.472351  -0.034371   0.562500   0.312500
  0.055276   0.530815   0.315833   0.299023   0.309286  -1.121818   0.277068   0.562500   0.312500
  0.060302   0.532318   0.317388   0.293385   0.310679  -1.636028   0.528019   0.562500   0.312500
  0.065327   0.533792   0.318949   0.285164   0.313332  -2.126953   0.662508   0.562500   0.312500
  0.070352   0.535225   0.320523   0.274476   0.316661  -2.563765   0.742577   0.562500   0.312500
  0.075377   0.536604   0.322115   0.261593   0.320393  -2.856670   0.866989   0.562500   0.312500
  0.080402   0.537919   0.323724   0.247238   0.324749  -3.056417   0.985706   0.562500   0.312500
  0.085427   0.539161   0.325356   0.231880   0.329702  -3.249816   1.029315   0.562500   0.312500
  0.090452   0.540326   0.327013   0.215549   0.334875  -3.420879   1.034232   0.562500   0.312500
  0.095477   0.541409   0.328696   0.198359   0.340072  -3.499994   1.074522   0.562500   0.312500
  0.100503   0.542406   0.330405   0.180768   0.345472  -3.514671   1.118239   0.562500   0.312500
  0.105528   0.543315   0.332141   0.163107   0.351091  -3.532139   1.110705   0.562500   0.312500
  0.110553   0.544134   0.333905   0.145358   0.356673  -3.546402   1.075258   0.562500   0.312500
  0.115578   0.544865   0.335698   0.127537   0.362076  -3.504328   1.067583   0.562500   0.312500
  0.120603   0.545506   0.337517   0.109928   0.367441  -3.417955   1.067828   0.562500   0.312500
  0.125628   0.546058   0.339363   0.092753   0.372806  -3.338807   1.033440   0.562500   0.312500
  0.130653   0.546524   0.341237   0.075976   0.377999  -3.267326   0.979225   0.562500   0.312500
  0.135678   0.546906   0.343136   0.059557   0.382920  -3.163596   0.946758   0.562500   0.312500
  0.140704   0.547205   0.345061   0.043657   0.387678  -3.029570   0.923940   0.562500   0.312500
  0.145729   0.547425   0.347009   0.028433   0.392321  -2.904317   0.877915   0.562500   0.312500
  0.150754   0.547567   0.348980   0.013839   0.396733  -2.792274   0.818083   0.562500   0.312500
  0.155779   0.547637   0.350974  -0.000192   0.400844  -2.663994   0.775339   0.562500   0.312500
  0.160804   0.547636   0.352988  -0.013579   0.404740  -2.515171   0.742348   0.562500   0.312500
  0.165829   0.547568   0.355022  -0.026217   0.408470  -2.374891   0.693871   0.562500   0.312500
  0.170854   0.547436   0.357074  -0.038151   0.411957  -2.250021   0.635974   0.562500   0.312500
  0.175879   0.547244   0.359145  -0.049457   0.415152  -2.119338   0.591594   0.562500   0.312500
  0.180905   0.546996   0.361231  -0.060109   0.418126  -1.974776   0.556192   0.562500   0.312500
  0.185930   0.546694   0.363332  -0.070033   0.420921  -1.837639   0.510448   0.562500   0.312500
  0.190955   0.546342   0.365447  -0.079267   0.423486  -1.716091   0.458457   0.562500   0.312500
  0.195980   0.545943   0.367575  -0.087890   0.425789  -1.595318   0.417305   0.562500   0.312500
  0.201005   0.545502   0.369715  -0.095906   0.427886  -1.465289   0.383976   0.562500   0.312500
  0.206030   0.545020   0.371865  -0.103270   0.429816  -1.341050   0.343617   0.562500   0.312500
  0.211055   0.544501   0.374025  -0.110008   0.431543  -1.231413   0.299233   0.562500   0.312500
  0.216080   0.543948   0.376193  -0.116196   0.433046  -1.126550   0.263679   0.562500   0.312500
  0.221106   0.543364   0.378370  -0.121858   0.434371  -1.015556   0.234678   0.562500   0.312500
  0.226131   0.542752   0.380553  -0.126961   0.435551  -0.908615   0.200723   0.562500   0.312500
  0.231156   0.542114   0.382741  -0.131527   0.436559  -0.814653   0.164245   0.562500   0.312500
  0.236181   0.541453   0.384935  -0.135621   0.437385  -0.727723   0.135103   0.562500   0.312500
  0.241206   0.540771   0.387133  -0.139278   0.438064  -0.636892   0.111354   0.562500   0.312500
  0.246231   0.540072   0.389334  -0.142478   0.438623  -0.548323   0.083849   0.562500   0.312500
  0.251256   0.539356   0.391538  -0.145233   0.439044  -0.470652   0.054664   0.562500   0.312500
  0.256281   0.538626   0.393744  -0.147598   0.439319  -0.401042   0.031625   0.562500   0.312500
  0.261307   0.537884   0.395952  -0.149614   0.439478  -0.329341   0.013129   0.562500   0.312500
  0.266332   0.537132   0.398161  -0.151269   0.439544  -0.258209  -0.008504   0.562500   0.312500
  0.271357   0.536372   0.400369  -0.152566   0.439501  -0.194943  -0.031906   0.562500   0.312500
  0.276382   0.535605   0.402578  -0.153546   0.439341  -0.139514  -0.050412   0.562500   0.312500
  0.281407   0.534834   0.404786  -0.154247   0.439088  -0.084825  -0.064134   0.562500   0.312500
  0.286432   0.534059   0.406992  -0.154673   0.438765  -0.029397  -0.080495   0.562500   0.312500
  0.291457   0.533282   0.409197  -0.154821   0.438361   0.024410  -0.100833   0.562500   0.312500
  0.296482   0.532504   0.411400  -0.154698   0.437854   0.073187  -0.118630   0.562500   0.312500
  0.301508   0.531726   0.413600  -0.154331   0.437258   0.112517  -0.127739   0.562500   0.312500
  0.306533   0.530951   0.415797  -0.153765   0.436616   0.150563  -0.137016   0.562500   0.312500
  0.311558   0.530178   0.417991  -0.153009   0.435928   0.202206  -0.156952   0.562500   0.312500
  0.316583   0.529409   0.420182  -0.151992   0.435139   0.258011  -0.179715   0.562500   0.312500
  0.321608   0.528645   0.422369  -0.150696   0.434236   0.274107  -0.178841   0.562500   0.312500
  0.326633   0.527888   0.424551  -0.149319   0.433337   0.270202  -0.166106   0.562500   0.312500
  0.331658   0.527138   0.426728  -0.147961   0.432502   0.311314  -0.175602   0.562500   0.312500
  0.336683   0.526394   0.428901  -0.146396   0.431620   0.374677  -0.195505   0.562500   0.312500
  0.341709   0.525658   0.431071  -0.144513   0.430637   0.307512  -0.151764   0.562500   0.312500
  0.346734   0.524932   0.433235  -0.142968   0.429875   0.145983  -0.058268   0.562500   0.312500
  0.351759   0.524214   0.435395  -0.142235   0.429582   0.065676   0.011200   0.562500   0.312500
  0.356784   0.523499   0.437553  -0.141905   0.429638   0.004876   0.082733   0.562500   0.312500
  0.361809   0.522786   0.439712  -0.141880   0.430054  -0.404617   0.292740   0.562500   0.312500
  0.366834   0.522073   0.441873  -0.143913   0.431525  -1.091013   0.616364   0.562500   0.312500
  0.371859   0.521350   0.444042  -0.149396   0.434622  -1.726771   0.963323   0.562500   0.312500
  0.376884   0.520599   0.446226  -0.158073   0.439463  -2.511822   1.415237   0.562500   0.312500
  0.381910   0.519805   0.448435  -0.170697   0.446576  -4.036884   2.075745   0.562500   0.312500
  0.386935   0.518947   0.450679  -0.190982   0.457007  -6.034802   2.818609   0.562500   0.312500
  0.391960   0.517987   0.452975  -0.221307   0.471170  -8.148865   3.654694   0.562500   0.312500
  0.396985   0.516875   0.455343  -0.262255   0.489535 -10.984781   4.789099   0.562500   0.312500
  0.402010   0.515557   0.457803  -0.317454   0.513600 -14.950601   6.003464   0.562500   0.312500
  0.407035   0.513962   0.460383  -0.392581   0.543768 -18.985187   6.844751   0.562500   0.312500
  0.412060   0.511989   0.463116  -0.487981   0.578162 -22.970918   7.460277   0.562500   0.312500
  0.417085   0.509537   0.466021  -0.603410   0.615650 -28.080359   7.938091   0.562500   0.312500
  0.422111   0.506505   0.469115  -0.744542   0.655547 -33.968012   7.804360   0.562500   0.312500
  0.427136   0.502763   0.472410  -0.915231   0.694764 -38.524413   6.958941   0.562500   0.312500
  0.432161   0.498164   0.475901  -1.108816   0.729733 -41.735855   5.366147   0.562500   0.312500
  0.437186   0.492592   0.479568  -1.318539   0.756698 -43.471824   1.392092   0.562500   0.312500
  0.442211   0.485967   0.483370  -1.536985   0.763693 -41.866854  -5.982755   0.562500   0.312500
  0.447236   0.478243   0.487208  -1.747366   0.733630 -37.969888 -13.233360   0.562500   0.312500
  0.452261   0.469463   0.490894  -1.938165   0.667132 -33.721108 -18.356445   0.562500   0.312500
  0.457286   0.459724   0.494246  -2.107613   0.574891 -24.763967 -23.656206   0.562500   0.312500
  0.462312   0.449131   0.497136  -2.232077   0.455995  -3.091550 -33.590524   0.562500   0.312500
  0.467337   0.437915   0.499427  -2.247612   0.287202  25.381058 -47.513028   0.562500   0.312500
  0.472362   0.426620   0.500870  -2.120072   0.048449  51.586523 -61.312914   0.562500   0.312500
  0.477387   0.415967   0.501114  -1.860850  -0.259648  74.481873 -67.671019   0.562500   0.312500
  0.482412   0.406616   0.499809  -1.486578  -0.599695  92.403441 -52.905277   0.562500   0.312500
  0.487437   0.399146   0.496796  -1.022251  -0.865544 104.629553 -22.409014   0.562500   0.312500
  0.492462   0.394009   0.492446  -0.496488  -0.978149 114.357995   7.833858   0.562500   0.312500
  0.497487   0.391514   0.487531   0.078161  -0.938784 119.159448  32.810404   0.562500   0.312500
  0.502513   0.391907   0.482813   0.677057  -0.773879 107.568534  48.493555   0.562500   0.312500
  0.507538   0.395309   0.478924   1.217589  -0.530199  81.615831  55.465200   0.562500   0.312500
  0.512563   0.401428   0.476260   1.627708  -0.251486  54.794249  60.246329   0.562500   0.312500
  0.517588   0.409607   0.474996   1.903049   0.051252  30.603101  63.435009   0.562500   0.312500
  0.522613   0.419170   0.475254   2.056830   0.370013   8.986441  57.907650   0.562500   0.312500
  0.527638   0.429505   0.477113   2.101987   0.660998  -9.002631  42.735434   0.562500   0.312500
  0.532663   0.440068   0.480434   2.056749   0.875744 -24.509928  25.703797   0.562500   0.312500
  0.537688   0.450403   0.484835   1.933586   1.004906 -38.377603  10.190670   0.562500   0.312500
  0.542714   0.460121   0.489886   1.740700   1.056124 -46.754656  -1.011754   0.562500   0.312500
  0.547739   0.468868   0.495193   1.505758   1.051040 -47.291190  -6.257788   0.562500   0.312500
  0.552764   0.476435   0.500474   1.268120   1.019594 -44.724985  -8.992375   0.562500   0.312500
  0.557789   0.482807   0.505598   1.043377   0.974408 -41.678912 -11.723126   0.562500   0.312500
  0.562814   0.488050   0.510494   0.833940   0.915499 -37.598463 -14.129120   0.562500   0.312500
  0.567839   0.492241   0.515094   0.645008   0.844500 -32.578152 -14.806960   0.562500   0.312500
  0.572864   0.495482   0.519338   0.481303   0.770095 -27.699688 -14.172617   0.562500   0.312500
  0.577889   0.497900   0.523208   0.342112   0.698878 -22.865432 -12.903227   0.562500   0.312500
  0.582915   0.499620   0.526720   0.227190   0.634026 -17.812525 -11.037851   0.562500   0.312500
  0.587940   0.500761   0.529906   0.137682   0.578561 -13.472837  -9.085553   0.562500   0.312500
  0.592965   0.501453   0.532814   0.069981   0.532906 -10.223518  -7.510678   0.562500   0.312500
  0.597990   0.501805   0.535491   0.018608   0.495165  -7.517353  -6.082724   0.562500   0.312500
  0.603015   0.501898   0.537980  -0.019167   0.464599  -5.176081  -4.597284   0.562500   0.312500
  0.608040   0.501802   0.540314  -0.045176   0.441498  -3.456715  -3.350999   0.562500   0.312500
  0.613065   0.501575   0.542533  -0.062546   0.424659  -2.229758  -2.489651   0.562500   0.312500
  0.618090   0.501261   0.544667  -0.073751   0.412149  -1.261041  -1.816078   0.562500   0.312500
  0.623116   0.500890   0.546738  -0.080089   0.403021  -0.594696  -1.241223   0.562500   0.312500
  0.628141   0.500488   0.548763  -0.083077   0.396784  -0.231552  -0.829601   0.562500   0.312500
  0.633166   0.500070   0.550757  -0.084241   0.392615   0.043849  -0.553387   0.562500   0.312500
  0.638191   0.499647   0.552730  -0.084020   0.389834   0.282387  -0.340755   0.562500   0.312500
  0.643216   0.499225   0.554689  -0.082601   0.388122   0.387974  -0.192651   0.562500   0.312500
  0.648241   0.498810   0.556639  -0.080652   0.387154   0.378603  -0.116706   0.562500   0.312500
  0.653266   0.498404   0.558585  -0.078749   0.386568   0.387727  -0.065898   0.562500   0.312500
  0.658291   0.498009   0.560527  -0.076801   0.386236   0.418128  -0.019844   0.562500   0.312500
  0.663317   0.497623   0.562468  -0.074700   0.386137   0.406491   0.005461   0.562500   0.312500
  0.668342   0.497247   0.564409  -0.072657   0.386164   0.357851   0.005878   0.562500   0.312500
  0.673367   0.496882   0.566349  -0.070859   0.386194   0.331579   0.004640   0.562500   0.312500
  0.678392   0.496526   0.568290  -0.069193   0.386217   0.323942   0.008738   0.562500   0.312500
  0.683417   0.496178   0.570231  -0.067565   0.386261   0.303811   0.010898   0.562500   0.312500
  0.688442   0.495839   0.572172  -0.066038   0.386316   0.271869   0.006703   0.562500   0.312500
  0.693467   0.495507   0.574113  -0.064672   0.386349   0.253453   0.001254   0.562500   0.312500
  0.698492   0.495182   0.576054  -0.063398   0.386356   0.245438  -0.001669   0.562500   0.312500
  0.703518   0.494863   0.577996  -0.062165   0.386347   0.231296  -0.001557   0.562500   0.312500
  0.708543   0.494551   0.579937  -0.061002   0.386339   0.210824  -0.001422   0.562500   0.312500
  0.713568   0.494245   0.581879  -0.059943   0.386332   0.199330  -0.004311   0.562500   0.312500
  0.718593   0.493943   0.583820  -0.058941   0.386311   0.195329  -0.007839   0.562500   0.312500
  0.723618   0.493647   0.585761  -0.057960   0.386271   0.186117  -0.007584   0.562500   0.312500
  0.728643   0.493356   0.587702  -0.057025   0.386233   0.169690  -0.004676   0.562500   0.312500
  0.733668   0.493069   0.589643  -0.056172   0.386210   0.160654  -0.005647   0.562500   0.312500
  0.738693   0.492787   0.591584  -0.055365   0.386181   0.160081  -0.009519   0.562500   0.312500
  0.743719   0.492509   0.593525  -0.054560   0.386133   0.154722  -0.009763   0.562500   0.312500
  0.748744   0.492235   0.595465  -0.053783   0.386084   0.139011  -0.005229   0.562500   0.312500
  0.753769   0.491964   0.597405  -0.053084   0.386058   0.129878  -0.004740   0.562500   0.312500
  0.758794   0.491698   0.599345  -0.052431   0.386034   0.132301  -0.009392   0.562500   0.312500
  0.763819   0.491434   0.601285  -0.051767   0.385987   0.130886  -0.010894   0.562500   0.312500
  0.768844   0.491174   0.603225  -0.051109   0.385932   0.114534  -0.004911   0.562500   0.312500
  0.773869   0.490917   0.605164  -0.050533   0.385908   0.103652  -0.002653   0.562500   0.312500
  0.778894   0.490663   0.607103  -0.050013   0.385894   0.109049  -0.008511   0.562500   0.312500
  0.783920   0.490412   0.609043  -0.049465   0.385852   0.112402  -0.012189   0.562500   0.312500
  0.788945   0.490163   0.610981  -0.048900   0.385790   0.094666  -0.004535   0.562500   0.312500
  0.793970   0.489918   0.612920  -0.048424   0.385768   0.080396   0.000409   0.562500   0.312500
  0.798995   0.489674   0.614859  -0.048020   0.385770   0.088909  -0.007003   0.562500   0.312500
  0.804020   0.489433   0.616797  -0.047573   0.385734   0.098392  -0.014092   0.562500   0.312500
  0.809045   0.489194   0.618735  -0.047079   0.385664   0.078763  -0.004481   0.562500   0.312500
  0.814070   0.488957   0.620673  -0.046683   0.385641   0.059094   0.004592   0.562500   0.312500
  0.819095   0.488723   0.622611  -0.046386   0.385664   0.070844  -0.004664   0.562500   0.312500
  0.824121   0.488490   0.624550  -0.046030   0.385641   0.088326  -0.016898   0.562500   0.312500
  0.829146   0.488258   0.626487  -0.045586   0.385556   0.066547  -0.005194   0.562500   0.312500
  0.834171   0.488029   0.628425  -0.045252   0.385530   0.039044   0.010031   0.562500   0.312500
  0.839196   0.487802   0.630362  -0.045056   0.385580   0.053971  -0.001147   0.562500   0.312500
  0.844221   0.487576   0.632300  -0.044784   0.385574   0.081695  -0.020724   0.562500   0.312500
  0.849246   0.487350   0.634237  -0.044374   0.385470   0.057958  -0.007143   0.562500   0.312500
  0.854271   0.487128   0.636174  -0.044083   0.385434   0.019869   0.016781   0.562500   0.312500
  0.859296   0.486906   0.638111  -0.043983   0.385519   0.037542   0.003960   0.562500   0.312500
  0.864322   0.486685   0.640049  -0.043794   0.385539   0.077900  -0.025569   0.562500   0.312500
  0.869347   0.486465   0.641986  -0.043403   0.385410   0.053023  -0.010964   0.562500   0.312500
  0.874372   0.486247   0.643923  -0.043136   0.385355   0.001652   0.024491   0.562500   0.312500
  0.879397   0.486030   0.645859  -0.043128   0.385478   0.021116   0.010905   0.562500   0.312500
  0.884422   0.485813   0.647796  -0.043022   0.385533   0.076148  -0.031103   0.562500   0.312500
  0.889447   0.485597   0.649733  -0.042639   0.385377   0.051734  -0.017093   0.562500   0.312500
  0.894472   0.485383   0.651670  -0.042379   0.385291  -0.015064   0.032592   0.562500   0.312500
  0.899497   0.485170   0.653606  -0.042455   0.385454   0.004594   0.019839   0.562500   0.312500
  0.904523   0.484957   0.655543  -0.042432   0.385554   0.075517  -0.036708   0.562500   0.312500
  0.909548   0.484743   0.657481  -0.042052   0.385370   0.053839  -0.025739   0.562500   0.312500
  0.914573   0.484532   0.659417  -0.041782   0.385240  -0.029421   0.040123   0.562500   0.312500
  0.919598   0.484322   0.661353  -0.041930   0.385442  -0.011681   0.030485   0.562500   0.312500
  0.924623   0.484111   0.663290  -0.041988   0.385595   0.075043  -0.041544   0.562500   0.312500
  0.929648   0.483900   0.665227  -0.041611   0.385386   0.058812  -0.036655   0.562500   0.312500
  0.934673   0.483691   0.667164  -0.041316   0.385202  -0.040577   0.046120   0.562500   0.312500
  0.939698   0.483484   0.669100  -0.041520   0.385434  -0.027197   0.042351   0.562500   0.312500
  0.944724   0.483275   0.671037  -0.041656   0.385647   0.073950  -0.044848   0.562500   0.312500
  0.949749   0.483066   0.672975  -0.041285   0.385421   0.065605  -0.049025   0.562500   0.312500
  0.954774   0.482858   0.674911  -0.040955   0.385175  -0.049064   0.050837   0.562500   0.312500
  0.959799   0.482652   0.676847  -0.041202   0.385431  -0.044493   0.057902   0.562500   0.312500
  0.964824   0.482445   0.678784  -0.041425   0.385721   0.064855  -0.038988   0.562500   0.312500
  0.969849   0.482237   0.680722  -0.041099   0.385526   0.063512  -0.051564   0.562500   0.312500
  0.974874   0.482031   0.682659  -0.040780   0.385266  -0.065580   0.066687   0.562500   0.312500
  0.979899   0.481826   0.684595  -0.041110   0.385602  -0.080317   0.099907   0.562500   0.312500
  0.984925   0.481619   0.686533  -0.041513   0.386104   0.027370   0.014024   0.562500   0.312500
  0.989950   0.481411   0.688473  -0.041376   0.386174   0.097224  -0.052387   0.562500   0.312500
  0.994975   0.481203   0.690414  -0.040887   0.385911   0.132341  -0.080354   0.562500   0.312500
  1.000000   0.480997   0.692353  -0.040222   0.385507   0.295782  -0.214950   0.562500   0.312500